

**********************************************************************************************
**                                   Basic Information                                      **
**********************************************************************************************

----------------- Dataset Information -----------------
                         Country: Angola
                    Country dode: AGO
                       Data Year: 2000
                        Coverage: Urban
             Welfare measurement: Consumption
                     Data format: Unit record
                     Data source: AGO_U2000X
                  Data time span: UnDefined
-------------------------------------------------------


----------- Distribution ------------
   i           P           L 
-------------------------------------
   0    0.010108  0.00026725
   1    0.020275  0.00076257
   2     0.03039   0.0014375
   3    0.040517    0.002282
   4    0.050015   0.0032031
   5    0.060262   0.0043285
   6    0.071103   0.0056578
   7    0.080538   0.0069085
   8    0.090025   0.0082847
   9         0.1   0.0098332
  10     0.11003    0.011496
  11      0.1203    0.013331
  12     0.13006    0.015197
  13     0.14002    0.017201
  14     0.15001    0.019333
  15     0.16015     0.02161
  16     0.17007    0.023977
  17     0.18003    0.026472
  18      0.1901    0.029108
  19     0.20013    0.031822
  20     0.21006    0.034602
  21     0.22005    0.037522
  22     0.23001    0.040533
  23     0.24025    0.043775
  24     0.25006    0.046985
  25      0.2602    0.050458
  26     0.27013    0.053972
  27     0.28011    0.057618
  28     0.29028    0.061444
  29     0.30008    0.065241
  30     0.31015    0.069269
  31     0.32003    0.073367
  32     0.33039     0.07777
  33     0.34022    0.082063
  34     0.35011    0.086481
  35     0.36038    0.091162
  36     0.37031    0.095769
  37     0.38001     0.10038
  38     0.39009     0.10526
  39     0.40036     0.11034
  40     0.41001     0.11522
  41     0.42014     0.12049
  42     0.43007     0.12581
  43     0.44019     0.13135
  44     0.45006     0.13687
  45     0.46012     0.14261
  46      0.4704     0.14863
  47     0.48014     0.15447
  48     0.49015     0.16061
  49     0.50003     0.16681
  50     0.51007     0.17322
  51     0.52009     0.17975
  52     0.53022     0.18651
  53     0.54011     0.19325
  54     0.55008     0.20017
  55     0.56017     0.20735
  56     0.57007     0.21454
  57      0.5804     0.22222
  58     0.59002     0.22953
  59     0.60002      0.2373
  60     0.61025     0.24539
  61     0.62025     0.25345
  62     0.63034     0.26176
  63      0.6401     0.27001
  64     0.65002      0.2786
  65     0.66017     0.28758
  66        0.67     0.29653
  67     0.68008     0.30597
  68     0.69028     0.31578
  69     0.70011     0.32548
  70     0.71006     0.33552
  71     0.72022     0.34605
  72     0.73002     0.35644
  73     0.74002     0.36732
  74     0.75022     0.37866
  75     0.76027      0.3901
  76     0.77048      0.4021
  77     0.78018     0.41384
  78     0.79004     0.42608
  79     0.80002     0.43888
  80     0.81013     0.45236
  81     0.82014     0.46617
  82     0.83001     0.48027
  83     0.84002     0.49512
  84     0.85002     0.51052
  85     0.86023     0.52683
  86     0.87032     0.54366
  87     0.88017     0.56073
  88     0.89002      0.5785
  89     0.90039     0.59829
  90        0.91     0.61789
  91     0.92016        0.64
  92     0.93001       0.663
  93     0.94022     0.68871
  94     0.95009     0.71622
  95     0.96004     0.74731
  96     0.97006     0.78186
  97     0.98003      0.8238
  98     0.99016     0.88283
  99           1           1
-----------------------------------------

----------------- PPP$ and local currency --------------
         PPP used in computation: 73.8331
     Data mean in local currency: 341.659
               Data mean in PPP$: 136.702
        Poverty line in PPP$/Day: 1.9
      Poverty line in PPP$/Month: 57.7917
  Poverty line in local currency: 144.439
-------------------------------------------------------

----------------- Estimation result --------------
     Number of observation: 10035
          Total population: 5.46101E+06
              Total wealth: 2.52706E+07(PPP$)
                   Minimum: 0.0170249(PPP$)
                   Maximum: 438.963(PPP$)
             Headcount(HC): 0.322782
          Poverty gap (PG): 0.146496
       Poverty gap squared: 0.0886676
                      Gini: 0.519569
                    Median: 86.4682
                       MLD: 0.512576
                      Watt: 0.249716
--------------------------------------------------

-------------------------------- Income or Consumption share by deciles (%) -------------------------------------
    0.98325     2.1953     3.3425     4.4953     5.6628     7.0488     8.8085     11.349     15.869     40.246
-----------------------------------------------------------------------------------------------------------------


