

**********************************************************************************************
**                                   Basic Information                                      **
**********************************************************************************************

----------------- Dataset Information -----------------
                         Country: Angola
                    Country dode: AGO
                       Data Year: 2008
                        Coverage: National
             Welfare measurement: Consumption
                     Data format: Unit record
                     Data source: AGO_N2008X
                  Data time span: UnDefined
-------------------------------------------------------


----------- Distribution ------------
   i           P           L 
-------------------------------------
   0    0.010707   0.0012508
   1    0.020097   0.0026112
   2    0.030052   0.0042706
   3    0.040001   0.0061244
   4    0.050168   0.0082433
   5    0.060183    0.010477
   6    0.072342    0.013404
   7    0.080886    0.015566
   8    0.090115    0.017995
   9     0.10007     0.02074
  10     0.11018    0.023653
  11     0.12135    0.026998
  12     0.13002    0.029664
  13     0.14014    0.032878
  14     0.15011    0.036155
  15     0.16003    0.039568
  16      0.1706    0.043325
  17     0.18052     0.04695
  18     0.19005    0.050505
  19     0.20001    0.054291
  20     0.21009    0.058203
  21     0.22013    0.062201
  22     0.23037    0.066389
  23     0.24006    0.070454
  24     0.25011    0.074771
  25     0.26007    0.079133
  26     0.27015    0.083628
  27     0.28003    0.088111
  28     0.29001    0.092717
  29     0.30029    0.097582
  30     0.31039     0.10246
  31      0.3201     0.10721
  32     0.33007      0.1122
  33     0.34007      0.1173
  34     0.35005     0.12254
  35     0.36013     0.12797
  36     0.37009     0.13343
  37     0.38028     0.13912
  38     0.39007     0.14472
  39     0.40016     0.15058
  40     0.41005     0.15649
  41     0.42003     0.16259
  42     0.43019     0.16893
  43     0.44002     0.17518
  44     0.45007     0.18167
  45     0.46014      0.1883
  46     0.47001     0.19494
  47     0.48019     0.20194
  48     0.49002      0.2088
  49     0.50015     0.21602
  50     0.51064     0.22365
  51     0.52044     0.23087
  52     0.53005     0.23809
  53     0.54003     0.24572
  54     0.55007     0.25356
  55     0.56088     0.26223
  56     0.57001     0.26968
  57     0.58036     0.27831
  58     0.59004     0.28652
  59     0.60029     0.29537
  60     0.61023     0.30413
  61     0.62048     0.31336
  62     0.63053     0.32257
  63     0.64007     0.33142
  64     0.65011     0.34096
  65     0.66002     0.35058
  66     0.67002     0.36051
  67     0.68007     0.37069
  68     0.69012     0.38114
  69     0.70013     0.39178
  70     0.71018     0.40268
  71     0.72011     0.41377
  72     0.73007     0.42517
  73     0.74046     0.43738
  74     0.75008     0.44896
  75     0.76013     0.46141
  76     0.77002     0.47404
  77     0.78023     0.48745
  78     0.79027     0.50107
  79     0.80022     0.51486
  80     0.81002     0.52871
  81     0.82003     0.54319
  82     0.83003     0.55812
  83      0.8401     0.57363
  84     0.85005     0.58932
  85     0.86014     0.60574
  86     0.87006     0.62253
  87     0.88027     0.64046
  88     0.89032     0.65868
  89     0.90023     0.67733
  90     0.91006     0.69685
  91      0.9203     0.71853
  92     0.93011     0.74054
  93     0.94021     0.76459
  94     0.95021     0.79004
  95     0.96004     0.81717
  96     0.97017     0.84797
  97     0.98021     0.88223
  98     0.99047     0.92746
  99           1           1
-----------------------------------------

----------------- PPP$ and local currency --------------
         PPP used in computation: 73.8331
     Data mean in local currency: 6449.22
               Data mean in PPP$: 120.743
        Poverty line in PPP$/Day: 1.9
      Poverty line in PPP$/Month: 57.7917
  Poverty line in local currency: 3086.82
-------------------------------------------------------

----------------- Estimation result --------------
     Number of observation: 9001
          Total population: 1.63679E+07
              Total wealth: 1.42971E+09(PPP$)
                   Minimum: 4.0597(PPP$)
                   Maximum: 4898.29(PPP$)
             Headcount(HC): 0.30126
          Poverty gap (PG): 0.0964166
       Poverty gap squared: 0.04391
                      Gini: 0.427155
                    Median: 87.0155
                       MLD: 0.311632
                      Watt: 0.133708
--------------------------------------------------

-------------------------------- Income or Consumption share by deciles (%) -------------------------------------
      2.072     3.3567     4.3157     5.3046     6.5426     7.9204     9.6514     12.292     16.234     32.311
-----------------------------------------------------------------------------------------------------------------


