

**********************************************************************************************
**                                   Basic Information                                      **
**********************************************************************************************

----------------- Dataset Information -----------------
                         Country: Albania
                    Country dode: ALB
                       Data Year: 2012
                        Coverage: National
             Welfare measurement: Consumption
                     Data format: Unit record
                     Data source: ALB_N2012X
                  Data time span: UnDefined
-------------------------------------------------------


----------- Distribution ------------
   i           P           L 
-------------------------------------
   0    0.010204   0.0020608
   1    0.020427   0.0049423
   2    0.030098   0.0080467
   3    0.040135    0.011537
   4    0.050331    0.015352
   5    0.060217    0.019279
   6    0.070153    0.023385
   7    0.080104    0.027654
   8    0.090162    0.032107
   9      0.1002    0.036686
  10     0.11031    0.041445
  11     0.12003    0.046112
  12     0.13068    0.051347
  13     0.14014     0.05611
  14     0.15018    0.061293
  15     0.16007    0.066512
  16     0.17011    0.071905
  17     0.18011    0.077355
  18      0.1901    0.082919
  19     0.20001     0.08853
  20        0.21    0.094273
  21     0.22015      0.1002
  22     0.23001     0.10605
  23      0.2403     0.11224
  24     0.25037     0.11841
  25     0.26006     0.12441
  26     0.27008     0.13069
  27     0.28093      0.1376
  28     0.29004     0.14347
  29      0.3001     0.15003
  30     0.31013     0.15664
  31     0.32009     0.16331
  32     0.33025     0.17021
  33     0.34006     0.17696
  34     0.35004     0.18392
  35     0.36013     0.19106
  36     0.37006     0.19819
  37     0.38012     0.20552
  38     0.39032     0.21305
  39     0.40023     0.22044
  40        0.41     0.22785
  41     0.42014     0.23565
  42     0.43019     0.24347
  43     0.44022      0.2514
  44     0.45021     0.25943
  45     0.46008     0.26747
  46     0.47023     0.27586
  47     0.48013     0.28414
  48     0.49005     0.29255
  49     0.50013     0.30122
  50     0.51006     0.30989
  51     0.52019     0.31886
  52        0.53     0.32766
  53     0.54001     0.33674
  54     0.55008     0.34601
  55     0.56003     0.35529
  56     0.57003     0.36475
  57        0.58     0.37427
  58     0.59008     0.38399
  59     0.60007     0.39374
  60     0.61002     0.40359
  61      0.6201     0.41367
  62     0.63003     0.42375
  63        0.64     0.43401
  64     0.65019     0.44463
  65     0.66016     0.45517
  66     0.67004     0.46576
  67     0.68005     0.47665
  68     0.69011     0.48774
  69     0.70022     0.49909
  70     0.71003     0.51026
  71     0.72001     0.52184
  72     0.73003     0.53365
  73     0.74008     0.54568
  74     0.75003     0.55781
  75     0.76001     0.57018
  76        0.77     0.58275
  77     0.78001     0.59553
  78     0.79017     0.60876
  79     0.80007     0.62185
  80     0.81002     0.63529
  81     0.82006      0.6491
  82     0.83006     0.66314
  83     0.84001     0.67744
  84     0.85006     0.69219
  85     0.86001      0.7071
  86     0.87013     0.72259
  87     0.88015     0.73829
  88        0.89     0.75409
  89     0.90023     0.77104
  90     0.91002     0.78771
  91     0.92001     0.80526
  92     0.93001     0.82342
  93      0.9401     0.84269
  94     0.95011     0.86258
  95     0.96004     0.88342
  96     0.97024     0.90627
  97     0.98009     0.93062
  98     0.99006     0.95907
  99           1           1
-----------------------------------------

----------------- PPP$ and local currency --------------
         PPP used in computation: 58.168
     Data mean in local currency: 13370.3
               Data mean in PPP$: 225.28
        Poverty line in PPP$/Day: 1.9
      Poverty line in PPP$/Month: 57.7917
  Poverty line in local currency: 3429.92
-------------------------------------------------------

----------------- Estimation result --------------
     Number of observation: 6671
          Total population: 2.8028E+06
              Total wealth: 6.44242E+08(PPP$)
                   Minimum: 20.0741(PPP$)
                   Maximum: 2783.97(PPP$)
             Headcount(HC): 0.0106392
          Poverty gap (PG): 0.00217409
       Poverty gap squared: 0.000736844
                      Gini: 0.289605
                    Median: 195.056
                       MLD: 0.138417
                      Watt: 0.00271913
--------------------------------------------------

-------------------------------- Income or Consumption share by deciles (%) -------------------------------------
     3.6597      5.193     6.1437     7.0308     8.0838     9.2569     10.516     12.293      14.89     22.934
-----------------------------------------------------------------------------------------------------------------


