

**********************************************************************************************
**                                   Basic Information                                      **
**********************************************************************************************

----------------- Dataset Information -----------------
                         Country: Albania
                    Country dode: ALB
                       Data Year: 2002
                        Coverage: National
             Welfare measurement: Consumption
                     Data format: Unit record
                     Data source: ALB_N2002X
                  Data time span: UnDefined
-------------------------------------------------------


----------- Distribution ------------
   i           P           L 
-------------------------------------
   0    0.010776   0.0023554
   1    0.020394    0.005072
   2    0.030057   0.0080793
   3    0.040305    0.011512
   4    0.050594    0.015179
   5    0.060564    0.018927
   6    0.070223    0.022656
   7    0.080236    0.026626
   8    0.090199    0.030751
   9     0.10069    0.035235
  10     0.11009    0.039338
  11     0.12023    0.043909
  12     0.13009    0.048453
  13     0.14014    0.053169
  14     0.15063    0.058216
  15     0.16021    0.062925
  16     0.17028    0.067975
  17     0.18043    0.073186
  18     0.19027    0.078337
  19     0.20035    0.083719
  20     0.21025    0.089118
  21      0.2202     0.09464
  22     0.23011     0.10023
  23     0.24007     0.10592
  24     0.25003     0.11169
  25     0.26015     0.11766
  26     0.27019     0.12365
  27     0.28025     0.12972
  28      0.2902     0.13583
  29     0.30046     0.14224
  30     0.31024     0.14842
  31     0.32031     0.15487
  32     0.33026     0.16135
  33     0.34012     0.16787
  34     0.35026     0.17464
  35     0.36018     0.18135
  36     0.37008     0.18816
  37     0.38012     0.19518
  38      0.3902     0.20232
  39     0.40039     0.20962
  40     0.41005     0.21663
  41     0.42044     0.22426
  42     0.43001     0.23134
  43     0.44056     0.23923
  44     0.45045     0.24673
  45     0.46034      0.2543
  46     0.47016     0.26192
  47      0.4803     0.26992
  48     0.49021     0.27788
  49     0.50019     0.28602
  50     0.51026     0.29437
  51     0.52025     0.30275
  52     0.53039      0.3114
  53      0.5406     0.32022
  54     0.55014     0.32858
  55      0.5603     0.33764
  56     0.57023     0.34664
  57      0.5801      0.3557
  58     0.59028     0.36514
  59     0.60016     0.37441
  60     0.61006     0.38386
  61     0.62009     0.39359
  62     0.63004     0.40342
  63      0.6401     0.41347
  64     0.65059     0.42415
  65     0.66004     0.43389
  66     0.67009     0.44438
  67     0.68007     0.45494
  68     0.69023     0.46588
  69     0.70017     0.47673
  70     0.71036     0.48803
  71     0.72011     0.49902
  72     0.73039     0.51079
  73     0.74022     0.52224
  74     0.75012     0.53395
  75        0.76     0.54584
  76     0.77021     0.55839
  77     0.78016     0.57083
  78     0.79007     0.58348
  79     0.80016      0.5966
  80     0.81003     0.60974
  81     0.82011     0.62347
  82      0.8301     0.63732
  83     0.84005     0.65147
  84     0.85014     0.66624
  85     0.86032      0.6815
  86     0.87055     0.69727
  87     0.88003     0.71229
  88     0.89006     0.72878
  89     0.90056      0.7466
  90     0.91004     0.76328
  91     0.92002     0.78155
  92     0.93004     0.80084
  93     0.94008     0.82106
  94     0.95017     0.84256
  95     0.96007     0.86512
  96     0.97011     0.88998
  97     0.98009     0.91772
  98      0.9901     0.95067
  99           1           1
-----------------------------------------

----------------- PPP$ and local currency --------------
         PPP used in computation: 58.168
     Data mean in local currency: 8713.91
               Data mean in PPP$: 188.078
        Poverty line in PPP$/Day: 1.9
      Poverty line in PPP$/Month: 57.7917
  Poverty line in local currency: 2677.57
-------------------------------------------------------

----------------- Estimation result --------------
     Number of observation: 3599
          Total population: 3.11193E+06
              Total wealth: 4.66186E+08(PPP$)
                   Minimum: 10.3686(PPP$)
                   Maximum: 2165.15(PPP$)
             Headcount(HC): 0.0234539
          Poverty gap (PG): 0.00391999
       Poverty gap squared: 0.00116703
                      Gini: 0.31739
                    Median: 155.138
                       MLD: 0.164812
                      Watt: 0.00481943
--------------------------------------------------

-------------------------------- Income or Consumption share by deciles (%) -------------------------------------
      3.494     4.8594     5.8421     6.7382     7.6531     8.8395     10.229     11.984     14.925     25.436
-----------------------------------------------------------------------------------------------------------------


