

**********************************************************************************************
**                                   Basic Information                                      **
**********************************************************************************************

----------------- Dataset Information -----------------
                         Country: Albania
                    Country dode: ALB
                       Data Year: 2005
                        Coverage: National
             Welfare measurement: Consumption
                     Data format: Unit record
                     Data source: ALB_N2005X
                  Data time span: UnDefined
-------------------------------------------------------


----------- Distribution ------------
   i           P           L 
-------------------------------------
   0    0.010008   0.0021836
   1    0.020301   0.0050502
   2     0.03006   0.0080096
   3    0.040656    0.011487
   4    0.050195     0.01484
   5    0.060459    0.018639
   6    0.070302    0.022434
   7    0.080577    0.026574
   8    0.090234    0.030616
   9      0.1001     0.03487
  10     0.11063    0.039535
  11     0.12016    0.043859
  12     0.13041    0.048614
  13     0.14019    0.053258
  14     0.15041    0.058231
  15     0.16008     0.06304
  16     0.17017    0.068185
  17     0.18026     0.07343
  18     0.19028    0.078749
  19     0.20038    0.084233
  20     0.21009    0.089629
  21     0.22006    0.095259
  22     0.23015     0.10102
  23     0.24026      0.1069
  24     0.25011     0.11274
  25     0.26006     0.11874
  26     0.27051     0.12515
  27     0.28052     0.13139
  28     0.29026     0.13754
  29     0.30014     0.14389
  30     0.31007     0.15037
  31     0.32007       0.157
  32     0.33009     0.16369
  33     0.34014      0.1705
  34     0.35054     0.17765
  35     0.36003     0.18426
  36     0.37008     0.19133
  37      0.3806     0.19885
  38     0.39016     0.20577
  39     0.40032     0.21325
  40     0.41002      0.2205
  41     0.42056     0.22849
  42     0.43046     0.23613
  43     0.44002     0.24357
  44     0.45013     0.25156
  45     0.46011     0.25962
  46     0.47013     0.26786
  47     0.48015     0.27618
  48     0.49011     0.28451
  49     0.50001      0.2929
  50     0.51034     0.30174
  51     0.52006     0.31015
  52     0.53004     0.31887
  53     0.54094      0.3285
  54     0.55036     0.33693
  55        0.56      0.3457
  56      0.5701     0.35499
  57     0.58055     0.36475
  58     0.59043     0.37411
  59     0.60003     0.38329
  60     0.61019     0.39315
  61     0.62022     0.40304
  62     0.63042     0.41321
  63      0.6401     0.42299
  64     0.65063     0.43382
  65     0.66035     0.44397
  66     0.67011     0.45431
  67     0.68003     0.46496
  68     0.69015     0.47602
  69     0.70033     0.48736
  70      0.7105     0.49883
  71     0.72007     0.50978
  72      0.7301     0.52142
  73      0.7401     0.53318
  74     0.75017     0.54525
  75     0.76002     0.55726
  76     0.77002     0.56966
  77     0.78002      0.5823
  78     0.79001     0.59517
  79      0.8001     0.60839
  80     0.81003     0.62161
  81     0.82017     0.63543
  82     0.83034     0.64963
  83     0.84021     0.66372
  84     0.85008     0.67817
  85     0.86002     0.69305
  86     0.87004     0.70837
  87     0.88001     0.72401
  88     0.89009     0.74019
  89     0.90006     0.75668
  90     0.91011     0.77395
  91     0.92035     0.79223
  92     0.93009     0.81032
  93     0.94016     0.83005
  94     0.95003     0.85055
  95     0.96005     0.87254
  96     0.97016     0.89606
  97     0.98004     0.92174
  98     0.99038     0.95351
  99           1           1
-----------------------------------------

----------------- PPP$ and local currency --------------
         PPP used in computation: 58.168
     Data mean in local currency: 10585.2
               Data mean in PPP$: 217.16
        Poverty line in PPP$/Day: 1.9
      Poverty line in PPP$/Month: 57.7917
  Poverty line in local currency: 2817
-------------------------------------------------------

----------------- Estimation result --------------
     Number of observation: 3638
          Total population: 3.06819E+06
              Total wealth: 5.5834E+08(PPP$)
                   Minimum: 23.7701(PPP$)
                   Maximum: 1960.77(PPP$)
             Headcount(HC): 0.0112373
          Poverty gap (PG): 0.00182201
       Poverty gap squared: 0.000476521
                      Gini: 0.305957
                    Median: 184.792
                       MLD: 0.154413
                      Watt: 0.0021339
--------------------------------------------------

-------------------------------- Income or Consumption share by deciles (%) -------------------------------------
     3.4825     4.9201     5.9773     6.9212     7.9882     9.0371     10.372     12.126     14.834     24.341
-----------------------------------------------------------------------------------------------------------------


