

**********************************************************************************************
**                                   Basic Information                                      **
**********************************************************************************************

----------------- Dataset Information -----------------
                         Country: Albania
                    Country dode: ALB
                       Data Year: 2008
                        Coverage: National
             Welfare measurement: Consumption
                     Data format: Unit record
                     Data source: ALB_N2008X
                  Data time span: UnDefined
-------------------------------------------------------


----------- Distribution ------------
   i           P           L 
-------------------------------------
   0    0.010506   0.0025936
   1    0.020313   0.0057057
   2    0.030652   0.0092733
   3     0.04004    0.012644
   4    0.050345    0.016489
   5    0.060005    0.020242
   6    0.070061    0.024323
   7    0.081978    0.029363
   8    0.090236    0.032952
   9      0.1001    0.037383
  10     0.11056    0.042236
  11     0.12004    0.046783
  12     0.13015    0.051727
  13     0.14039    0.056832
  14     0.15062    0.062023
  15     0.16037    0.067079
  16     0.17027    0.072298
  17     0.18027    0.077729
  18     0.19049    0.083366
  19      0.2002    0.088817
  20     0.21004    0.094432
  21     0.22028     0.10037
  22     0.23011     0.10615
  23     0.24025     0.11218
  24     0.25014     0.11814
  25     0.26019     0.12429
  26      0.2701     0.13045
  27     0.28009     0.13674
  28     0.29001      0.1431
  29     0.30033      0.1498
  30     0.31008      0.1562
  31     0.32016      0.1629
  32     0.33016     0.16963
  33     0.34025     0.17653
  34     0.35034     0.18352
  35     0.36006     0.19033
  36     0.37047     0.19777
  37     0.38047       0.205
  38     0.39008     0.21206
  39      0.4003     0.21965
  40      0.4102     0.22706
  41     0.42006     0.23456
  42     0.43052      0.2426
  43     0.44031     0.25022
  44     0.45043     0.25818
  45     0.46019     0.26595
  46     0.47029     0.27407
  47     0.48006     0.28204
  48     0.49058      0.2907
  49     0.50014     0.29866
  50     0.51017     0.30712
  51     0.52003     0.31555
  52     0.53009     0.32423
  53     0.54007     0.33297
  54     0.55008     0.34186
  55     0.56016      0.3509
  56     0.57022     0.36002
  57     0.58075     0.36969
  58     0.59011     0.37842
  59     0.60027     0.38804
  60     0.61034     0.39773
  61     0.62088     0.40802
  62     0.63032     0.41737
  63     0.64061     0.42776
  64     0.65012      0.4375
  65     0.66005     0.44781
  66     0.67001     0.45829
  67     0.68057     0.46955
  68     0.69006     0.47984
  69     0.70014     0.49092
  70      0.7103     0.50231
  71      0.7204     0.51375
  72     0.73016     0.52492
  73     0.74024     0.53659
  74     0.75019     0.54829
  75     0.76032     0.56039
  76     0.77005     0.57227
  77     0.78031     0.58501
  78     0.79014     0.59743
  79     0.80005     0.61013
  80     0.81009     0.62326
  81     0.82016     0.63675
  82     0.83185      0.6528
  83     0.84001     0.66423
  84     0.85012     0.67866
  85     0.86051     0.69392
  86     0.87008     0.70829
  87     0.88043     0.72419
  88     0.89007     0.73938
  89     0.90011      0.7556
  90     0.91014     0.77221
  91     0.92065     0.79024
  92     0.93026     0.80745
  93     0.94049      0.8266
  94     0.95018     0.84581
  95     0.96002     0.86648
  96     0.97008     0.88963
  97     0.98022     0.91476
  98     0.99016     0.94442
  99           1           1
-----------------------------------------

----------------- PPP$ and local currency --------------
         PPP used in computation: 58.168
     Data mean in local currency: 12609.7
               Data mean in PPP$: 237.522
        Poverty line in PPP$/Day: 1.9
      Poverty line in PPP$/Month: 57.7917
  Poverty line in local currency: 3068.07
-------------------------------------------------------

----------------- Estimation result --------------
     Number of observation: 3598
          Total population: 3.01432E+06
              Total wealth: 6.53445E+08(PPP$)
                   Minimum: 29.7052(PPP$)
                   Maximum: 5063.56(PPP$)
             Headcount(HC): 0.00370518
          Poverty gap (PG): 0.000679175
       Poverty gap squared: 0.000185964
                      Gini: 0.299847
                    Median: 198.764
                       MLD: 0.148893
                      Watt: 0.000798155
--------------------------------------------------

-------------------------------- Income or Consumption share by deciles (%) -------------------------------------
     3.7336     5.1368     6.0885     6.9836     7.9121     8.9241     10.299     11.929     14.535     24.458
-----------------------------------------------------------------------------------------------------------------


