

**********************************************************************************************
**                                   Basic Information                                      **
**********************************************************************************************

----------------- Dataset Information -----------------
                         Country: Argentina
                    Country dode: ARG
                       Data Year: 2013
                        Coverage: Urban
             Welfare measurement: Income
                     Data format: Unit record
                     Data source: ARG_U2013Y
                  Data time span: UnDefined
-------------------------------------------------------


----------- Distribution ------------
   i           P           L 
-------------------------------------
   0    0.010094  0.00016208
   1    0.020067  0.00095705
   2    0.030047   0.0021034
   3    0.040035   0.0035249
   4    0.050023   0.0051916
   5    0.060061   0.0070682
   6    0.070146   0.0091113
   7    0.080172    0.011284
   8    0.090028    0.013563
   9     0.10009     0.01604
  10     0.11063    0.018794
  11     0.12004    0.021374
  12     0.13003    0.024223
  13     0.14021    0.027235
  14     0.15005    0.030266
  15     0.16184    0.034066
  16     0.17001    0.036806
  17      0.1802    0.040341
  18     0.19049    0.044015
  19     0.20014    0.047545
  20     0.21104    0.051682
  21     0.22046    0.055351
  22     0.23023    0.059293
  23     0.24003    0.063342
  24     0.25212    0.068495
  25     0.26002    0.071944
  26     0.27015    0.076485
  27     0.28008    0.081049
  28     0.29177    0.086583
  29     0.30082    0.090975
  30      0.3102    0.095641
  31      0.3201     0.10069
  32        0.33     0.10584
  33     0.34012     0.11122
  34     0.35009     0.11662
  35        0.36     0.12211
  36     0.37486     0.13057
  37     0.38034     0.13373
  38      0.3902     0.13953
  39     0.40018     0.14554
  40     0.41015     0.15168
  41     0.42079     0.15839
  42     0.43274     0.16615
  43     0.44002     0.17096
  44     0.45007     0.17777
  45     0.46007     0.18471
  46     0.47817     0.19762
  47     0.48002     0.19896
  48      0.4901     0.20634
  49     0.50051      0.2142
  50     0.51006     0.22151
  51     0.52021     0.22944
  52     0.53007      0.2373
  53     0.54009     0.24543
  54     0.55016     0.25373
  55     0.56026     0.26224
  56     0.57002     0.27063
  57     0.58029      0.2796
  58     0.59106     0.28921
  59     0.60023     0.29756
  60     0.61002     0.30669
  61     0.62071     0.31686
  62     0.63167     0.32748
  63     0.64045     0.33619
  64     0.65002     0.34589
  65     0.66062     0.35689
  66     0.67005     0.36685
  67      0.6807     0.37832
  68     0.69006     0.38859
  69     0.70009     0.39989
  70     0.71056     0.41193
  71     0.72019     0.42324
  72        0.73     0.43504
  73     0.74036     0.44779
  74     0.75167     0.46207
  75     0.76249     0.47612
  76     0.77252     0.48944
  77     0.78046     0.50019
  78     0.79011     0.51354
  79     0.80197     0.53047
  80      0.8102     0.54246
  81     0.82044     0.55781
  82     0.83052      0.5733
  83        0.84     0.58825
  84     0.85007     0.60455
  85     0.86012     0.62134
  86     0.87008     0.63863
  87     0.88004     0.65649
  88      0.8902     0.67539
  89     0.90056     0.69544
  90     0.91028     0.71505
  91     0.92001     0.73565
  92     0.93088     0.75997
  93     0.94011     0.78193
  94     0.95049     0.80818
  95     0.96002     0.83409
  96     0.97002     0.86388
  97     0.98002     0.89705
  98     0.99003     0.93622
  99           1           1
-----------------------------------------

----------------- PPP$ and local currency --------------
         PPP used in computation: 2.76838
     Data mean in local currency: 2969.47
               Data mean in PPP$: 645.461
        Poverty line in PPP$/Day: 1.9
      Poverty line in PPP$/Month: 57.7917
  Poverty line in local currency: 265.872
-------------------------------------------------------

----------------- Estimation result --------------
     Number of observation: 6489
          Total population: 2.58497E+07
              Total wealth: 2.77273E+10
                   Minimum: 0
                   Maximum: 38155.9
             Headcount(HC): 0.0174583
          Poverty gap (PG): 0.00950928
       Poverty gap squared: 0.00762193
                      Gini: 0.422838
                    Median: 492.339
                       MLD: 0.372436
                      Watt: 0.00512703
--------------------------------------------------

-------------------------------- Income or Consumption share by deciles (%) -------------------------------------
     1.6017     3.1477     4.3085     5.4859     6.8376     8.3544     10.243     12.786     16.671     30.564
-----------------------------------------------------------------------------------------------------------------


