

**********************************************************************************************
**                                   Basic Information                                      **
**********************************************************************************************

----------------- Dataset Information -----------------
                         Country: Argentina
                    Country dode: ARG
                       Data Year: 2010
                        Coverage: Urban
             Welfare measurement: Income
                     Data format: Unit record
                     Data source: ARG_U2010Y
                  Data time span: UnDefined
-------------------------------------------------------


----------- Distribution ------------
   i           P           L 
-------------------------------------
   0    0.010792  0.00024779
   1    0.020286   0.0010059
   2    0.030001    0.002072
   3    0.040034   0.0033916
   4    0.050273   0.0049001
   5    0.060115   0.0065211
   6    0.070457   0.0083892
   7    0.080476    0.010352
   8    0.090026     0.01235
   9     0.10026    0.014628
  10     0.11008    0.016927
  11     0.12012    0.019418
  12     0.13122    0.022344
  13     0.14001    0.024754
  14     0.15035    0.027698
  15      0.1601    0.030576
  16     0.17033    0.033725
  17     0.18001    0.036821
  18     0.19004    0.040161
  19     0.20085    0.043893
  20     0.21047    0.047311
  21     0.22272    0.051808
  22     0.23003    0.054556
  23     0.24198    0.059188
  24     0.25001    0.062377
  25     0.26001    0.066473
  26     0.27001    0.070711
  27     0.28001    0.075056
  28        0.29    0.079507
  29      0.3004    0.084268
  30     0.31071    0.089121
  31     0.32022    0.093709
  32     0.33086    0.098977
  33        0.34     0.10361
  34     0.35009     0.10883
  35     0.36028     0.11424
  36     0.37011     0.11958
  37     0.38097     0.12561
  38      0.3904     0.13096
  39     0.40074     0.13698
  40     0.41009     0.14251
  41      0.4201     0.14859
  42        0.43     0.15475
  43     0.44052     0.16141
  44     0.45043     0.16783
  45     0.46133     0.17506
  46     0.47001      0.1809
  47     0.48009     0.18783
  48     0.49035     0.19503
  49     0.50005     0.20195
  50     0.51681     0.21427
  51     0.52004     0.21667
  52     0.53032     0.22447
  53     0.54419     0.23527
  54      0.5501     0.23993
  55      0.5608     0.24856
  56     0.57086     0.25686
  57     0.58044     0.26492
  58     0.59016     0.27326
  59      0.6029     0.28449
  60     0.61019     0.29103
  61     0.62146     0.30138
  62     0.63013     0.30951
  63     0.64009     0.31905
  64     0.65102     0.32976
  65     0.66176     0.34049
  66     0.67001      0.3489
  67     0.68095     0.36031
  68     0.69004     0.36998
  69     0.70496     0.38639
  70     0.71017     0.39223
  71     0.72024     0.40375
  72     0.73017     0.41539
  73     0.74094     0.42829
  74     0.75018     0.43966
  75     0.76007     0.45214
  76     0.77015     0.46524
  77     0.78006     0.47851
  78     0.79025     0.49247
  79     0.80005     0.50624
  80     0.81515     0.52829
  81     0.82011     0.53571
  82      0.8318     0.55373
  83        0.84     0.56681
  84     0.85008      0.5834
  85     0.86022     0.60061
  86     0.87013     0.61813
  87     0.88013     0.63658
  88     0.89001     0.65566
  89     0.90018     0.67614
  90     0.91043     0.69775
  91     0.92019     0.71935
  92     0.93008      0.7423
  93     0.94004     0.76701
  94     0.95001     0.79361
  95     0.96039     0.82335
  96      0.9701     0.85388
  97        0.98     0.88925
  98     0.99004     0.93228
  99           1           1
-----------------------------------------

----------------- PPP$ and local currency --------------
         PPP used in computation: 2.76838
     Data mean in local currency: 1447.41
               Data mean in PPP$: 607.894
        Poverty line in PPP$/Day: 1.9
      Poverty line in PPP$/Month: 57.7917
  Poverty line in local currency: 137.603
-------------------------------------------------------

----------------- Estimation result --------------
     Number of observation: 7584
          Total population: 2.48967E+07
              Total wealth: 1.30168E+10
                   Minimum: 0
                   Maximum: 30145.1
             Headcount(HC): 0.0205456
          Poverty gap (PG): 0.0097061
       Poverty gap squared: 0.00726316
                      Gini: 0.444955
                    Median: 438.596
                       MLD: 0.396188
                      Watt: 0.00729457
--------------------------------------------------

-------------------------------- Income or Consumption share by deciles (%) -------------------------------------
     1.4569     2.9031     4.0485     5.2463     6.5364      8.002     9.9003     12.523      16.96     32.423
-----------------------------------------------------------------------------------------------------------------


