

**********************************************************************************************
**                                   Basic Information                                      **
**********************************************************************************************

----------------- Dataset Information -----------------
                         Country: Argentina
                    Country dode: ARG
                       Data Year: 1998
                        Coverage: Urban
             Welfare measurement: Income
                     Data format: Unit record
                     Data source: ARG_U1998Y
                  Data time span: UnDefined
-------------------------------------------------------


----------- Distribution ------------
   i           P           L 
-------------------------------------
   0    0.011766           0
   1    0.020476  0.00037055
   2    0.030044   0.0010246
   3    0.040063   0.0019172
   4    0.050208   0.0030174
   5     0.06007   0.0042547
   6    0.070465   0.0057343
   7    0.080385   0.0072801
   8    0.093572    0.009512
   9     0.10005     0.01066
  10     0.11059    0.012642
  11     0.12404    0.015371
  12     0.13135    0.016932
  13     0.14465    0.019909
  14     0.15006    0.021158
  15     0.16441     0.02464
  16     0.17403    0.027089
  17     0.18014    0.028667
  18     0.19389    0.032371
  19     0.20159    0.034531
  20     0.21035    0.037094
  21     0.22797    0.042519
  22     0.23003    0.043162
  23     0.24002     0.04637
  24     0.26517    0.054909
  25     0.26517    0.054909
  26     0.27028    0.056685
  27     0.28019    0.060238
  28     0.29003    0.063895
  29      0.3006     0.06796
  30     0.31019    0.071733
  31     0.32124    0.076226
  32     0.33003    0.079861
  33     0.34016    0.084168
  34     0.35201    0.089339
  35     0.36027    0.093069
  36      0.3727    0.098819
  37     0.38187     0.10315
  38     0.39003     0.10711
  39     0.40002     0.11209
  40     0.41617     0.12033
  41      0.4203     0.12246
  42     0.43044     0.12782
  43     0.44002     0.13302
  44      0.4561     0.14203
  45     0.46231     0.14561
  46        0.47     0.15012
  47      0.4802      0.1562
  48     0.49642      0.1662
  49      0.5013     0.16925
  50      0.5112      0.1756
  51     0.52105     0.18209
  52      0.5488     0.20096
  53      0.5488     0.20096
  54     0.55045      0.2021
  55     0.56192     0.21018
  56     0.57178     0.21737
  57     0.58543     0.22769
  58     0.59107     0.23205
  59     0.60004     0.23912
  60     0.61106     0.24805
  61     0.63445     0.26776
  62     0.63445     0.26776
  63     0.64024     0.27278
  64     0.65381     0.28496
  65     0.66568     0.29593
  66     0.67017     0.30013
  67     0.68086     0.31037
  68        0.69     0.31945
  69     0.70576     0.33551
  70     0.71005     0.33995
  71     0.72005     0.35069
  72     0.73412     0.36638
  73     0.74036     0.37357
  74     0.75223     0.38762
  75     0.76436     0.40249
  76     0.77016     0.40974
  77     0.78049     0.42296
  78     0.79986     0.44902
  79      0.8003     0.44963
  80     0.81016     0.46352
  81     0.82087     0.47927
  82      0.8333      0.4983
  83     0.84005     0.50898
  84     0.86074     0.54367
  85     0.86074     0.54367
  86     0.87011     0.56031
  87     0.88031     0.57945
  88     0.89412     0.60719
  89     0.90101     0.62162
  90     0.91001     0.64135
  91      0.9203     0.66537
  92     0.93122      0.6927
  93     0.94012     0.71654
  94     0.95187     0.75097
  95     0.96001     0.77717
  96     0.97016     0.81298
  97     0.98053     0.85583
  98     0.99036     0.90861
  99           1           1
-----------------------------------------

----------------- PPP$ and local currency --------------
         PPP used in computation: 2.76838
     Data mean in local currency: 323.309
               Data mean in PPP$: 529.186
        Poverty line in PPP$/Day: 1.9
      Poverty line in PPP$/Month: 57.7917
  Poverty line in local currency: 35.3081
-------------------------------------------------------

----------------- Estimation result --------------
     Number of observation: 3296
          Total population: 2.0407E+07
              Total wealth: 2.38326E+09
                   Minimum: 0
                   Maximum: 8027.54
             Headcount(HC): 0.0459217
          Poverty gap (PG): 0.0227825
       Poverty gap squared: 0.0168538
                      Gini: 0.507336
                    Median: 333.085
                       MLD: 0.538501
                      Watt: 0.0154401
--------------------------------------------------

-------------------------------- Income or Consumption share by deciles (%) -------------------------------------
     1.0651     2.3434     3.3646      4.435      5.636     7.0644     9.0555     11.958     17.029     38.049
-----------------------------------------------------------------------------------------------------------------


