

**********************************************************************************************
**                                   Basic Information                                      **
**********************************************************************************************

----------------- Dataset Information -----------------
                         Country: Argentina
                    Country dode: ARG
                       Data Year: 2011
                        Coverage: Urban
             Welfare measurement: Income
                     Data format: Unit record
                     Data source: ARG_U2011Y
                  Data time span: UnDefined
-------------------------------------------------------


----------- Distribution ------------
   i           P           L 
-------------------------------------
   0    0.010247  0.00024363
   1     0.02013   0.0010856
   2    0.030638   0.0023507
   3    0.040497    0.003772
   4    0.051026   0.0054947
   5    0.060218   0.0071358
   6     0.07019   0.0090751
   7    0.080097    0.011145
   8    0.090812    0.013517
   9     0.10029    0.015742
  10     0.11039    0.018246
  11     0.12032    0.020839
  12      0.1302    0.023543
  13     0.14042    0.026459
  14     0.15007    0.029308
  15     0.16024    0.032435
  16      0.1711    0.035902
  17     0.18017    0.038903
  18     0.19033    0.042385
  19     0.20071    0.046068
  20     0.21031     0.04957
  21     0.22009    0.053259
  22     0.23155    0.057721
  23     0.24199    0.061898
  24     0.25001     0.06519
  25     0.26002    0.069402
  26     0.27056    0.073958
  27     0.28279     0.07944
  28     0.29068    0.083068
  29     0.30034    0.087619
  30     0.31007    0.092314
  31     0.32061    0.097563
  32     0.33264     0.10373
  33     0.34011     0.10761
  34     0.35001     0.11289
  35     0.36039     0.11852
  36     0.37004     0.12391
  37     0.38022     0.12967
  38     0.39004     0.13536
  39     0.40003     0.14128
  40     0.41002     0.14731
  41     0.42061     0.15386
  42     0.43026     0.15997
  43     0.44085     0.16681
  44     0.45066     0.17327
  45     0.46125     0.18043
  46     0.47031     0.18665
  47     0.48245     0.19519
  48     0.49034     0.20082
  49     0.50006     0.20786
  50     0.51005     0.21525
  51      0.5203     0.22299
  52     0.53025     0.23068
  53     0.54124     0.23935
  54     0.55007     0.24645
  55     0.56203     0.25629
  56     0.57485     0.26711
  57     0.58073     0.27214
  58     0.59006     0.28025
  59     0.60052     0.28952
  60     0.61014     0.29821
  61     0.62019     0.30745
  62     0.63303     0.31956
  63     0.64089     0.32714
  64     0.65265     0.33871
  65      0.6604     0.34648
  66     0.67003     0.35634
  67     0.68021     0.36698
  68     0.69216     0.37979
  69     0.70012     0.38847
  70     0.71613     0.40645
  71     0.72032     0.41126
  72     0.73541     0.42899
  73     0.74013     0.43464
  74      0.7501      0.4469
  75     0.76087     0.46058
  76     0.77011     0.47257
  77     0.78029      0.4861
  78     0.79002     0.49934
  79     0.80175     0.51582
  80      0.8101     0.52783
  81     0.82017     0.54275
  82      0.8306     0.55874
  83     0.84011     0.57383
  84     0.85015     0.59028
  85     0.86017     0.60729
  86     0.87033     0.62523
  87     0.88044     0.64362
  88     0.89006     0.66185
  89     0.90005     0.68166
  90     0.91018     0.70271
  91     0.92009     0.72434
  92      0.9311     0.74979
  93      0.9406     0.77318
  94     0.95016     0.79832
  95     0.96003     0.82611
  96     0.97002     0.85687
  97     0.98004      0.8918
  98     0.99028     0.93484
  99           1           1
-----------------------------------------

----------------- PPP$ and local currency --------------
         PPP used in computation: 2.76838
     Data mean in local currency: 1897.85
               Data mean in PPP$: 655.091
        Poverty line in PPP$/Day: 1.9
      Poverty line in PPP$/Month: 57.7917
  Poverty line in local currency: 167.427
-------------------------------------------------------

----------------- Estimation result --------------
     Number of observation: 7132
          Total population: 2.51358E+07
              Total wealth: 1.72317E+10
                   Minimum: 0
                   Maximum: 23290.1
             Headcount(HC): 0.015287
          Poverty gap (PG): 0.00831462
       Poverty gap squared: 0.00633186
                      Gini: 0.435723
                    Median: 481.017
                       MLD: 0.375896
                      Watt: 0.0058731
--------------------------------------------------

-------------------------------- Income or Consumption share by deciles (%) -------------------------------------
     1.5673     3.0144     4.1643     5.3803     6.6553     8.1252     9.9274     12.502     16.821     31.843
-----------------------------------------------------------------------------------------------------------------


