

**********************************************************************************************
**                                   Basic Information                                      **
**********************************************************************************************

----------------- Dataset Information -----------------
                         Country: Argentina
                    Country dode: ARG
                       Data Year: 1993
                        Coverage: Urban
             Welfare measurement: Income
                     Data format: Unit record
                     Data source: ARG_U1993Y
                  Data time span: UnDefined
-------------------------------------------------------


----------- Distribution ------------
   i           P           L 
-------------------------------------
   0    0.010288   6.976E-05
   1     0.02055  0.00083808
   2    0.030535   0.0018995
   3    0.040571   0.0032153
   4    0.050007   0.0046516
   5    0.060862   0.0065159
   6    0.070265   0.0082914
   7    0.080581    0.010407
   8    0.091926    0.012933
   9     0.10203    0.015324
  10     0.11365    0.018206
  11     0.12134    0.020183
  12     0.13065    0.022649
  13     0.14002    0.025251
  14     0.15067    0.028337
  15     0.16839    0.033815
  16     0.17028    0.034415
  17     0.19997    0.044494
  18     0.19997    0.044494
  19     0.20001    0.044508
  20     0.21021    0.048124
  21     0.22114    0.052171
  22     0.23044    0.055737
  23     0.24004    0.059509
  24     0.25255    0.064621
  25     0.26005    0.067747
  26     0.27257    0.073093
  27     0.28001     0.07635
  28      0.2951    0.083194
  29     0.30351    0.087116
  30     0.31482    0.092537
  31     0.32022    0.095152
  32     0.33046     0.10023
  33     0.35521     0.11292
  34     0.35521     0.11292
  35        0.36     0.11541
  36     0.37203      0.1219
  37     0.38009     0.12634
  38     0.40109     0.13827
  39     0.40109     0.13827
  40     0.41002     0.14347
  41       0.423     0.15125
  42     0.43261     0.15715
  43     0.44457     0.16462
  44     0.45039     0.16829
  45     0.46059     0.17491
  46     0.47004     0.18125
  47     0.49756     0.20017
  48     0.49756     0.20017
  49     0.50001     0.20187
  50     0.51002       0.209
  51     0.52065      0.2168
  52     0.53207     0.22537
  53     0.54046     0.23182
  54     0.55048     0.23968
  55     0.56023     0.24747
  56     0.57359      0.2584
  57     0.58016     0.26387
  58     0.60255     0.28303
  59     0.60255     0.28303
  60     0.61045     0.28995
  61     0.62009     0.29857
  62     0.63043     0.30807
  63     0.64047     0.31746
  64      0.6514     0.32786
  65     0.66013     0.33639
  66        0.67     0.34631
  67     0.68976     0.36667
  68     0.69027      0.3672
  69     0.70086     0.37849
  70     0.71022     0.38876
  71     0.72658     0.40731
  72     0.73013     0.41142
  73     0.74004     0.42306
  74     0.75006     0.43514
  75     0.76175     0.44973
  76      0.7713     0.46197
  77     0.78001     0.47346
  78     0.79606     0.49546
  79     0.80055     0.50172
  80     0.81205      0.5183
  81     0.82004     0.53012
  82     0.83012     0.54553
  83     0.84133     0.56324
  84     0.85039     0.57812
  85     0.86885     0.60978
  86     0.87096     0.61344
  87     0.88126     0.63195
  88     0.89047     0.64924
  89     0.90007     0.66812
  90     0.91016     0.68893
  91     0.92023     0.71068
  92     0.93032     0.73381
  93     0.94007      0.7577
  94     0.95008     0.78373
  95      0.9602     0.81268
  96     0.97223     0.85241
  97     0.98006     0.88174
  98     0.99031     0.92651
  99           1           1
-----------------------------------------

----------------- PPP$ and local currency --------------
         PPP used in computation: 2.76838
     Data mean in local currency: 320.191
               Data mean in PPP$: 565.729
        Poverty line in PPP$/Day: 1.9
      Poverty line in PPP$/Month: 57.7917
  Poverty line in local currency: 32.7089
-------------------------------------------------------

----------------- Estimation result --------------
     Number of observation: 2484
          Total population: 1.31312E+07
              Total wealth: 1.51875E+09
                   Minimum: 0
                   Maximum: 3612.22
             Headcount(HC): 0.0242011
          Poverty gap (PG): 0.0124879
       Poverty gap squared: 0.0100609
                      Gini: 0.448563
                    Median: 396.481
                       MLD: 0.408413
                      Watt: 0.00583661
--------------------------------------------------

-------------------------------- Income or Consumption share by deciles (%) -------------------------------------
     1.4843     2.9662     4.0975     5.2171      6.421     7.8987     9.6718     12.339     16.703     33.201
-----------------------------------------------------------------------------------------------------------------


