

**********************************************************************************************
**                                   Basic Information                                      **
**********************************************************************************************

----------------- Dataset Information -----------------
                         Country: Argentina
                    Country dode: ARG
                       Data Year: 1994
                        Coverage: Urban
             Welfare measurement: Income
                     Data format: Unit record
                     Data source: ARG_U1994Y
                  Data time span: UnDefined
-------------------------------------------------------


----------- Distribution ------------
   i           P           L 
-------------------------------------
   0     0.01152           0
   1    0.020164   0.0005924
   2    0.030403   0.0017427
   3    0.042746   0.0034967
   4    0.053862   0.0053415
   5    0.060717   0.0065707
   6    0.070754   0.0085214
   7    0.081015    0.010659
   8    0.090036    0.012656
   9     0.10018    0.014996
  10     0.11032    0.017449
  11     0.12111    0.020152
  12     0.13008    0.022471
  13     0.14019    0.025195
  14      0.1507     0.02817
  15     0.16038    0.031045
  16     0.17045    0.034115
  17     0.18015    0.037159
  18     0.20435    0.045233
  19     0.20435    0.045233
  20      0.2105    0.047343
  21     0.22739    0.053454
  22     0.23026    0.054514
  23        0.24    0.058206
  24     0.25833    0.065487
  25     0.26382     0.06772
  26     0.27551    0.072581
  27     0.28064    0.074762
  28     0.29049    0.079058
  29     0.30605    0.086097
  30     0.31008    0.087952
  31     0.32081     0.09299
  32     0.33297    0.098871
  33     0.35774     0.11129
  34     0.35774     0.11129
  35     0.36191     0.11341
  36     0.37017      0.1177
  37     0.38031     0.12311
  38     0.39971     0.13385
  39     0.40024     0.13415
  40     0.41002     0.13974
  41     0.42052     0.14589
  42     0.43863     0.15687
  43      0.4445     0.16048
  44     0.45003     0.16394
  45     0.46026     0.17053
  46      0.4958     0.19432
  47      0.4958     0.19432
  48      0.4958     0.19432
  49     0.50257     0.19894
  50      0.5105     0.20444
  51     0.52001     0.21121
  52     0.53087     0.21918
  53     0.54226     0.22774
  54     0.55077     0.23424
  55     0.56002     0.24149
  56     0.57261     0.25158
  57     0.58083     0.25829
  58     0.59978     0.27415
  59     0.60028     0.27457
  60     0.61044     0.28334
  61     0.62356     0.29499
  62     0.63634     0.30664
  63     0.64196     0.31182
  64     0.65023     0.31957
  65     0.66146     0.33035
  66     0.67003      0.3388
  67     0.68742      0.3563
  68     0.69005     0.35897
  69       0.701     0.37041
  70     0.71267     0.38302
  71     0.72448     0.39614
  72     0.73266     0.40546
  73     0.74274     0.41721
  74     0.75029     0.42627
  75     0.76002     0.43816
  76     0.77008     0.45082
  77     0.78013     0.46376
  78     0.79757     0.48708
  79     0.80004     0.49044
  80     0.81119     0.50604
  81     0.82041     0.51944
  82     0.83369     0.53948
  83     0.84113     0.55102
  84     0.85026     0.56571
  85     0.86485     0.59016
  86     0.87035     0.59965
  87      0.8839     0.62422
  88     0.89113     0.63794
  89     0.90312      0.6618
  90     0.91065     0.67753
  91     0.92075      0.6998
  92     0.93047     0.72251
  93     0.94052     0.74752
  94     0.95002     0.77243
  95     0.96083     0.80358
  96     0.97041     0.83509
  97     0.98049     0.87356
  98     0.99028     0.92035
  99           1           1
-----------------------------------------

----------------- PPP$ and local currency --------------
         PPP used in computation: 2.76838
     Data mean in local currency: 328.006
               Data mean in PPP$: 558.894
        Poverty line in PPP$/Day: 1.9
      Poverty line in PPP$/Month: 57.7917
  Poverty line in local currency: 33.9171
-------------------------------------------------------

----------------- Estimation result --------------
     Number of observation: 2509
          Total population: 1.33821E+07
              Total wealth: 1.58555E+09
                   Minimum: 0
                   Maximum: 2709.16
             Headcount(HC): 0.0228149
          Poverty gap (PG): 0.0145001
       Poverty gap squared: 0.0128146
                      Gini: 0.459168
                    Median: 383.38
                       MLD: 0.439654
                      Watt: 0.00403724
--------------------------------------------------

-------------------------------- Income or Consumption share by deciles (%) -------------------------------------
     1.4956     2.8827     3.9576     5.0653     6.3175      7.715     9.5032     12.102     16.521      34.44
-----------------------------------------------------------------------------------------------------------------


