

**********************************************************************************************
**                                   Basic Information                                      **
**********************************************************************************************

----------------- Dataset Information -----------------
                         Country: Argentina
                    Country dode: ARG
                       Data Year: 1992
                        Coverage: Urban
             Welfare measurement: Income
                     Data format: Unit record
                     Data source: ARG_U1992Y
                  Data time span: UnDefined
-------------------------------------------------------


----------- Distribution ------------
   i           P           L 
-------------------------------------
   0    0.010566  7.5459E-05
   1      0.0205  0.00089177
   2    0.030117   0.0020411
   3    0.040023   0.0034365
   4    0.050032   0.0051046
   5    0.060282   0.0070126
   6    0.070086   0.0090169
   7    0.081029    0.011439
   8     0.09038    0.013612
   9     0.10419     0.01707
  10     0.11043    0.018704
  11     0.12234    0.021925
  12     0.13747    0.026163
  13     0.14107    0.027184
  14     0.15105    0.030104
  15     0.16127    0.033184
  16      0.1704    0.036043
  17     0.18003    0.039186
  18       0.195    0.044274
  19     0.20005    0.046023
  20     0.23331    0.058367
  21     0.23331    0.058367
  22     0.23331    0.058367
  23     0.24082    0.061273
  24     0.25023    0.065022
  25     0.26265    0.070157
  26     0.27054    0.073521
  27     0.28001    0.077647
  28     0.29079    0.082481
  29      0.3005    0.086936
  30     0.31103    0.091869
  31     0.32042     0.09636
  32     0.33827     0.10519
  33     0.34023     0.10617
  34     0.35166     0.11201
  35     0.37076       0.122
  36     0.37076       0.122
  37      0.3804     0.12714
  38     0.39038     0.13258
  39     0.41533     0.14656
  40     0.41533     0.14656
  41     0.42124     0.14994
  42     0.43121     0.15582
  43     0.44001      0.1611
  44     0.45718     0.17172
  45     0.46018     0.17361
  46     0.47015     0.17998
  47     0.48006      0.1865
  48     0.49598      0.1973
  49     0.50009     0.20012
  50     0.51052     0.20741
  51     0.52075     0.21475
  52     0.53001     0.22154
  53     0.55398     0.23951
  54     0.55398     0.23951
  55      0.5609     0.24477
  56     0.57004     0.25191
  57     0.58004     0.25994
  58     0.59019      0.2683
  59     0.60083     0.27728
  60     0.61186     0.28671
  61     0.62028      0.2941
  62     0.63097     0.30368
  63     0.64038     0.31229
  64     0.65751     0.32835
  65     0.66097     0.33164
  66     0.67149     0.34183
  67     0.68028     0.35056
  68     0.69181     0.36229
  69     0.70484     0.37585
  70     0.71031     0.38165
  71      0.7207     0.39295
  72      0.7352     0.40925
  73     0.74075     0.41562
  74     0.75008      0.4267
  75     0.76008     0.43893
  76     0.77012     0.45155
  77     0.78273     0.46796
  78     0.79028     0.47808
  79     0.80087     0.49259
  80     0.81067      0.5064
  81     0.82054     0.52071
  82     0.83382     0.54061
  83     0.84048     0.55085
  84     0.85043      0.5668
  85     0.86038     0.58333
  86     0.87078     0.60124
  87     0.88547     0.62829
  88     0.89007     0.63718
  89         0.9     0.65713
  90     0.91011     0.67843
  91        0.92      0.7005
  92     0.93074     0.72604
  93     0.94093     0.75219
  94      0.9504      0.7782
  95     0.96011     0.80693
  96     0.97009     0.83998
  97     0.98008     0.87785
  98     0.99046     0.92597
  99           1           1
-----------------------------------------

----------------- PPP$ and local currency --------------
         PPP used in computation: 2.76838
     Data mean in local currency: 293.483
               Data mean in PPP$: 564.542
        Poverty line in PPP$/Day: 1.9
      Poverty line in PPP$/Month: 57.7917
  Poverty line in local currency: 30.0436
-------------------------------------------------------

----------------- Estimation result --------------
     Number of observation: 2386
          Total population: 1.22647E+07
              Total wealth: 1.3002E+09
                   Minimum: 0
                   Maximum: 3431.61
             Headcount(HC): 0.0205003
          Poverty gap (PG): 0.011789
       Poverty gap squared: 0.00998744
                      Gini: 0.454681
                    Median: 387.925
                       MLD: 0.410654
                      Watt: 0.00524496
--------------------------------------------------

-------------------------------- Income or Consumption share by deciles (%) -------------------------------------
     1.6022     2.9983       4.07     5.1263     6.2088     7.6524     9.4226     12.059     16.573     34.287
-----------------------------------------------------------------------------------------------------------------


