

**********************************************************************************************
**                                   Basic Information                                      **
**********************************************************************************************

----------------- Dataset Information -----------------
                         Country: Argentina
                    Country dode: ARG
                       Data Year: 2008
                        Coverage: Urban
             Welfare measurement: Income
                     Data format: Unit record
                     Data source: ARG_U2008Y
                  Data time span: UnDefined
-------------------------------------------------------


----------- Distribution ------------
   i           P           L 
-------------------------------------
   0    0.010099  0.00011788
   1    0.020118  0.00069814
   2    0.030223   0.0015802
   3    0.040036   0.0026593
   4    0.050259   0.0039548
   5    0.060459   0.0054198
   6    0.071061   0.0071107
   7    0.080075   0.0086792
   8    0.090004    0.010541
   9     0.10368    0.013321
  10     0.11007    0.014684
  11     0.12247    0.017475
  12     0.13011     0.01928
  13     0.14014    0.021775
  14     0.15028    0.024428
  15     0.16106    0.027388
  16     0.17011    0.029973
  17        0.18     0.03292
  18     0.19004    0.036036
  19     0.20003     0.03926
  20     0.21007    0.042614
  21       0.221     0.04638
  22     0.23063    0.049802
  23     0.24013    0.053283
  24     0.25005    0.057008
  25     0.26011    0.060893
  26     0.27003    0.064844
  27     0.28175    0.069633
  28     0.29009    0.073144
  29     0.30058    0.077694
  30     0.31002    0.081892
  31     0.32008    0.086499
  32      0.3305    0.091387
  33     0.34035    0.096153
  34     0.35433     0.10315
  35     0.36013      0.1061
  36     0.37056     0.11152
  37     0.38024     0.11666
  38     0.39583     0.12523
  39         0.4     0.12757
  40      0.4141     0.13563
  41      0.4201     0.13912
  42     0.43129     0.14582
  43     0.44049     0.15146
  44     0.45103     0.15809
  45     0.46028     0.16406
  46     0.47255     0.17218
  47     0.48063     0.17763
  48     0.49174     0.18528
  49         0.5     0.19108
  50     0.51004     0.19827
  51     0.52155     0.20672
  52     0.53043     0.21336
  53     0.54025     0.22085
  54     0.55099     0.22922
  55     0.56017     0.23652
  56      0.5701     0.24455
  57     0.58005     0.25278
  58     0.59007     0.26122
  59     0.60034     0.27008
  60     0.61041     0.27897
  61     0.62314     0.29055
  62     0.63185     0.29867
  63     0.64164     0.30797
  64     0.65173     0.31776
  65     0.66069     0.32666
  66     0.67014     0.33621
  67     0.68124     0.34772
  68     0.69064      0.3577
  69     0.70661     0.37525
  70     0.71008     0.37913
  71     0.72302     0.39391
  72     0.73001     0.40208
  73      0.7403      0.4144
  74     0.75005     0.42641
  75     0.76023     0.43931
  76     0.77034     0.45247
  77     0.78019     0.46568
  78     0.79009     0.47931
  79     0.80133     0.49525
  80     0.81124     0.50971
  81     0.82079      0.5241
  82     0.83076     0.53956
  83     0.84002     0.55436
  84     0.85005     0.57096
  85     0.86024     0.58842
  86     0.87029     0.60628
  87        0.88      0.6242
  88     0.89027      0.6439
  89      0.9002     0.66385
  90     0.91002     0.68452
  91     0.92009     0.70686
  92        0.93     0.73006
  93     0.94087     0.75731
  94     0.95122     0.78518
  95     0.96045     0.81198
  96        0.97     0.84242
  97     0.98078     0.88141
  98     0.99001      0.9212
  99           1           1
-----------------------------------------

----------------- PPP$ and local currency --------------
         PPP used in computation: 2.76838
     Data mean in local currency: 973.864
               Data mean in PPP$: 580.723
        Poverty line in PPP$/Day: 1.9
      Poverty line in PPP$/Month: 57.7917
  Poverty line in local currency: 96.9159
-------------------------------------------------------

----------------- Estimation result --------------
     Number of observation: 7159
          Total population: 2.44438E+07
              Total wealth: 8.59888E+09
                   Minimum: 0
                   Maximum: 30589.8
             Headcount(HC): 0.0296768
          Poverty gap (PG): 0.0143498
       Poverty gap squared: 0.0101637
                      Gini: 0.462654
                    Median: 411.499
                       MLD: 0.438545
                      Watt: 0.0127522
--------------------------------------------------

-------------------------------- Income or Consumption share by deciles (%) -------------------------------------
     1.2573     2.6676     3.8192     5.0121     6.3514     7.8707       9.82     12.538     17.009     33.654
-----------------------------------------------------------------------------------------------------------------


