

**********************************************************************************************
**                                   Basic Information                                      **
**********************************************************************************************

----------------- Dataset Information -----------------
                         Country: Argentina
                    Country dode: ARG
                       Data Year: 2014
                        Coverage: Urban
             Welfare measurement: Income
                     Data format: Unit record
                     Data source: ARG_U2014Y
                  Data time span: UnDefined
-------------------------------------------------------


----------- Distribution ------------
   i           P           L 
-------------------------------------
   0    0.010097  0.00016103
   1     0.02009   0.0010359
   2    0.030102    0.002243
   3     0.04028   0.0037078
   4    0.050456   0.0054004
   5    0.060001   0.0071687
   6    0.070532   0.0093305
   7    0.080489    0.011533
   8    0.090549    0.013878
   9     0.10015    0.016255
  10     0.11001    0.018844
  11     0.12257    0.022336
  12     0.13028    0.024564
  13     0.14013    0.027523
  14     0.15063    0.030795
  15     0.16025    0.033904
  16      0.1711    0.037543
  17     0.18183    0.041273
  18     0.19001    0.044199
  19     0.20004     0.04788
  20     0.21004    0.051657
  21     0.22186    0.056254
  22     0.23036    0.059666
  23     0.24018    0.063697
  24     0.25009    0.067866
  25     0.26005     0.07215
  26     0.27275    0.077811
  27     0.28025    0.081207
  28      0.2924    0.086861
  29      0.3012    0.091054
  30     0.31024    0.095448
  31     0.32003     0.10031
  32     0.33169     0.10626
  33      0.3414     0.11131
  34     0.35001     0.11588
  35     0.36004     0.12132
  36     0.37008     0.12689
  37     0.38069     0.13288
  38     0.39007     0.13832
  39     0.40174     0.14528
  40     0.41059     0.15065
  41     0.42004     0.15653
  42     0.43133     0.16372
  43     0.44231     0.17087
  44        0.45     0.17597
  45     0.46204     0.18411
  46     0.47003     0.18962
  47     0.48002     0.19664
  48     0.49055     0.20421
  49     0.50539     0.21521
  50     0.51001     0.21869
  51     0.52006     0.22639
  52     0.53141     0.23526
  53     0.54195     0.24372
  54     0.55025     0.25049
  55     0.56092     0.25936
  56     0.57053      0.2675
  57     0.58059     0.27615
  58     0.59001     0.28446
  59     0.60079     0.29415
  60     0.61003      0.3026
  61     0.62038      0.3123
  62     0.63023     0.32174
  63     0.64022     0.33156
  64     0.65005     0.34138
  65      0.6601     0.35166
  66     0.67019     0.36219
  67     0.68052     0.37322
  68     0.69037     0.38396
  69     0.70448     0.39979
  70     0.71001      0.4061
  71     0.72009     0.41784
  72      0.7301     0.42979
  73     0.74016     0.44206
  74       0.751     0.45567
  75     0.76032     0.46765
  76     0.77078     0.48143
  77     0.78013     0.49411
  78     0.79198      0.5107
  79         0.8     0.52222
  80     0.81205     0.54012
  81     0.82098     0.55372
  82     0.83004     0.56787
  83     0.84094     0.58544
  84     0.85322     0.60595
  85     0.86017     0.61787
  86     0.87109     0.63728
  87     0.88005     0.65374
  88     0.89013      0.6729
  89     0.90049     0.69344
  90     0.91129     0.71589
  91     0.92002     0.73493
  92     0.93001     0.75774
  93     0.94006     0.78188
  94     0.95015     0.80769
  95      0.9614     0.83853
  96     0.97023     0.86475
  97        0.98     0.89735
  98        0.99     0.93659
  99           1           1
-----------------------------------------

----------------- PPP$ and local currency --------------
         PPP used in computation: 2.76838
     Data mean in local currency: 3786.16
               Data mean in PPP$: 586.382
        Poverty line in PPP$/Day: 1.9
      Poverty line in PPP$/Month: 57.7917
  Poverty line in local currency: 373.15
-------------------------------------------------------

----------------- Estimation result --------------
     Number of observation: 6604
          Total population: 2.66625E+07
              Total wealth: 3.64648E+10
                   Minimum: 0
                   Maximum: 42434.8
             Headcount(HC): 0.0170951
          Poverty gap (PG): 0.00968106
       Poverty gap squared: 0.00783349
                      Gini: 0.42666
                    Median: 439.079
                       MLD: 0.376496
                      Watt: 0.00556721
--------------------------------------------------

-------------------------------- Income or Consumption share by deciles (%) -------------------------------------
     1.6217      3.165     4.2614     5.3762     6.6973     8.2225     10.132     12.745     17.026     30.753
-----------------------------------------------------------------------------------------------------------------


