

**********************************************************************************************
**                                   Basic Information                                      **
**********************************************************************************************

----------------- Dataset Information -----------------
                         Country: Argentina
                    Country dode: ARG
                       Data Year: 2006
                        Coverage: Urban
             Welfare measurement: Income
                     Data format: Unit record
                     Data source: ARG_U2006Y
                  Data time span: UnDefined
-------------------------------------------------------


----------- Distribution ------------
   i           P           L 
-------------------------------------
   0    0.010001  6.7168E-05
   1    0.020233   0.0005558
   2    0.031008   0.0013458
   3    0.040055   0.0021908
   4    0.050026   0.0032866
   5    0.060108   0.0045588
   6    0.070005   0.0059676
   7    0.081225   0.0077295
   8    0.090283   0.0092602
   9         0.1    0.011016
  10     0.11044    0.013052
  11     0.12104    0.015276
  12     0.13069    0.017412
  13     0.14047    0.019665
  14     0.15004    0.021981
  15     0.16006    0.024519
  16     0.17089    0.027405
  17     0.18017     0.02998
  18     0.19053    0.032978
  19     0.20004    0.035821
  20     0.21192    0.039494
  21     0.22435    0.043516
  22     0.23291    0.046363
  23     0.24031    0.048882
  24     0.25225    0.053142
  25     0.26175    0.056622
  26     0.27031    0.059834
  27     0.28007    0.063618
  28     0.29017    0.067662
  29         0.3    0.071713
  30     0.31024    0.076022
  31     0.32011    0.080291
  32      0.3346    0.086734
  33      0.3458    0.091852
  34     0.35018    0.093889
  35      0.3604    0.098758
  36     0.37027     0.10358
  37        0.38     0.10844
  38      0.3904     0.11378
  39     0.40513     0.12163
  40     0.41016     0.12437
  41     0.42001      0.1298
  42     0.43127     0.13618
  43     0.44047     0.14154
  44     0.45008     0.14728
  45      0.4603     0.15355
  46     0.47006     0.15969
  47     0.48104      0.1668
  48     0.49251     0.17443
  49     0.50008     0.17953
  50     0.51035      0.1866
  51     0.52027     0.19361
  52     0.53002     0.20064
  53     0.54046     0.20834
  54     0.55005     0.21562
  55        0.56     0.22335
  56     0.57147     0.23251
  57     0.58008     0.23953
  58     0.59215     0.24954
  59      0.6002     0.25634
  60     0.61028     0.26506
  61     0.62569     0.27881
  62     0.63754     0.28966
  63     0.64003     0.29197
  64      0.6511     0.30243
  65     0.66028     0.31135
  66     0.67077     0.32179
  67     0.68001     0.33119
  68     0.69003     0.34167
  69     0.70096     0.35339
  70     0.71138     0.36483
  71        0.72     0.37449
  72     0.73123     0.38743
  73     0.74134     0.39943
  74     0.75002     0.40999
  75     0.76027     0.42279
  76     0.77025      0.4356
  77     0.78006     0.44857
  78     0.79299     0.46622
  79     0.80011     0.47622
  80     0.81117     0.49218
  81     0.82033      0.5058
  82     0.83052     0.52146
  83     0.84014     0.53679
  84     0.85004     0.55312
  85     0.86067     0.57136
  86     0.87005      0.5881
  87     0.88069     0.60782
  88     0.89041     0.62666
  89         0.9     0.64617
  90     0.91129     0.67045
  91     0.92047     0.69133
  92      0.9302     0.71483
  93     0.94002     0.74015
  94     0.95014     0.76821
  95     0.96033     0.79884
  96     0.97009     0.83113
  97     0.98002      0.8685
  98     0.99027     0.91472
  99           1           1
-----------------------------------------

----------------- PPP$ and local currency --------------
         PPP used in computation: 2.76838
     Data mean in local currency: 605.183
               Data mean in PPP$: 554.503
        Poverty line in PPP$/Day: 1.9
      Poverty line in PPP$/Month: 57.7917
  Poverty line in local currency: 63.0736
-------------------------------------------------------

----------------- Estimation result --------------
     Number of observation: 7151
          Total population: 2.39596E+07
              Total wealth: 5.2377E+09
                   Minimum: 0
                   Maximum: 55099.4
             Headcount(HC): 0.0411906
          Poverty gap (PG): 0.0190507
       Poverty gap squared: 0.0130517
                      Gini: 0.482581
                    Median: 376.961
                       MLD: 0.481776
                      Watt: 0.0178374
--------------------------------------------------

-------------------------------- Income or Consumption share by deciles (%) -------------------------------------
     1.1016     2.4792     3.5902     4.7189     6.0575     7.6696     9.6194     12.369     17.011     35.383
-----------------------------------------------------------------------------------------------------------------


