

**********************************************************************************************
**                                   Basic Information                                      **
**********************************************************************************************

----------------- Dataset Information -----------------
                         Country: Argentina
                    Country dode: ARG
                       Data Year: 2000
                        Coverage: Urban
             Welfare measurement: Income
                     Data format: Unit record
                     Data source: ARG_U2000Y
                  Data time span: UnDefined
-------------------------------------------------------


----------- Distribution ------------
   i           P           L 
-------------------------------------
   0    0.013488           0
   1    0.020144  0.00017509
   2     0.03004  0.00071429
   3    0.040198   0.0015035
   4    0.050475   0.0025047
   5    0.060293   0.0036373
   6    0.073457   0.0053569
   7    0.080195   0.0063159
   8    0.091148    0.008001
   9     0.10362    0.010103
  10     0.11986    0.013105
  11     0.12052    0.013229
  12     0.13348    0.015806
  13     0.14094    0.017383
  14     0.15063    0.019535
  15     0.16204    0.022161
  16     0.17006    0.024089
  17     0.18492    0.027847
  18     0.19117    0.029477
  19     0.20054    0.032007
  20     0.21267    0.035404
  21     0.22045    0.037645
  22     0.23213    0.041133
  23     0.24163    0.044071
  24     0.25029    0.046836
  25     0.26254    0.050899
  26     0.27317    0.054521
  27     0.28021    0.056989
  28     0.30919      0.0678
  29     0.30919      0.0678
  30     0.31008    0.068138
  31      0.3203      0.0721
  32     0.33041    0.076174
  33     0.34104    0.080624
  34      0.3502    0.084556
  35     0.36604    0.091597
  36     0.37042     0.09359
  37     0.38614     0.10092
  38     0.39013     0.10281
  39      0.4004     0.10782
  40     0.41073     0.11301
  41     0.42218     0.11888
  42     0.43128     0.12365
  43      0.4412     0.12899
  44     0.46003     0.13955
  45     0.46003     0.13955
  46     0.47017     0.14537
  47     0.48141     0.15209
  48      0.4902     0.15747
  49     0.50285     0.16543
  50     0.51512     0.17344
  51     0.52325     0.17889
  52     0.53398     0.18621
  53     0.54151     0.19144
  54     0.55003     0.19752
  55     0.58277     0.22195
  56     0.58277     0.22195
  57     0.58277     0.22195
  58     0.59012     0.22757
  59     0.60002     0.23538
  60     0.61129     0.24457
  61     0.62126     0.25295
  62     0.63002     0.26041
  63     0.64002     0.26915
  64     0.65003     0.27812
  65     0.67167     0.29825
  66     0.67167     0.29825
  67     0.68047     0.30673
  68     0.69005     0.31626
  69     0.70162     0.32811
  70     0.71012      0.3371
  71     0.73182     0.36129
  72     0.73182     0.36129
  73     0.74006     0.37078
  74      0.7531     0.38648
  75      0.7619     0.39742
  76     0.77015     0.40794
  77     0.78016     0.42114
  78     0.79151      0.4366
  79     0.80019     0.44877
  80     0.81003     0.46302
  81     0.82138     0.48005
  82     0.83001     0.49336
  83     0.84006     0.50947
  84     0.85017     0.52648
  85     0.86034     0.54446
  86     0.87389     0.56983
  87     0.88117     0.58395
  88     0.89173      0.6054
  89     0.90066     0.62443
  90     0.91007     0.64556
  91     0.92025     0.66987
  92     0.93099     0.69741
  93     0.94227     0.72854
  94     0.95052     0.75277
  95        0.96     0.78345
  96     0.97006     0.81979
  97     0.98116     0.86696
  98     0.99005     0.91401
  99           1           1
-----------------------------------------

----------------- PPP$ and local currency --------------
         PPP used in computation: 2.76838
     Data mean in local currency: 293.255
               Data mean in PPP$: 493.382
        Poverty line in PPP$/Day: 1.9
      Poverty line in PPP$/Month: 57.7917
  Poverty line in local currency: 34.3501
-------------------------------------------------------

----------------- Estimation result --------------
     Number of observation: 3008
          Total population: 2.06659E+07
              Total wealth: 2.18915E+09
                   Minimum: 0
                   Maximum: 7224.44
             Headcount(HC): 0.057032
          Poverty gap (PG): 0.029336
       Poverty gap squared: 0.0219078
                      Gini: 0.51064
                    Median: 314.615
                       MLD: 0.56246
                      Watt: 0.0245307
--------------------------------------------------

-------------------------------- Income or Consumption share by deciles (%) -------------------------------------
    0.94925     2.2369     3.2511     4.3257     5.6007     7.1729     9.1085     12.205     17.452     37.698
-----------------------------------------------------------------------------------------------------------------


