

**********************************************************************************************
**                                   Basic Information                                      **
**********************************************************************************************

----------------- Dataset Information -----------------
                         Country: Argentina
                    Country dode: ARG
                       Data Year: 1996
                        Coverage: Urban
             Welfare measurement: Income
                     Data format: Unit record
                     Data source: ARG_U1996Y
                  Data time span: UnDefined
-------------------------------------------------------


----------- Distribution ------------
   i           P           L 
-------------------------------------
   0    0.018829           0
   1    0.020342  1.6209E-05
   2    0.030062  0.00045302
   3    0.040852   0.0013665
   4    0.050948   0.0024786
   5    0.063715   0.0041861
   6    0.071083   0.0052953
   7    0.080005   0.0067262
   8    0.091929   0.0088219
   9     0.10118     0.01057
  10     0.11003    0.012334
  11      0.1203    0.014496
  12     0.13052    0.016778
  13     0.14362     0.01988
  14     0.15146     0.02182
  15     0.16007    0.024022
  16     0.17186    0.027136
  17     0.18119    0.029703
  18      0.1903    0.032281
  19     0.20065    0.035347
  20     0.21221     0.03893
  21     0.22301    0.042386
  22     0.23053    0.044887
  23     0.25661    0.054037
  24     0.25661    0.054037
  25     0.26056    0.055457
  26     0.27057    0.059165
  27     0.28062    0.063008
  28     0.29004    0.066701
  29     0.30319    0.072019
  30     0.31577    0.077294
  31        0.32    0.079102
  32     0.33388    0.085179
  33     0.34009    0.087946
  34     0.35815    0.096326
  35     0.36027    0.097335
  36     0.37102      0.1025
  37     0.38011     0.10698
  38     0.39243      0.1132
  39     0.40041     0.11734
  40     0.41532     0.12521
  41      0.4205     0.12798
  42     0.43026     0.13333
  43     0.44029     0.13897
  44     0.45779     0.14913
  45      0.4604     0.15067
  46      0.4769     0.16072
  47     0.48019     0.16277
  48     0.49424     0.17175
  49     0.50029     0.17566
  50     0.51009     0.18219
  51     0.54507      0.2067
  52     0.54507      0.2067
  53     0.54507      0.2067
  54     0.55146     0.21126
  55     0.56014     0.21762
  56     0.57047     0.22536
  57     0.58206     0.23425
  58     0.59092     0.24123
  59     0.60029     0.24873
  60     0.61018     0.25681
  61     0.62038     0.26538
  62     0.63023     0.27386
  63     0.64315     0.28523
  64      0.6511     0.29243
  65     0.66059      0.3013
  66     0.67026     0.31054
  67      0.6804     0.32042
  68     0.69001     0.33004
  69     0.71379     0.35499
  70     0.71379     0.35499
  71      0.7201     0.36174
  72     0.73025     0.37298
  73     0.74002     0.38409
  74     0.75012     0.39594
  75     0.76409     0.41295
  76     0.77036     0.42084
  77      0.7801     0.43339
  78     0.79005     0.44657
  79     0.80941     0.47355
  80        0.81     0.47439
  81     0.82167      0.4915
  82     0.83007     0.50429
  83     0.84178     0.52288
  84     0.85018     0.53675
  85     0.86592     0.56427
  86     0.87013     0.57191
  87     0.88096     0.59245
  88     0.89062     0.61168
  89     0.90388     0.63939
  90     0.91054     0.65392
  91     0.92153     0.67917
  92     0.93005     0.69996
  93     0.94031     0.72694
  94     0.95236     0.76149
  95     0.96081     0.78794
  96     0.97004     0.81951
  97     0.98033     0.85996
  98     0.99004     0.90774
  99           1           1
-----------------------------------------

----------------- PPP$ and local currency --------------
         PPP used in computation: 2.76838
     Data mean in local currency: 312.489
               Data mean in PPP$: 520.087
        Poverty line in PPP$/Day: 1.9
      Poverty line in PPP$/Month: 57.7917
  Poverty line in local currency: 34.7235
-------------------------------------------------------

----------------- Estimation result --------------
     Number of observation: 2487
          Total population: 1.41478E+07
              Total wealth: 1.59697E+09
                   Minimum: 0
                   Maximum: 3973.44
             Headcount(HC): 0.0463378
          Poverty gap (PG): 0.028849
       Poverty gap squared: 0.0244174
                      Gini: 0.495244
                    Median: 340.001
                       MLD: 0.557467
                      Watt: 0.0164996
--------------------------------------------------

-------------------------------- Income or Consumption share by deciles (%) -------------------------------------
     1.0347     2.4806     3.5575       4.64     5.8343     7.3026     9.2028     11.991     17.084     36.872
-----------------------------------------------------------------------------------------------------------------


