

**********************************************************************************************
**                                   Basic Information                                      **
**********************************************************************************************

----------------- Dataset Information -----------------
                         Country: Argentina
                    Country dode: ARG
                       Data Year: 2003
                        Coverage: Urban
             Welfare measurement: Income
                     Data format: Unit record
                     Data source: ARG_U2003Y
                  Data time span: UnDefined
-------------------------------------------------------


----------- Distribution ------------
   i           P           L 
-------------------------------------
   0    0.020643           0
   1    0.020643           0
   2    0.030165  0.00027214
   3    0.040091  0.00086805
   4    0.050653   0.0017043
   5    0.060418   0.0026155
   6    0.070861   0.0037389
   7    0.080256    0.004847
   8    0.090001   0.0060846
   9     0.10365   0.0080326
  10     0.11034    0.009041
  11     0.12348    0.011176
  12      0.1311    0.012493
  13     0.14006    0.014133
  14       0.151    0.016245
  15      0.1609     0.01826
  16     0.17109    0.020463
  17     0.18041    0.022542
  18     0.19004    0.024775
  19     0.20238    0.027772
  20     0.21022    0.029743
  21     0.22005    0.032315
  22     0.23018    0.035082
  23      0.2407    0.038079
  24      0.2528    0.041663
  25     0.26002    0.043845
  26     0.27001    0.046971
  27     0.28065    0.050428
  28     0.29128    0.053924
  29     0.30006     0.05691
  30     0.31037    0.060561
  31     0.32062    0.064327
  32     0.33066    0.068151
  33      0.3415    0.072414
  34     0.35235    0.076827
  35     0.36123    0.080537
  36      0.3702    0.084401
  37     0.38016    0.088793
  38     0.39149    0.093899
  39     0.40018    0.097915
  40     0.41009     0.10264
  41     0.42607     0.11047
  42     0.43008     0.11246
  43     0.44004     0.11752
  44     0.45002     0.12272
  45     0.46153      0.1289
  46      0.4704     0.13379
  47     0.48037     0.13948
  48     0.49327     0.14704
  49     0.50003     0.15109
  50     0.51019     0.15729
  51     0.52014     0.16357
  52     0.53159       0.171
  53     0.54082     0.17706
  54     0.55005     0.18324
  55     0.56002     0.19012
  56       0.571     0.19795
  57     0.58012     0.20464
  58     0.59003     0.21202
  59     0.60013     0.21975
  60     0.61001     0.22753
  61     0.62027     0.23585
  62     0.63002     0.24391
  63      0.6401     0.25253
  64     0.65008     0.26134
  65     0.66002     0.27029
  66     0.67009     0.27968
  67     0.68143     0.29065
  68     0.69012     0.29921
  69     0.70084     0.31006
  70     0.71191     0.32163
  71     0.72005      0.3304
  72     0.73002     0.34142
  73     0.74097     0.35387
  74     0.75001     0.36447
  75     0.76225      0.3793
  76     0.77003     0.38903
  77     0.78414     0.40741
  78     0.79015     0.41543
  79     0.80003     0.42903
  80     0.81003     0.44333
  81     0.82001     0.45808
  82     0.83082     0.47479
  83     0.84001     0.48961
  84     0.85025     0.50657
  85     0.86055     0.52442
  86     0.87008     0.54155
  87     0.88009     0.56046
  88     0.89134      0.5828
  89     0.90001     0.60099
  90     0.91064     0.62456
  91     0.92013     0.64684
  92     0.93022     0.67186
  93     0.94047     0.69926
  94     0.95001     0.72692
  95     0.96002     0.75882
  96     0.97017     0.79508
  97     0.98037     0.83764
  98     0.99012     0.88785
  99           1           1
-----------------------------------------

----------------- PPP$ and local currency --------------
         PPP used in computation: 2.76838
     Data mean in local currency: 336.498
               Data mean in PPP$: 397.826
        Poverty line in PPP$/Day: 1.9
      Poverty line in PPP$/Month: 57.7917
  Poverty line in local currency: 48.8825
-------------------------------------------------------

----------------- Estimation result --------------
     Number of observation: 5623
          Total population: 2.28957E+07
              Total wealth: 2.78297E+09
                   Minimum: 0
                   Maximum: 38171.1
             Headcount(HC): 0.0979328
          Poverty gap (PG): 0.0484551
       Poverty gap squared: 0.0349891
                      Gini: 0.535419
                    Median: 239.434
                       MLD: 0.662641
                      Watt: 0.0437823
--------------------------------------------------

-------------------------------- Income or Consumption share by deciles (%) -------------------------------------
    0.75116     1.9682     2.9695     4.0942     5.3237     6.8582     8.9558     11.978     17.198     39.904
-----------------------------------------------------------------------------------------------------------------


