

**********************************************************************************************
**                                   Basic Information                                      **
**********************************************************************************************

----------------- Dataset Information -----------------
                         Country: Argentina
                    Country dode: ARG
                       Data Year: 1997
                        Coverage: Urban
             Welfare measurement: Income
                     Data format: Unit record
                     Data source: ARG_U1997Y
                  Data time span: UnDefined
-------------------------------------------------------


----------- Distribution ------------
   i           P           L 
-------------------------------------
   0    0.014812           0
   1    0.020037  0.00017939
   2    0.030983  0.00090767
   3    0.040422   0.0017942
   4    0.051769   0.0031056
   5    0.060145    0.004198
   6    0.074129   0.0062701
   7    0.083197   0.0077574
   8    0.093659   0.0096178
   9     0.10008     0.01084
  10     0.11149    0.013132
  11     0.12036    0.014985
  12      0.1308    0.017285
  13     0.14059    0.019529
  14        0.15    0.021797
  15     0.16016    0.024336
  16     0.17088    0.027156
  17     0.18209    0.030246
  18     0.19001    0.032501
  19     0.21292      0.0394
  20     0.21292      0.0394
  21        0.22    0.041637
  22     0.24341    0.049444
  23     0.24341    0.049444
  24     0.25012    0.051735
  25     0.26214    0.056031
  26     0.27121    0.059407
  27     0.28074    0.063026
  28       0.298    0.069861
  29     0.30282     0.07181
  30     0.31404    0.076472
  31     0.32032    0.079143
  32     0.33511    0.085673
  33     0.34208    0.088838
  34     0.35224    0.093557
  35     0.36103    0.097776
  36     0.38304     0.10876
  37     0.38304     0.10876
  38     0.39001      0.1123
  39     0.40475     0.12004
  40     0.41042     0.12307
  41     0.42694     0.13217
  42     0.43178      0.1349
  43     0.44663     0.14351
  44     0.45019     0.14562
  45     0.46707     0.15584
  46     0.47128     0.15841
  47      0.4803     0.16403
  48     0.49109     0.17097
  49     0.52206     0.19164
  50     0.52206     0.19164
  51     0.52206     0.19164
  52     0.53016     0.19716
  53     0.54145     0.20508
  54     0.55092     0.21191
  55     0.56532     0.22262
  56     0.57038     0.22647
  57     0.58035     0.23418
  58      0.5925     0.24388
  59     0.60011     0.25006
  60     0.61532     0.26275
  61     0.62003     0.26675
  62     0.63027     0.27569
  63     0.64603     0.28991
  64     0.65136      0.2948
  65     0.66012     0.30303
  66     0.67044     0.31298
  67     0.69076      0.3333
  68     0.69076      0.3333
  69     0.70189     0.34468
  70     0.71084     0.35417
  71     0.72039     0.36454
  72     0.73035     0.37564
  73     0.74551     0.39311
  74     0.75096     0.39963
  75     0.76002     0.41066
  76     0.77027     0.42352
  77     0.78955     0.44903
  78     0.79021     0.44992
  79     0.80005     0.46355
  80     0.81045     0.47846
  81     0.82128     0.49468
  82     0.83071     0.50934
  83     0.85162      0.5439
  84     0.85162      0.5439
  85     0.86017      0.5587
  86     0.87243     0.58092
  87     0.88042     0.59609
  88     0.89061     0.61643
  89     0.90196      0.6405
  90      0.9102     0.65896
  91     0.92148     0.68566
  92     0.93001     0.70711
  93     0.94031     0.73463
  94     0.95035       0.764
  95     0.96249     0.80323
  96     0.97006     0.82997
  97     0.98035      0.8718
  98      0.9904     0.92236
  99           1           1
-----------------------------------------

----------------- PPP$ and local currency --------------
         PPP used in computation: 2.76838
     Data mean in local currency: 329.306
               Data mean in PPP$: 544.963
        Poverty line in PPP$/Day: 1.9
      Poverty line in PPP$/Month: 57.7917
  Poverty line in local currency: 34.9219
-------------------------------------------------------

----------------- Estimation result --------------
     Number of observation: 2613
          Total population: 1.47338E+07
              Total wealth: 1.75263E+09
                   Minimum: 0
                   Maximum: 4172.11
             Headcount(HC): 0.0413881
          Poverty gap (PG): 0.0235145
       Poverty gap squared: 0.0190191
                      Gini: 0.491105
                    Median: 364.074
                       MLD: 0.5263
                      Watt: 0.0125089
--------------------------------------------------

-------------------------------- Income or Consumption share by deciles (%) -------------------------------------
     1.0826     2.4684     3.5159     4.6873     5.9377     7.3059     9.2768     12.073     17.288     36.365
-----------------------------------------------------------------------------------------------------------------


