

**********************************************************************************************
**                                   Basic Information                                      **
**********************************************************************************************

----------------- Dataset Information -----------------
                         Country: Argentina
                    Country dode: ARG
                       Data Year: 2012
                        Coverage: Urban
             Welfare measurement: Income
                     Data format: Unit record
                     Data source: ARG_U2012Y
                  Data time span: UnDefined
-------------------------------------------------------


----------- Distribution ------------
   i           P           L 
-------------------------------------
   0    0.010046  0.00026737
   1    0.020003   0.0011213
   2     0.03008   0.0022772
   3     0.04002   0.0036973
   4    0.050142   0.0053474
   5     0.06012   0.0071501
   6    0.071627   0.0094529
   7     0.08016    0.011295
   8     0.09008    0.013587
   9     0.10001    0.016032
  10     0.11004    0.018644
  11     0.12002    0.021378
  12     0.13073    0.024434
  13        0.14    0.027174
  14     0.15139    0.030664
  15     0.16014    0.033443
  16      0.1701    0.036735
  17     0.18048    0.040288
  18     0.19045    0.043841
  19     0.20004    0.047355
  20     0.21018     0.05119
  21     0.22004    0.055018
  22     0.23001     0.05901
  23     0.24119    0.063616
  24      0.2505    0.067546
  25     0.26258    0.072801
  26     0.27006    0.076137
  27     0.28002    0.080689
  28     0.29007    0.085402
  29      0.3015     0.09092
  30     0.31046    0.095317
  31     0.32002      0.1001
  32     0.33153     0.10602
  33     0.34051     0.11075
  34     0.35009     0.11592
  35      0.3601     0.12143
  36     0.37039     0.12726
  37      0.3809     0.13333
  38     0.39048       0.139
  39     0.40013     0.14484
  40     0.41018     0.15107
  41     0.42075     0.15777
  42     0.43022      0.1639
  43     0.44014     0.17045
  44     0.45541     0.18081
  45     0.46065     0.18443
  46     0.47005     0.19103
  47     0.48144     0.19924
  48        0.49      0.2055
  49     0.50001     0.21296
  50      0.5105     0.22097
  51        0.52     0.22835
  52     0.53156     0.23753
  53     0.54013     0.24447
  54     0.55003     0.25261
  55     0.56002     0.26094
  56     0.57011     0.26951
  57     0.58297     0.28072
  58      0.5903     0.28724
  59     0.60393     0.29964
  60     0.61001     0.30525
  61     0.62023     0.31486
  62     0.63234     0.32655
  63     0.64059     0.33464
  64     0.65007     0.34415
  65     0.66013     0.35445
  66        0.67     0.36478
  67     0.68186     0.37754
  68     0.69016     0.38665
  69     0.70011      0.3978
  70     0.71006     0.40918
  71     0.72037     0.42126
  72     0.73044     0.43335
  73     0.74016     0.44528
  74     0.75016     0.45779
  75     0.76038     0.47085
  76     0.77014     0.48368
  77     0.78028     0.49729
  78     0.79013     0.51084
  79     0.80009       0.525
  80     0.81035     0.53996
  81     0.82048     0.55511
  82     0.83034     0.57025
  83     0.84005      0.5856
  84     0.85114     0.60379
  85      0.8611     0.62063
  86     0.87008     0.63632
  87     0.88166     0.65718
  88     0.89004     0.67284
  89      0.9002     0.69267
  90     0.91007     0.71286
  91     0.92073     0.73582
  92      0.9301     0.75704
  93     0.94017     0.78111
  94     0.95004     0.80613
  95     0.96004     0.83342
  96     0.97011     0.86366
  97     0.98005     0.89686
  98     0.99002     0.93633
  99           1           1
-----------------------------------------

----------------- PPP$ and local currency --------------
         PPP used in computation: 2.76838
     Data mean in local currency: 2340.13
               Data mean in PPP$: 644.444
        Poverty line in PPP$/Day: 1.9
      Poverty line in PPP$/Month: 57.7917
  Poverty line in local currency: 209.855
-------------------------------------------------------

----------------- Estimation result --------------
     Number of observation: 6782
          Total population: 2.54184E+07
              Total wealth: 2.14863E+10
                   Minimum: 0
                   Maximum: 28644.8
             Headcount(HC): 0.0162833
          Poverty gap (PG): 0.00771014
       Poverty gap squared: 0.00588266
                      Gini: 0.424853
                    Median: 486.193
                       MLD: 0.359115
                      Watt: 0.00575089
--------------------------------------------------

-------------------------------- Income or Consumption share by deciles (%) -------------------------------------
     1.6029     3.1313     4.2853     5.4571     6.8187     8.3112     10.161     12.719     16.741     30.772
-----------------------------------------------------------------------------------------------------------------


