

**********************************************************************************************
**                                   Basic Information                                      **
**********************************************************************************************

----------------- Dataset Information -----------------
                         Country: Argentina
                    Country dode: ARG
                       Data Year: 2002
                        Coverage: Urban
             Welfare measurement: Income
                     Data format: Unit record
                     Data source: ARG_U2002Y
                  Data time span: UnDefined
-------------------------------------------------------


----------- Distribution ------------
   i           P           L 
-------------------------------------
   0    0.011126           0
   1    0.020288  0.00036384
   2    0.032189   0.0011448
   3    0.040547   0.0018142
   4    0.052489   0.0029241
   5    0.061908   0.0039078
   6    0.071223   0.0049672
   7    0.085719   0.0067832
   8    0.090439   0.0073945
   9     0.10359   0.0092506
  10     0.11102    0.010376
  11     0.12108    0.011974
  12     0.13107    0.013644
  13     0.14268     0.01571
  14     0.16127    0.019264
  15     0.16127    0.019264
  16     0.17018    0.021061
  17      0.1852    0.024241
  18     0.19023    0.025336
  19     0.20017    0.027625
  20     0.21012    0.030062
  21     0.22247    0.033201
  22     0.23017    0.035226
  23     0.24487    0.039286
  24     0.25303    0.041634
  25     0.26239    0.044426
  26     0.28212    0.050632
  27     0.28212    0.050632
  28      0.2901    0.053235
  29     0.30011    0.056617
  30     0.31001    0.060099
  31     0.32201    0.064487
  32     0.33122    0.067978
  33     0.34072    0.071637
  34     0.35009    0.075375
  35     0.37764    0.087017
  36     0.37764    0.087017
  37     0.38045    0.088228
  38      0.3903     0.09258
  39      0.4025    0.098186
  40     0.41258     0.10301
  41     0.42078     0.10703
  42     0.43573     0.11458
  43     0.44072     0.11715
  44     0.45498     0.12467
  45     0.46098     0.12791
  46     0.47574     0.13614
  47     0.48829     0.14336
  48     0.49058     0.14469
  49      0.5006     0.15065
  50     0.51033     0.15663
  51     0.52871      0.1683
  52     0.53188     0.17033
  53     0.54044     0.17596
  54     0.55045     0.18272
  55     0.56019     0.18946
  56     0.57036     0.19666
  57     0.58044     0.20398
  58     0.59487      0.2148
  59     0.60547     0.22296
  60      0.6102     0.22663
  61     0.62142      0.2356
  62     0.65638     0.26507
  63     0.65638     0.26507
  64     0.65638     0.26507
  65     0.66062     0.26874
  66     0.67002     0.27709
  67     0.68002     0.28628
  68     0.69088     0.29665
  69     0.70006     0.30567
  70     0.71022     0.31598
  71     0.72655     0.33324
  72     0.73002     0.33698
  73        0.74     0.34794
  74     0.75335     0.36317
  75     0.76003     0.37094
  76     0.77001     0.38303
  77     0.78299     0.39949
  78     0.79025     0.40898
  79     0.80168     0.42452
  80     0.81045     0.43689
  81     0.82005     0.45098
  82     0.83064     0.46723
  83     0.84024     0.48253
  84     0.85318     0.50421
  85     0.86002     0.51616
  86     0.87021     0.53479
  87     0.88004     0.55358
  88     0.89001     0.57376
  89     0.90015     0.59527
  90     0.91283     0.62412
  91     0.92016     0.64195
  92     0.93068     0.66902
  93     0.94073     0.69739
  94     0.95008     0.72662
  95        0.96     0.76074
  96     0.97009     0.79951
  97     0.98034     0.84524
  98     0.99026     0.90172
  99           1           1
-----------------------------------------

----------------- PPP$ and local currency --------------
         PPP used in computation: 2.76838
     Data mean in local currency: 259.73
               Data mean in PPP$: 319.157
        Poverty line in PPP$/Day: 1.9
      Poverty line in PPP$/Month: 57.7917
  Poverty line in local currency: 47.0309
-------------------------------------------------------

----------------- Estimation result --------------
     Number of observation: 2534
          Total population: 2.07842E+07
              Total wealth: 1.94997E+09
                   Minimum: 0
                   Maximum: 3576.1
             Headcount(HC): 0.139895
          Poverty gap (PG): 0.0559218
       Poverty gap squared: 0.0328449
                      Gini: 0.537938
                    Median: 192.615
                       MLD: 0.603263
                      Watt: 0.0648764
--------------------------------------------------

-------------------------------- Income or Consumption share by deciles (%) -------------------------------------
    0.87441     1.8842     2.8994     4.0458     5.3252     6.8461     8.6865     11.662     17.271     40.506
-----------------------------------------------------------------------------------------------------------------


