

**********************************************************************************************
**                                   Basic Information                                      **
**********************************************************************************************

----------------- Dataset Information -----------------
                         Country: Argentina
                    Country dode: ARG
                       Data Year: 2005
                        Coverage: Urban
             Welfare measurement: Income
                     Data format: Unit record
                     Data source: ARG_U2005Y
                  Data time span: UnDefined
-------------------------------------------------------


----------- Distribution ------------
   i           P           L 
-------------------------------------
   0    0.010048  3.0634E-05
   1    0.020005  0.00054329
   2    0.030174   0.0012924
   3    0.040051   0.0021855
   4    0.050055   0.0032617
   5    0.060603    0.004551
   6    0.070349   0.0058902
   7    0.080092   0.0073393
   8    0.090054   0.0089228
   9     0.10052    0.010726
  10     0.11006    0.012483
  11     0.12035     0.01451
  12     0.13004    0.016529
  13      0.1404    0.018828
  14     0.15039    0.021146
  15     0.16018    0.023533
  16     0.17007    0.026055
  17     0.18156    0.029111
  18     0.19032    0.031538
  19     0.20033    0.034402
  20     0.21041      0.0374
  21     0.22045    0.040489
  22     0.23002    0.043515
  23     0.24023     0.04685
  24     0.25002    0.050161
  25     0.26022    0.053715
  26     0.27038     0.05738
  27     0.28002    0.060969
  28      0.2901    0.064854
  29      0.3009    0.069181
  30     0.31051    0.073114
  31     0.32105    0.077518
  32     0.33005    0.081383
  33     0.34551    0.088299
  34     0.35004    0.090362
  35      0.3601    0.095028
  36     0.37033    0.099888
  37     0.38007     0.10468
  38     0.39257     0.11102
  39     0.40007     0.11494
  40       0.412     0.12132
  41     0.42056     0.12599
  42     0.43521      0.1342
  43     0.44006     0.13697
  44     0.45022     0.14289
  45     0.46028      0.1489
  46      0.4714     0.15573
  47     0.48342     0.16329
  48     0.49002     0.16751
  49     0.50012     0.17415
  50     0.51018     0.18095
  51      0.5233     0.19003
  52     0.53052     0.19513
  53     0.54015     0.20214
  54     0.55197     0.21096
  55     0.56006     0.21713
  56     0.57269     0.22701
  57     0.58331     0.23557
  58     0.59021     0.24121
  59     0.60126     0.25044
  60     0.61003     0.25791
  61     0.62034     0.26691
  62     0.63458     0.27968
  63     0.64049      0.2851
  64     0.65041     0.29434
  65     0.66046     0.30392
  66     0.67074     0.31401
  67     0.68033     0.32367
  68     0.69111     0.33483
  69     0.70025     0.34448
  70     0.71004     0.35508
  71      0.7262     0.37315
  72     0.73003      0.3775
  73     0.74001     0.38909
  74     0.75089     0.40214
  75     0.76008     0.41353
  76     0.77008     0.42625
  77     0.78011     0.43941
  78     0.79046     0.45343
  79      0.8013     0.46855
  80     0.81001     0.48103
  81     0.82071     0.49695
  82     0.83017     0.51155
  83     0.84195     0.53037
  84     0.85064     0.54478
  85     0.86102     0.56259
  86     0.87023     0.57897
  87     0.88002     0.59707
  88        0.89     0.61636
  89      0.9011     0.63902
  90     0.91004     0.65829
  91      0.9212     0.68371
  92      0.9301      0.7051
  93     0.94004     0.73056
  94     0.95008     0.75863
  95     0.96012     0.78922
  96        0.97      0.8228
  97     0.98008     0.86247
  98     0.99001     0.91066
  99           1           1
-----------------------------------------

----------------- PPP$ and local currency --------------
         PPP used in computation: 2.76838
     Data mean in local currency: 480.75
               Data mean in PPP$: 486.086
        Poverty line in PPP$/Day: 1.9
      Poverty line in PPP$/Month: 57.7917
  Poverty line in local currency: 57.1572
-------------------------------------------------------

----------------- Estimation result --------------
     Number of observation: 5667
          Total population: 2.33608E+07
              Total wealth: 4.05677E+09
                   Minimum: 0
                   Maximum: 11888.1
             Headcount(HC): 0.0536708
          Poverty gap (PG): 0.0227039
       Poverty gap squared: 0.0150348
                      Gini: 0.492729
                    Median: 324.728
                       MLD: 0.504449
                      Watt: 0.0201708
--------------------------------------------------

-------------------------------- Income or Consumption share by deciles (%) -------------------------------------
     1.0636     2.3671     3.4513     4.6081     5.9177     7.5315     9.4821     12.252     17.004     36.322
-----------------------------------------------------------------------------------------------------------------


