

**********************************************************************************************
**                                   Basic Information                                      **
**********************************************************************************************

----------------- Dataset Information -----------------
                         Country: Armenia
                    Country dode: ARM
                       Data Year: 2003
                        Coverage: National
             Welfare measurement: Consumption
                     Data format: Unit record
                     Data source: ARM_N2003X
                  Data time span: UnDefined
-------------------------------------------------------


----------- Distribution ------------
   i           P           L 
-------------------------------------
   0    0.010087   0.0023835
   1    0.020123   0.0054355
   2    0.030106   0.0088397
   3    0.040141    0.012459
   4    0.050177    0.016222
   5    0.060004    0.020061
   6    0.070092    0.024109
   7    0.080127    0.028233
   8    0.090318    0.032573
   9      0.1003    0.036966
  10     0.11008    0.041396
  11     0.12016    0.046062
  12     0.13025    0.050818
  13     0.14003    0.055521
  14     0.15011    0.060508
  15     0.16015    0.065607
  16     0.17003    0.070725
  17     0.18022    0.076067
  18     0.19026    0.081402
  19     0.20024    0.086776
  20     0.21017    0.092197
  21     0.22036    0.097858
  22     0.23019     0.10342
  23     0.24012      0.1091
  24        0.25     0.11483
  25     0.26019     0.12084
  26     0.27012     0.12677
  27        0.28     0.13273
  28     0.29019     0.13893
  29     0.30007     0.14503
  30        0.31     0.15123
  31     0.32025     0.15772
  32     0.33018     0.16408
  33     0.34021     0.17059
  34     0.35025     0.17718
  35     0.36023     0.18383
  36     0.37006     0.19046
  37     0.38015     0.19734
  38     0.39008      0.2042
  39     0.40001     0.21113
  40     0.41036     0.21845
  41     0.42034      0.2256
  42     0.43012     0.23268
  43     0.44015     0.24003
  44     0.45014     0.24745
  45     0.46001     0.25489
  46     0.47005     0.26255
  47     0.48003     0.27025
  48     0.49007     0.27811
  49     0.50021     0.28616
  50     0.51004     0.29403
  51     0.52002     0.30214
  52     0.53005     0.31039
  53     0.54019     0.31882
  54     0.55018     0.32722
  55        0.56     0.33556
  56      0.5702     0.34431
  57     0.58018     0.35299
  58     0.59001     0.36164
  59     0.60004     0.37057
  60     0.61013     0.37966
  61     0.62011     0.38876
  62      0.6301     0.39798
  63     0.64039      0.4076
  64     0.65001      0.4167
  65     0.66005     0.42634
  66     0.67008     0.43614
  67     0.68017     0.44614
  68     0.69031     0.45631
  69     0.70014     0.46634
  70     0.71007     0.47664
  71     0.72026     0.48738
  72     0.73003     0.49784
  73     0.74012     0.50881
  74     0.75016     0.51993
  75     0.76014     0.53123
  76     0.77012     0.54274
  77     0.78005     0.55441
  78     0.79014     0.56646
  79     0.80002     0.57847
  80     0.81011     0.59102
  81     0.82004      0.6037
  82     0.83007     0.61684
  83     0.84001     0.63021
  84     0.85009     0.64404
  85     0.86018     0.65818
  86     0.87011      0.6725
  87     0.88015     0.68736
  88     0.89018     0.70262
  89     0.90017      0.7183
  90     0.91025     0.73494
  91     0.92003     0.75171
  92     0.93012     0.76983
  93     0.94005     0.78869
  94     0.95003      0.8091
  95     0.96012     0.83136
  96     0.97031     0.85743
  97     0.98009      0.8864
  98     0.99007     0.92513
  99           1           1
-----------------------------------------

----------------- PPP$ and local currency --------------
         PPP used in computation: 183.78
     Data mean in local currency: 15190.8
               Data mean in PPP$: 125.416
        Poverty line in PPP$/Day: 1.9
      Poverty line in PPP$/Month: 57.7917
  Poverty line in local currency: 6999.91
-------------------------------------------------------

----------------- Estimation result --------------
     Number of observation: 4640
          Total population: 19232
              Total wealth: 1.58967E+06(PPP$)
                   Minimum: 9.23762(PPP$)
                   Maximum: 3177.07(PPP$)
             Headcount(HC): 0.113561
          Poverty gap (PG): 0.0202508
       Poverty gap squared: 0.00572482
                      Gini: 0.330281
                    Median: 100.029
                       MLD: 0.182095
                      Watt: 0.0242097
--------------------------------------------------

-------------------------------- Income or Consumption share by deciles (%) -------------------------------------
     3.6833     4.9814     5.8335     6.6143     7.4867     8.4537     9.5678     11.224     13.959     28.196
-----------------------------------------------------------------------------------------------------------------


