

**********************************************************************************************
**                                   Basic Information                                      **
**********************************************************************************************

----------------- Dataset Information -----------------
                         Country: Armenia
                    Country dode: ARM
                       Data Year: 2009
                        Coverage: National
             Welfare measurement: Consumption
                     Data format: Unit record
                     Data source: ARM_N2009X
                  Data time span: UnDefined
-------------------------------------------------------


----------- Distribution ------------
   i           P           L 
-------------------------------------
   0    0.010052   0.0025214
   1    0.020051   0.0057416
   2    0.030402   0.0093582
   3    0.040018    0.012941
   4    0.050029    0.016851
   5    0.060159    0.020983
   6     0.07033    0.025312
   7    0.080414    0.029751
   8    0.090156    0.034152
   9     0.10041    0.038918
  10     0.11017    0.043583
  11     0.12008    0.048411
  12     0.13022    0.053467
  13     0.14003    0.058462
  14     0.15005    0.063682
  15     0.16015    0.069037
  16     0.17003    0.074372
  17     0.18002    0.079863
  18     0.19001    0.085441
  19     0.20016    0.091184
  20     0.21025    0.096982
  21     0.22026     0.10283
  22     0.23009     0.10866
  23     0.24054     0.11494
  24     0.25005     0.12073
  25      0.2601     0.12692
  26     0.27004     0.13315
  27     0.28021     0.13961
  28      0.2901     0.14596
  29     0.30004     0.15242
  30     0.31011     0.15904
  31     0.32042     0.16594
  32     0.33017     0.17254
  33     0.34004     0.17931
  34     0.35002     0.18622
  35     0.36012     0.19331
  36      0.3705     0.20069
  37     0.38004     0.20754
  38     0.39069      0.2153
  39      0.4001     0.22224
  40        0.41     0.22963
  41     0.42002      0.2372
  42     0.43015     0.24495
  43     0.44004     0.25263
  44     0.45063     0.26094
  45     0.46009     0.26846
  46     0.47009      0.2765
  47     0.48035     0.28482
  48     0.49001     0.29275
  49     0.50009     0.30117
  50     0.51005     0.30959
  51     0.52016     0.31822
  52     0.53002     0.32676
  53     0.54029     0.33575
  54     0.55005     0.34439
  55     0.56014     0.35345
  56     0.57032     0.36272
  57     0.58012     0.37175
  58     0.59012      0.3811
  59     0.60006     0.39052
  60     0.61013     0.40019
  61     0.62015     0.40995
  62     0.63008     0.41972
  63     0.64001     0.42961
  64     0.65008     0.43978
  65     0.66011     0.45004
  66      0.6701     0.46042
  67      0.6801     0.47093
  68     0.69004     0.48156
  69     0.70015     0.49254
  70     0.71013     0.50351
  71      0.7201     0.51468
  72     0.73017     0.52616
  73     0.74005     0.53761
  74     0.75015     0.54951
  75      0.7601     0.56139
  76     0.77004     0.57344
  77     0.78006     0.58579
  78     0.79026     0.59858
  79         0.8     0.61099
  80        0.81     0.62402
  81     0.82022     0.63765
  82     0.83003     0.65094
  83     0.84005     0.66485
  84     0.85036     0.67955
  85     0.86011     0.69384
  86     0.87033     0.70921
  87     0.88002     0.72416
  88     0.89021     0.74037
  89     0.90015      0.7566
  90     0.91022     0.77363
  91     0.92016     0.79091
  92     0.93013     0.80898
  93     0.94009      0.8281
  94     0.95001     0.84822
  95     0.96008     0.86964
  96     0.97009     0.89283
  97     0.98033     0.91906
  98     0.99028     0.94989
  99           1           1
-----------------------------------------

----------------- PPP$ and local currency --------------
         PPP used in computation: 183.78
     Data mean in local currency: 27659.3
               Data mean in PPP$: 175.274
        Poverty line in PPP$/Day: 1.9
      Poverty line in PPP$/Month: 57.7917
  Poverty line in local currency: 9119.9
-------------------------------------------------------

----------------- Estimation result --------------
     Number of observation: 7872
          Total population: 3.27767E+06
              Total wealth: 4.93297E+08(PPP$)
                   Minimum: 11.7938(PPP$)
                   Maximum: 5027.59(PPP$)
             Headcount(HC): 0.0158681
          Poverty gap (PG): 0.00268183
       Poverty gap squared: 0.0007255
                      Gini: 0.295819
                    Median: 147.232
                       MLD: 0.142967
                      Watt: 0.00317172
--------------------------------------------------

-------------------------------- Income or Consumption share by deciles (%) -------------------------------------
     3.8728     5.2363     6.1302     6.9774     7.8928     8.9363     10.191     11.862     14.536     24.365
-----------------------------------------------------------------------------------------------------------------


