

**********************************************************************************************
**                                   Basic Information                                      **
**********************************************************************************************

----------------- Dataset Information -----------------
                         Country: Armenia
                    Country dode: ARM
                       Data Year: 2001
                        Coverage: National
             Welfare measurement: Consumption
                     Data format: Unit record
                     Data source: ARM_N2001X
                  Data time span: UnDefined
-------------------------------------------------------


----------- Distribution ------------
   i           P           L 
-------------------------------------
   0    0.010111   0.0017637
   1    0.020309   0.0044226
   2    0.030215   0.0072818
   3    0.040221    0.010337
   4    0.050082    0.013558
   5    0.060367    0.017075
   6    0.070393    0.020647
   7     0.08016    0.024248
   8    0.090165    0.028057
   9     0.10013    0.031957
  10     0.11012    0.035984
  11     0.12004    0.040101
  12      0.1301    0.044395
  13     0.14007    0.048767
  14     0.15012     0.05329
  15     0.16024    0.057975
  16     0.17068    0.062915
  17     0.18001    0.067414
  18     0.19018    0.072392
  19     0.20015    0.077362
  20     0.21006    0.082396
  21     0.22015    0.087622
  22     0.23022     0.09293
  23     0.24005    0.098187
  24     0.25032     0.10377
  25     0.26011     0.10918
  26     0.27031     0.11493
  27     0.28003     0.12048
  28     0.29037     0.12647
  29      0.3003     0.13231
  30     0.31008     0.13815
  31     0.32004     0.14416
  32     0.33008     0.15031
  33     0.34005     0.15653
  34     0.35013     0.16293
  35     0.36031     0.16952
  36     0.37008     0.17593
  37     0.38021     0.18268
  38     0.39006     0.18931
  39     0.40007     0.19614
  40     0.41001     0.20302
  41     0.42009     0.21009
  42     0.43016     0.21724
  43      0.4401     0.22439
  44     0.45006     0.23163
  45     0.46013     0.23904
  46     0.47007     0.24646
  47      0.4804     0.25425
  48     0.49003     0.26159
  49     0.50002     0.26931
  50      0.5103     0.27737
  51     0.52023     0.28526
  52     0.53008     0.29318
  53     0.54023     0.30145
  54     0.55003     0.30952
  55     0.56013     0.31797
  56     0.57003     0.32637
  57     0.58027     0.33517
  58     0.59024     0.34384
  59     0.60012     0.35251
  60     0.61031     0.36158
  61     0.62006     0.37038
  62     0.63014      0.3796
  63      0.6402      0.3889
  64     0.65023     0.39834
  65     0.66011     0.40778
  66     0.67008     0.41747
  67      0.6801     0.42741
  68     0.69021      0.4376
  69     0.70008     0.44766
  70     0.71019     0.45812
  71      0.7202     0.46867
  72     0.73008     0.47927
  73     0.74007     0.49022
  74     0.75028     0.50163
  75     0.76002     0.51273
  76     0.77023     0.52462
  77     0.78004     0.53629
  78     0.79014     0.54862
  79     0.80003       0.561
  80     0.81001     0.57379
  81     0.82008     0.58704
  82     0.83012     0.60063
  83     0.84003     0.61449
  84      0.8501     0.62901
  85     0.86004     0.64381
  86        0.87     0.65918
  87     0.88031     0.67561
  88      0.8901     0.69183
  89     0.90024     0.70945
  90     0.91029     0.72788
  91     0.92001     0.74672
  92     0.93017     0.76729
  93     0.94011     0.78899
  94     0.95011     0.81244
  95     0.96008     0.83784
  96     0.97015     0.86639
  97     0.98007     0.89809
  98     0.99006     0.93737
  99           1           1
-----------------------------------------

----------------- PPP$ and local currency --------------
         PPP used in computation: 183.78
     Data mean in local currency: 13313.8
               Data mean in PPP$: 116.329
        Poverty line in PPP$/Day: 1.9
      Poverty line in PPP$/Month: 57.7917
  Poverty line in local currency: 6614.2
-------------------------------------------------------

----------------- Estimation result --------------
     Number of observation: 4037
          Total population: 16513.8
              Total wealth: 1.19633E+06(PPP$)
                   Minimum: 4.84712(PPP$)
                   Maximum: 1990.04(PPP$)
             Headcount(HC): 0.193299
          Poverty gap (PG): 0.0444691
       Poverty gap squared: 0.0156659
                      Gini: 0.353644
                    Median: 90.5279
                       MLD: 0.206337
                      Watt: 0.0566786
--------------------------------------------------

-------------------------------- Income or Consumption share by deciles (%) -------------------------------------
     3.1904     4.5382     5.4852     6.3953     7.3208     8.3107     9.5173     11.338     14.807     29.097
-----------------------------------------------------------------------------------------------------------------


