

**********************************************************************************************
**                                   Basic Information                                      **
**********************************************************************************************

----------------- Dataset Information -----------------
                         Country: Armenia
                    Country dode: ARM
                       Data Year: 2012
                        Coverage: National
             Welfare measurement: Consumption
                     Data format: Unit record
                     Data source: ARM_N2012X
                  Data time span: UnDefined
-------------------------------------------------------


----------- Distribution ------------
   i           P           L 
-------------------------------------
   0    0.010026   0.0023329
   1    0.020451   0.0055749
   2    0.030248   0.0089135
   3    0.040052    0.012414
   4     0.05031    0.016245
   5     0.06013    0.020071
   6     0.07026    0.024179
   7    0.080062    0.028268
   8    0.090114    0.032607
   9     0.10002    0.037015
  10     0.11002    0.041569
  11     0.12009    0.046259
  12     0.13008    0.051017
  13      0.1401    0.055933
  14     0.15011    0.060934
  15     0.16022    0.066093
  16      0.1702    0.071275
  17     0.18017    0.076543
  18     0.19039    0.082015
  19     0.20021    0.087368
  20     0.21022    0.092901
  21     0.22019    0.098518
  22     0.23029      0.1043
  23     0.24014     0.11002
  24     0.25005     0.11587
  25     0.26023     0.12196
  26     0.27032      0.1281
  27     0.28011     0.13415
  28     0.29003     0.14038
  29      0.3002     0.14684
  30     0.31009     0.15323
  31     0.32024      0.1599
  32     0.33005     0.16649
  33     0.34009     0.17333
  34     0.35009     0.18024
  35     0.36004     0.18721
  36     0.37005     0.19432
  37     0.38005      0.2015
  38     0.39025     0.20894
  39     0.40016     0.21628
  40     0.41031      0.2239
  41     0.42015     0.23142
  42     0.43062     0.23948
  43     0.44024       0.247
  44     0.45006     0.25476
  45     0.46016     0.26285
  46     0.47005     0.27084
  47     0.48006     0.27906
  48     0.49016     0.28745
  49      0.5003     0.29598
  50     0.51001     0.30424
  51     0.52009     0.31289
  52        0.53      0.3215
  53     0.54025     0.33054
  54     0.55022     0.33944
  55     0.56006     0.34834
  56     0.57022     0.35766
  57     0.58002     0.36679
  58     0.59003     0.37621
  59     0.60078     0.38646
  60     0.61001     0.39537
  61      0.6202     0.40532
  62     0.63006     0.41506
  63        0.64     0.42504
  64     0.65003     0.43522
  65     0.66023     0.44568
  66        0.67     0.45581
  67     0.68013     0.46643
  68     0.69008     0.47701
  69     0.70002     0.48779
  70     0.71033     0.49914
  71     0.72013     0.51012
  72     0.73008     0.52141
  73      0.7402     0.53304
  74        0.75     0.54451
  75     0.76003     0.55646
  76     0.77029     0.56888
  77     0.78001     0.58083
  78     0.79014     0.59351
  79     0.80034     0.60656
  80     0.81001     0.61915
  81     0.82005     0.63252
  82     0.83001     0.64609
  83     0.84007     0.66008
  84     0.85021     0.67446
  85     0.86007     0.68881
  86     0.87002     0.70369
  87     0.88021     0.71941
  88     0.89003     0.73499
  89     0.90008      0.7515
  90     0.91003     0.76827
  91     0.92003     0.78564
  92      0.9302      0.8039
  93     0.94028     0.82269
  94     0.95014     0.84206
  95     0.96015     0.86309
  96     0.97005     0.88565
  97     0.98023     0.91211
  98     0.99002     0.94353
  99           1           1
-----------------------------------------

----------------- PPP$ and local currency --------------
         PPP used in computation: 183.78
     Data mean in local currency: 33662.2
               Data mean in PPP$: 178.602
        Poverty line in PPP$/Day: 1.9
      Poverty line in PPP$/Month: 57.7917
  Poverty line in local currency: 10892.3
-------------------------------------------------------

----------------- Estimation result --------------
     Number of observation: 5181
          Total population: 3.19247E+06
              Total wealth: 5.84753E+08(PPP$)
                   Minimum: 19.2681(PPP$)
                   Maximum: 3659.01(PPP$)
             Headcount(HC): 0.0173659
          Poverty gap (PG): 0.00326831
       Poverty gap squared: 0.00104529
                      Gini: 0.304826
                    Median: 151.159
                       MLD: 0.153401
                      Watt: 0.00403906
--------------------------------------------------

-------------------------------- Income or Consumption share by deciles (%) -------------------------------------
     3.7006     5.0246     5.9467      6.944     7.9571      8.999     10.204     11.836     14.524     24.863
-----------------------------------------------------------------------------------------------------------------


