

**********************************************************************************************
**                                   Basic Information                                      **
**********************************************************************************************

----------------- Dataset Information -----------------
                         Country: Armenia
                    Country dode: ARM
                       Data Year: 2008
                        Coverage: National
             Welfare measurement: Consumption
                     Data format: Unit record
                     Data source: ARM_N2008X
                  Data time span: UnDefined
-------------------------------------------------------


----------- Distribution ------------
   i           P           L 
-------------------------------------
   0    0.010006   0.0021174
   1    0.020144   0.0051807
   2    0.030012    0.008529
   3    0.040057    0.012182
   4    0.050167    0.016028
   5     0.06019    0.020002
   6    0.070148    0.024154
   7    0.080173    0.028524
   8    0.090375    0.033109
   9     0.10016    0.037611
  10     0.11033    0.042431
  11      0.1202    0.047182
  12     0.13022    0.052089
  13      0.1401    0.057025
  14      0.1502    0.062186
  15     0.16004    0.067293
  16      0.1703    0.072696
  17     0.18007    0.077921
  18     0.19001    0.083314
  19     0.20024    0.088947
  20        0.21    0.094397
  21     0.22005     0.10008
  22     0.23002      0.1058
  23      0.2401     0.11166
  24     0.25011     0.11755
  25     0.26052     0.12376
  26     0.27048     0.12978
  27     0.28002     0.13562
  28      0.2903     0.14199
  29     0.30024     0.14824
  30     0.31017     0.15458
  31     0.32029     0.16113
  32     0.33008     0.16756
  33     0.34018     0.17429
  34     0.35001     0.18096
  35     0.36011     0.18794
  36     0.37009     0.19493
  37     0.38011     0.20204
  38     0.39002     0.20916
  39     0.40013     0.21653
  40     0.41007     0.22384
  41     0.42018     0.23137
  42     0.43013     0.23887
  43     0.44009     0.24648
  44     0.45003     0.25417
  45      0.4603     0.26222
  46      0.4702      0.2701
  47     0.48002     0.27802
  48     0.49009     0.28624
  49     0.50025     0.29462
  50     0.51007     0.30284
  51     0.52011     0.31133
  52     0.53004     0.31984
  53     0.54019     0.32867
  54     0.55006     0.33738
  55     0.56008     0.34632
  56     0.57074     0.35596
  57     0.58019     0.36459
  58     0.59028     0.37392
  59     0.60037      0.3834
  60     0.61001     0.39262
  61     0.62024      0.4025
  62     0.63011     0.41218
  63     0.64017     0.42219
  64     0.65012     0.43221
  65     0.66019     0.44249
  66      0.6704     0.45304
  67      0.6803     0.46342
  68     0.69017     0.47394
  69     0.70015     0.48474
  70      0.7103     0.49592
  71     0.72004      0.5068
  72     0.73003     0.51812
  73     0.74002     0.52964
  74     0.75008     0.54142
  75     0.76002     0.55324
  76     0.77051     0.56592
  77     0.78018     0.57785
  78     0.79012     0.59032
  79      0.8001     0.60302
  80     0.81003     0.61594
  81     0.82038     0.62974
  82     0.83001     0.64276
  83     0.84019     0.65681
  84     0.85005     0.67073
  85     0.86001     0.68516
  86     0.87004     0.70004
  87     0.88038     0.71585
  88      0.8901     0.73118
  89     0.90003     0.74735
  90      0.9102     0.76454
  91     0.92009     0.78192
  92     0.93015     0.80027
  93     0.94015     0.81934
  94     0.95011     0.83936
  95     0.96025     0.86123
  96     0.97018     0.88474
  97     0.98003     0.91074
  98     0.99015     0.94358
  99           1           1
-----------------------------------------

----------------- PPP$ and local currency --------------
         PPP used in computation: 183.78
     Data mean in local currency: 29130.6
               Data mean in PPP$: 190.886
        Poverty line in PPP$/Day: 1.9
      Poverty line in PPP$/Month: 57.7917
  Poverty line in local currency: 8819.44
-------------------------------------------------------

----------------- Estimation result --------------
     Number of observation: 7871
          Total population: 3.30827E+06
              Total wealth: 5.24388E+08(PPP$)
                   Minimum: 11.2199(PPP$)
                   Maximum: 3495.72(PPP$)
             Headcount(HC): 0.0149043
          Poverty gap (PG): 0.00324773
       Poverty gap squared: 0.00111027
                      Gini: 0.30708
                    Median: 158.655
                       MLD: 0.155703
                      Watt: 0.00407136
--------------------------------------------------

-------------------------------- Income or Consumption share by deciles (%) -------------------------------------
     3.7536     5.1277     5.9281     6.8339     7.7983     8.8632     10.152     11.833     14.439     25.271
-----------------------------------------------------------------------------------------------------------------


