

**********************************************************************************************
**                                   Basic Information                                      **
**********************************************************************************************

----------------- Dataset Information -----------------
                         Country: Armenia
                    Country dode: ARM
                       Data Year: 2014
                        Coverage: National
             Welfare measurement: Consumption
                     Data format: Unit record
                     Data source: ARM_N2014X
                  Data time span: UnDefined
-------------------------------------------------------


----------- Distribution ------------
   i           P           L 
-------------------------------------
   0    0.010342    0.002212
   1    0.020352   0.0049188
   2     0.03002   0.0078648
   3    0.040332    0.011255
   4    0.050281    0.014827
   5    0.060054    0.018533
   6    0.070354    0.022638
   7    0.080225    0.026679
   8    0.090142    0.030866
   9     0.10025    0.035274
  10     0.11018    0.039693
  11     0.12006    0.044218
  12     0.13006    0.048917
  13     0.14014    0.053752
  14     0.15012    0.058632
  15     0.16008    0.063581
  16     0.17025    0.068756
  17     0.18012    0.073899
  18     0.19026    0.079264
  19     0.20012    0.084558
  20     0.21019    0.090062
  21     0.22009    0.095555
  22     0.23045      0.1014
  23     0.24047     0.10713
  24     0.25006      0.1127
  25     0.26018     0.11866
  26     0.27016     0.12463
  27     0.28018      0.1307
  28     0.29011     0.13681
  29     0.30017     0.14311
  30     0.31023     0.14953
  31     0.32012     0.15592
  32     0.33005     0.16242
  33     0.34014     0.16914
  34     0.35013     0.17587
  35     0.36029     0.18283
  36     0.37037     0.18985
  37     0.38009     0.19672
  38     0.39037     0.20409
  39     0.40075     0.21165
  40     0.41004     0.21852
  41      0.4203     0.22619
  42     0.43014     0.23364
  43     0.44002     0.24124
  44      0.4501     0.24911
  45     0.46037     0.25725
  46     0.47012     0.26507
  47        0.48     0.27309
  48     0.49016     0.28145
  49     0.50045     0.29004
  50     0.51002     0.29815
  51      0.5201     0.30681
  52     0.53038     0.31578
  53        0.54     0.32429
  54      0.5503      0.3335
  55     0.56014     0.34242
  56      0.5705     0.35194
  57     0.58011     0.36089
  58     0.59001     0.37021
  59     0.60018     0.37989
  60     0.61016      0.3895
  61     0.62007     0.39913
  62     0.63007     0.40899
  63      0.6402     0.41909
  64     0.65023     0.42924
  65     0.66003     0.43931
  66      0.6702      0.4499
  67     0.68002     0.46022
  68     0.69003     0.47089
  69     0.70004      0.4817
  70     0.71005     0.49266
  71     0.72004     0.50378
  72     0.73006     0.51516
  73        0.74     0.52664
  74     0.75024     0.53863
  75     0.76007     0.55029
  76     0.77018     0.56242
  77     0.78009     0.57449
  78     0.79003     0.58685
  79     0.80002     0.59946
  80     0.81001     0.61232
  81     0.82003     0.62552
  82     0.83005     0.63895
  83     0.84035     0.65308
  84     0.85007      0.6667
  85     0.86029     0.68144
  86     0.87002     0.69582
  87     0.88006     0.71102
  88     0.89002     0.72649
  89     0.90001     0.74258
  90     0.91014     0.75941
  91     0.92007     0.77655
  92     0.93028     0.79498
  93     0.94008     0.81356
  94     0.95012     0.83378
  95     0.96001     0.85507
  96     0.97005     0.87847
  97     0.98018      0.9055
  98     0.99068     0.94351
  99           1           1
-----------------------------------------

----------------- PPP$ and local currency --------------
         PPP used in computation: 183.78
     Data mean in local currency: 39479.9
               Data mean in PPP$: 192.266
        Poverty line in PPP$/Day: 1.9
      Poverty line in PPP$/Month: 57.7917
  Poverty line in local currency: 11866.9
-------------------------------------------------------

----------------- Estimation result --------------
     Number of observation: 5184
          Total population: 3.12088E+06
              Total wealth: 6.70434E+08(PPP$)
                   Minimum: 19.421(PPP$)
                   Maximum: 3025.79(PPP$)
             Headcount(HC): 0.0230658
          Poverty gap (PG): 0.00406131
       Poverty gap squared: 0.00110851
                      Gini: 0.314833
                    Median: 161.591
                       MLD: 0.165166
                      Watt: 0.00483298
--------------------------------------------------

-------------------------------- Income or Consumption share by deciles (%) -------------------------------------
     3.5164     4.9332     5.8509     6.8102      7.856      9.006     10.194     11.777     14.312     25.744
-----------------------------------------------------------------------------------------------------------------


