

**********************************************************************************************
**                                   Basic Information                                      **
**********************************************************************************************

----------------- Dataset Information -----------------
                         Country: Armenia
                    Country dode: ARM
                       Data Year: 2006
                        Coverage: National
             Welfare measurement: Consumption
                     Data format: Unit record
                     Data source: ARM_N2006X
                  Data time span: UnDefined
-------------------------------------------------------


----------- Distribution ------------
   i           P           L 
-------------------------------------
   0    0.010359   0.0022876
   1    0.020014   0.0050234
   2    0.030521    0.008335
   3    0.040217    0.011637
   4    0.050203    0.015243
   5    0.060226    0.019032
   6    0.070384    0.023057
   7    0.080232    0.027109
   8    0.090107    0.031324
   9     0.10057    0.035903
  10     0.11018    0.040203
  11     0.12029    0.044827
  12     0.13026    0.049499
  13     0.14011    0.054237
  14     0.15027    0.059236
  15     0.16015    0.064215
  16     0.17023    0.069401
  17     0.18014    0.074589
  18      0.1904    0.080034
  19     0.20006    0.085263
  20      0.2106    0.091062
  21     0.22003    0.096318
  22     0.23004     0.10198
  23     0.24036      0.1079
  24     0.25007     0.11357
  25     0.26006     0.11949
  26     0.27007     0.12552
  27     0.28003      0.1316
  28     0.29004      0.1378
  29     0.30029     0.14424
  30     0.31022     0.15054
  31     0.32016     0.15693
  32     0.33002     0.16335
  33     0.34022     0.17006
  34     0.35003      0.1766
  35     0.36026     0.18352
  36     0.37009     0.19025
  37     0.38043     0.19743
  38     0.39021     0.20432
  39     0.40011     0.21141
  40     0.41015     0.21869
  41     0.42022     0.22611
  42     0.43004     0.23341
  43     0.44018     0.24102
  44     0.45003     0.24849
  45     0.46008     0.25619
  46     0.47033     0.26415
  47     0.48005     0.27179
  48      0.4902     0.27989
  49     0.50024       0.288
  50     0.51016      0.2961
  51     0.52003     0.30427
  52     0.53009     0.31268
  53     0.54006     0.32111
  54     0.55002     0.32965
  55     0.56007     0.33837
  56     0.57018     0.34725
  57     0.58023     0.35617
  58     0.59037     0.36531
  59     0.60071     0.37478
  60     0.61002     0.38341
  61     0.62001      0.3928
  62     0.63013     0.40241
  63     0.64014     0.41206
  64     0.65005     0.42175
  65     0.66027     0.43187
  66     0.67004     0.44166
  67     0.68016     0.45194
  68     0.69013     0.46221
  69     0.70013     0.47264
  70     0.71003     0.48309
  71      0.7202       0.494
  72     0.73015     0.50485
  73     0.74021     0.51598
  74     0.75002     0.52699
  75     0.76018     0.53858
  76     0.77009     0.55007
  77     0.78008     0.56183
  78     0.79005     0.57378
  79     0.80005     0.58605
  80     0.81005     0.59862
  81     0.82019     0.61167
  82     0.83031     0.62495
  83     0.84008     0.63803
  84     0.85001     0.65162
  85     0.86011     0.66568
  86     0.87002     0.67977
  87     0.88004     0.69446
  88     0.89011      0.7097
  89     0.90012     0.72552
  90     0.91003     0.74191
  91     0.92001     0.75914
  92     0.93002     0.77733
  93     0.94002     0.79643
  94        0.95     0.81688
  95     0.96003     0.83956
  96     0.97029     0.86588
  97     0.98011       0.895
  98     0.99022      0.9311
  99           1           1
-----------------------------------------

----------------- PPP$ and local currency --------------
         PPP used in computation: 183.78
     Data mean in local currency: 23129.2
               Data mean in PPP$: 172.402
        Poverty line in PPP$/Day: 1.9
      Poverty line in PPP$/Month: 57.7917
  Poverty line in local currency: 7753.24
-------------------------------------------------------

----------------- Estimation result --------------
     Number of observation: 5182
          Total population: 3.30062E+06
              Total wealth: 4.15394E+08(PPP$)
                   Minimum: 11.8903(PPP$)
                   Maximum: 3708.48(PPP$)
             Headcount(HC): 0.0329581
          Poverty gap (PG): 0.00568274
       Poverty gap squared: 0.00160806
                      Gini: 0.324906
                    Median: 139.886
                       MLD: 0.176659
                      Watt: 0.00679207
--------------------------------------------------

-------------------------------- Income or Consumption share by deciles (%) -------------------------------------
     3.5652     4.9579     5.8827     6.7268     7.6486     8.6315     9.8377     11.349     13.933     27.467
-----------------------------------------------------------------------------------------------------------------


