

**********************************************************************************************
**                                   Basic Information                                      **
**********************************************************************************************

----------------- Dataset Information -----------------
                         Country: Armenia
                    Country dode: ARM
                       Data Year: 2005
                        Coverage: National
             Welfare measurement: Consumption
                     Data format: Unit record
                     Data source: ARM_N2005X
                  Data time span: UnDefined
-------------------------------------------------------


----------- Distribution ------------
   i           P           L 
-------------------------------------
   0    0.010364   0.0018559
   1    0.020022   0.0043101
   2    0.030067   0.0072672
   3    0.040152    0.010498
   4    0.050107     0.01387
   5    0.060345    0.017488
   6    0.070302    0.021216
   7    0.080013    0.025051
   8    0.090035    0.029143
   9     0.10019    0.033416
  10     0.11002    0.037658
  11     0.12026    0.042178
  12     0.13003    0.046587
  13     0.14032    0.051307
  14     0.15021    0.055931
  15     0.16015    0.060665
  16     0.17042    0.065642
  17     0.18019    0.070458
  18     0.19008    0.075443
  19         0.2    0.080528
  20     0.21008    0.085778
  21     0.22025    0.091145
  22     0.23006    0.096401
  23     0.24025     0.10194
  24     0.25019     0.10739
  25     0.26026     0.11302
  26     0.27015     0.11861
  27     0.28014     0.12433
  28     0.29003     0.13004
  29     0.30036     0.13609
  30     0.31038     0.14205
  31     0.32021     0.14796
  32     0.33009     0.15397
  33      0.3405     0.16039
  34      0.3501     0.16641
  35     0.36025     0.17283
  36     0.37029     0.17927
  37     0.38006      0.1856
  38     0.39013     0.19217
  39      0.4003     0.19889
  40     0.41006     0.20541
  41     0.42008     0.21219
  42      0.4301     0.21909
  43     0.44002     0.22601
  44     0.45011     0.23315
  45     0.46008      0.2403
  46     0.47013     0.24762
  47     0.48034     0.25516
  48     0.49068     0.26289
  49     0.50003     0.26998
  50     0.51025     0.27781
  51     0.52004     0.28538
  52      0.5302     0.29333
  53     0.54008     0.30118
  54     0.55045     0.30952
  55     0.56003     0.31734
  56     0.57002     0.32559
  57      0.5801     0.33401
  58      0.5901     0.34249
  59     0.60009     0.35107
  60     0.61018     0.35985
  61     0.62008      0.3686
  62     0.63032     0.37776
  63     0.64038     0.38687
  64     0.65033     0.39599
  65     0.66016     0.40512
  66     0.67003     0.41442
  67     0.68001     0.42399
  68     0.69006     0.43377
  69     0.70003     0.44365
  70     0.71003     0.45374
  71     0.72015      0.4641
  72     0.73005     0.47447
  73     0.74004     0.48511
  74     0.75018     0.49608
  75     0.76024     0.50715
  76     0.77024     0.51836
  77     0.78006     0.52958
  78     0.79026     0.54154
  79     0.80027     0.55354
  80     0.81018     0.56563
  81     0.82029     0.57826
  82     0.83002     0.59067
  83        0.84     0.60373
  84     0.85006     0.61726
  85     0.86005     0.63126
  86     0.87023     0.64608
  87     0.88013     0.66093
  88     0.89016     0.67644
  89     0.90008     0.69237
  90     0.91009     0.70925
  91     0.92009       0.727
  92     0.93015     0.74604
  93     0.94022     0.76624
  94     0.95029     0.78786
  95     0.96012     0.81112
  96     0.97004     0.83813
  97     0.98004      0.8712
  98     0.99003     0.91482
  99           1           1
-----------------------------------------

----------------- PPP$ and local currency --------------
         PPP used in computation: 183.78
     Data mean in local currency: 22338.8
               Data mean in PPP$: 171.327
        Poverty line in PPP$/Day: 1.9
      Poverty line in PPP$/Month: 57.7917
  Poverty line in local currency: 7535.29
-------------------------------------------------------

----------------- Estimation result --------------
     Number of observation: 5187
          Total population: 3.19461E+06
              Total wealth: 3.88312E+08(PPP$)
                   Minimum: 9.33763(PPP$)
                   Maximum: 7082.65(PPP$)
             Headcount(HC): 0.0445227
          Poverty gap (PG): 0.00906656
       Poverty gap squared: 0.00316963
                      Gini: 0.359924
                    Median: 130.516
                       MLD: 0.217763
                      Watt: 0.0114125
--------------------------------------------------

-------------------------------- Income or Consumption share by deciles (%) -------------------------------------
     3.3336     4.7189     5.5353     6.2808     7.1272     8.1034     9.2628     10.959     13.903     30.776
-----------------------------------------------------------------------------------------------------------------


