

**********************************************************************************************
**                                   Basic Information                                      **
**********************************************************************************************

----------------- Dataset Information -----------------
                         Country: Austria
                    Country dode: AUT
                       Data Year: 2010
                        Coverage: National
             Welfare measurement: Income
                     Data format: Unit record
                     Data source: AUT_N2010Y
                  Data time span: UnDefined
-------------------------------------------------------


----------- Distribution ------------
   i           P           L 
-------------------------------------
   0    0.010165  0.00051956
   1    0.020172    0.002498
   2     0.03031   0.0052073
   3    0.040032   0.0081194
   4    0.050166     0.01147
   5    0.060211    0.015039
   6    0.070578    0.018913
   7    0.080129    0.022602
   8    0.090069    0.026618
   9     0.10023    0.030924
  10     0.11035    0.035357
  11        0.12    0.039706
  12     0.13004    0.044377
  13      0.1403    0.049297
  14      0.1504    0.054267
  15     0.16038    0.059305
  16     0.17014    0.064335
  17     0.18033    0.069713
  18      0.1903    0.075092
  19     0.20062     0.08079
  20      0.2101    0.086111
  21     0.22006    0.091785
  22        0.23    0.097543
  23     0.24053     0.10379
  24     0.25002     0.10954
  25     0.26009     0.11575
  26        0.27     0.12194
  27     0.28012     0.12836
  28     0.29009      0.1348
  29     0.30012      0.1414
  30     0.31066     0.14841
  31     0.32017     0.15483
  32     0.33074     0.16206
  33     0.34001     0.16852
  34     0.35009     0.17566
  35     0.36013     0.18287
  36     0.37016     0.19016
  37     0.38012      0.1975
  38     0.39016     0.20503
  39     0.40021     0.21267
  40     0.41016     0.22034
  41     0.42042     0.22834
  42     0.43004     0.23593
  43     0.44018     0.24405
  44     0.45001     0.25202
  45      0.4604     0.26055
  46        0.47     0.26852
  47     0.48012     0.27702
  48     0.49009     0.28554
  49     0.50006     0.29416
  50     0.51026     0.30313
  51     0.52019     0.31198
  52     0.53008     0.32087
  53     0.54031      0.3302
  54     0.55009     0.33924
  55     0.56001     0.34851
  56     0.57024      0.3582
  57        0.58     0.36758
  58     0.59008     0.37739
  59     0.60003     0.38721
  60     0.61009     0.39729
  61     0.62003     0.40736
  62     0.63035     0.41796
  63     0.64004     0.42803
  64     0.65012     0.43865
  65     0.66035     0.44957
  66     0.67024     0.46028
  67     0.68005     0.47102
  68     0.69007     0.48215
  69      0.7002     0.49358
  70     0.71003     0.50481
  71     0.72001     0.51638
  72        0.73     0.52815
  73     0.74005     0.54019
  74     0.75004     0.55235
  75      0.7601     0.56476
  76     0.77005     0.57722
  77     0.78001     0.58991
  78     0.79005      0.6029
  79     0.80011      0.6162
  80     0.81031     0.62994
  81     0.82027     0.64361
  82     0.83002     0.65723
  83     0.84009     0.67163
  84      0.8501     0.68624
  85     0.86006      0.7011
  86     0.87002     0.71625
  87      0.8801     0.73196
  88     0.89007     0.74798
  89     0.90008     0.76445
  90     0.91009     0.78142
  91     0.92019     0.79918
  92     0.93006     0.81718
  93     0.94001     0.83609
  94     0.95027     0.85655
  95     0.96003     0.87724
  96     0.97005     0.90028
  97     0.98003      0.9259
  98     0.99013     0.95614
  99           1           1
-----------------------------------------

----------------- PPP$ and local currency --------------
         PPP used in computation: 0.847584
     Data mean in local currency: 1398.81
               Data mean in PPP$: 1704.26
        Poverty line in PPP$/Day: 1.9
      Poverty line in PPP$/Month: 57.7917
  Poverty line in local currency: 47.4337
-------------------------------------------------------

----------------- Estimation result --------------
     Number of observation: 6146
          Total population: 1
              Total wealth: 1650.35(PPP$)
                   Minimum: 0(PPP$)
                   Maximum: 21495.3(PPP$)
             Headcount(HC): 0.00490708
          Poverty gap (PG): 0.00353573
       Poverty gap squared: 0.00290107
                      Gini: 0.302522
                    Median: 1484.73
                       MLD: 0.174334
                      Watt: 0.00575807
--------------------------------------------------

-------------------------------- Income or Consumption share by deciles (%) -------------------------------------
     3.0825     4.9622     6.0868     7.1194     8.1603      9.307     10.618      12.27     14.826     23.568
-----------------------------------------------------------------------------------------------------------------


