

**********************************************************************************************
**                                   Basic Information                                      **
**********************************************************************************************

----------------- Dataset Information -----------------
                         Country: Austria
                    Country dode: AUT
                       Data Year: 2006
                        Coverage: National
             Welfare measurement: Income
                     Data format: Unit record
                     Data source: AUT_N2006Y
                  Data time span: UnDefined
-------------------------------------------------------


----------- Distribution ------------
   i           P           L 
-------------------------------------
   0    0.010115   0.0011984
   1    0.020096   0.0035122
   2    0.030152   0.0064365
   3    0.040246   0.0097504
   4    0.050079    0.013254
   5    0.060075    0.017029
   6    0.070141    0.021043
   7    0.080277    0.025279
   8    0.090166    0.029593
   9     0.10007    0.034077
  10     0.11008    0.038756
  11     0.12008     0.04356
  12     0.13011    0.048482
  13     0.14008    0.053492
  14      0.1501    0.058644
  15     0.16012    0.063907
  16     0.17009    0.069253
  17     0.18007    0.074722
  18     0.19005     0.08027
  19     0.20001    0.085904
  20     0.21001    0.091645
  21        0.22    0.097497
  22     0.23009     0.10353
  23     0.24008     0.10961
  24     0.25028     0.11594
  25     0.26017     0.12218
  26     0.27001     0.12849
  27     0.28011     0.13507
  28     0.29018      0.1417
  29     0.30009     0.14828
  30     0.31006     0.15497
  31     0.32009      0.1618
  32     0.33014     0.16874
  33     0.34002     0.17563
  34      0.3501     0.18276
  35     0.36006     0.18988
  36     0.37011     0.19715
  37     0.38014     0.20449
  38     0.39004      0.2118
  39     0.40004     0.21928
  40     0.41004     0.22687
  41     0.42017     0.23468
  42      0.4301     0.24241
  43     0.44003     0.25025
  44     0.45025     0.25841
  45     0.46028     0.26652
  46     0.47012     0.27455
  47     0.48011     0.28283
  48     0.49011     0.29124
  49     0.50001     0.29967
  50     0.51024     0.30849
  51     0.52009     0.31711
  52     0.53013     0.32602
  53     0.54011       0.335
  54     0.55015     0.34412
  55     0.56001      0.3532
  56     0.57004     0.36257
  57     0.58009     0.37207
  58     0.59013     0.38166
  59      0.6001     0.39132
  60      0.6104     0.40145
  61     0.62008      0.4111
  62     0.63011     0.42122
  63     0.64018     0.43153
  64     0.65012     0.44184
  65     0.66005     0.45228
  66      0.6701       0.463
  67     0.68011     0.47381
  68     0.69015     0.48481
  69     0.70005     0.49582
  70     0.71001     0.50708
  71     0.72007     0.51863
  72     0.73002     0.53022
  73     0.74012     0.54217
  74     0.75001     0.55404
  75     0.76001     0.56623
  76      0.7702     0.57888
  77     0.78008     0.59135
  78     0.79005     0.60412
  79     0.80001     0.61709
  80     0.81007     0.63043
  81     0.82007     0.64392
  82     0.83002     0.65765
  83     0.84007     0.67177
  84     0.85001     0.68598
  85     0.86013     0.70077
  86     0.87005     0.71563
  87     0.88002      0.7309
  88     0.89009     0.74678
  89     0.90015      0.7631
  90     0.91004     0.77967
  91     0.92046     0.79776
  92     0.93005     0.81511
  93     0.94004     0.83395
  94     0.95008     0.85385
  95     0.96015       0.875
  96     0.97001     0.89745
  97     0.98009     0.92303
  98     0.99007      0.9524
  99           1           1
-----------------------------------------

----------------- PPP$ and local currency --------------
         PPP used in computation: 0.847584
     Data mean in local currency: 1170.18
               Data mean in PPP$: 1538.48
        Poverty line in PPP$/Day: 1.9
      Poverty line in PPP$/Month: 57.7917
  Poverty line in local currency: 43.9566
-------------------------------------------------------

----------------- Estimation result --------------
     Number of observation: 6462
          Total population: 1
              Total wealth: 1380.6(PPP$)
                   Minimum: -412.938(PPP$)
                   Maximum: 26633.4(PPP$)
             Headcount(HC): 0.000966999
          Poverty gap (PG): 0.00105137
       Poverty gap squared: 0.00557118
                      Gini: 0.295949
                    Median: 1319.73
                       MLD: 0.152765
                      Watt: 0.000816182
--------------------------------------------------

-------------------------------- Income or Consumption share by deciles (%) -------------------------------------
     3.4045      5.185     6.2331     7.1028     8.0399     9.1569     10.454     12.132     14.578     23.714
-----------------------------------------------------------------------------------------------------------------


