

**********************************************************************************************
**                                   Basic Information                                      **
**********************************************************************************************

----------------- Dataset Information -----------------
                         Country: Austria
                    Country dode: AUT
                       Data Year: 2012
                        Coverage: National
             Welfare measurement: Income
                     Data format: Unit record
                     Data source: AUT_N2012Y
                  Data time span: UnDefined
-------------------------------------------------------


----------- Distribution ------------
   i           P           L 
-------------------------------------
   0    0.010023  0.00033737
   1    0.020102   0.0018185
   2    0.030009   0.0040402
   3    0.040313   0.0067616
   4    0.050932     0.01001
   5    0.060268     0.01316
   6    0.070534    0.016831
   7    0.080216    0.020467
   8    0.090159    0.024383
   9         0.1     0.02844
  10     0.11007    0.032772
  11     0.12012    0.037254
  12     0.13021    0.041902
  13     0.14009    0.046588
  14     0.15003    0.051433
  15     0.16006    0.056466
  16     0.17053    0.061911
  17      0.1805    0.067198
  18     0.19022    0.072476
  19     0.20002    0.077899
  20     0.21027      0.0837
  21     0.22022    0.089455
  22     0.23015    0.095315
  23     0.24015     0.10133
  24     0.25066     0.10775
  25     0.26016     0.11364
  26     0.27001     0.11983
  27     0.28016      0.1263
  28     0.29003     0.13269
  29     0.30003     0.13931
  30     0.31004     0.14604
  31     0.32057     0.15321
  32     0.33001     0.15974
  33     0.34023     0.16692
  34     0.35002     0.17387
  35     0.36032     0.18127
  36      0.3701      0.1884
  37     0.38002     0.19573
  38     0.39001     0.20322
  39     0.40002     0.21082
  40     0.41007     0.21856
  41     0.42026     0.22649
  42     0.43029     0.23441
  43      0.4401     0.24226
  44     0.45004     0.25034
  45      0.4601     0.25864
  46     0.47022     0.26707
  47     0.48004     0.27535
  48     0.49004      0.2839
  49     0.50082     0.29323
  50     0.51005     0.30133
  51     0.52003      0.3102
  52     0.53004     0.31921
  53      0.5401     0.32839
  54     0.55003     0.33755
  55     0.56005     0.34695
  56     0.57007     0.35651
  57     0.58009     0.36621
  58     0.59013     0.37606
  59     0.60013     0.38599
  60     0.61006     0.39599
  61     0.62011     0.40621
  62     0.63019     0.41661
  63     0.64145     0.42842
  64      0.6508     0.43835
  65     0.66024     0.44849
  66     0.67012     0.45921
  67      0.6801     0.47021
  68     0.69005     0.48135
  69     0.70005     0.49267
  70     0.71006     0.50414
  71     0.72007      0.5158
  72        0.73     0.52756
  73     0.74007     0.53966
  74     0.75005     0.55184
  75     0.76009     0.56428
  76     0.77004     0.57681
  77     0.78016     0.58978
  78     0.79005     0.60269
  79     0.80004     0.61596
  80     0.81014     0.62962
  81     0.82005     0.64329
  82      0.8301     0.65745
  83     0.84004     0.67175
  84     0.85001     0.68645
  85     0.86003     0.70156
  86     0.87008     0.71707
  87     0.88019     0.73302
  88        0.89     0.74889
  89      0.9003       0.766
  90     0.91003     0.78261
  91     0.92014     0.80037
  92     0.93006     0.81852
  93     0.94005     0.83746
  94     0.95007     0.85732
  95     0.96034     0.87886
  96     0.97015     0.90131
  97     0.98012     0.92655
  98      0.9901     0.95612
  99           1           1
-----------------------------------------

----------------- PPP$ and local currency --------------
         PPP used in computation: 0.847584
     Data mean in local currency: 1419.6
               Data mean in PPP$: 1634.26
        Poverty line in PPP$/Day: 1.9
      Poverty line in PPP$/Month: 57.7917
  Poverty line in local currency: 50.2008
-------------------------------------------------------

----------------- Estimation result --------------
     Number of observation: 5952
          Total population: 1
              Total wealth: 1674.88(PPP$)
                   Minimum: -117.982(PPP$)
                   Maximum: 18110.1(PPP$)
             Headcount(HC): 0.0062411
          Poverty gap (PG): 0.00468426
       Poverty gap squared: 0.00444897
                      Gini: 0.30482
                    Median: 1423.73
                       MLD: 0.184555
                      Watt: 0.0112062
--------------------------------------------------

-------------------------------- Income or Consumption share by deciles (%) -------------------------------------
     2.8438     4.9448     6.1402     7.1519     8.1718      9.334     10.676     12.328     14.961      23.45
-----------------------------------------------------------------------------------------------------------------


