

**********************************************************************************************
**                                   Basic Information                                      **
**********************************************************************************************

----------------- Dataset Information -----------------
                         Country: Austria
                    Country dode: AUT
                       Data Year: 2009
                        Coverage: National
             Welfare measurement: Income
                     Data format: Unit record
                     Data source: AUT_N2009Y
                  Data time span: UnDefined
-------------------------------------------------------


----------- Distribution ------------
   i           P           L 
-------------------------------------
   0    0.010074  0.00031071
   1    0.020657   0.0019808
   2    0.030117    0.003987
   3    0.040411   0.0066876
   4    0.050017   0.0095904
   5     0.06001    0.012908
   6    0.070276    0.016554
   7    0.080138    0.020262
   8    0.090079    0.024172
   9     0.10015    0.028292
  10     0.11027    0.032557
  11     0.12001    0.036815
  12     0.13017    0.041424
  13     0.14103    0.046517
  14     0.15009    0.050877
  15     0.16023    0.055876
  16     0.17011    0.060842
  17      0.1803    0.066118
  18     0.19015    0.071352
  19     0.20001    0.076686
  20     0.21014    0.082266
  21     0.22035    0.087988
  22     0.23029    0.093665
  23     0.24002    0.099335
  24     0.25009     0.10531
  25     0.26016     0.11142
  26     0.27001     0.11751
  27        0.28     0.12379
  28     0.29003     0.13017
  29     0.30004     0.13663
  30      0.3103     0.14335
  31        0.32     0.14983
  32      0.3302     0.15673
  33     0.34002      0.1635
  34     0.35007     0.17054
  35     0.36013     0.17768
  36     0.37021     0.18494
  37     0.38016      0.1922
  38      0.3901     0.19957
  39     0.40008     0.20706
  40      0.4101     0.21465
  41     0.42003     0.22227
  42     0.43013     0.23015
  43     0.44015     0.23809
  44      0.4501     0.24608
  45     0.46025     0.25437
  46      0.4701     0.26252
  47     0.48011      0.2709
  48     0.49012     0.27939
  49     0.50003      0.2879
  50     0.51011     0.29668
  51     0.52001     0.30544
  52     0.53022     0.31458
  53     0.54007     0.32352
  54      0.5502     0.33285
  55     0.56016     0.34212
  56     0.57009     0.35151
  57     0.58042      0.3614
  58      0.5903     0.37098
  59     0.60004     0.38053
  60     0.61058     0.39099
  61     0.62009     0.40055
  62     0.63032     0.41094
  63     0.64016     0.42108
  64      0.6501     0.43147
  65     0.66014     0.44213
  66     0.67007     0.45282
  67     0.68025     0.46392
  68     0.69017      0.4749
  69     0.70001     0.48591
  70     0.71005     0.49729
  71     0.72004     0.50877
  72     0.73025     0.52068
  73     0.74007      0.5323
  74     0.75015     0.54435
  75     0.76008     0.55636
  76     0.77003     0.56857
  77     0.78016      0.5812
  78     0.79019     0.59391
  79     0.80019      0.6068
  80     0.81005     0.61976
  81     0.82003     0.63317
  82     0.83009     0.64696
  83        0.84     0.66089
  84     0.85006     0.67543
  85     0.86004     0.69018
  86     0.87013     0.70547
  87     0.88007     0.72088
  88     0.89012     0.73691
  89     0.90013     0.75338
  90     0.91003     0.77012
  91     0.92006      0.7878
  92      0.9302     0.80641
  93     0.94003     0.82532
  94     0.95005     0.84567
  95     0.96011     0.86754
  96     0.97033     0.89177
  97     0.98005     0.91738
  98     0.99004      0.9489
  99           1           1
-----------------------------------------

----------------- PPP$ and local currency --------------
         PPP used in computation: 0.847584
     Data mean in local currency: 1360.14
               Data mean in PPP$: 1687.21
        Poverty line in PPP$/Day: 1.9
      Poverty line in PPP$/Month: 57.7917
  Poverty line in local currency: 46.5888
-------------------------------------------------------

----------------- Estimation result --------------
     Number of observation: 6173
          Total population: 0.999997
              Total wealth: 1604.73(PPP$)
                   Minimum: 0.294956(PPP$)
                   Maximum: 21461(PPP$)
             Headcount(HC): 0.00656232
          Poverty gap (PG): 0.00465437
       Poverty gap squared: 0.00407369
                      Gini: 0.314962
                    Median: 1458.18
                       MLD: 0.200761
                      Watt: 0.0173145
--------------------------------------------------

-------------------------------- Income or Consumption share by deciles (%) -------------------------------------
      2.823     4.8452     5.9924     7.0391     8.0873      9.262     10.541     12.066     14.661     24.683
-----------------------------------------------------------------------------------------------------------------


