

**********************************************************************************************
**                                   Basic Information                                      **
**********************************************************************************************

----------------- Dataset Information -----------------
                         Country: Austria
                    Country dode: AUT
                       Data Year: 2005
                        Coverage: National
             Welfare measurement: Income
                     Data format: Unit record
                     Data source: AUT_N2005Y
                  Data time span: UnDefined
-------------------------------------------------------


----------- Distribution ------------
   i           P           L 
-------------------------------------
   0    0.010037   0.0011074
   1    0.020206   0.0035087
   2    0.030126   0.0065187
   3     0.04003   0.0099015
   4    0.050018    0.013557
   5    0.060009    0.017436
   6    0.070156    0.021594
   7    0.080239    0.025935
   8    0.090181    0.030367
   9      0.1001    0.034922
  10     0.11081    0.040018
  11     0.12003    0.044513
  12     0.13024    0.049604
  13     0.14011    0.054662
  14     0.15018    0.059926
  15     0.16001    0.065172
  16     0.17017    0.070693
  17     0.18017    0.076239
  18     0.19008    0.081852
  19     0.20011    0.087606
  20     0.21003     0.09338
  21     0.22014    0.099374
  22     0.23013     0.10541
  23     0.24007     0.11153
  24     0.25021     0.11788
  25     0.26004     0.12414
  26     0.27005     0.13059
  27     0.28009     0.13715
  28      0.2902     0.14385
  29     0.30001     0.15044
  30     0.31003     0.15727
  31     0.32003     0.16414
  32     0.33014     0.17114
  33     0.34009     0.17812
  34      0.3502     0.18529
  35      0.3602     0.19248
  36     0.37012     0.19967
  37        0.38     0.20692
  38      0.3902     0.21452
  39     0.40007     0.22201
  40     0.41064     0.23015
  41     0.42006     0.23754
  42        0.43     0.24541
  43     0.44021      0.2536
  44     0.45015     0.26169
  45     0.46001     0.26982
  46      0.4701     0.27824
  47     0.48004     0.28663
  48     0.49011     0.29525
  49     0.50021     0.30403
  50     0.51008     0.31273
  51     0.52006     0.32163
  52     0.53009     0.33067
  53     0.54023     0.33991
  54     0.55019     0.34909
  55     0.56008     0.35832
  56     0.57001     0.36771
  57     0.58002      0.3773
  58     0.59002     0.38696
  59     0.60003     0.39674
  60     0.61001     0.40662
  61     0.62022     0.41687
  62     0.63002     0.42682
  63     0.64011     0.43724
  64     0.65007     0.44761
  65        0.66     0.45811
  66     0.67028     0.46914
  67     0.68008     0.47985
  68     0.69012     0.49099
  69     0.70001     0.50213
  70     0.71008     0.51364
  71     0.72005     0.52518
  72     0.73007     0.53695
  73     0.74005     0.54887
  74     0.75002     0.56097
  75     0.76013     0.57345
  76     0.77011     0.58591
  77     0.78007     0.59856
  78     0.79009     0.61149
  79     0.80001     0.62457
  80     0.81009      0.6381
  81     0.82008     0.65171
  82     0.83003     0.66551
  83     0.84002     0.67965
  84     0.85006     0.69417
  85     0.86015     0.70906
  86     0.87014     0.72415
  87     0.88006     0.73954
  88     0.89062     0.75628
  89     0.90006     0.77158
  90        0.91     0.78823
  91     0.92016     0.80591
  92     0.93008     0.82382
  93     0.94002     0.84271
  94     0.95006     0.86281
  95     0.96009     0.88404
  96     0.97002     0.90641
  97     0.98006     0.93118
  98     0.99008     0.95976
  99           1           1
-----------------------------------------

----------------- PPP$ and local currency --------------
         PPP used in computation: 0.847584
     Data mean in local currency: 1126.79
               Data mean in PPP$: 1502.91
        Poverty line in PPP$/Day: 1.9
      Poverty line in PPP$/Month: 57.7917
  Poverty line in local currency: 43.3285
-------------------------------------------------------

----------------- Estimation result --------------
     Number of observation: 5735
          Total population: 1
              Total wealth: 1329.41(PPP$)
                   Minimum: -412.938(PPP$)
                   Maximum: 9777.27(PPP$)
             Headcount(HC): 0.0016044
          Poverty gap (PG): 0.00163752
       Poverty gap squared: 0.00641848
                      Gini: 0.287229
                    Median: 1314.37
                       MLD: 0.145372
                      Watt: 0.00298111
--------------------------------------------------

-------------------------------- Income or Consumption share by deciles (%) -------------------------------------
     3.4876     5.2666     6.2893     7.1518     8.1894     9.2865      10.54     12.245     14.692     22.851
-----------------------------------------------------------------------------------------------------------------


