

**********************************************************************************************
**                                   Basic Information                                      **
**********************************************************************************************

----------------- Dataset Information -----------------
                         Country: Austria
                    Country dode: AUT
                       Data Year: 2011
                        Coverage: National
             Welfare measurement: Income
                     Data format: Unit record
                     Data source: AUT_N2011Y
                  Data time span: UnDefined
-------------------------------------------------------


----------- Distribution ------------
   i           P           L 
-------------------------------------
   0    0.010149  0.00044151
   1    0.020036   0.0019651
   2     0.03018   0.0042943
   3    0.040122   0.0070408
   4    0.050062     0.01018
   5    0.061216    0.014001
   6    0.070198    0.017246
   7    0.080557     0.02121
   8    0.090151    0.025069
   9     0.10014    0.029285
  10     0.11019    0.033693
  11      0.1201    0.038195
  12     0.13008     0.04284
  13     0.14021    0.047657
  14     0.15017    0.052482
  15     0.16017    0.057437
  16     0.17002    0.062452
  17     0.18003    0.067649
  18     0.19003    0.072937
  19     0.20006    0.078338
  20     0.21028    0.083961
  21     0.22013    0.089513
  22      0.2301    0.095277
  23     0.24003     0.10113
  24     0.25012     0.10717
  25     0.26006     0.11324
  26     0.27007     0.11945
  27      0.2815     0.12663
  28     0.29004     0.13206
  29     0.30061     0.13891
  30      0.3102     0.14522
  31     0.32007     0.15182
  32     0.33014     0.15866
  33     0.34009     0.16553
  34     0.35017      0.1726
  35     0.36033     0.17982
  36     0.37014     0.18689
  37     0.38002      0.1941
  38     0.39036     0.20176
  39         0.4     0.20901
  40     0.41003     0.21663
  41     0.42005     0.22435
  42     0.43006     0.23218
  43     0.44006     0.24012
  44     0.45009     0.24818
  45     0.46003     0.25626
  46     0.47001     0.26449
  47     0.48004     0.27289
  48     0.49013     0.28146
  49      0.5007     0.29055
  50     0.51002     0.29866
  51     0.52001     0.30748
  52     0.53005     0.31647
  53     0.54005     0.32557
  54     0.55003     0.33478
  55     0.56039     0.34445
  56     0.57003      0.3536
  57     0.58008     0.36328
  58     0.59014      0.3731
  59     0.60051     0.38337
  60     0.61004     0.39293
  61     0.62004     0.40308
  62     0.63001     0.41335
  63     0.64044     0.42422
  64     0.65001     0.43431
  65     0.66006     0.44508
  66     0.67003     0.45592
  67     0.68004     0.46696
  68     0.69001     0.47814
  69     0.70004     0.48956
  70     0.71027     0.50135
  71     0.72005     0.51275
  72     0.73014     0.52468
  73     0.74003     0.53658
  74     0.75001     0.54881
  75     0.76005     0.56132
  76     0.77001     0.57395
  77        0.78     0.58682
  78     0.79003     0.59994
  79     0.80005     0.61327
  80     0.81059     0.62762
  81     0.82024     0.64102
  82     0.83004     0.65488
  83     0.84019      0.6695
  84     0.85001     0.68394
  85     0.86005     0.69905
  86     0.87005     0.71446
  87     0.88006     0.73029
  88     0.89005     0.74654
  89     0.90002     0.76317
  90     0.91006     0.78033
  91     0.92011     0.79815
  92     0.93026     0.81679
  93     0.94007     0.83547
  94     0.95001      0.8553
  95     0.96001     0.87642
  96     0.97033     0.89992
  97     0.98008     0.92429
  98     0.99002     0.95328
  99           1           1
-----------------------------------------

----------------- PPP$ and local currency --------------
         PPP used in computation: 0.847584
     Data mean in local currency: 1417.69
               Data mean in PPP$: 1672.62
        Poverty line in PPP$/Day: 1.9
      Poverty line in PPP$/Month: 57.7917
  Poverty line in local currency: 48.9833
-------------------------------------------------------

----------------- Estimation result --------------
     Number of observation: 6203
          Total population: 0.999998
              Total wealth: 1672.62(PPP$)
                   Minimum: 0(PPP$)
                   Maximum: 55104.9(PPP$)
             Headcount(HC): 0.00415391
          Poverty gap (PG): 0.00310783
       Poverty gap squared: 0.00265159
                      Gini: 0.308016
                    Median: 1445.24
                       MLD: 0.18366
                      Watt: 0.00930906
--------------------------------------------------

-------------------------------- Income or Consumption share by deciles (%) -------------------------------------
     2.9225     4.9082     6.0206     7.0492     8.0945     9.2916     10.665     12.369     14.993     23.687
-----------------------------------------------------------------------------------------------------------------


