

**********************************************************************************************
**                                   Basic Information                                      **
**********************************************************************************************

----------------- Dataset Information -----------------
                         Country: Austria
                    Country dode: AUT
                       Data Year: 2004
                        Coverage: National
             Welfare measurement: Income
                     Data format: Unit record
                     Data source: AUT_N2004Y
                  Data time span: UnDefined
-------------------------------------------------------


----------- Distribution ------------
   i           P           L 
-------------------------------------
   0    0.010033  0.00068426
   1    0.020118   0.0030544
   2     0.03004   0.0060074
   3      0.0401   0.0093594
   4    0.050254    0.013025
   5    0.060203    0.016838
   6    0.070158     0.02081
   7    0.080209    0.024991
   8    0.090306     0.02934
   9     0.10007    0.033705
  10     0.11013    0.038337
  11     0.12026    0.043131
  12     0.13063    0.048186
  13     0.14012    0.052922
  14     0.15007    0.057995
  15     0.16028     0.06329
  16      0.1701    0.068466
  17      0.1801    0.073869
  18     0.19008    0.079345
  19     0.20012    0.084965
  20     0.21019    0.090716
  21     0.22002    0.096427
  22     0.23002     0.10234
  23     0.24015     0.10843
  24     0.25042      0.1147
  25      0.2604     0.12088
  26     0.27025     0.12707
  27     0.28005     0.13333
  28     0.29009     0.13988
  29     0.30006     0.14647
  30     0.31008     0.15316
  31     0.32004     0.15992
  32     0.33009     0.16683
  33     0.34009     0.17379
  34     0.35004     0.18081
  35     0.36017     0.18804
  36     0.37036      0.1954
  37     0.38007      0.2025
  38     0.39003     0.20989
  39     0.40033     0.21764
  40     0.41014     0.22513
  41     0.42002     0.23278
  42     0.43002     0.24061
  43     0.44013     0.24864
  44      0.4501     0.25668
  45      0.4601     0.26483
  46     0.47025     0.27321
  47        0.48     0.28138
  48     0.49009     0.28994
  49     0.50016     0.29859
  50     0.51021      0.3073
  51     0.52001     0.31589
  52      0.5301     0.32483
  53     0.54018     0.33387
  54     0.55037      0.3431
  55     0.56005     0.35198
  56     0.57009      0.3613
  57     0.58002     0.37062
  58     0.59015     0.38024
  59     0.60002     0.38976
  60     0.61025     0.39977
  61     0.62001     0.40946
  62     0.63035      0.4199
  63     0.64004     0.42979
  64     0.65014     0.44019
  65     0.66015     0.45064
  66     0.67011     0.46116
  67     0.68008     0.47185
  68     0.69002     0.48265
  69     0.70044     0.49417
  70     0.71038     0.50532
  71     0.72021     0.51651
  72     0.73005     0.52787
  73      0.7401     0.53969
  74     0.75011     0.55166
  75     0.76002     0.56376
  76     0.77007     0.57621
  77     0.78003     0.58873
  78     0.79013     0.60166
  79     0.80025     0.61481
  80     0.81001     0.62774
  81     0.82013     0.64143
  82     0.83007     0.65517
  83     0.84005     0.66926
  84     0.85016     0.68385
  85     0.86014     0.69856
  86     0.87003     0.71359
  87     0.88011     0.72924
  88     0.89056     0.74597
  89     0.90008     0.76154
  90     0.91007     0.77839
  91     0.92003     0.79573
  92     0.93005     0.81382
  93     0.94005     0.83269
  94     0.95002     0.85285
  95     0.96006     0.87436
  96     0.97008     0.89775
  97     0.98002     0.92364
  98     0.99003     0.95358
  99           1           1
-----------------------------------------

----------------- PPP$ and local currency --------------
         PPP used in computation: 0.847584
     Data mean in local currency: 1151.71
               Data mean in PPP$: 1571.57
        Poverty line in PPP$/Day: 1.9
      Poverty line in PPP$/Month: 57.7917
  Poverty line in local currency: 42.3523
-------------------------------------------------------

----------------- Estimation result --------------
     Number of observation: 5009
          Total population: 0.999999
              Total wealth: 1358.82(PPP$)
                   Minimum: -5064.02(PPP$)
                   Maximum: 17776.5(PPP$)
             Headcount(HC): 0.0010497
          Poverty gap (PG): 0.0149158
       Poverty gap squared: 1.32395
                      Gini: 0.298722
                    Median: 1355.76
                       MLD: 0.15491
                      Watt: 0.0021361
--------------------------------------------------

-------------------------------- Income or Consumption share by deciles (%) -------------------------------------
     3.3672     5.1225     6.1532     7.0962     8.1059     9.1297     10.394      12.08     14.692     23.859
-----------------------------------------------------------------------------------------------------------------


