

**********************************************************************************************
**                                   Basic Information                                      **
**********************************************************************************************

----------------- Dataset Information -----------------
                         Country: Austria
                    Country dode: AUT
                       Data Year: 2007
                        Coverage: National
             Welfare measurement: Income
                     Data format: Unit record
                     Data source: AUT_N2007Y
                  Data time span: UnDefined
-------------------------------------------------------


----------- Distribution ------------
   i           P           L 
-------------------------------------
   0    0.010121  0.00063675
   1    0.020065   0.0026064
   2     0.03002   0.0051923
   3    0.040041   0.0081443
   4    0.050053     0.01135
   5    0.060273    0.014867
   6    0.070064    0.018454
   7     0.08012    0.022332
   8    0.090101    0.026349
   9     0.10015    0.030577
  10     0.11004    0.034903
  11     0.12014    0.039462
  12     0.13092    0.044487
  13     0.14017    0.048919
  14     0.15015     0.05379
  15     0.16014    0.058783
  16     0.17064     0.06413
  17     0.18037     0.06919
  18     0.19022    0.074445
  19     0.20012    0.079854
  20     0.21017    0.085436
  21     0.22007    0.091074
  22      0.2301    0.096912
  23      0.2401     0.10283
  24     0.25045     0.10905
  25     0.26015     0.11496
  26     0.27003     0.12109
  27     0.28039     0.12766
  28     0.29062     0.13423
  29     0.30001     0.14035
  30     0.31009       0.147
  31     0.32008     0.15372
  32     0.33004     0.16053
  33     0.34009     0.16751
  34     0.35023     0.17466
  35     0.36014     0.18175
  36     0.37027      0.1891
  37     0.38006      0.1963
  38      0.3902     0.20386
  39     0.40105     0.21205
  40     0.41024     0.21908
  41     0.42003     0.22665
  42     0.43025     0.23466
  43     0.44011     0.24249
  44     0.45008     0.25051
  45     0.46023     0.25876
  46     0.47022     0.26696
  47     0.48006     0.27515
  48     0.49006     0.28359
  49     0.50005     0.29213
  50     0.51021     0.30094
  51     0.52004     0.30956
  52     0.53009      0.3185
  53     0.54004     0.32749
  54     0.55007     0.33668
  55     0.56006     0.34598
  56      0.5705     0.35585
  57     0.58025      0.3652
  58     0.59013      0.3748
  59     0.60013     0.38466
  60     0.61003     0.39456
  61     0.62001     0.40468
  62     0.63006     0.41502
  63     0.64004     0.42541
  64     0.65002     0.43593
  65     0.66008      0.4467
  66     0.67013      0.4576
  67     0.68005     0.46846
  68     0.69014     0.47968
  69     0.70002     0.49083
  70     0.71013     0.50241
  71     0.72001     0.51388
  72     0.73008      0.5257
  73     0.74009     0.53765
  74     0.75003     0.54973
  75     0.76001       0.562
  76     0.77017     0.57469
  77      0.7801      0.5873
  78     0.79079     0.60111
  79         0.8     0.61316
  80     0.81004     0.62652
  81     0.82013     0.64022
  82     0.83011     0.65403
  83     0.84046     0.66871
  84     0.85016     0.68284
  85     0.86003     0.69762
  86     0.87013     0.71309
  87     0.88051     0.72946
  88     0.89005     0.74489
  89     0.90004     0.76158
  90     0.91005     0.77882
  91     0.92007     0.79667
  92     0.93018     0.81536
  93     0.94011     0.83458
  94     0.95011     0.85496
  95     0.96001     0.87654
  96     0.97001     0.89987
  97     0.98005     0.92546
  98     0.99003     0.95457
  99           1           1
-----------------------------------------

----------------- PPP$ and local currency --------------
         PPP used in computation: 0.847584
     Data mean in local currency: 1245.29
               Data mean in PPP$: 1602.48
        Poverty line in PPP$/Day: 1.9
      Poverty line in PPP$/Month: 57.7917
  Poverty line in local currency: 44.9098
-------------------------------------------------------

----------------- Estimation result --------------
     Number of observation: 5676
          Total population: 0.999998
              Total wealth: 1469.22(PPP$)
                   Minimum: 0(PPP$)
                   Maximum: 27152.7(PPP$)
             Headcount(HC): 0.00372301
          Poverty gap (PG): 0.00277328
       Poverty gap squared: 0.00237284
                      Gini: 0.305801
                    Median: 1379.8
                       MLD: 0.175346
                      Watt: 0.00676815
--------------------------------------------------

-------------------------------- Income or Consumption share by deciles (%) -------------------------------------
     3.0512     4.9275     6.0553     7.0917      8.083     9.2445     10.628     12.235     14.836     23.849
-----------------------------------------------------------------------------------------------------------------


