

**********************************************************************************************
**                                   Basic Information                                      **
**********************************************************************************************

----------------- Dataset Information -----------------
                         Country: Azerbaijan
                    Country dode: AZE
                       Data Year: 2005
                        Coverage: National
             Welfare measurement: Consumption
                     Data format: Unit record
                     Data source: AZE_N2005X
                  Data time span: UnDefined
-------------------------------------------------------


----------- Distribution ------------
   i           P           L 
-------------------------------------
   0    0.010555   0.0051257
   1    0.020056    0.010276
   2    0.030051    0.015995
   3    0.041081    0.022576
   4    0.050069    0.028097
   5     0.06016    0.034447
   6    0.070032    0.040829
   7    0.080124    0.047506
   8    0.090149    0.054276
   9     0.10006    0.061059
  10     0.11017    0.068076
  11     0.12025     0.07517
  12     0.13003    0.082119
  13     0.14016    0.089392
  14     0.15018    0.096651
  15      0.1601     0.10391
  16     0.17003     0.11124
  17     0.18051     0.11904
  18     0.19019     0.12629
  19     0.20005     0.13374
  20        0.21     0.14133
  21     0.22019     0.14917
  22     0.23013     0.15689
  23     0.24002     0.16464
  24     0.25004     0.17254
  25     0.26013     0.18057
  26     0.27003     0.18851
  27     0.28014     0.19667
  28     0.29005     0.20475
  29     0.30001     0.21291
  30     0.31006     0.22121
  31     0.32055     0.22993
  32     0.33009      0.2379
  33     0.34027     0.24647
  34     0.35019     0.25488
  35     0.36001     0.26325
  36     0.37007     0.27187
  37      0.3801      0.2805
  38     0.39001     0.28907
  39     0.40021     0.29792
  40     0.41001     0.30648
  41     0.42012     0.31536
  42     0.43012     0.32419
  43     0.44013     0.33308
  44     0.45004     0.34194
  45     0.46003     0.35092
  46      0.4702      0.3601
  47     0.48005     0.36907
  48     0.49074     0.37885
  49     0.50013     0.38749
  50     0.51006      0.3967
  51     0.52012     0.40607
  52     0.53046     0.41578
  53     0.54007     0.42485
  54     0.55004     0.43436
  55     0.56036     0.44426
  56     0.57041     0.45397
  57     0.58008     0.46338
  58     0.59027     0.47334
  59     0.60005     0.48297
  60     0.61008     0.49292
  61     0.62024     0.50306
  62     0.63008     0.51296
  63     0.64006     0.52308
  64     0.65001     0.53328
  65     0.66014     0.54374
  66     0.67017     0.55419
  67     0.68002     0.56453
  68     0.69002     0.57511
  69     0.70004     0.58579
  70     0.71011     0.59661
  71     0.72019     0.60753
  72     0.73001     0.61828
  73     0.74014     0.62947
  74      0.7501     0.64056
  75     0.76073     0.65254
  76     0.77005     0.66314
  77     0.78006     0.67466
  78     0.79006     0.68632
  79     0.80018     0.69828
  80     0.81003     0.71005
  81     0.82008     0.72222
  82      0.8301     0.73451
  83     0.84008     0.74694
  84      0.8502     0.75971
  85     0.86005     0.77234
  86      0.8708     0.78637
  87     0.88001     0.79859
  88     0.89002     0.81213
  89     0.90009     0.82601
  90     0.91001     0.83998
  91        0.92     0.85435
  92     0.93014     0.86938
  93     0.94002     0.88445
  94     0.95007     0.90037
  95     0.96006     0.91683
  96     0.97002     0.93393
  97     0.98005     0.95223
  98     0.99015     0.97257
  99           1           1
-----------------------------------------

----------------- PPP$ and local currency --------------
         PPP used in computation: 0.329419
     Data mean in local currency: 234566
               Data mean in PPP$: 251.188
        Poverty line in PPP$/Day: 1.9
      Poverty line in PPP$/Month: 57.7917
  Poverty line in local currency: 53967.5
-------------------------------------------------------

----------------- Estimation result --------------
     Number of observation: 8556
          Total population: 8.009E+06
              Total wealth: 5.70289E+12(PPP$)
                   Minimum: 276849(PPP$)
                   Maximum: 6.09763E+06(PPP$)
             Headcount(HC): 0
          Poverty gap (PG): 0
       Poverty gap squared: 0
                      Gini: 0.16635
                    Median: 232.156
                       MLD: 0.0453493
                      Watt: 0
--------------------------------------------------

-------------------------------- Income or Consumption share by deciles (%) -------------------------------------
     6.1019     7.2685       7.92      8.484     8.9629     9.5544     10.283     11.232     12.783     17.411
-----------------------------------------------------------------------------------------------------------------


