

**********************************************************************************************
**                                   Basic Information                                      **
**********************************************************************************************

----------------- Dataset Information -----------------
                         Country: Azerbaijan
                    Country dode: AZE
                       Data Year: 1995
                        Coverage: National
             Welfare measurement: Consumption
                     Data format: Unit record
                     Data source: AZE_N1995X
                  Data time span: UnDefined
-------------------------------------------------------


----------- Distribution ------------
   i           P           L 
-------------------------------------
   0    0.010313   0.0010019
   1    0.020675   0.0028185
   2    0.030664   0.0049435
   3    0.040245   0.0073296
   4     0.05054     0.01019
   5    0.060111    0.013074
   6    0.070808    0.016538
   7    0.080574    0.019874
   8    0.090158      0.0233
   9     0.10044    0.027104
  10     0.11017    0.030833
  11     0.12032    0.034839
  12     0.13005    0.038796
  13     0.14044    0.043199
  14     0.15037    0.047527
  15     0.16043    0.052022
  16     0.17026    0.056504
  17     0.18035    0.061216
  18     0.19014    0.065902
  19     0.20042    0.070913
  20     0.21015    0.075756
  21     0.22129    0.081444
  22     0.23003    0.085983
  23     0.24269    0.092709
  24     0.25019    0.096815
  25     0.26031     0.10247
  26     0.27229     0.10933
  27      0.2828     0.11547
  28      0.2904     0.11995
  29     0.30009     0.12573
  30     0.31075      0.1322
  31     0.32083     0.13843
  32     0.33017     0.14431
  33     0.34022     0.15076
  34     0.35079     0.15763
  35     0.36186     0.16498
  36     0.37051      0.1708
  37     0.38032     0.17747
  38      0.3903     0.18436
  39     0.40062     0.19155
  40     0.41088     0.19882
  41     0.42067     0.20587
  42     0.43015     0.21279
  43     0.44064     0.22054
  44     0.45012     0.22764
  45     0.46063     0.23565
  46     0.47084     0.24355
  47     0.48046     0.25114
  48     0.49032     0.25902
  49     0.50021     0.26704
  50     0.51016     0.27523
  51     0.52118     0.28449
  52     0.53078     0.29269
  53     0.54016     0.30079
  54     0.55016     0.30953
  55     0.56065     0.31883
  56     0.57055     0.32771
  57     0.58043     0.33668
  58      0.5908     0.34621
  59     0.60098     0.35569
  60     0.61039     0.36459
  61     0.62013     0.37394
  62     0.63192     0.38545
  63     0.64059     0.39406
  64     0.65005     0.40362
  65     0.66067     0.41458
  66     0.67011     0.42454
  67     0.68022     0.43535
  68     0.69044     0.44644
  69     0.70235     0.45962
  70     0.71075     0.46911
  71     0.72019     0.47996
  72     0.73045     0.49196
  73     0.74022     0.50363
  74     0.75059     0.51628
  75     0.76044     0.52853
  76     0.77028     0.54102
  77     0.78023     0.55384
  78     0.79177     0.56897
  79     0.80025     0.58026
  80      0.8103     0.59396
  81     0.82082     0.60867
  82     0.83063     0.62268
  83     0.84026     0.63672
  84     0.85022     0.65159
  85     0.86098     0.66806
  86     0.87038     0.68292
  87     0.88081     0.69987
  88     0.89009     0.71527
  89     0.90001      0.7323
  90     0.91035     0.75098
  91      0.9201     0.76961
  92     0.93032     0.79007
  93     0.94032      0.8116
  94     0.95031     0.83444
  95      0.9601     0.85834
  96     0.97044     0.88584
  97     0.98018     0.91511
  98     0.99002     0.94895
  99           1           1
-----------------------------------------

----------------- PPP$ and local currency --------------
         PPP used in computation: 0.329419
     Data mean in local currency: 111664
               Data mean in PPP$: 171.363
        Poverty line in PPP$/Day: 1.9
      Poverty line in PPP$/Month: 57.7917
  Poverty line in local currency: 37658.3
-------------------------------------------------------

----------------- Estimation result --------------
     Number of observation: 1424
          Total population: 9874.27
              Total wealth: 3.3471E+09(PPP$)
                   Minimum: 13053.3(PPP$)
                   Maximum: 4.06545E+06(PPP$)
             Headcount(HC): 0.0731718
          Poverty gap (PG): 0.0217974
       Poverty gap squared: 0.0102827
                      Gini: 0.346503
                    Median: 139.677
                       MLD: 0.20781
                      Watt: 0.0319047
--------------------------------------------------

-------------------------------- Income or Consumption share by deciles (%) -------------------------------------
     2.6942     4.3767     5.4962     6.5445     7.5754     8.7907     10.224      12.29     15.236     26.772
-----------------------------------------------------------------------------------------------------------------


