

**********************************************************************************************
**                                   Basic Information                                      **
**********************************************************************************************

----------------- Dataset Information -----------------
                         Country: Azerbaijan
                    Country dode: AZE
                       Data Year: 2003
                        Coverage: National
             Welfare measurement: Consumption
                     Data format: Unit record
                     Data source: AZE_N2003X
                  Data time span: UnDefined
-------------------------------------------------------


----------- Distribution ------------
   i           P           L 
-------------------------------------
   0    0.010068   0.0039256
   1    0.020032   0.0085539
   2    0.030267    0.013727
   3    0.040145    0.018939
   4    0.050074    0.024377
   5    0.060058    0.030024
   6    0.070309    0.036009
   7    0.080038    0.041825
   8    0.090148    0.048002
   9     0.10006    0.054174
  10     0.11013    0.060574
  11     0.12006    0.067005
  12     0.13021     0.07368
  13     0.14003    0.080237
  14     0.15015    0.087082
  15      0.1601    0.093907
  16     0.17001     0.10079
  17     0.18009     0.10786
  18     0.19011     0.11497
  19     0.20011     0.12215
  20        0.21     0.12935
  21     0.22005     0.13673
  22     0.23001     0.14413
  23     0.24009     0.15169
  24     0.25016     0.15931
  25     0.26009      0.1669
  26     0.27005     0.17457
  27     0.28006     0.18235
  28     0.29036     0.19044
  29     0.30005     0.19813
  30     0.31014      0.2062
  31     0.32002     0.21416
  32     0.33007     0.22232
  33     0.34002     0.23046
  34     0.35011     0.23878
  35     0.36013      0.2471
  36      0.3702     0.25555
  37     0.38012     0.26394
  38     0.39011     0.27245
  39     0.40001     0.28097
  40     0.41003     0.28966
  41     0.42003     0.29839
  42     0.43009     0.30727
  43     0.44022     0.31628
  44     0.45005     0.32509
  45     0.46003     0.33409
  46     0.47001     0.34318
  47     0.48024     0.35257
  48     0.49006     0.36163
  49     0.50011     0.37098
  50     0.51001     0.38027
  51     0.52009     0.38982
  52     0.53028     0.39956
  53     0.54001     0.40892
  54     0.55009      0.4187
  55     0.56003     0.42841
  56     0.57002     0.43825
  57     0.58005     0.44819
  58     0.59004     0.45819
  59     0.60018      0.4684
  60     0.61011     0.47848
  61     0.62015     0.48876
  62     0.63017     0.49912
  63     0.64009     0.50946
  64     0.65028     0.52018
  65     0.66015     0.53064
  66     0.67003      0.5412
  67     0.68013     0.55208
  68        0.69     0.56281
  69     0.70014     0.57393
  70     0.71011     0.58497
  71     0.72006     0.59611
  72     0.73008     0.60745
  73        0.74     0.61879
  74     0.75005     0.63039
  75     0.76001       0.642
  76     0.77002     0.65378
  77     0.78043     0.66615
  78     0.79008     0.67773
  79     0.80001     0.68978
  80     0.81001     0.70205
  81     0.82009     0.71456
  82     0.83002     0.72705
  83      0.8401     0.73988
  84     0.85001     0.75268
  85     0.86001     0.76578
  86     0.87023     0.77937
  87     0.88021     0.79287
  88        0.89     0.80633
  89     0.90006     0.82046
  90     0.91001     0.83476
  91     0.92007     0.84962
  92     0.93005     0.86468
  93     0.94004     0.88023
  94     0.95004     0.89641
  95     0.96002     0.91324
  96     0.97002     0.93102
  97     0.98005     0.95024
  98     0.99002     0.97168
  99           1           1
-----------------------------------------

----------------- PPP$ and local currency --------------
         PPP used in computation: 0.329419
     Data mean in local currency: 199277
               Data mean in PPP$: 249.756
        Poverty line in PPP$/Day: 1.9
      Poverty line in PPP$/Month: 57.7917
  Poverty line in local currency: 46111.2
-------------------------------------------------------

----------------- Estimation result --------------
     Number of observation: 8523
          Total population: 7.79869E+06
              Total wealth: 4.71769E+12(PPP$)
                   Minimum: 163708(PPP$)
                   Maximum: 5.37025E+06(PPP$)
             Headcount(HC): 0
          Poverty gap (PG): 0
       Poverty gap squared: 0
                      Gini: 0.188069
                    Median: 233.568
                       MLD: 0.0577216
                      Watt: 0
--------------------------------------------------

-------------------------------- Income or Consumption share by deciles (%) -------------------------------------
     5.4137     6.7935     7.6019     8.2871     8.9914     9.7343     10.555     11.599      13.06     17.963
-----------------------------------------------------------------------------------------------------------------


