

**********************************************************************************************
**                                   Basic Information                                      **
**********************************************************************************************

----------------- Dataset Information -----------------
                         Country: Azerbaijan
                    Country dode: AZE
                       Data Year: 2004
                        Coverage: National
             Welfare measurement: Consumption
                     Data format: Unit record
                     Data source: AZE_N2004X
                  Data time span: UnDefined
-------------------------------------------------------


----------- Distribution ------------
   i           P           L 
-------------------------------------
   0    0.010236   0.0049423
   1    0.020039    0.010228
   2    0.030119    0.015989
   3    0.040031    0.021874
   4    0.050084    0.028035
   5    0.060026    0.034277
   6    0.070068    0.040747
   7    0.080149    0.047328
   8    0.090073    0.053928
   9     0.10027    0.060842
  10     0.11005    0.067574
  11     0.12016    0.074611
  12     0.13002    0.081567
  13     0.14002    0.088714
  14     0.15033    0.096172
  15     0.16004     0.10327
  16     0.17012     0.11071
  17     0.18003     0.11809
  18     0.19007     0.12562
  19     0.20002     0.13317
  20     0.21004     0.14086
  21     0.22016      0.1487
  22     0.23003     0.15641
  23     0.24001     0.16427
  24     0.25024     0.17241
  25     0.26012     0.18032
  26     0.27001     0.18831
  27     0.28021     0.19662
  28     0.29011     0.20475
  29     0.30013     0.21305
  30     0.31023     0.22148
  31     0.32008     0.22976
  32     0.33005     0.23822
  33     0.34017     0.24685
  34     0.35005     0.25533
  35     0.36042     0.26428
  36     0.37006     0.27264
  37     0.38001     0.28134
  38     0.39023      0.2903
  39     0.40061     0.29946
  40      0.4101     0.30789
  41     0.42044     0.31713
  42     0.43001     0.32574
  43     0.44001     0.33479
  44     0.45002     0.34391
  45     0.46007     0.35313
  46     0.47004     0.36233
  47     0.48012     0.37167
  48     0.49012       0.381
  49     0.50011     0.39036
  50      0.5101     0.39977
  51     0.52011     0.40925
  52     0.53003      0.4187
  53     0.54027     0.42853
  54     0.55025     0.43818
  55     0.56001     0.44767
  56     0.57008     0.45752
  57     0.58014     0.46742
  58     0.59048     0.47768
  59     0.60005     0.48724
  60     0.61003     0.49725
  61      0.6202     0.50753
  62     0.63022     0.51772
  63     0.64007      0.5278
  64     0.65008     0.53813
  65     0.66004     0.54848
  66     0.67045     0.55938
  67     0.68007     0.56952
  68     0.69047     0.58055
  69     0.70006     0.59081
  70     0.71019     0.60172
  71     0.72002     0.61239
  72     0.73001     0.62334
  73     0.74028     0.63467
  74     0.75005     0.64553
  75      0.7601     0.65683
  76      0.7701     0.66819
  77     0.78013     0.67973
  78     0.79004     0.69124
  79     0.80002     0.70294
  80     0.81002     0.71481
  81     0.82006     0.72686
  82     0.83008     0.73904
  83     0.84008     0.75131
  84     0.85011     0.76378
  85     0.86004     0.77628
  86     0.87006     0.78906
  87        0.88     0.80195
  88     0.89001     0.81517
  89     0.90003     0.82869
  90      0.9101     0.84257
  91     0.92007     0.85666
  92     0.93029     0.87142
  93     0.94004     0.88588
  94     0.95004     0.90125
  95     0.96014     0.91744
  96     0.97001     0.93407
  97     0.98004     0.95227
  98     0.99004     0.97245
  99           1           1
-----------------------------------------

----------------- PPP$ and local currency --------------
         PPP used in computation: 0.329419
     Data mean in local currency: 215481
               Data mean in PPP$: 253.085
        Poverty line in PPP$/Day: 1.9
      Poverty line in PPP$/Month: 57.7917
  Poverty line in local currency: 49204.8
-------------------------------------------------------

----------------- Estimation result --------------
     Number of observation: 8424
          Total population: 8.00899E+06
              Total wealth: 5.23888E+12(PPP$)
                   Minimum: 270540(PPP$)
                   Maximum: 5.98916E+06(PPP$)
             Headcount(HC): 0
          Poverty gap (PG): 0
       Poverty gap squared: 0
                      Gini: 0.162325
                    Median: 237.81
                       MLD: 0.0435985
                      Watt: 0
--------------------------------------------------

-------------------------------- Income or Consumption share by deciles (%) -------------------------------------
     6.0661     7.2501     7.9785     8.5975     9.1332     9.6929     10.356     11.218     12.573     17.135
-----------------------------------------------------------------------------------------------------------------


