

**********************************************************************************************
**                                   Basic Information                                      **
**********************************************************************************************

----------------- Dataset Information -----------------
                         Country: Azerbaijan
                    Country dode: AZE
                       Data Year: 2008
                        Coverage: National
             Welfare measurement: Consumption
                     Data format: Unit record
                     Data source: AZE_N2008X
                  Data time span: UnDefined
-------------------------------------------------------


----------- Distribution ------------
   i           P           L 
-------------------------------------
   0    0.010336    0.001798
   1    0.020168   0.0043324
   2    0.030032   0.0073277
   3    0.040108     0.01072
   4    0.050028    0.014276
   5     0.06002    0.018032
   6     0.07018    0.022021
   7    0.080179    0.026077
   8    0.090296    0.030311
   9      0.1002    0.034587
  10     0.11003    0.038949
  11     0.12024    0.043614
  12     0.13006    0.048233
  13     0.14003    0.053045
  14     0.15002    0.057999
  15     0.16005    0.063065
  16     0.17004    0.068221
  17     0.18002    0.073463
  18     0.19002    0.078788
  19     0.20003    0.084217
  20     0.21017    0.089799
  21     0.22003    0.095322
  22     0.23009     0.10105
  23     0.24007     0.10681
  24     0.25007     0.11266
  25     0.26013     0.11862
  26     0.27009      0.1246
  27     0.28026     0.13078
  28     0.29011     0.13686
  29      0.3001      0.1431
  30     0.31017     0.14947
  31     0.32019     0.15593
  32     0.33023     0.16249
  33     0.34026     0.16913
  34     0.35017     0.17578
  35     0.36002     0.18248
  36     0.37012     0.18943
  37      0.3801     0.19639
  38     0.39009     0.20343
  39     0.40012     0.21058
  40      0.4102     0.21788
  41     0.42011     0.22515
  42     0.43001     0.23253
  43     0.44011     0.24016
  44     0.45028     0.24793
  45     0.46001     0.25545
  46     0.47009     0.26337
  47     0.48002     0.27127
  48     0.49025     0.27953
  49     0.50001     0.28749
  50     0.51021     0.29593
  51     0.52018     0.30429
  52     0.53001     0.31265
  53     0.54004     0.32132
  54     0.55003     0.33005
  55     0.56016     0.33904
  56     0.57054     0.34838
  57     0.58014     0.35714
  58     0.59011     0.36635
  59     0.60007     0.37566
  60     0.61009     0.38515
  61     0.62009     0.39474
  62     0.63004     0.40441
  63     0.64004     0.41425
  64     0.65017     0.42436
  65      0.6601     0.43441
  66     0.67003      0.4446
  67     0.68012     0.45513
  68     0.69014     0.46573
  69     0.70021     0.47657
  70     0.71002     0.48735
  71     0.72003     0.49851
  72     0.73007     0.50989
  73     0.74004     0.52143
  74        0.75     0.53317
  75     0.76007     0.54522
  76     0.77016     0.55757
  77     0.78004     0.56991
  78     0.79013     0.58273
  79     0.80024     0.59582
  80     0.81025     0.60903
  81     0.82003     0.62216
  82     0.83007     0.63597
  83     0.84003        0.65
  84     0.85008     0.66449
  85      0.8602     0.67944
  86     0.87011     0.69447
  87     0.88023     0.71024
  88     0.89001       0.726
  89     0.90025     0.74301
  90     0.91018     0.76005
  91     0.92016     0.77786
  92     0.93001     0.79633
  93     0.94005     0.81607
  94     0.95003     0.83675
  95     0.96003     0.85891
  96        0.97     0.88318
  97     0.98016      0.9113
  98     0.99014     0.94469
  99           1           1
-----------------------------------------

----------------- PPP$ and local currency --------------
         PPP used in computation: 0.329419
     Data mean in local currency: 89.0566
               Data mean in PPP$: 312.41
        Poverty line in PPP$/Day: 1.9
      Poverty line in PPP$/Month: 57.7917
  Poverty line in local currency: 16.4743
-------------------------------------------------------

----------------- Estimation result --------------
     Number of observation: 5587
          Total population: 8.19042E+06
              Total wealth: 2.21424E+09(PPP$)
                   Minimum: 8.29799(PPP$)
                   Maximum: 8118.4(PPP$)
             Headcount(HC): 0.00493618
          Poverty gap (PG): 0.00157509
       Poverty gap squared: 0.000866299
                      Gini: 0.317854
                    Median: 256.423
                       MLD: 0.168893
                      Watt: 0.00252545
--------------------------------------------------

-------------------------------- Income or Consumption share by deciles (%) -------------------------------------
     3.4501     4.9701     5.8838     6.7457     7.6983     8.8114     10.075     11.915     14.709     25.741
-----------------------------------------------------------------------------------------------------------------


