

**********************************************************************************************
**                                   Basic Information                                      **
**********************************************************************************************

----------------- Dataset Information -----------------
                         Country: Azerbaijan
                    Country dode: AZE
                       Data Year: 2002
                        Coverage: National
             Welfare measurement: Consumption
                     Data format: Unit record
                     Data source: AZE_N2002X
                  Data time span: UnDefined
-------------------------------------------------------


----------- Distribution ------------
   i           P           L 
-------------------------------------
   0    0.010096   0.0042987
   1    0.020467   0.0095467
   2    0.030307    0.014849
   3    0.040351     0.02051
   4    0.050107    0.026215
   5    0.060131    0.032256
   6     0.07006    0.038398
   7    0.080128    0.044764
   8    0.090007    0.051144
   9     0.10021    0.057871
  10     0.11002    0.064439
  11     0.12009    0.071283
  12     0.13007    0.078142
  13     0.14005    0.085098
  14      0.1501    0.092196
  15     0.16009     0.09933
  16     0.17006     0.10653
  17     0.18022     0.11396
  18     0.19009     0.12124
  19     0.20007     0.12868
  20     0.21002     0.13616
  21     0.22004     0.14376
  22     0.23024     0.15158
  23     0.24002     0.15913
  24     0.25001     0.16692
  25     0.26001     0.17479
  26     0.27001     0.18273
  27     0.28004     0.19076
  28     0.29005     0.19884
  29     0.30003     0.20696
  30     0.31006     0.21516
  31     0.32001     0.22337
  32     0.33011     0.23175
  33     0.34008     0.24007
  34     0.35004     0.24845
  35     0.36017     0.25703
  36     0.37016     0.26556
  37     0.38011     0.27413
  38     0.39002     0.28272
  39     0.40027     0.29168
  40     0.41013     0.30035
  41      0.4201     0.30917
  42     0.43011      0.3181
  43     0.44019     0.32714
  44      0.4502     0.33618
  45     0.46008     0.34515
  46     0.47014     0.35435
  47     0.48007     0.36351
  48     0.49004     0.37275
  49         0.5     0.38206
  50     0.51002      0.3915
  51     0.52005     0.40101
  52     0.53007     0.41058
  53     0.54002     0.42015
  54     0.55009      0.4299
  55      0.5602     0.43974
  56     0.57012     0.44946
  57     0.58003     0.45924
  58     0.59007     0.46924
  59     0.60005     0.47924
  60     0.61007     0.48937
  61     0.62003      0.4995
  62     0.63009      0.5098
  63     0.64004     0.52005
  64     0.65024     0.53063
  65     0.66002     0.54085
  66     0.67021     0.55159
  67     0.68021     0.56221
  68     0.69007     0.57275
  69     0.70005      0.5835
  70     0.71006     0.59437
  71     0.72008     0.60535
  72     0.73004     0.61634
  73     0.74001     0.62745
  74     0.75003     0.63873
  75     0.76028     0.65038
  76     0.77024      0.6618
  77      0.7804     0.67358
  78     0.79033     0.68521
  79     0.80003      0.6967
  80     0.81003     0.70868
  81     0.82006     0.72082
  82     0.83005     0.73306
  83        0.84     0.74541
  84     0.85006     0.75807
  85     0.86034     0.77119
  86     0.87001     0.78375
  87     0.88001     0.79696
  88     0.89002     0.81041
  89     0.90014     0.82429
  90     0.91012     0.83825
  91     0.92002     0.85242
  92     0.93011     0.86727
  93     0.94005     0.88237
  94     0.95008     0.89815
  95     0.96013     0.91474
  96     0.97003     0.93186
  97     0.98001     0.95036
  98     0.99006     0.97143
  99           1           1
-----------------------------------------

----------------- PPP$ and local currency --------------
         PPP used in computation: 0.329419
     Data mean in local currency: 189740
               Data mean in PPP$: 243.116
        Poverty line in PPP$/Day: 1.9
      Poverty line in PPP$/Month: 57.7917
  Poverty line in local currency: 45103.6
-------------------------------------------------------

----------------- Estimation result --------------
     Number of observation: 8155
          Total population: 7.79869E+06
              Total wealth: 4.49192E+12(PPP$)
                   Minimum: 163696(PPP$)
                   Maximum: 4.28546E+06(PPP$)
             Headcount(HC): 0
          Poverty gap (PG): 0
       Poverty gap squared: 0
                      Gini: 0.173636
                    Median: 228.191
                       MLD: 0.0498528
                      Watt: 0
--------------------------------------------------

-------------------------------- Income or Consumption share by deciles (%) -------------------------------------
      5.773     7.0898     7.8301     8.4511     9.0619     9.7138     10.425     11.321     12.744      17.59
-----------------------------------------------------------------------------------------------------------------


