

**********************************************************************************************
**                                   Basic Information                                      **
**********************************************************************************************

----------------- Dataset Information -----------------
                         Country: Burundi
                    Country dode: BDI
                       Data Year: 1998
                        Coverage: National
             Welfare measurement: Consumption
                     Data format: Unit record
                     Data source: BDI_N1998X
                  Data time span: UnDefined
-------------------------------------------------------


----------- Distribution ------------
   i           P           L 
-------------------------------------
   0     0.01026  0.00054147
   1    0.020092   0.0014908
   2    0.030308   0.0027616
   3    0.043057   0.0047412
   4    0.050146   0.0059817
   5    0.060285   0.0079361
   6    0.070498    0.010081
   7    0.080051    0.012251
   8    0.090112    0.014715
   9     0.10016    0.017312
  10     0.11004    0.020009
  11     0.12018    0.022971
  12      0.1301    0.025994
  13     0.14055    0.029356
  14     0.15008     0.03256
  15     0.16017     0.03608
  16     0.17035    0.039764
  17     0.18035    0.043552
  18     0.19019    0.047403
  19     0.20025    0.051487
  20     0.21232    0.056551
  21     0.22005    0.059867
  22     0.23011    0.064263
  23     0.24006    0.068721
  24      0.2501    0.073342
  25     0.26004     0.07801
  26     0.27027    0.082912
  27     0.28018    0.087759
  28     0.29009    0.092704
  29     0.30014    0.097875
  30     0.31296     0.10468
  31     0.32006     0.10849
  32     0.33032     0.11407
  33     0.34022     0.11958
  34      0.3501     0.12519
  35     0.36002     0.13089
  36     0.37002     0.13672
  37     0.38011     0.14272
  38     0.39023     0.14886
  39     0.40012     0.15495
  40     0.41022      0.1613
  41     0.42036     0.16773
  42     0.43014     0.17402
  43     0.44014     0.18061
  44     0.45023     0.18743
  45     0.46048     0.19447
  46     0.47013     0.20125
  47     0.48001     0.20833
  48     0.49028     0.21585
  49     0.50006     0.22317
  50     0.51024     0.23095
  51     0.52014     0.23868
  52     0.53168     0.24782
  53     0.54033     0.25477
  54     0.55024     0.26287
  55     0.56086     0.27172
  56     0.57008     0.27949
  57     0.58024     0.28821
  58     0.59009     0.29677
  59     0.60166     0.30701
  60     0.61009     0.31456
  61     0.62002     0.32359
  62     0.63047      0.3333
  63      0.6402     0.34247
  64      0.6505     0.35232
  65      0.6602     0.36181
  66     0.67003     0.37163
  67     0.68027     0.38201
  68     0.69028     0.39234
  69     0.70001     0.40258
  70     0.71004     0.41332
  71     0.72016     0.42432
  72     0.73035     0.43562
  73     0.74006     0.44658
  74     0.75017     0.45828
  75     0.76035     0.47035
  76     0.77005     0.48219
  77     0.78006     0.49471
  78     0.79003     0.50741
  79     0.80005     0.52046
  80     0.81004     0.53384
  81     0.82074     0.54862
  82     0.83008     0.56183
  83     0.84008     0.57634
  84     0.85008     0.59123
  85     0.86013     0.60666
  86        0.87     0.62224
  87     0.88042     0.63911
  88     0.89028     0.65561
  89     0.90083     0.67406
  90     0.91104     0.69259
  91      0.9203     0.70979
  92     0.93017     0.72921
  93      0.9401     0.74997
  94     0.95004     0.77259
  95     0.96004     0.79809
  96     0.97019     0.82727
  97     0.98001     0.86328
  98     0.99001     0.91289
  99           1           1
-----------------------------------------

----------------- PPP$ and local currency --------------
         PPP used in computation: 487.327
     Data mean in local currency: 5788.35
               Data mean in PPP$: 39.2921
        Poverty line in PPP$/Day: 1.9
      Poverty line in PPP$/Month: 57.7917
  Poverty line in local currency: 8513.62
-------------------------------------------------------

----------------- Estimation result --------------
     Number of observation: 6654
          Total population: 1
              Total wealth: 11.8777(PPP$)
                   Minimum: 0.0983323(PPP$)
                   Maximum: 661.007(PPP$)
             Headcount(HC): 0.841249
          Poverty gap (PG): 0.448234
       Poverty gap squared: 0.285799
                      Gini: 0.423469
                    Median: 29.7653
                       MLD: 0.32658
                      Watt: 0.783265
--------------------------------------------------

-------------------------------- Income or Consumption share by deciles (%) -------------------------------------
      1.727     3.4115     4.6417     5.7076     6.8244     8.2415     9.7037     11.782     15.222     32.739
-----------------------------------------------------------------------------------------------------------------


