

**********************************************************************************************
**                                   Basic Information                                      **
**********************************************************************************************

----------------- Dataset Information -----------------
                         Country: Belgium
                    Country dode: BEL
                       Data Year: 2009
                        Coverage: National
             Welfare measurement: Income
                     Data format: Unit record
                     Data source: BEL_N2009Y
                  Data time span: UnDefined
-------------------------------------------------------


----------- Distribution ------------
   i           P           L 
-------------------------------------
   0    0.010011  0.00055225
   1    0.020227   0.0026916
   2    0.030322   0.0053117
   3    0.040037   0.0082077
   4    0.050082    0.011508
   5    0.060328    0.015153
   6     0.07002    0.018763
   7    0.080111    0.022713
   8    0.090018    0.026843
   9     0.10012    0.031253
  10     0.11021    0.035841
  11     0.12004    0.040479
  12     0.13054    0.045597
  13     0.14008    0.050391
  14     0.15007    0.055563
  15      0.1601    0.060918
  16     0.17026    0.066489
  17     0.18004    0.071996
  18     0.19004    0.077769
  19     0.20003    0.083655
  20     0.21013    0.089706
  21        0.22    0.095746
  22     0.23012     0.10204
  23     0.24012     0.10839
  24     0.25064      0.1152
  25     0.26043     0.12164
  26     0.27011     0.12809
  27        0.28     0.13479
  28     0.29012     0.14172
  29     0.30003     0.14861
  30     0.31004     0.15568
  31     0.32011     0.16287
  32     0.33027     0.17024
  33     0.34003     0.17738
  34     0.35009     0.18482
  35     0.36004     0.19227
  36     0.37017     0.19993
  37     0.38026     0.20765
  38     0.39013     0.21531
  39     0.40003     0.22307
  40     0.41013     0.23108
  41     0.42001     0.23902
  42     0.43026     0.24735
  43     0.44008     0.25544
  44     0.45007     0.26375
  45     0.46012      0.2722
  46     0.47003      0.2806
  47     0.48011     0.28924
  48     0.49017     0.29795
  49      0.5001     0.30662
  50     0.51002     0.31537
  51     0.52008     0.32437
  52     0.53003     0.33337
  53     0.54004     0.34256
  54     0.55027     0.35208
  55     0.56004      0.3613
  56     0.57009     0.37089
  57     0.58012     0.38057
  58        0.59      0.3902
  59     0.60013     0.40019
  60     0.61003     0.41004
  61     0.62008     0.42015
  62     0.63014     0.43036
  63     0.64005     0.44054
  64     0.65004     0.45097
  65     0.66014     0.46169
  66     0.67001     0.47232
  67     0.68011     0.48331
  68     0.69034     0.49466
  69     0.70006     0.50558
  70     0.71008       0.517
  71     0.72001     0.52848
  72     0.73002      0.5402
  73     0.74022     0.55234
  74     0.75011     0.56429
  75     0.76019     0.57669
  76     0.77003     0.58897
  77     0.78019     0.60185
  78     0.79007     0.61462
  79     0.80032     0.62808
  80     0.81001     0.64101
  81     0.82001     0.65453
  82     0.83003     0.66837
  83     0.84019     0.68266
  84     0.85016     0.69696
  85     0.86015     0.71155
  86     0.87004     0.72622
  87     0.88022     0.74166
  88     0.89026     0.75718
  89     0.90004     0.77267
  90     0.91003     0.78896
  91     0.92049     0.80652
  92     0.93001     0.82299
  93      0.9401     0.84101
  94     0.95004     0.85952
  95     0.96001     0.87914
  96     0.97008     0.90063
  97     0.98002     0.92384
  98      0.9901      0.9509
  99           1           1
-----------------------------------------

----------------- PPP$ and local currency --------------
         PPP used in computation: 0.879014
     Data mean in local currency: 1215.14
               Data mean in PPP$: 1462.55
        Poverty line in PPP$/Day: 1.9
      Poverty line in PPP$/Month: 57.7917
  Poverty line in local currency: 48.0154
-------------------------------------------------------

----------------- Estimation result --------------
     Number of observation: 5959
          Total population: 1
              Total wealth: 1382.39(PPP$)
                   Minimum: -3171.17(PPP$)
                   Maximum: 35862.8(PPP$)
             Headcount(HC): 0.00221249
          Poverty gap (PG): 0.0149409
       Poverty gap squared: 0.469909
                      Gini: 0.286999
                    Median: 1282.71
                       MLD: 0.153664
                      Watt: 0.000548218
--------------------------------------------------

-------------------------------- Income or Consumption share by deciles (%) -------------------------------------
     3.1199     5.2437     6.4958      7.445     8.3485     9.3527     10.546     12.215     14.494     22.739
-----------------------------------------------------------------------------------------------------------------


