

**********************************************************************************************
**                                   Basic Information                                      **
**********************************************************************************************

----------------- Dataset Information -----------------
                         Country: Belgium
                    Country dode: BEL
                       Data Year: 2008
                        Coverage: National
             Welfare measurement: Income
                     Data format: Unit record
                     Data source: BEL_N2008Y
                  Data time span: UnDefined
-------------------------------------------------------


----------- Distribution ------------
   i           P           L 
-------------------------------------
   0    0.010005  -0.0022749
   1    0.020142   0.0001826
   2    0.030117   0.0029936
   3    0.040495   0.0062389
   4    0.050239   0.0095506
   5    0.060149    0.013193
   6    0.070676    0.017364
   7    0.080118    0.021254
   8     0.09009    0.025523
   9     0.10011    0.030005
  10     0.11002    0.034555
  11     0.12018    0.039351
  12     0.13005    0.044164
  13     0.14024    0.049303
  14     0.15009    0.054415
  15     0.16007     0.05972
  16     0.17018    0.065231
  17     0.18003    0.070759
  18     0.19015    0.076606
  19     0.20008    0.082439
  20     0.21021    0.088492
  21     0.22002    0.094485
  22     0.23001      0.1007
  23        0.24     0.10704
  24     0.25015      0.1136
  25      0.2601     0.12013
  26      0.2701     0.12675
  27     0.28001     0.13341
  28     0.29004     0.14024
  29      0.3001     0.14721
  30     0.31004      0.1542
  31     0.32001     0.16129
  32     0.33003     0.16851
  33     0.34064     0.17626
  34      0.3501     0.18325
  35      0.3602     0.19079
  36     0.37001     0.19823
  37        0.38      0.2059
  38     0.39006     0.21374
  39     0.40008     0.22163
  40     0.41016     0.22966
  41     0.42002     0.23759
  42     0.43006     0.24574
  43     0.44002     0.25392
  44     0.45009      0.2623
  45     0.46012      0.2707
  46     0.47021     0.27923
  47      0.4802     0.28775
  48     0.49014     0.29633
  49     0.50009     0.30502
  50     0.51011     0.31385
  51     0.52015     0.32279
  52     0.53006     0.33172
  53     0.54003     0.34082
  54     0.55001     0.35005
  55     0.56005     0.35943
  56     0.57006     0.36891
  57     0.58009     0.37852
  58     0.59013     0.38831
  59     0.60003     0.39809
  60     0.61006      0.4081
  61     0.62004     0.41818
  62     0.63031     0.42868
  63     0.64002     0.43875
  64     0.65007     0.44932
  65     0.66021     0.46014
  66     0.67009     0.47082
  67     0.68006     0.48175
  68     0.69011     0.49289
  69     0.70007      0.5041
  70     0.71005     0.51549
  71     0.72016      0.5272
  72     0.73007     0.53887
  73      0.7401     0.55085
  74     0.75009     0.56298
  75     0.76001     0.57517
  76     0.77011     0.58774
  77     0.78009     0.60039
  78     0.79001     0.61316
  79     0.80006     0.62628
  80     0.81007     0.63953
  81     0.82011     0.65309
  82     0.83002     0.66674
  83     0.84008     0.68092
  84     0.85008     0.69528
  85     0.86005     0.70987
  86     0.87003     0.72479
  87     0.88015     0.74024
  88     0.89009     0.75574
  89     0.90007     0.77165
  90     0.91003     0.78795
  91     0.92001     0.80477
  92     0.93012     0.82229
  93     0.94001     0.84002
  94     0.95008     0.85883
  95     0.96003     0.87843
  96      0.9701      0.8997
  97     0.98002     0.92295
  98     0.99014     0.95045
  99           1           1
-----------------------------------------

----------------- PPP$ and local currency --------------
         PPP used in computation: 0.879014
     Data mean in local currency: 1197.85
               Data mean in PPP$: 1440.97
        Poverty line in PPP$/Day: 1.9
      Poverty line in PPP$/Month: 57.7917
  Poverty line in local currency: 48.0409
-------------------------------------------------------

----------------- Estimation result --------------
     Number of observation: 6026
          Total population: 0.999999
              Total wealth: 1362.72(PPP$)
                   Minimum: -15866.5(PPP$)
                   Maximum: 42994.9(PPP$)
             Headcount(HC): 0.00427431
          Poverty gap (PG): 0.0816739
       Poverty gap squared: 12.6179
                      Gini: 0.289967
                    Median: 1264.27
                       MLD: 0.159076
                      Watt: 0.000625903
--------------------------------------------------

-------------------------------- Income or Consumption share by deciles (%) -------------------------------------
     2.9955     5.2437     6.4751     7.4428     8.3367     9.3121     10.596     12.218     14.535     22.845
-----------------------------------------------------------------------------------------------------------------


