

**********************************************************************************************
**                                   Basic Information                                      **
**********************************************************************************************

----------------- Dataset Information -----------------
                         Country: Belgium
                    Country dode: BEL
                       Data Year: 2011
                        Coverage: National
             Welfare measurement: Income
                     Data format: Unit record
                     Data source: BEL_N2011Y
                  Data time span: UnDefined
-------------------------------------------------------


----------- Distribution ------------
   i           P           L 
-------------------------------------
   0     0.01019 -0.00069203
   1    0.020079   0.0013936
   2    0.030054   0.0041929
   3    0.040184    0.007389
   4    0.050185    0.010773
   5    0.060354    0.014457
   6    0.070265    0.018232
   7    0.080016    0.022127
   8    0.090257     0.02637
   9     0.10004    0.030638
  10     0.11033    0.035305
  11     0.12001    0.039921
  12     0.13003    0.044863
  13     0.14012    0.049998
  14     0.15007    0.055174
  15     0.16007    0.060495
  16     0.17009    0.065938
  17     0.18017    0.071557
  18     0.19008    0.077205
  19     0.20003    0.083034
  20     0.21107    0.089643
  21     0.22031    0.095259
  22     0.23014     0.10132
  23     0.24007     0.10755
  24     0.25048     0.11421
  25     0.26021     0.12054
  26     0.27003     0.12704
  27     0.28001     0.13375
  28     0.29013     0.14065
  29     0.30003     0.14754
  30      0.3101     0.15467
  31     0.32002     0.16182
  32     0.33005     0.16914
  33     0.34024     0.17665
  34     0.35008     0.18398
  35     0.36015      0.1916
  36     0.37013     0.19925
  37     0.38025     0.20712
  38     0.39003     0.21484
  39     0.40015     0.22292
  40     0.41003     0.23091
  41     0.42015     0.23921
  42     0.43002     0.24737
  43     0.44053     0.25616
  44     0.45007     0.26424
  45      0.4602     0.27291
  46     0.47009     0.28148
  47     0.48015     0.29028
  48     0.49001     0.29899
  49     0.50014     0.30806
  50     0.51009     0.31706
  51     0.52005     0.32617
  52     0.53005     0.33541
  53     0.54007     0.34478
  54     0.55008     0.35424
  55     0.56009     0.36379
  56     0.57008     0.37341
  57     0.58011     0.38319
  58     0.59027      0.3932
  59      0.6001     0.40299
  60     0.61012     0.41308
  61     0.62009     0.42324
  62     0.63018     0.43364
  63     0.64011     0.44399
  64     0.65008     0.45451
  65     0.66002     0.46512
  66     0.67028     0.47624
  67     0.68001     0.48694
  68     0.69022     0.49829
  69     0.70003     0.50934
  70     0.71022     0.52093
  71     0.72003     0.53225
  72     0.73015     0.54406
  73     0.74005      0.5558
  74     0.75007     0.56787
  75     0.76018     0.58024
  76     0.77016     0.59265
  77     0.78003     0.60512
  78     0.79018     0.61808
  79     0.80021     0.63109
  80      0.8102     0.64427
  81     0.82024     0.65775
  82     0.83022      0.6714
  83     0.84025     0.68538
  84     0.85003     0.69932
  85     0.86007     0.71398
  86     0.87015     0.72901
  87     0.88002     0.74411
  88     0.89002     0.75972
  89     0.90009     0.77588
  90     0.91003     0.79225
  91     0.92004     0.80925
  92     0.93002     0.82672
  93     0.94007     0.84497
  94     0.95015       0.864
  95     0.96009     0.88383
  96     0.97008      0.9052
  97     0.98008     0.92816
  98     0.99001     0.95421
  99           1           1
-----------------------------------------

----------------- PPP$ and local currency --------------
         PPP used in computation: 0.879014
     Data mean in local currency: 1241.97
               Data mean in PPP$: 1412.91
        Poverty line in PPP$/Day: 1.9
      Poverty line in PPP$/Month: 57.7917
  Poverty line in local currency: 50.7997
-------------------------------------------------------

----------------- Estimation result --------------
     Number of observation: 5552
          Total population: 1
              Total wealth: 1412.92(PPP$)
                   Minimum: -3781.59(PPP$)
                   Maximum: 31285.1(PPP$)
             Headcount(HC): 0.00443159
          Poverty gap (PG): 0.0368632
       Poverty gap squared: 1.36909
                      Gini: 0.284329
                    Median: 1271.16
                       MLD: 0.158665
                      Watt: 0.000946157
--------------------------------------------------

-------------------------------- Income or Consumption share by deciles (%) -------------------------------------
     3.0622     5.2394     6.4498      7.529     8.5128     9.4959     10.641     12.152     14.491     22.427
-----------------------------------------------------------------------------------------------------------------


