

**********************************************************************************************
**                                   Basic Information                                      **
**********************************************************************************************

----------------- Dataset Information -----------------
                         Country: Belgium
                    Country dode: BEL
                       Data Year: 2012
                        Coverage: National
             Welfare measurement: Income
                     Data format: Unit record
                     Data source: BEL_N2012Y
                  Data time span: UnDefined
-------------------------------------------------------


----------- Distribution ------------
   i           P           L 
-------------------------------------
   0    0.010116  0.00077953
   1    0.020136   0.0032252
   2    0.030241   0.0060583
   3    0.040084   0.0090901
   4    0.050181    0.012508
   5    0.060103    0.016145
   6     0.07025    0.020081
   7    0.080051    0.024047
   8    0.090111     0.02838
   9     0.10018    0.032965
  10        0.11    0.037564
  11      0.1202    0.042481
  12     0.13024    0.047482
  13     0.14016     0.05258
  14     0.15016    0.057849
  15     0.16019    0.063276
  16     0.17033    0.068902
  17     0.18006    0.074446
  18     0.19049    0.080547
  19     0.20001     0.08622
  20     0.21038    0.092528
  21     0.22019    0.098573
  22     0.23003     0.10472
  23     0.24009     0.11111
  24      0.2501     0.11761
  25        0.26     0.12414
  26     0.27009     0.13092
  27     0.28002     0.13769
  28     0.29013      0.1447
  29     0.30004     0.15169
  30     0.31008      0.1589
  31      0.3201     0.16619
  32     0.33002     0.17353
  33     0.34013     0.18111
  34     0.35003     0.18862
  35     0.36001     0.19626
  36     0.37003     0.20402
  37     0.38014     0.21196
  38     0.39116      0.2207
  39     0.40039     0.22809
  40     0.41001     0.23589
  41     0.42002     0.24409
  42      0.4309     0.25313
  43     0.44006     0.26081
  44     0.45015     0.26936
  45      0.4602     0.27798
  46     0.47004     0.28649
  47     0.48002     0.29523
  48     0.49003     0.30409
  49     0.50007     0.31307
  50     0.51006      0.3221
  51     0.52017     0.33134
  52     0.53027     0.34067
  53     0.54003     0.34977
  54     0.55006     0.35923
  55     0.56007     0.36878
  56     0.57014     0.37847
  57     0.58004      0.3881
  58     0.59015     0.39805
  59     0.60081     0.40869
  60     0.61012      0.4181
  61     0.62011     0.42835
  62     0.63002     0.43862
  63     0.64037     0.44947
  64     0.65001     0.45968
  65        0.66     0.47039
  66     0.67018     0.48143
  67     0.68002     0.49221
  68     0.69005     0.50336
  69     0.70018     0.51478
  70     0.71015     0.52616
  71     0.72051     0.53814
  72     0.73007     0.54932
  73      0.7401     0.56122
  74     0.75006     0.57321
  75     0.76005     0.58541
  76     0.77018     0.59791
  77     0.78022     0.61052
  78     0.79007     0.62304
  79     0.80031     0.63632
  80     0.81005     0.64916
  81     0.82008     0.66264
  82     0.83003     0.67628
  83     0.84024     0.69055
  84     0.85002     0.70453
  85     0.86011     0.71921
  86     0.87009     0.73404
  87        0.88     0.74909
  88     0.89006     0.76466
  89     0.90036     0.78102
  90     0.91009     0.79689
  91     0.92004     0.81364
  92     0.93008     0.83118
  93     0.94014     0.84939
  94     0.95003     0.86807
  95     0.96006     0.88792
  96     0.97007     0.90881
  97        0.98     0.93154
  98     0.99006     0.95747
  99           1           1
-----------------------------------------

----------------- PPP$ and local currency --------------
         PPP used in computation: 0.879014
     Data mean in local currency: 1317.57
               Data mean in PPP$: 1457.53
        Poverty line in PPP$/Day: 1.9
      Poverty line in PPP$/Month: 57.7917
  Poverty line in local currency: 52.2422
-------------------------------------------------------

----------------- Estimation result --------------
     Number of observation: 5893
          Total population: 1
              Total wealth: 1498.92(PPP$)
                   Minimum: -3627.64(PPP$)
                   Maximum: 34525.6(PPP$)
             Headcount(HC): 0.0022375
          Poverty gap (PG): 0.0112908
       Poverty gap squared: 0.460672
                      Gini: 0.275867
                    Median: 1309.03
                       MLD: 0.143449
                      Watt: 0.00212054
--------------------------------------------------

-------------------------------- Income or Consumption share by deciles (%) -------------------------------------
     3.2882      5.333     6.5453     7.6119     8.5223     9.4872     10.669     12.134     14.454     21.955
-----------------------------------------------------------------------------------------------------------------


