

**********************************************************************************************
**                                   Basic Information                                      **
**********************************************************************************************

----------------- Dataset Information -----------------
                         Country: Belgium
                    Country dode: BEL
                       Data Year: 2005
                        Coverage: National
             Welfare measurement: Income
                     Data format: Unit record
                     Data source: BEL_N2005Y
                  Data time span: UnDefined
-------------------------------------------------------


----------- Distribution ------------
   i           P           L 
-------------------------------------
   0    0.010002  -0.0024989
   1    0.020002 -0.00010895
   2    0.030296   0.0028466
   3    0.040203    0.006022
   4    0.050218   0.0094992
   5    0.060138     0.01317
   6    0.070232    0.017159
   7    0.080491    0.021429
   8    0.090222    0.025655
   9      0.1001    0.030104
  10      0.1101    0.034724
  11     0.12011    0.039491
  12      0.1301      0.0444
  13     0.14002    0.049429
  14     0.15012    0.054709
  15     0.16009    0.060047
  16     0.17023    0.065617
  17     0.18038    0.071323
  18     0.19022    0.076995
  19     0.20004    0.082745
  20     0.21007    0.088718
  21     0.22012    0.094792
  22     0.23002     0.10087
  23     0.24006     0.10717
  24     0.25007     0.11353
  25      0.2601        0.12
  26     0.27009     0.12651
  27     0.28012     0.13315
  28     0.29016     0.13991
  29     0.30014     0.14672
  30     0.31084     0.15412
  31     0.32026     0.16071
  32     0.33006     0.16764
  33     0.34038     0.17505
  34     0.35014     0.18216
  35     0.36003     0.18943
  36     0.37017     0.19698
  37     0.38002     0.20439
  38     0.39005     0.21202
  39     0.40003     0.21971
  40     0.41002     0.22748
  41     0.42008      0.2354
  42     0.43017     0.24345
  43     0.44007     0.25143
  44     0.45001     0.25954
  45     0.46026     0.26801
  46     0.47005     0.27619
  47     0.48011     0.28469
  48     0.49008     0.29322
  49     0.50029     0.30206
  50     0.51004      0.3106
  51     0.52002     0.31944
  52     0.53019     0.32855
  53     0.54013     0.33754
  54     0.55022     0.34677
  55     0.56035      0.3561
  56        0.57     0.36508
  57     0.58008     0.37457
  58      0.5901     0.38412
  59     0.60002     0.39366
  60        0.61      0.4034
  61     0.62012      0.4134
  62     0.63019     0.42348
  63     0.64002     0.43347
  64     0.65016     0.44386
  65     0.66014     0.45423
  66     0.67014     0.46473
  67     0.68015      0.4754
  68     0.69018     0.48622
  69     0.70016     0.49716
  70     0.71001     0.50811
  71     0.72009     0.51951
  72      0.7301       0.531
  73     0.74029     0.54286
  74     0.75003     0.55437
  75     0.76004      0.5664
  76     0.77002     0.57859
  77     0.78027     0.59135
  78     0.79021     0.60392
  79     0.80016     0.61673
  80     0.81003     0.62971
  81     0.82004     0.64308
  82     0.83002      0.6567
  83     0.84002     0.67056
  84     0.85012     0.68481
  85     0.86004     0.69912
  86     0.87007     0.71396
  87     0.88016     0.72922
  88      0.8902     0.74472
  89     0.90015     0.76042
  90     0.91024     0.77672
  91     0.92096     0.79456
  92     0.93005     0.81021
  93     0.94007     0.82809
  94     0.95002     0.84658
  95     0.96009     0.86619
  96     0.97002     0.88682
  97     0.98001     0.90962
  98     0.99007     0.93657
  99           1           1
-----------------------------------------

----------------- PPP$ and local currency --------------
         PPP used in computation: 0.879014
     Data mean in local currency: 1080.23
               Data mean in PPP$: 1407.3
        Poverty line in PPP$/Day: 1.9
      Poverty line in PPP$/Month: 57.7917
  Poverty line in local currency: 44.3601
-------------------------------------------------------

----------------- Estimation result --------------
     Number of observation: 5614
          Total population: 0.999999
              Total wealth: 1228.91(PPP$)
                   Minimum: -17831.2(PPP$)
                   Maximum: 221383(PPP$)
             Headcount(HC): 0.0035796
          Poverty gap (PG): 0.0832923
       Poverty gap squared: 14.6552
                      Gini: 0.298808
                    Median: 1224.84
                       MLD: 0.167302
                      Watt: 0.00165847
--------------------------------------------------

-------------------------------- Income or Consumption share by deciles (%) -------------------------------------
     3.0059     5.2664       6.39     7.3056     8.2132     9.1835     10.334     11.954     14.366     23.982
-----------------------------------------------------------------------------------------------------------------


