

**********************************************************************************************
**                                   Basic Information                                      **
**********************************************************************************************

----------------- Dataset Information -----------------
                         Country: Belgium
                    Country dode: BEL
                       Data Year: 2004
                        Coverage: National
             Welfare measurement: Income
                     Data format: Unit record
                     Data source: BEL_N2004Y
                  Data time span: UnDefined
-------------------------------------------------------


----------- Distribution ------------
   i           P           L 
-------------------------------------
   0    0.010137   0.0011136
   1    0.020214   0.0036651
   2     0.03007   0.0065607
   3     0.04005   0.0097576
   4    0.050271    0.013235
   5     0.06017     0.01684
   6     0.07013    0.020631
   7    0.080134    0.024646
   8    0.090171    0.028833
   9     0.10004     0.03311
  10     0.11026    0.037686
  11     0.12002    0.042186
  12     0.13007    0.046943
  13     0.14001    0.051782
  14     0.15026    0.056911
  15     0.16026     0.06204
  16     0.17032    0.067333
  17      0.1802    0.072676
  18     0.19039    0.078308
  19     0.20016    0.083826
  20     0.21018    0.089584
  21     0.22051    0.095638
  22     0.23022     0.10144
  23     0.24076     0.10787
  24      0.2501     0.11366
  25     0.26005     0.11993
  26     0.27012     0.12638
  27     0.28029     0.13299
  28     0.29003     0.13941
  29     0.30052     0.14643
  30     0.31003     0.15288
  31     0.32025      0.1599
  32     0.33021     0.16683
  33     0.34007     0.17378
  34     0.35021     0.18099
  35     0.36017     0.18816
  36     0.37002     0.19534
  37     0.38003     0.20272
  38     0.39002     0.21019
  39     0.40031     0.21798
  40     0.41007     0.22548
  41     0.42006     0.23324
  42     0.43015     0.24118
  43     0.44014     0.24914
  44      0.4501     0.25718
  45     0.46027     0.26547
  46     0.47005     0.27353
  47     0.48032     0.28207
  48     0.49014     0.29033
  49     0.50015     0.29884
  50        0.51      0.3073
  51     0.52015     0.31613
  52     0.53007     0.32486
  53     0.54014     0.33384
  54     0.55006     0.34276
  55     0.56024     0.35204
  56     0.57009     0.36112
  57     0.58016     0.37049
  58     0.59128     0.38098
  59     0.60002     0.38928
  60     0.61013     0.39896
  61     0.62013     0.40866
  62     0.63003      0.4184
  63     0.64011     0.42843
  64     0.65007     0.43847
  65        0.66     0.44859
  66     0.67002     0.45894
  67     0.68023     0.46962
  68     0.69009     0.48009
  69     0.70009     0.49085
  70      0.7101     0.50182
  71     0.72019     0.51306
  72     0.73009     0.52424
  73     0.74011     0.53571
  74     0.75002     0.54722
  75     0.76017      0.5592
  76     0.77218     0.57362
  77     0.78009     0.58326
  78     0.79014     0.59571
  79     0.80013     0.60833
  80     0.81004     0.62109
  81     0.82006     0.63424
  82     0.83002     0.64758
  83     0.84022     0.66155
  84     0.85004     0.67525
  85     0.86019     0.68962
  86     0.87004     0.70381
  87     0.88006     0.71848
  88     0.89009     0.73346
  89     0.90002     0.74867
  90     0.91001     0.76439
  91     0.92008     0.78071
  92     0.93008     0.79758
  93     0.94001     0.81504
  94     0.95009     0.83345
  95     0.96012     0.85246
  96     0.97008     0.87243
  97     0.98004      0.8942
  98     0.99004     0.91961
  99           1           1
-----------------------------------------

----------------- PPP$ and local currency --------------
         PPP used in computation: 0.879014
     Data mean in local currency: 1056.38
               Data mean in PPP$: 1414.56
        Poverty line in PPP$/Day: 1.9
      Poverty line in PPP$/Month: 57.7917
  Poverty line in local currency: 43.1584
-------------------------------------------------------

----------------- Estimation result --------------
     Number of observation: 4882
          Total population: 1
              Total wealth: 1201.78(PPP$)
                   Minimum: -1910.53(PPP$)
                   Maximum: 472202(PPP$)
             Headcount(HC): 0.0011137
          Poverty gap (PG): 0.0102889
       Poverty gap squared: 0.313601
                      Gini: 0.306336
                    Median: 1207.39
                       MLD: 0.174676
                      Watt: 0.000377049
--------------------------------------------------

-------------------------------- Income or Consumption share by deciles (%) -------------------------------------
     3.3093     5.0643     6.2345     7.1666     8.0967     9.0544      10.15      11.74     14.047     25.136
-----------------------------------------------------------------------------------------------------------------


