

**********************************************************************************************
**                                   Basic Information                                      **
**********************************************************************************************

----------------- Dataset Information -----------------
                         Country: Belgium
                    Country dode: BEL
                       Data Year: 2010
                        Coverage: National
             Welfare measurement: Income
                     Data format: Unit record
                     Data source: BEL_N2010Y
                  Data time span: UnDefined
-------------------------------------------------------


----------- Distribution ------------
   i           P           L 
-------------------------------------
   0    0.010019  0.00036251
   1    0.020046   0.0026076
   2    0.030052    0.005325
   3    0.040206   0.0084652
   4    0.050023    0.011734
   5    0.060266     0.01538
   6     0.07011    0.019141
   7    0.080064    0.023159
   8    0.090081    0.027374
   9     0.10003    0.031744
  10     0.11001    0.036345
  11     0.12046    0.041354
  12     0.13016    0.046128
  13      0.1405    0.051368
  14      0.1502    0.056467
  15     0.16009    0.061782
  16      0.1701    0.067309
  17     0.18043    0.073129
  18     0.19002    0.078638
  19     0.20013    0.084578
  20     0.21031    0.090668
  21     0.22014    0.096657
  22     0.23001     0.10278
  23     0.24001     0.10911
  24     0.25012     0.11563
  25     0.26008     0.12215
  26     0.27003     0.12874
  27     0.28004     0.13547
  28      0.2901     0.14231
  29     0.30014     0.14924
  30     0.31007     0.15621
  31      0.3203     0.16349
  32     0.33014     0.17062
  33     0.34003     0.17789
  34     0.35007     0.18538
  35     0.36029     0.19312
  36     0.37003     0.20056
  37     0.38053     0.20868
  38     0.39012     0.21618
  39     0.40012     0.22412
  40     0.41012     0.23213
  41     0.42014     0.24025
  42     0.43017     0.24846
  43        0.44     0.25662
  44     0.45001     0.26504
  45     0.46029     0.27378
  46      0.4703     0.28238
  47     0.48005     0.29083
  48     0.49013     0.29965
  49     0.50009     0.30844
  50     0.51012      0.3174
  51     0.52031      0.3266
  52      0.5302     0.33565
  53     0.54001     0.34472
  54     0.55001     0.35406
  55     0.56022     0.36368
  56        0.57     0.37301
  57     0.58025     0.38287
  58     0.59016     0.39248
  59     0.60005     0.40219
  60     0.61009     0.41218
  61     0.62005      0.4222
  62     0.63012     0.43245
  63      0.6403     0.44293
  64     0.65003     0.45307
  65      0.6601     0.46369
  66     0.67006     0.47432
  67        0.68     0.48508
  68      0.6901     0.49614
  69     0.70025      0.5074
  70     0.71004     0.51842
  71        0.72      0.5298
  72        0.73     0.54138
  73     0.74015      0.5533
  74      0.7501     0.56519
  75     0.76011      0.5773
  76     0.77009     0.58957
  77     0.78014     0.60217
  78     0.79017     0.61497
  79     0.80001     0.62773
  80     0.81002     0.64101
  81     0.82024      0.6548
  82      0.8301     0.66833
  83     0.84006     0.68222
  84     0.85007     0.69645
  85     0.86001     0.71092
  86     0.87011      0.7259
  87     0.88005     0.74096
  88     0.89037     0.75695
  89     0.90016     0.77253
  90     0.91002     0.78867
  91     0.92003     0.80554
  92     0.93002     0.82288
  93     0.94032     0.84149
  94     0.95007     0.85998
  95     0.96014     0.88022
  96     0.97012      0.9017
  97     0.98008     0.92479
  98      0.9901     0.95136
  99           1           1
-----------------------------------------

----------------- PPP$ and local currency --------------
         PPP used in computation: 0.879014
     Data mean in local currency: 1232.58
               Data mean in PPP$: 1451.75
        Poverty line in PPP$/Day: 1.9
      Poverty line in PPP$/Month: 57.7917
  Poverty line in local currency: 49.0666
-------------------------------------------------------

----------------- Estimation result --------------
     Number of observation: 5710
          Total population: 1
              Total wealth: 1402.23(PPP$)
                   Minimum: -2733.22(PPP$)
                   Maximum: 159655(PPP$)
             Headcount(HC): 0.00243619
          Poverty gap (PG): 0.0170378
       Poverty gap squared: 0.475465
                      Gini: 0.28528
                    Median: 1290.1
                       MLD: 0.154005
                      Watt: 0.00127953
--------------------------------------------------

-------------------------------- Income or Consumption share by deciles (%) -------------------------------------
     3.1731     5.2768     6.4647     7.4874      8.434     9.3781     10.498      12.06     14.455     22.773
-----------------------------------------------------------------------------------------------------------------


