

**********************************************************************************************
**                                   Basic Information                                      **
**********************************************************************************************

----------------- Dataset Information -----------------
                         Country: Belgium
                    Country dode: BEL
                       Data Year: 2007
                        Coverage: National
             Welfare measurement: Income
                     Data format: Unit record
                     Data source: BEL_N2007Y
                  Data time span: UnDefined
-------------------------------------------------------


----------- Distribution ------------
   i           P           L 
-------------------------------------
   0    0.010153 -0.00054734
   1      0.0207   0.0019555
   2    0.030017   0.0046384
   3    0.040447   0.0079483
   4    0.050407    0.011403
   5    0.060058    0.014987
   6    0.070659    0.019073
   7    0.080193    0.022935
   8    0.090438    0.027276
   9     0.10015    0.031548
  10     0.11078     0.03641
  11     0.12013    0.040817
  12      0.1301    0.045649
  13     0.14011    0.050661
  14     0.15008    0.055795
  15      0.1602     0.06113
  16     0.17015    0.066509
  17     0.18003       0.072
  18     0.19024    0.077794
  19     0.20025    0.083571
  20     0.21007    0.089349
  21     0.22005    0.095329
  22     0.23007     0.10144
  23      0.2401     0.10764
  24     0.25018     0.11397
  25     0.26015     0.12035
  26     0.27008      0.1268
  27     0.28002     0.13337
  28      0.2902      0.1402
  29     0.30043     0.14716
  30        0.31     0.15373
  31     0.32053     0.16106
  32     0.33014     0.16785
  33      0.3401       0.175
  34     0.35009     0.18228
  35     0.36007     0.18966
  36     0.37008     0.19715
  37      0.3801     0.20472
  38     0.39013     0.21239
  39     0.40037     0.22034
  40     0.41143     0.22902
  41     0.42012      0.2359
  42     0.43004     0.24381
  43     0.44025     0.25205
  44     0.45028     0.26023
  45        0.46     0.26823
  46     0.47011     0.27666
  47     0.48005     0.28506
  48     0.49014     0.29369
  49     0.50013     0.30235
  50     0.51055     0.31146
  51     0.52003     0.31986
  52     0.53008     0.32886
  53     0.54031     0.33813
  54     0.55007     0.34712
  55     0.56006     0.35642
  56     0.57002     0.36579
  57     0.58022     0.37547
  58     0.59003     0.38488
  59     0.60011     0.39467
  60     0.61007     0.40443
  61     0.62006     0.41436
  62     0.63007     0.42442
  63     0.64006     0.43461
  64     0.65003     0.44492
  65     0.66001      0.4554
  66     0.67005     0.46605
  67     0.68026     0.47701
  68     0.69002     0.48762
  69     0.70005     0.49866
  70     0.71006     0.50982
  71     0.72008     0.52116
  72     0.73008     0.53265
  73     0.74006     0.54428
  74     0.75008     0.55616
  75        0.76     0.56814
  76     0.77011     0.58054
  77     0.78014     0.59304
  78     0.79016     0.60576
  79     0.80008     0.61862
  80     0.81017     0.63195
  81     0.82036      0.6457
  82     0.83004     0.65904
  83     0.84007     0.67316
  84     0.85002     0.68737
  85      0.8602     0.70222
  86     0.87012     0.71709
  87     0.88018     0.73252
  88     0.89001     0.74792
  89     0.90025     0.76431
  90     0.91012     0.78051
  91     0.92001     0.79714
  92     0.93003      0.8146
  93     0.94011     0.83296
  94     0.95011     0.85192
  95     0.96001     0.87156
  96     0.97001     0.89272
  97     0.98076     0.91774
  98        0.99     0.94318
  99           1           1
-----------------------------------------

----------------- PPP$ and local currency --------------
         PPP used in computation: 0.879014
     Data mean in local currency: 1134.38
               Data mean in PPP$: 1425.86
        Poverty line in PPP$/Day: 1.9
      Poverty line in PPP$/Month: 57.7917
  Poverty line in local currency: 45.9777
-------------------------------------------------------

----------------- Estimation result --------------
     Number of observation: 6168
          Total population: 0.999998
              Total wealth: 1290.51(PPP$)
                   Minimum: -4856.75(PPP$)
                   Maximum: 45363.3(PPP$)
             Headcount(HC): 0.00339861
          Poverty gap (PG): 0.0404939
       Poverty gap squared: 2.27746
                      Gini: 0.295693
                    Median: 1240.19
                       MLD: 0.163525
                      Watt: 0.00121529
--------------------------------------------------

-------------------------------- Income or Consumption share by deciles (%) -------------------------------------
     3.1482     5.1947     6.3433     7.3193     8.2179     9.2326     10.405     11.991      14.54     23.608
-----------------------------------------------------------------------------------------------------------------


