

**********************************************************************************************
**                                   Basic Information                                      **
**********************************************************************************************

----------------- Dataset Information -----------------
                         Country: Benin
                    Country dode: BEN
                       Data Year: 2003
                        Coverage: National
             Welfare measurement: Consumption
                     Data format: Unit record
                     Data source: BEN_N2003X
                  Data time span: UnDefined
-------------------------------------------------------


----------- Distribution ------------
   i           P           L 
-------------------------------------
   0    0.010187   0.0017116
   1    0.020298   0.0039563
   2    0.030037   0.0063579
   3    0.040031   0.0090669
   4    0.050227    0.012034
   5    0.060044    0.015037
   6    0.070186    0.018293
   7    0.080058    0.021579
   8    0.090219    0.025091
   9     0.10003    0.028589
  10     0.11004    0.032265
  11      0.1201    0.036072
  12     0.13009    0.039946
  13     0.14018    0.043939
  14     0.15005    0.047935
  15      0.1601    0.052107
  16     0.17013    0.056374
  17      0.1801    0.060717
  18     0.19023     0.06526
  19     0.20008    0.069769
  20     0.21018    0.074475
  21     0.22022    0.079247
  22     0.23027    0.084112
  23     0.24006    0.088923
  24     0.25042    0.094094
  25     0.26029    0.099093
  26     0.27013     0.10415
  27     0.28028     0.10945
  28     0.29007     0.11464
  29     0.30005     0.12002
  30     0.31001     0.12549
  31     0.32001     0.13106
  32     0.33006     0.13675
  33     0.34018     0.14255
  34     0.35002     0.14829
  35     0.36006     0.15424
  36     0.37012     0.16031
  37      0.3802     0.16647
  38     0.39006     0.17257
  39      0.4001      0.1789
  40     0.41015     0.18537
  41     0.42013     0.19191
  42     0.43013     0.19857
  43     0.44009     0.20531
  44     0.45017     0.21225
  45     0.46017     0.21922
  46     0.47017      0.2263
  47     0.48006     0.23343
  48     0.49019     0.24084
  49     0.50003     0.24814
  50     0.51002     0.25567
  51     0.52018     0.26343
  52     0.53004     0.27107
  53        0.54     0.27889
  54     0.55014     0.28698
  55     0.56016     0.29512
  56     0.57015     0.30333
  57     0.58019     0.31172
  58      0.5901     0.32017
  59     0.60016     0.32891
  60      0.6101     0.33765
  61     0.62011     0.34658
  62     0.63003     0.35559
  63     0.64003     0.36479
  64     0.65076     0.37485
  65        0.66     0.38366
  66     0.67016     0.39354
  67     0.68032     0.40361
  68     0.69003     0.41332
  69     0.70017     0.42364
  70      0.7101     0.43395
  71     0.72008     0.44449
  72     0.73004      0.4552
  73        0.74     0.46613
  74     0.75003     0.47736
  75     0.76014     0.48896
  76     0.77008      0.5007
  77     0.78027     0.51306
  78     0.79007     0.52527
  79     0.80004     0.53799
  80     0.81016     0.55127
  81     0.82009     0.56476
  82     0.83013     0.57874
  83     0.84027     0.59319
  84     0.85015     0.60765
  85     0.86024     0.62289
  86     0.87013     0.63832
  87     0.88018     0.65453
  88     0.89005     0.67114
  89     0.90018     0.68916
  90     0.91018     0.70791
  91     0.92014     0.72751
  92     0.93004     0.74795
  93     0.94008     0.76981
  94     0.95019     0.79348
  95     0.96012     0.81905
  96     0.97004     0.84738
  97     0.98008     0.88066
  98     0.99002     0.92143
  99           1           1
-----------------------------------------

----------------- PPP$ and local currency --------------
         PPP used in computation: 224.917
     Data mean in local currency: 13658.9
               Data mean in PPP$: 78.6323
        Poverty line in PPP$/Day: 1.9
      Poverty line in PPP$/Month: 57.7917
  Poverty line in local currency: 10038.8
-------------------------------------------------------

----------------- Estimation result --------------
     Number of observation: 5349
          Total population: 6.73774E+06
              Total wealth: 4.09174E+08(PPP$)
                   Minimum: 4.08316(PPP$)
                   Maximum: 1823.44(PPP$)
             Headcount(HC): 0.488479
          Poverty gap (PG): 0.1625
       Poverty gap squared: 0.0721875
                      Gini: 0.385782
                    Median: 58.8018
                       MLD: 0.246393
                      Watt: 0.221697
--------------------------------------------------

-------------------------------- Income or Consumption share by deciles (%) -------------------------------------
      2.858     4.1151     5.0267     5.8844     6.9276      8.065     9.4705     11.446     15.091     31.116
-----------------------------------------------------------------------------------------------------------------


