

**********************************************************************************************
**                                   Basic Information                                      **
**********************************************************************************************

----------------- Dataset Information -----------------
                         Country: Burkina Faso
                    Country dode: BFA
                       Data Year: 2009
                        Coverage: National
             Welfare measurement: Consumption
                     Data format: Unit record
                     Data source: BFA_N2009X
                  Data time span: UnDefined
-------------------------------------------------------


----------- Distribution ------------
   i           P           L 
-------------------------------------
   0    0.010298   0.0015544
   1    0.020091   0.0035805
   2    0.030067   0.0059926
   3    0.040057   0.0085986
   4    0.050124    0.011389
   5    0.060257    0.014352
   6    0.070138    0.017387
   7    0.080046    0.020583
   8    0.090094    0.023922
   9         0.1    0.027324
  10     0.11008    0.030873
  11     0.12017    0.034522
  12     0.13009    0.038215
  13      0.1402    0.042074
  14     0.15006    0.045925
  15     0.16008    0.049962
  16     0.17016    0.054126
  17     0.18008    0.058328
  18     0.19006    0.062632
  19     0.20003    0.067017
  20     0.21012    0.071544
  21     0.22011    0.076108
  22     0.23016    0.080784
  23     0.24019    0.085555
  24      0.2503    0.090459
  25     0.26007    0.095281
  26      0.2702     0.10038
  27     0.28006     0.10542
  28     0.29006     0.11063
  29      0.3001     0.11594
  30     0.31003      0.1213
  31        0.32     0.12676
  32        0.33     0.13231
  33     0.34004       0.138
  34     0.35001     0.14372
  35     0.36006     0.14959
  36     0.37036     0.15571
  37        0.38     0.16155
  38     0.39002      0.1677
  39     0.40001     0.17392
  40     0.41018     0.18036
  41     0.42035      0.1869
  42     0.43001     0.19318
  43     0.44044     0.20006
  44     0.45052     0.20682
  45     0.46007      0.2133
  46     0.47005     0.22018
  47     0.48002     0.22714
  48     0.49004     0.23424
  49     0.50024     0.24157
  50     0.51021     0.24885
  51     0.52004     0.25615
  52      0.5301     0.26375
  53     0.54013     0.27149
  54     0.55013     0.27933
  55     0.56006     0.28727
  56     0.57005     0.29539
  57        0.58     0.30362
  58     0.59012      0.3121
  59     0.60001     0.32052
  60     0.61003     0.32917
  61     0.62018     0.33811
  62     0.63005     0.34695
  63     0.64014     0.35611
  64     0.65004     0.36528
  65     0.66003     0.37474
  66     0.67005     0.38441
  67     0.68012     0.39432
  68     0.69001     0.40421
  69     0.70006     0.41444
  70     0.71008     0.42485
  71      0.7201     0.43549
  72     0.73005      0.4463
  73     0.74003     0.45737
  74     0.75002     0.46871
  75     0.76013     0.48046
  76     0.77015     0.49236
  77     0.78006     0.50441
  78     0.79001     0.51676
  79     0.80004     0.52954
  80     0.81005     0.54255
  81     0.82002     0.55588
  82     0.83005     0.56971
  83     0.84012     0.58395
  84     0.85007     0.59837
  85      0.8601     0.61338
  86     0.87008     0.62885
  87     0.88004     0.64504
  88     0.89004     0.66192
  89     0.90043      0.6803
  90     0.91003     0.69803
  91     0.92003      0.7174
  92     0.93014     0.73813
  93     0.94001     0.75965
  94     0.95002      0.7832
  95     0.96005     0.80913
  96     0.97003      0.8383
  97     0.98012     0.87269
  98     0.99005     0.91655
  99           1           1
-----------------------------------------

----------------- PPP$ and local currency --------------
         PPP used in computation: 222.242
     Data mean in local currency: 15816.3
               Data mean in PPP$: 72.5723
        Poverty line in PPP$/Day: 1.9
      Poverty line in PPP$/Month: 57.7917
  Poverty line in local currency: 12595.1
-------------------------------------------------------

----------------- Estimation result --------------
     Number of observation: 8404
          Total population: 1.52668E+07
              Total wealth: 1.0865E+09(PPP$)
                   Minimum: 4.1941(PPP$)
                   Maximum: 2502.21(PPP$)
             Headcount(HC): 0.552903
          Poverty gap (PG): 0.199371
       Poverty gap squared: 0.0940945
                      Gini: 0.397622
                    Median: 52.5153
                       MLD: 0.26323
                      Watt: 0.27979
--------------------------------------------------

-------------------------------- Income or Consumption share by deciles (%) -------------------------------------
     2.7323      3.968      4.889     5.8028     6.7476     7.9109     9.3875      11.51     15.005     32.047
-----------------------------------------------------------------------------------------------------------------


