

**********************************************************************************************
**                                   Basic Information                                      **
**********************************************************************************************

----------------- Dataset Information -----------------
                         Country: Burkina Faso
                    Country dode: BFA
                       Data Year: 2003
                        Coverage: National
             Welfare measurement: Consumption
                     Data format: Unit record
                     Data source: BFA_N2003X
                  Data time span: UnDefined
-------------------------------------------------------


----------- Distribution ------------
   i           P           L 
-------------------------------------
   0    0.015507    0.001892
   1    0.020005   0.0025764
   2    0.030284   0.0045258
   3    0.040002   0.0066411
   4    0.050026   0.0090803
   5    0.060687    0.011816
   6    0.070542    0.014438
   7     0.08766    0.019229
   8    0.090008    0.019898
   9     0.10012     0.02284
  10     0.11016    0.025913
  11     0.12008    0.029058
  12     0.13003    0.032301
  13      0.1414    0.036119
  14     0.15005    0.039094
  15     0.16214    0.043371
  16     0.17003    0.046229
  17     0.18001    0.049923
  18     0.19011    0.053793
  19     0.20002    0.057742
  20        0.21    0.061842
  21     0.22001    0.066056
  22     0.23012    0.070404
  23     0.24027    0.074792
  24     0.25143    0.079693
  25     0.26032     0.08364
  26     0.27005    0.088032
  27     0.28004    0.092589
  28      0.2923     0.09826
  29     0.30033     0.10203
  30     0.31033     0.10679
  31     0.32017     0.11158
  32      0.3311     0.11705
  33     0.34362     0.12352
  34     0.35263     0.12824
  35     0.36001     0.13215
  36     0.37001     0.13754
  37     0.38002       0.143
  38      0.3941     0.15092
  39     0.40059     0.15463
  40     0.41001     0.16006
  41      0.4202     0.16603
  42     0.43025     0.17195
  43     0.44032     0.17801
  44     0.45036      0.1842
  45     0.46159      0.1912
  46     0.47075       0.197
  47     0.48198     0.20424
  48     0.49542     0.21313
  49     0.50002     0.21622
  50     0.51003     0.22308
  51     0.52013     0.23017
  52     0.53003     0.23726
  53     0.54004     0.24467
  54       0.551     0.25302
  55     0.56061      0.2605
  56     0.57001     0.26798
  57     0.58054     0.27653
  58     0.59007     0.28448
  59     0.60193     0.29454
  60     0.61001      0.3015
  61     0.62001     0.31036
  62      0.6302     0.31951
  63     0.64023     0.32864
  64     0.65095     0.33854
  65     0.66166     0.34858
  66      0.6707     0.35715
  67     0.68107     0.36713
  68     0.69031     0.37614
  69     0.70005     0.38577
  70        0.71     0.39585
  71        0.72     0.40631
  72     0.73005     0.41722
  73     0.74087      0.4293
  74     0.75087     0.44085
  75     0.76069      0.4525
  76     0.77044     0.46423
  77     0.78013     0.47622
  78      0.7903     0.48908
  79     0.80052     0.50263
  80     0.81077     0.51662
  81     0.82198     0.53243
  82     0.83036     0.54463
  83     0.84088     0.56059
  84     0.85128     0.57698
  85     0.86045     0.59199
  86     0.87004     0.60822
  87     0.88302       0.631
  88     0.89116     0.64567
  89     0.90002     0.66223
  90     0.91029     0.68259
  91     0.92002     0.70292
  92     0.93074     0.72659
  93     0.94018     0.74922
  94     0.95006     0.77482
  95     0.96007     0.80306
  96     0.97003     0.83469
  97     0.98002     0.87112
  98     0.99059     0.91929
  99           1           1
-----------------------------------------

----------------- PPP$ and local currency --------------
         PPP used in computation: 222.242
     Data mean in local currency: 12735
               Data mean in PPP$: 71.7977
        Poverty line in PPP$/Day: 1.9
      Poverty line in PPP$/Month: 57.7917
  Poverty line in local currency: 10250.7
-------------------------------------------------------

----------------- Estimation result --------------
     Number of observation: 8231
          Total population: 1.26567E+07
              Total wealth: 7.25258E+08(PPP$)
                   Minimum: 1.48838(PPP$)
                   Maximum: 3028.04(PPP$)
             Headcount(HC): 0.572618
          Poverty gap (PG): 0.237092
       Poverty gap squared: 0.122879
                      Gini: 0.432525
                    Median: 48.4077
                       MLD: 0.315019
                      Watt: 0.349671
--------------------------------------------------

-------------------------------- Income or Consumption share by deciles (%) -------------------------------------
     2.2805     3.4931     4.4138     5.2419     6.1915     7.6693      9.282     11.622     16.027      33.78
-----------------------------------------------------------------------------------------------------------------


