

**********************************************************************************************
**                                   Basic Information                                      **
**********************************************************************************************

----------------- Dataset Information -----------------
                         Country: Burkina Faso
                    Country dode: BFA
                       Data Year: 2014
                        Coverage: National
             Welfare measurement: Consumption
                     Data format: Unit record
                     Data source: BFA_N2014X
                  Data time span: UnDefined
-------------------------------------------------------


----------- Distribution ------------
   i           P           L 
-------------------------------------
   0    0.010004   0.0026056
   1    0.020084   0.0056966
   2    0.030017   0.0089429
   3    0.040103    0.012414
   4    0.050078    0.016021
   5    0.060048    0.019762
   6    0.070208     0.02372
   7    0.080187    0.027737
   8    0.090035    0.031795
   9     0.10002    0.036021
  10     0.11004     0.04036
  11     0.12003    0.044771
  12     0.13006    0.049297
  13     0.14005    0.053896
  14     0.15019    0.058631
  15     0.16006    0.063326
  16     0.17002    0.068139
  17     0.18009    0.073083
  18     0.19005    0.078057
  19     0.20012    0.083148
  20     0.21002    0.088232
  21     0.22043    0.093665
  22     0.23015    0.098799
  23     0.24008     0.10412
  24     0.25012     0.10957
  25     0.26004     0.11504
  26     0.27015      0.1207
  27     0.28008     0.12633
  28     0.29003     0.13205
  29     0.30004     0.13789
  30     0.31009     0.14381
  31     0.32004     0.14975
  32      0.3301     0.15582
  33     0.34007     0.16191
  34     0.35003     0.16804
  35     0.36007     0.17431
  36     0.37008     0.18064
  37     0.38005       0.187
  38     0.39028     0.19362
  39     0.40002         0.2
  40     0.41013      0.2067
  41     0.42006     0.21337
  42     0.43002     0.22015
  43     0.44023     0.22717
  44     0.45001     0.23399
  45        0.46     0.24103
  46     0.47002     0.24818
  47     0.48008     0.25546
  48     0.49004     0.26275
  49     0.50024     0.27031
  50     0.51016     0.27778
  51     0.52004     0.28532
  52     0.53004     0.29306
  53     0.54003     0.30092
  54     0.55009     0.30894
  55     0.56001     0.31695
  56     0.57002     0.32513
  57     0.58011     0.33353
  58      0.5902     0.34206
  59     0.60007     0.35049
  60     0.61012      0.3592
  61     0.62002      0.3679
  62        0.63      0.3768
  63     0.64013     0.38601
  64     0.65006     0.39519
  65     0.66009     0.40462
  66     0.67001     0.41411
  67     0.68013     0.42396
  68     0.69001     0.43374
  69     0.70008     0.44391
  70     0.71002     0.45414
  71     0.72009     0.46468
  72     0.73003     0.47529
  73     0.74019      0.4864
  74     0.75019      0.4976
  75     0.76011     0.50892
  76     0.77007     0.52048
  77     0.78012     0.53243
  78      0.7901     0.54456
  79     0.80011     0.55695
  80     0.81013     0.56968
  81     0.82005     0.58263
  82     0.83001     0.59603
  83     0.84006     0.60994
  84     0.85007     0.62419
  85     0.86017     0.63916
  86     0.87017     0.65446
  87     0.88002     0.67016
  88     0.89043     0.68749
  89     0.90001     0.70401
  90     0.91012     0.72221
  91     0.92004     0.74111
  92     0.93015     0.76157
  93     0.94002     0.78301
  94     0.95023     0.80689
  95     0.96002      0.8318
  96     0.97011     0.86008
  97     0.98005     0.89198
  98      0.9901     0.93231
  99           1           1
-----------------------------------------

----------------- PPP$ and local currency --------------
         PPP used in computation: 222.242
     Data mean in local currency: 19397.5
               Data mean in PPP$: 83.8295
        Poverty line in PPP$/Day: 1.9
      Poverty line in PPP$/Month: 57.7917
  Poverty line in local currency: 13372.6
-------------------------------------------------------

----------------- Estimation result --------------
     Number of observation: 10408
          Total population: 1.78804E+07
              Total wealth: 1.56062E+09(PPP$)
                   Minimum: 14.4508(PPP$)
                   Maximum: 1757.4(PPP$)
             Headcount(HC): 0.43729
          Poverty gap (PG): 0.110711
       Poverty gap squared: 0.038924
                      Gini: 0.353012
                    Median: 62.6129
                       MLD: 0.201511
                      Watt: 0.138633
--------------------------------------------------

-------------------------------- Income or Consumption share by deciles (%) -------------------------------------
     3.6014     4.7074     5.4779     6.2119     7.0152     8.0296     9.3391       11.3     14.716     29.601
-----------------------------------------------------------------------------------------------------------------


