

**********************************************************************************************
**                                   Basic Information                                      **
**********************************************************************************************

----------------- Dataset Information -----------------
                         Country: Burkina Faso
                    Country dode: BFA
                       Data Year: 1998
                        Coverage: National
             Welfare measurement: Consumption
                     Data format: Unit record
                     Data source: BFA_N1998X
                  Data time span: UnDefined
-------------------------------------------------------


----------- Distribution ------------
   i           P           L 
-------------------------------------
   0    0.010128  0.00088238
   1    0.020129   0.0022518
   2    0.030002   0.0038593
   3    0.040368   0.0057925
   4    0.050101   0.0077744
   5    0.060154   0.0099715
   6    0.070053    0.012268
   7    0.080016    0.014703
   8    0.090015     0.01725
   9     0.10016    0.019938
  10     0.11008    0.022652
  11     0.12033     0.02556
  12     0.13018    0.028434
  13     0.14032    0.031481
  14     0.15006      0.0345
  15     0.16027    0.037778
  16      0.1701    0.041025
  17     0.18006    0.044413
  18     0.19015    0.047938
  19     0.20007    0.051476
  20     0.21018    0.055172
  21     0.22023    0.058923
  22     0.23013    0.062685
  23     0.24001    0.066513
  24        0.25    0.070464
  25     0.26002    0.074492
  26     0.27025     0.07869
  27     0.28002    0.082771
  28     0.29003    0.087008
  29     0.30014    0.091358
  30     0.31016     0.09574
  31     0.32036     0.10026
  32     0.33001     0.10462
  33     0.34003     0.10922
  34     0.35025     0.11402
  35     0.36011     0.11872
  36     0.37015      0.1236
  37     0.38002     0.12849
  38     0.39001     0.13352
  39     0.40004     0.13866
  40     0.41009     0.14388
  41     0.42019     0.14919
  42     0.43015     0.15452
  43     0.44003     0.15988
  44     0.45013     0.16545
  45     0.46007     0.17101
  46     0.47007     0.17668
  47     0.48004     0.18244
  48     0.49025     0.18845
  49     0.50006     0.19432
  50     0.51002     0.20038
  51      0.5201     0.20661
  52     0.53003     0.21285
  53     0.54014     0.21932
  54     0.55006     0.22575
  55     0.56008     0.23235
  56     0.57002     0.23899
  57     0.58008     0.24581
  58     0.59004     0.25267
  59         0.6     0.25964
  60     0.61002     0.26674
  61     0.62014     0.27405
  62        0.63     0.28132
  63     0.64006      0.2889
  64     0.65001     0.29653
  65     0.66003      0.3044
  66     0.67009     0.31246
  67     0.68002     0.32054
  68     0.69005     0.32888
  69     0.70015     0.33746
  70     0.71006     0.34608
  71     0.72024     0.35512
  72     0.73002       0.364
  73     0.74001     0.37327
  74     0.75001     0.38277
  75     0.76005     0.39251
  76     0.77013     0.40255
  77     0.78012     0.41279
  78     0.79003     0.42326
  79     0.80005     0.43424
  80     0.81002     0.44556
  81     0.82004      0.4573
  82     0.83007     0.46955
  83     0.84005     0.48222
  84     0.85006     0.49547
  85     0.86006     0.50931
  86     0.87002     0.52371
  87     0.88009     0.53907
  88     0.89001      0.5552
  89      0.9001     0.57273
  90     0.91001     0.59112
  91     0.92017     0.61135
  92     0.93012     0.63282
  93     0.94012     0.65646
  94     0.95001     0.68271
  95     0.96001     0.71288
  96     0.97006     0.74851
  97     0.98001     0.79266
  98     0.99006     0.85395
  99           1           1
-----------------------------------------

----------------- PPP$ and local currency --------------
         PPP used in computation: 222.242
     Data mean in local currency: 8100.09
               Data mean in PPP$: 49.3072
        Poverty line in PPP$/Day: 1.9
      Poverty line in PPP$/Month: 57.7917
  Poverty line in local currency: 9493.91
-------------------------------------------------------

----------------- Estimation result --------------
     Number of observation: 8328
          Total population: 1.05974E+07
              Total wealth: 3.86244E+08(PPP$)
                   Minimum: 0.603107(PPP$)
                   Maximum: 6463.89(PPP$)
             Headcount(HC): 0.816069
          Poverty gap (PG): 0.42992
       Poverty gap squared: 0.263955
                      Gini: 0.49944
                    Median: 29.7588
                       MLD: 0.427856
                      Watt: 0.707198
--------------------------------------------------

-------------------------------- Income or Consumption share by deciles (%) -------------------------------------
     1.9894     3.1557     3.9846     4.7339     5.5647      6.535     7.7702     9.6851     13.837     42.745
-----------------------------------------------------------------------------------------------------------------


