

**********************************************************************************************
**                                   Basic Information                                      **
**********************************************************************************************

----------------- Dataset Information -----------------
                         Country: Burkina Faso
                    Country dode: BFA
                       Data Year: 1994
                        Coverage: National
             Welfare measurement: Consumption
                     Data format: Unit record
                     Data source: BFA_N1994X
                  Data time span: UnDefined
-------------------------------------------------------


----------- Distribution ------------
   i           P           L 
-------------------------------------
   0    0.010269   0.0012945
   1    0.020001   0.0029808
   2    0.030379   0.0050302
   3    0.040156   0.0071044
   4     0.05009   0.0093611
   5    0.060061    0.011759
   6    0.070167    0.014296
   7    0.080085    0.016899
   8    0.090348    0.019715
   9     0.10062     0.02264
  10     0.11011    0.025419
  11      0.1203    0.028495
  12      0.1302    0.031567
  13     0.14014    0.034724
  14     0.15031    0.038044
  15     0.16002    0.041286
  16     0.17007    0.044722
  17     0.18018    0.048226
  18      0.1904    0.051846
  19     0.20004    0.055327
  20     0.21074     0.05926
  21      0.2201    0.062757
  22     0.23017    0.066575
  23     0.24002    0.070364
  24     0.25031    0.074388
  25     0.26006    0.078269
  26     0.27006    0.082334
  27     0.28002    0.086482
  28     0.29019    0.090778
  29     0.30035    0.095145
  30      0.3102    0.099439
  31     0.32005     0.10381
  32     0.33013     0.10835
  33     0.34002     0.11286
  34     0.35029     0.11763
  35     0.36008     0.12226
  36     0.37021     0.12713
  37     0.38012     0.13199
  38     0.39028     0.13705
  39     0.40022     0.14207
  40     0.41001     0.14709
  41     0.42009     0.15235
  42     0.43009     0.15763
  43     0.44001     0.16292
  44     0.45019     0.16847
  45     0.46068     0.17426
  46     0.47014     0.17957
  47     0.48035     0.18539
  48     0.49001       0.191
  49     0.50008     0.19697
  50     0.51003     0.20297
  51     0.52002      0.2091
  52     0.53011     0.21541
  53     0.54023     0.22184
  54     0.55008     0.22819
  55     0.56009     0.23476
  56     0.57037     0.24163
  57     0.58001     0.24821
  58     0.59004     0.25522
  59     0.60028     0.26256
  60     0.61007     0.26971
  61      0.6203     0.27728
  62     0.63017     0.28476
  63     0.64003     0.29242
  64     0.65009     0.30043
  65     0.66006     0.30858
  66        0.67     0.31695
  67     0.68004     0.32562
  68     0.69005     0.33446
  69     0.70007     0.34357
  70     0.71002     0.35286
  71     0.72037      0.3628
  72     0.73001     0.37226
  73     0.74003     0.38232
  74     0.75022      0.3929
  75     0.76026     0.40371
  76     0.77013     0.41469
  77     0.78102     0.42722
  78     0.79025     0.43814
  79     0.80003     0.44999
  80     0.81013     0.46272
  81     0.82013     0.47585
  82     0.83007     0.48952
  83      0.8402     0.50405
  84     0.85032     0.51918
  85     0.86004      0.5344
  86     0.87069     0.55197
  87      0.8802      0.5684
  88     0.89013     0.58645
  89     0.90009     0.60549
  90     0.91001     0.62531
  91     0.92003     0.64683
  92     0.93031     0.67082
  93     0.94013     0.69591
  94     0.95001      0.7234
  95     0.96004     0.75495
  96     0.97007      0.7917
  97     0.98005     0.83474
  98     0.99003     0.88852
  99           1           1
-----------------------------------------

----------------- PPP$ and local currency --------------
         PPP used in computation: 222.242
     Data mean in local currency: 5570.96
               Data mean in PPP$: 40.8101
        Poverty line in PPP$/Day: 1.9
      Poverty line in PPP$/Month: 57.7917
  Poverty line in local currency: 7889.1
-------------------------------------------------------

----------------- Estimation result --------------
     Number of observation: 7773
          Total population: 9.38545E+06
              Total wealth: 2.35266E+08(PPP$)
                   Minimum: 1.23739(PPP$)
                   Maximum: 2198.95(PPP$)
             Headcount(HC): 0.830641
          Poverty gap (PG): 0.48439
       Poverty gap squared: 0.318091
                      Gini: 0.480725
                    Median: 24.4794
                       MLD: 0.385256
                      Watt: 0.830435
--------------------------------------------------

-------------------------------- Income or Consumption share by deciles (%) -------------------------------------
     2.2464     3.2849     3.9681     4.6961     5.4966     6.5435     8.1152     10.645     15.535     39.469
-----------------------------------------------------------------------------------------------------------------


