

**********************************************************************************************
**                                   Basic Information                                      **
**********************************************************************************************

----------------- Dataset Information -----------------
                         Country: Bangladesh
                    Country dode: BGD
                       Data Year: 2000
                        Coverage: National
             Welfare measurement: Consumption
                     Data format: Unit record
                     Data source: BGD_N2000X
                  Data time span: UnDefined
-------------------------------------------------------


----------- Distribution ------------
   i           P           L 
-------------------------------------
   0    0.010154   0.0025709
   1    0.020034   0.0056601
   2    0.030201   0.0090995
   3    0.040032    0.012625
   4    0.050093    0.016416
   5    0.060039    0.020338
   6    0.070047    0.024422
   7    0.080116    0.028666
   8    0.090171     0.03301
   9     0.10012    0.037404
  10        0.11     0.04187
  11     0.12003    0.046501
  12     0.13018    0.051295
  13     0.14007    0.056058
  14     0.15005    0.060934
  15     0.16008    0.065913
  16     0.17004    0.070928
  17     0.18008     0.07606
  18     0.19008    0.081251
  19      0.2002    0.086577
  20     0.21002     0.09181
  21     0.22018    0.097296
  22     0.23014     0.10275
  23     0.24007     0.10827
  24     0.25008      0.1139
  25     0.26004     0.11957
  26      0.2701      0.1254
  27     0.28011     0.13127
  28     0.29004     0.13716
  29     0.30002     0.14315
  30      0.3101     0.14926
  31     0.32017     0.15546
  32     0.33008     0.16163
  33     0.34008     0.16795
  34      0.3503     0.17451
  35     0.36004     0.18085
  36     0.37005     0.18743
  37     0.38007     0.19409
  38     0.39006      0.2008
  39     0.40001     0.20758
  40      0.4101     0.21455
  41     0.42001     0.22148
  42     0.43003     0.22858
  43     0.44004     0.23578
  44     0.45016     0.24316
  45     0.46009     0.25049
  46     0.47013     0.25799
  47     0.48009     0.26552
  48     0.49012     0.27319
  49     0.50001     0.28086
  50        0.51     0.28868
  51      0.5201      0.2967
  52     0.53001     0.30466
  53     0.54006     0.31282
  54     0.55014      0.3211
  55     0.56002     0.32933
  56     0.57009     0.33781
  57      0.5801     0.34637
  58        0.59     0.35496
  59     0.60014     0.36389
  60        0.61     0.37268
  61     0.62011     0.38182
  62     0.63012     0.39101
  63     0.64005     0.40026
  64     0.65002      0.4097
  65      0.6601     0.41938
  66     0.67012     0.42919
  67     0.68004     0.43906
  68      0.6901     0.44923
  69     0.70015     0.45953
  70     0.71004     0.46985
  71     0.72018     0.48062
  72     0.73005     0.49131
  73     0.74058     0.50291
  74     0.75011      0.5136
  75     0.76002     0.52495
  76     0.77001     0.53664
  77     0.78004     0.54864
  78      0.7903     0.56121
  79     0.80019     0.57359
  80     0.81002     0.58617
  81     0.82011     0.59943
  82     0.83002     0.61287
  83     0.84014     0.62694
  84     0.85002     0.64118
  85     0.86009      0.6562
  86        0.87      0.6715
  87     0.88004      0.6876
  88      0.8901     0.70431
  89     0.90001     0.72138
  90     0.91007     0.73935
  91     0.92005     0.75788
  92     0.93012     0.77759
  93     0.94005     0.79817
  94     0.95001     0.82017
  95     0.96012     0.84421
  96     0.97004     0.87031
  97     0.98012     0.90081
  98     0.99003     0.93734
  99           1           1
-----------------------------------------

----------------- PPP$ and local currency --------------
         PPP used in computation: 25.494
     Data mean in local currency: 853.787
               Data mean in PPP$: 88.8962
        Poverty line in PPP$/Day: 1.9
      Poverty line in PPP$/Month: 57.7917
  Poverty line in local currency: 569.453
-------------------------------------------------------

----------------- Estimation result --------------
     Number of observation: 7440
          Total population: 1.2611E+08
              Total wealth: 4.33299E+09(PPP$)
                   Minimum: 4.71825(PPP$)
                   Maximum: 1989.79(PPP$)
             Headcount(HC): 0.354817
          Poverty gap (PG): 0.0818642
       Poverty gap squared: 0.0268522
                      Gini: 0.334065
                    Median: 71.0261
                       MLD: 0.181065
                      Watt: 0.100848
--------------------------------------------------

-------------------------------- Income or Consumption share by deciles (%) -------------------------------------
      3.735     4.9123     5.6663     6.4437     7.3272     8.2918      9.561     11.398     14.801     27.864
-----------------------------------------------------------------------------------------------------------------


