

**********************************************************************************************
**                                   Basic Information                                      **
**********************************************************************************************

----------------- Dataset Information -----------------
                         Country: Bangladesh
                    Country dode: BGD
                       Data Year: 1995
                        Coverage: National
             Welfare measurement: Consumption
                     Data format: Unit record
                     Data source: BGD_N1995X
                  Data time span: UnDefined
-------------------------------------------------------


----------- Distribution ------------
   i           P           L 
-------------------------------------
   0    0.010038   0.0025362
   1    0.020083     0.00564
   2    0.030096   0.0090191
   3    0.040217    0.012672
   4    0.050287    0.016483
   5    0.060206    0.020453
   6     0.07006    0.024558
   7    0.080082    0.028848
   8    0.090157    0.033289
   9     0.10017    0.037807
  10     0.11005    0.042352
  11     0.12003    0.047034
  12     0.13005    0.051836
  13        0.14    0.056698
  14     0.15015    0.061743
  15     0.16003    0.066754
  16     0.17024    0.072018
  17     0.18005    0.077153
  18     0.19003    0.082464
  19     0.20005      0.0879
  20     0.21003    0.093396
  21     0.22014    0.099049
  22     0.23008     0.10469
  23     0.24004     0.11042
  24     0.25004     0.11625
  25     0.26006     0.12216
  26     0.27014      0.1282
  27     0.28003     0.13419
  28     0.29001     0.14031
  29     0.30005     0.14654
  30        0.31     0.15279
  31     0.32004     0.15917
  32     0.33007     0.16562
  33     0.34027     0.17223
  34     0.35009     0.17868
  35      0.3601     0.18533
  36     0.37002     0.19199
  37     0.38006     0.19878
  38     0.39001     0.20559
  39      0.4001     0.21257
  40     0.41004     0.21952
  41     0.42006      0.2266
  42     0.43003     0.23371
  43     0.44021     0.24107
  44     0.45012     0.24833
  45     0.46011     0.25573
  46     0.47008     0.26321
  47     0.48002     0.27076
  48     0.49019     0.27857
  49     0.50031     0.28644
  50     0.51032     0.29433
  51        0.52     0.30205
  52     0.53009     0.31017
  53     0.54012     0.31836
  54     0.55008     0.32658
  55     0.56011     0.33496
  56     0.57018     0.34347
  57     0.58006     0.35193
  58     0.59031     0.36083
  59     0.60049     0.36978
  60     0.61018     0.37837
  61     0.62001     0.38721
  62      0.6302     0.39647
  63     0.64018     0.40564
  64     0.65005     0.41485
  65     0.66014      0.4244
  66     0.67013     0.43399
  67     0.68004     0.44366
  68     0.69011     0.45366
  69     0.70001     0.46364
  70     0.71011       0.474
  71     0.72026     0.48459
  72      0.7302     0.49515
  73     0.74004     0.50584
  74     0.75006     0.51693
  75     0.76007      0.5282
  76     0.77009     0.53969
  77     0.78001     0.55129
  78     0.79001     0.56328
  79     0.80019     0.57583
  80     0.81006     0.58827
  81     0.82011     0.60127
  82     0.83001      0.6144
  83     0.84018     0.62828
  84     0.85011     0.64221
  85      0.8601     0.65662
  86      0.8701     0.67147
  87        0.88     0.68673
  88     0.89013     0.70288
  89     0.90005     0.71926
  90     0.91002     0.73639
  91        0.92     0.75438
  92     0.93003     0.77346
  93     0.94002     0.79364
  94     0.95007     0.81541
  95     0.96008     0.83884
  96     0.97004     0.86482
  97     0.98006     0.89567
  98     0.99001     0.93422
  99           1           1
-----------------------------------------

----------------- PPP$ and local currency --------------
         PPP used in computation: 25.494
     Data mean in local currency: 744.032
               Data mean in PPP$: 85.2228
        Poverty line in PPP$/Day: 1.9
      Poverty line in PPP$/Month: 57.7917
  Poverty line in local currency: 517.64
-------------------------------------------------------

----------------- Estimation result --------------
     Number of observation: 7418
          Total population: 0.999982
              Total wealth: 29.9414(PPP$)
                   Minimum: 3.61183(PPP$)
                   Maximum: 441.783(PPP$)
             Headcount(HC): 0.377494
          Poverty gap (PG): 0.0869315
       Poverty gap squared: 0.0295276
                      Gini: 0.329428
                    Median: 68.4387
                       MLD: 0.177744
                      Watt: 0.108137
--------------------------------------------------

-------------------------------- Income or Consumption share by deciles (%) -------------------------------------
     3.7731     5.0139     5.8642     6.5985     7.3702     8.3146     9.4293     11.196     14.358     28.083
-----------------------------------------------------------------------------------------------------------------


