

**********************************************************************************************
**                                   Basic Information                                      **
**********************************************************************************************

----------------- Dataset Information -----------------
                         Country: Bangladesh
                    Country dode: BGD
                       Data Year: 2010
                        Coverage: National
             Welfare measurement: Consumption
                     Data format: Unit record
                     Data source: BGD_N2010X
                  Data time span: UnDefined
-------------------------------------------------------


----------- Distribution ------------
   i           P           L 
-------------------------------------
   0    0.010044   0.0027373
   1    0.020137   0.0060616
   2    0.030011   0.0095719
   3    0.040058    0.013316
   4    0.050009    0.017174
   5    0.060063    0.021232
   6    0.070051    0.025395
   7    0.080035    0.029662
   8    0.090011    0.034039
   9     0.10004    0.038549
  10     0.11004    0.043155
  11     0.12005    0.047858
  12     0.13002    0.052632
  13     0.14005    0.057524
  14     0.15009    0.062515
  15     0.16008    0.067564
  16     0.17003    0.072672
  17     0.18004    0.077884
  18     0.19006    0.083193
  19     0.20001    0.088555
  20        0.21    0.094017
  21     0.22017    0.099659
  22     0.23001     0.10519
  23      0.2401     0.11095
  24     0.25003     0.11671
  25     0.26001     0.12258
  26     0.27008     0.12858
  27     0.28002     0.13458
  28     0.29004     0.14071
  29     0.30005     0.14691
  30     0.31002     0.15316
  31     0.32003      0.1595
  32     0.33003     0.16594
  33     0.34004     0.17247
  34      0.3501     0.17911
  35     0.36009     0.18578
  36     0.37003     0.19248
  37      0.3801     0.19936
  38     0.39002     0.20621
  39      0.4001     0.21325
  40     0.41001     0.22025
  41     0.42001     0.22742
  42      0.4301     0.23476
  43     0.44005     0.24209
  44     0.45006     0.24954
  45     0.46018     0.25717
  46     0.47004     0.26468
  47     0.48003     0.27238
  48     0.49015     0.28028
  49     0.50003     0.28809
  50     0.51003     0.29609
  51     0.52012     0.30428
  52     0.53002     0.31243
  53     0.54001     0.32076
  54      0.5501     0.32927
  55        0.56     0.33773
  56     0.57003     0.34637
  57     0.58004      0.3551
  58        0.59     0.36392
  59     0.60003     0.37291
  60     0.61002       0.382
  61     0.62007     0.39128
  62     0.63011     0.40067
  63     0.64003     0.41008
  64     0.65013     0.41981
  65     0.66002     0.42948
  66     0.67001      0.4394
  67     0.68019     0.44971
  68     0.69007     0.45987
  69     0.70002     0.47026
  70     0.71006     0.48087
  71     0.72004     0.49163
  72     0.73002     0.50255
  73     0.74002     0.51367
  74     0.75002     0.52497
  75     0.76004     0.53652
  76     0.77018     0.54848
  77        0.78     0.56029
  78     0.79001     0.57259
  79     0.80003     0.58516
  80     0.81001     0.59796
  81     0.82002     0.61111
  82     0.83002     0.62461
  83        0.84     0.63845
  84     0.85015     0.65288
  85     0.86001     0.66725
  86     0.87003     0.68227
  87     0.88002     0.69774
  88     0.89003     0.71391
  89     0.90016     0.73103
  90     0.91016     0.74862
  91     0.92002     0.76672
  92     0.93001     0.78598
  93      0.9401     0.80651
  94     0.95006     0.82809
  95     0.96012     0.85157
  96     0.97002      0.8766
  97     0.98002     0.90525
  98     0.99001     0.93943
  99           1           1
-----------------------------------------

----------------- PPP$ and local currency --------------
         PPP used in computation: 25.494
     Data mean in local currency: 2385.37
               Data mean in PPP$: 106.27
        Poverty line in PPP$/Day: 1.9
      Poverty line in PPP$/Month: 57.7917
  Poverty line in local currency: 1330.87
-------------------------------------------------------

----------------- Estimation result --------------
     Number of observation: 12224
          Total population: 1.48489E+08
              Total wealth: 1.4254E+10(PPP$)
                   Minimum: 5.84318(PPP$)
                   Maximum: 2765.28(PPP$)
             Headcount(HC): 0.200804
          Poverty gap (PG): 0.0371756
       Poverty gap squared: 0.0103195
                      Gini: 0.321303
                    Median: 86.6408
                       MLD: 0.167586
                      Watt: 0.0441077
--------------------------------------------------

-------------------------------- Income or Consumption share by deciles (%) -------------------------------------
     3.8533     5.0014     5.8334     6.6298     7.4885     8.4818     9.7352      11.49     14.562     26.925
-----------------------------------------------------------------------------------------------------------------


