

**********************************************************************************************
**                                   Basic Information                                      **
**********************************************************************************************

----------------- Dataset Information -----------------
                         Country: Bangladesh
                    Country dode: BGD
                       Data Year: 2005
                        Coverage: National
             Welfare measurement: Consumption
                     Data format: Unit record
                     Data source: BGD_N2005X
                  Data time span: UnDefined
-------------------------------------------------------


----------- Distribution ------------
   i           P           L 
-------------------------------------
   0    0.010116   0.0027179
   1    0.020077   0.0059861
   2    0.030003   0.0095083
   3    0.040052    0.013269
   4    0.050028    0.017181
   5    0.060073    0.021252
   6    0.070119    0.025441
   7    0.080013    0.029671
   8    0.090091    0.034077
   9     0.10018    0.038575
  10     0.11016    0.043096
  11     0.12004    0.047655
  12     0.13015    0.052423
  13     0.14011    0.057194
  14     0.15007    0.062046
  15     0.16008    0.067006
  16     0.17001    0.072014
  17     0.18009    0.077174
  18     0.19004    0.082349
  19     0.20004     0.08762
  20     0.21011    0.093012
  21     0.22008    0.098426
  22     0.23006     0.10393
  23     0.24002      0.1095
  24     0.25011     0.11523
  25     0.26001     0.12093
  26     0.27008     0.12681
  27      0.2802     0.13278
  28     0.29002     0.13864
  29     0.30007     0.14472
  30     0.31008     0.15086
  31     0.32005     0.15705
  32     0.33021     0.16343
  33        0.34     0.16965
  34     0.35006     0.17611
  35     0.36013     0.18267
  36     0.37006     0.18921
  37     0.38001     0.19585
  38     0.39002     0.20261
  39     0.40002     0.20945
  40     0.41005      0.2164
  41     0.42001     0.22337
  42     0.43008      0.2305
  43     0.44003     0.23763
  44      0.4501     0.24493
  45     0.46008     0.25223
  46     0.47004     0.25964
  47     0.48003     0.26714
  48     0.49007      0.2748
  49      0.5001     0.28254
  50     0.51006     0.29032
  51     0.52007     0.29822
  52     0.53001     0.30615
  53     0.54001     0.31425
  54      0.5501     0.32254
  55     0.56002     0.33081
  56     0.57001     0.33926
  57     0.58015     0.34796
  58     0.59002     0.35655
  59     0.60002     0.36536
  60     0.61001     0.37429
  61     0.62009     0.38342
  62     0.63018     0.39271
  63     0.64013     0.40198
  64      0.6501     0.41143
  65     0.66003     0.42098
  66     0.67017     0.43089
  67     0.68005     0.44067
  68     0.69001     0.45073
  69     0.70017     0.46119
  70     0.71003     0.47153
  71     0.72004     0.48222
  72     0.73001     0.49304
  73     0.74003     0.50411
  74     0.75012     0.51545
  75     0.76008     0.52686
  76     0.77001     0.53844
  77     0.78006     0.55038
  78     0.79007     0.56252
  79     0.80003     0.57488
  80     0.81003     0.58754
  81     0.82011     0.60061
  82     0.83009     0.61389
  83     0.84002     0.62753
  84     0.85004     0.64176
  85     0.86005     0.65639
  86      0.8701     0.67151
  87        0.88     0.68697
  88     0.89024     0.70357
  89     0.90004     0.72011
  90     0.91004     0.73777
  91     0.92019     0.75638
  92     0.93019     0.77566
  93     0.94011     0.79598
  94     0.95014     0.81805
  95     0.96004      0.8415
  96     0.97004      0.8682
  97     0.98009     0.89905
  98      0.9904     0.93913
  99           1           1
-----------------------------------------

----------------- PPP$ and local currency --------------
         PPP used in computation: 25.494
     Data mean in local currency: 1199.46
               Data mean in PPP$: 99.2859
        Poverty line in PPP$/Day: 1.9
      Poverty line in PPP$/Month: 57.7917
  Poverty line in local currency: 716.294
-------------------------------------------------------

----------------- Estimation result --------------
     Number of observation: 10053
          Total population: 1.38818E+08
              Total wealth: 6.7007E+09(PPP$)
                   Minimum: 5.58965(PPP$)
                   Maximum: 1219.64(PPP$)
             Headcount(HC): 0.262574
          Poverty gap (PG): 0.0522528
       Poverty gap squared: 0.0151059
                      Gini: 0.332013
                    Median: 79.0533
                       MLD: 0.178585
                      Watt: 0.0624684
--------------------------------------------------

-------------------------------- Income or Consumption share by deciles (%) -------------------------------------
     3.8496     4.9102     5.7079     6.4764     7.3017      8.289     9.5668     11.382     14.521     27.995
-----------------------------------------------------------------------------------------------------------------


