

**********************************************************************************************
**                                   Basic Information                                      **
**********************************************************************************************

----------------- Dataset Information -----------------
                         Country: Bulgaria
                    Country dode: BGR
                       Data Year: 2011
                        Coverage: National
             Welfare measurement: Income
                     Data format: Unit record
                     Data source: BGR_N2011Y
                  Data time span: UnDefined
-------------------------------------------------------


----------- Distribution ------------
   i           P           L 
-------------------------------------
   0    0.010103  0.00044176
   1    0.020007    0.001369
   2    0.030436   0.0028005
   3    0.040339   0.0045104
   4    0.050081   0.0064791
   5    0.060315   0.0088692
   6    0.070039    0.011429
   7     0.08006     0.01429
   8    0.090273    0.017444
   9     0.10024    0.020733
  10     0.11003    0.024166
  11     0.12011    0.027943
  12     0.13042    0.031997
  13     0.14005    0.035973
  14     0.15008    0.040314
  15     0.16083    0.045101
  16     0.17012    0.049378
  17     0.18003    0.054091
  18     0.19023    0.059125
  19      0.2002    0.064197
  20     0.21018    0.069417
  21     0.22027    0.074819
  22     0.23003    0.080155
  23     0.24014    0.085817
  24     0.25007    0.091501
  25     0.26004    0.097337
  26     0.27032     0.10348
  27     0.28021      0.1095
  28     0.29017     0.11568
  29     0.30026     0.12206
  30      0.3101      0.1284
  31     0.32007     0.13496
  32     0.33011     0.14166
  33     0.34002     0.14839
  34     0.35051     0.15565
  35     0.36002     0.16231
  36     0.37001     0.16941
  37     0.38042     0.17692
  38     0.39001      0.1839
  39     0.40004     0.19132
  40     0.41004     0.19882
  41     0.42005     0.20644
  42     0.43008     0.21419
  43     0.44011     0.22205
  44     0.45003     0.22991
  45     0.46027     0.23812
  46     0.47013     0.24615
  47     0.48016     0.25444
  48      0.4901     0.26277
  49     0.50013     0.27129
  50     0.51024     0.27998
  51      0.5202     0.28864
  52     0.53042     0.29763
  53     0.54121     0.30725
  54     0.55011     0.31529
  55     0.56017     0.32448
  56     0.57014     0.33369
  57     0.58003     0.34297
  58     0.59008     0.35251
  59     0.60002     0.36209
  60     0.61016     0.37203
  61     0.62004     0.38187
  62     0.63022     0.39215
  63     0.64029     0.40246
  64     0.65004     0.41258
  65     0.66013     0.42321
  66     0.67078     0.43459
  67     0.68001      0.4446
  68     0.69042     0.45603
  69     0.70016     0.46689
  70     0.71006     0.47806
  71     0.72013     0.48962
  72     0.73016     0.50138
  73     0.74001     0.51312
  74     0.75018     0.52547
  75     0.76019     0.53783
  76     0.77002     0.55014
  77     0.78006      0.5629
  78     0.79013     0.57588
  79     0.80001      0.5889
  80     0.81032     0.60283
  81     0.82022     0.61649
  82     0.83003     0.63037
  83     0.84026     0.64516
  84     0.85001     0.65958
  85     0.86001     0.67473
  86     0.87018     0.69057
  87     0.88015     0.70653
  88     0.89017     0.72301
  89     0.90005     0.73977
  90     0.91007     0.75728
  91      0.9201     0.77543
  92     0.93032     0.79481
  93     0.94002     0.81428
  94     0.95007     0.83563
  95     0.96008     0.85827
  96     0.97034     0.88359
  97     0.98012     0.91072
  98     0.99003     0.94352
  99           1           1
-----------------------------------------

----------------- PPP$ and local currency --------------
         PPP used in computation: 0.765068
     Data mean in local currency: 348.228
               Data mean in PPP$: 455.159
        Poverty line in PPP$/Day: 1.9
      Poverty line in PPP$/Month: 57.7917
  Poverty line in local currency: 44.2146
-------------------------------------------------------

----------------- Estimation result --------------
     Number of observation: 5572
          Total population: 7.29752E+06
              Total wealth: 3.32153E+09(PPP$)
                   Minimum: 0(PPP$)
                   Maximum: 6535.86(PPP$)
             Headcount(HC): 0.0218972
          Poverty gap (PG): 0.00928642
       Poverty gap squared: 0.00545054
                      Gini: 0.342786
                    Median: 389.078
                       MLD: 0.234268
                      Watt: 0.0109346
--------------------------------------------------

-------------------------------- Income or Consumption share by deciles (%) -------------------------------------
     2.0653     4.3442     5.7799     6.9393     7.9893     9.0889     10.464     12.219      15.08     26.031
-----------------------------------------------------------------------------------------------------------------


