

**********************************************************************************************
**                                   Basic Information                                      **
**********************************************************************************************

----------------- Dataset Information -----------------
                         Country: Bulgaria
                    Country dode: BGR
                       Data Year: 1995
                        Coverage: National
             Welfare measurement: Consumption
                     Data format: Unit record
                     Data source: BGR_N1995X
                  Data time span: UnDefined
-------------------------------------------------------


----------- Distribution ------------
   i           P           L 
-------------------------------------
   0    0.010029   0.0010494
   1    0.020917   0.0028619
   2    0.030229   0.0048435
   3    0.040258   0.0074108
   4    0.051003    0.010556
   5    0.060458     0.01356
   6    0.070057    0.016753
   7    0.080516    0.020452
   8    0.090115    0.024003
   9     0.10014    0.027854
  10     0.11017     0.03184
  11      0.1202    0.035951
  12     0.13037      0.0403
  13     0.14011      0.0446
  14        0.15    0.049088
  15     0.16046    0.053946
  16     0.17049    0.058714
  17     0.18009    0.063363
  18     0.19011     0.06832
  19     0.20014    0.073401
  20     0.21017    0.078601
  21     0.22006    0.083877
  22     0.23037    0.089505
  23     0.24011    0.094913
  24        0.25      0.1005
  25     0.26032     0.10645
  26      0.2702     0.11224
  27     0.28066     0.11845
  28      0.2904     0.12429
  29     0.30014     0.13023
  30     0.31003     0.13637
  31     0.32006      0.1427
  32     0.33023     0.14921
  33     0.34011     0.15561
  34        0.35      0.1621
  35     0.36046     0.16906
  36     0.37034     0.17576
  37     0.38023     0.18253
  38     0.39026      0.1895
  39     0.40029     0.19655
  40     0.41075       0.204
  41     0.42034     0.21095
  42     0.43052     0.21842
  43     0.44026     0.22563
  44     0.45014     0.23303
  45      0.4606     0.24093
  46     0.47049     0.24849
  47     0.48023     0.25603
  48     0.49054     0.26409
  49     0.50014     0.27167
  50     0.51003     0.27957
  51     0.52006     0.28768
  52     0.53009     0.29589
  53     0.54083     0.30479
  54     0.55014      0.3126
  55     0.56032     0.32123
  56     0.57092     0.33035
  57     0.58009     0.33836
  58     0.59011     0.34724
  59     0.60014     0.35624
  60     0.61017     0.36536
  61     0.62006     0.37449
  62     0.63009     0.38389
  63     0.64011     0.39345
  64     0.65043     0.40339
  65     0.66017      0.4129
  66     0.67034       0.423
  67     0.68023     0.43298
  68     0.69011     0.44312
  69     0.70014     0.45362
  70     0.71017     0.46424
  71     0.72006     0.47492
  72     0.73023     0.48612
  73     0.74026     0.49735
  74        0.75     0.50846
  75     0.76003     0.52014
  76     0.77049      0.5326
  77     0.78052     0.54474
  78     0.79011     0.55652
  79         0.8     0.56883
  80     0.81017     0.58189
  81     0.82006     0.59484
  82     0.83037     0.60866
  83     0.84026     0.62215
  84        0.85      0.6357
  85     0.86003     0.64999
  86     0.87006     0.66467
  87     0.88009     0.67968
  88     0.89026     0.69526
  89         0.9     0.71068
  90     0.91017     0.72746
  91      0.9202     0.74465
  92     0.93009     0.76248
  93     0.94011     0.78156
  94     0.95014     0.80169
  95     0.96003     0.82265
  96      0.9702     0.84622
  97     0.98009     0.87205
  98     0.99026     0.90479
  99           1           1
-----------------------------------------

----------------- PPP$ and local currency --------------
         PPP used in computation: 0.765068
     Data mean in local currency: 4.65822
               Data mean in PPP$: 389.899
        Poverty line in PPP$/Day: 1.9
      Poverty line in PPP$/Month: 57.7917
  Poverty line in local currency: 0.690452
-------------------------------------------------------

----------------- Estimation result --------------
     Number of observation: 2458
          Total population: 6980
              Total wealth: 42498.6(PPP$)
                   Minimum: 0.196061(PPP$)
                   Maximum: 194.039(PPP$)
             Headcount(HC): 0.0123209
          Poverty gap (PG): 0.00307413
       Poverty gap squared: 0.00121747
                      Gini: 0.354018
                    Median: 309.641
                       MLD: 0.225235
                      Watt: 0.0040784
--------------------------------------------------

-------------------------------- Income or Consumption share by deciles (%) -------------------------------------
     2.7799      4.553     5.6816     6.6202     7.5213      8.455     9.7356     11.536     14.185     28.932
-----------------------------------------------------------------------------------------------------------------


