

**********************************************************************************************
**                                   Basic Information                                      **
**********************************************************************************************

----------------- Dataset Information -----------------
                         Country: Bulgaria
                    Country dode: BGR
                       Data Year: 2008
                        Coverage: National
             Welfare measurement: Income
                     Data format: Unit record
                     Data source: BGR_N2008Y
                  Data time span: UnDefined
-------------------------------------------------------


----------- Distribution ------------
   i           P           L 
-------------------------------------
   0    0.010078  0.00074736
   1    0.020074   0.0021025
   2    0.030653   0.0040248
   3    0.040345   0.0060577
   4    0.050017   0.0083761
   5     0.06001    0.011071
   6    0.070206    0.014062
   7    0.080184     0.01722
   8    0.090076    0.020604
   9     0.10029    0.024292
  10     0.11016    0.028065
  11     0.12052    0.032208
  12     0.13018    0.036245
  13     0.14021    0.040602
  14     0.15008    0.045013
  15     0.16005     0.04963
  16     0.17009    0.054434
  17     0.18037    0.059457
  18     0.19011    0.064331
  19     0.20009    0.069438
  20     0.21002    0.074638
  21     0.22007    0.080032
  22     0.23044    0.085751
  23     0.24005    0.091144
  24     0.25003    0.096855
  25      0.2603     0.10287
  26     0.27009     0.10871
  27     0.28031     0.11492
  28     0.29018     0.12104
  29     0.30003     0.12723
  30     0.31018     0.13372
  31      0.3201     0.14016
  32      0.3301     0.14673
  33     0.34005     0.15338
  34     0.35007     0.16018
  35     0.36008     0.16709
  36     0.37011     0.17413
  37     0.38025     0.18135
  38      0.3905     0.18873
  39      0.4001     0.19575
  40     0.41003      0.2031
  41     0.42018     0.21072
  42     0.43044     0.21852
  43     0.44002     0.22588
  44     0.45025     0.23384
  45     0.46068     0.24208
  46     0.47013     0.24966
  47     0.48029     0.25791
  48     0.49002     0.26594
  49     0.50007     0.27434
  50     0.51004     0.28277
  51     0.52022      0.2915
  52     0.53027     0.30023
  53     0.54019     0.30894
  54     0.55024      0.3179
  55     0.56004     0.32678
  56     0.57004     0.33597
  57     0.58005     0.34531
  58     0.59057     0.35524
  59     0.60001      0.3643
  60     0.61005     0.37409
  61      0.6202     0.38416
  62     0.63055     0.39454
  63     0.64008     0.40425
  64     0.65005     0.41453
  65     0.66003     0.42495
  66     0.67013     0.43564
  67     0.68036     0.44661
  68     0.69003     0.45713
  69     0.70016     0.46834
  70     0.71009     0.47949
  71     0.72029     0.49112
  72     0.73002     0.50238
  73     0.74006     0.51422
  74     0.75073     0.52703
  75     0.76011     0.53849
  76     0.77017     0.55102
  77     0.78018     0.56373
  78     0.79006     0.57658
  79     0.80009     0.58995
  80     0.81009     0.60364
  81     0.82015     0.61773
  82     0.83001     0.63192
  83     0.84006     0.64669
  84      0.8501     0.66175
  85     0.86003     0.67699
  86     0.87009     0.69288
  87     0.88011     0.70913
  88     0.89004     0.72578
  89     0.90001     0.74329
  90     0.91014     0.76184
  91     0.92009     0.78078
  92      0.9301     0.80073
  93        0.94     0.82148
  94     0.95014     0.84375
  95     0.96019     0.86731
  96     0.97024     0.89289
  97     0.98005     0.92029
  98     0.99029     0.95414
  99           1           1
-----------------------------------------

----------------- PPP$ and local currency --------------
         PPP used in computation: 0.765068
     Data mean in local currency: 342.837
               Data mean in PPP$: 491.585
        Poverty line in PPP$/Day: 1.9
      Poverty line in PPP$/Month: 57.7917
  Poverty line in local currency: 40.3045
-------------------------------------------------------

----------------- Estimation result --------------
     Number of observation: 5386
          Total population: 7.57281E+06
              Total wealth: 3.39347E+09(PPP$)
                   Minimum: 0(PPP$)
                   Maximum: 4551.4(PPP$)
             Headcount(HC): 0.0117688
          Poverty gap (PG): 0.00373919
       Poverty gap squared: 0.0021325
                      Gini: 0.335731
                    Median: 413.753
                       MLD: 0.20552
                      Watt: 0.00546615
--------------------------------------------------

-------------------------------- Income or Consumption share by deciles (%) -------------------------------------
     2.4189     4.5201     5.7814     6.8464     7.8617     8.9998     10.388     12.166     15.344     25.673
-----------------------------------------------------------------------------------------------------------------


