

**********************************************************************************************
**                                   Basic Information                                      **
**********************************************************************************************

----------------- Dataset Information -----------------
                         Country: Bulgaria
                    Country dode: BGR
                       Data Year: 2003
                        Coverage: National
             Welfare measurement: Consumption
                     Data format: Unit record
                     Data source: BGR_N2003X
                  Data time span: UnDefined
-------------------------------------------------------


----------- Distribution ------------
   i           P           L 
-------------------------------------
   0    0.010284   0.0018108
   1    0.020201   0.0042133
   2    0.030852   0.0072426
   3    0.040157      0.0102
   4    0.050073    0.013712
   5    0.060357    0.017627
   6    0.070152    0.021533
   7    0.080069    0.025631
   8     0.09023    0.030019
   9     0.10015    0.034494
  10     0.11019     0.03923
  11     0.12047    0.044238
  12     0.13002    0.048989
  13     0.14018    0.054166
  14     0.15047    0.059585
  15     0.16001    0.064733
  16     0.17042    0.070487
  17     0.18009    0.075978
  18     0.19001    0.081691
  19     0.20017     0.08763
  20     0.21021    0.093598
  21        0.22    0.099522
  22     0.23017     0.10576
  23     0.24021     0.11202
  24     0.25049     0.11854
  25     0.26016     0.12477
  26      0.2702     0.13135
  27     0.28024     0.13801
  28     0.29003     0.14462
  29     0.30044     0.15176
  30     0.31048     0.15873
  31     0.32003     0.16544
  32     0.33019     0.17267
  33     0.34048     0.18008
  34     0.35039     0.18731
  35     0.36019     0.19453
  36     0.37023       0.202
  37     0.38002     0.20939
  38     0.39006     0.21705
  39     0.40047     0.22509
  40     0.41014     0.23261
  41      0.4203     0.24059
  42     0.43022     0.24846
  43     0.44025     0.25651
  44     0.45017     0.26452
  45     0.46046     0.27293
  46        0.47     0.28082
  47     0.48004      0.2892
  48     0.49008     0.29765
  49         0.5     0.30611
  50     0.51028     0.31502
  51      0.5202     0.32374
  52     0.53012     0.33258
  53     0.54003     0.34152
  54      0.5502     0.35081
  55     0.56011     0.35999
  56     0.57003     0.36927
  57     0.58007      0.3788
  58     0.59011     0.38844
  59     0.60027     0.39831
  60     0.61019     0.40806
  61      0.6201     0.41791
  62     0.63051     0.42836
  63     0.64006     0.43804
  64     0.65022     0.44849
  65     0.66014     0.45881
  66     0.67005     0.46924
  67     0.68022     0.48003
  68     0.69001     0.49054
  69     0.70005     0.50145
  70     0.71058     0.51307
  71        0.72     0.52367
  72     0.73004     0.53513
  73     0.74033     0.54704
  74        0.75     0.55836
  75     0.76016     0.57046
  76     0.77008     0.58248
  77     0.78012     0.59484
  78     0.79003     0.60725
  79     0.80007     0.62001
  80     0.81024     0.63318
  81     0.82003     0.64612
  82     0.83007     0.65967
  83     0.84011     0.67349
  84     0.85015     0.68764
  85     0.86019     0.70214
  86     0.87023     0.71702
  87     0.88014     0.73214
  88      0.8903     0.74807
  89     0.90022     0.76405
  90     0.91001     0.78032
  91     0.92018     0.79785
  92     0.93034     0.81622
  93     0.94001     0.83467
  94     0.95029     0.85532
  95     0.96021     0.87649
  96     0.97013     0.89886
  97     0.98004     0.92296
  98     0.99033     0.95261
  99           1           1
-----------------------------------------

----------------- PPP$ and local currency --------------
         PPP used in computation: 0.765068
     Data mean in local currency: 135.762
               Data mean in PPP$: 284.063
        Poverty line in PPP$/Day: 1.9
      Poverty line in PPP$/Month: 57.7917
  Poverty line in local currency: 27.6204
-------------------------------------------------------

----------------- Estimation result --------------
     Number of observation: 3023
          Total population: 7.823E+06
              Total wealth: 1.3882E+09(PPP$)
                   Minimum: 21.4132(PPP$)
                   Maximum: 2355.78(PPP$)
             Headcount(HC): 0.00881489
          Poverty gap (PG): 0.00145944
       Poverty gap squared: 0.000389772
                      Gini: 0.289179
                    Median: 244.587
                       MLD: 0.142875
                      Watt: 0.00170915
--------------------------------------------------

-------------------------------- Income or Consumption share by deciles (%) -------------------------------------
     3.4428     5.3102     6.3929     7.3267     8.1383     9.1936     10.335     11.852     14.377     23.631
-----------------------------------------------------------------------------------------------------------------


