

**********************************************************************************************
**                                   Basic Information                                      **
**********************************************************************************************

----------------- Dataset Information -----------------
                         Country: Bulgaria
                    Country dode: BGR
                       Data Year: 2006
                        Coverage: National
             Welfare measurement: Income
                     Data format: Unit record
                     Data source: BGR_N2006Y
                  Data time span: UnDefined
-------------------------------------------------------


----------- Distribution ------------
   i           P           L 
-------------------------------------
   0    0.010509  0.00011114
   1    0.020398  0.00059951
   2    0.030554   0.0015878
   3    0.040228   0.0028162
   4    0.050412   0.0044255
   5    0.060085   0.0062254
   6    0.070538   0.0084033
   7    0.080422    0.010733
   8    0.090617    0.013377
   9      0.1017     0.01655
  10     0.11023     0.01916
  11     0.12002    0.022367
  12     0.13023    0.025981
  13     0.14036    0.029816
  14     0.15011     0.03375
  15      0.1604    0.038066
  16     0.17006    0.042291
  17     0.18002    0.046805
  18     0.19074    0.051857
  19     0.20018    0.056438
  20     0.21029    0.061491
  21     0.22076      0.0669
  22     0.23041    0.072004
  23     0.24005    0.077217
  24     0.25011    0.082814
  25      0.2601      0.0885
  26     0.27021      0.0944
  27     0.28005     0.10029
  28     0.29022     0.10651
  29     0.30049     0.11298
  30     0.31014     0.11916
  31     0.32014      0.1257
  32     0.33003     0.13227
  33     0.34004     0.13903
  34     0.35007     0.14594
  35     0.36001      0.1529
  36     0.37006     0.16004
  37     0.38013     0.16731
  38     0.39004     0.17456
  39     0.40025     0.18217
  40     0.41017     0.18967
  41     0.42048     0.19758
  42     0.43022     0.20514
  43     0.44017     0.21296
  44     0.45006     0.22082
  45     0.46015     0.22894
  46     0.47035     0.23724
  47     0.48007     0.24526
  48     0.49025     0.25374
  49     0.50007     0.26203
  50     0.51015     0.27064
  51     0.52005     0.27921
  52     0.53068      0.2885
  53     0.54009     0.29685
  54     0.55043     0.30615
  55     0.56016     0.31503
  56     0.57087     0.32495
  57     0.58038     0.33391
  58     0.59006     0.34321
  59     0.60013     0.35298
  60     0.61005     0.36273
  61     0.62013     0.37274
  62     0.63018     0.38284
  63     0.64014     0.39304
  64     0.65004     0.40332
  65     0.66013     0.41402
  66     0.67027     0.42495
  67     0.68034     0.43598
  68     0.69004     0.44677
  69     0.70119     0.45933
  70     0.71073     0.47029
  71     0.72056     0.48177
  72     0.73002     0.49297
  73     0.74011     0.50517
  74     0.75005     0.51744
  75     0.76021     0.53021
  76     0.77007      0.5428
  77     0.78019     0.55593
  78     0.79006     0.56896
  79     0.80003     0.58239
  80     0.81044     0.59661
  81     0.82006     0.60993
  82     0.83011     0.62425
  83     0.84025     0.63903
  84     0.85006      0.6537
  85      0.8604     0.66953
  86     0.87023     0.68501
  87     0.88034     0.70134
  88     0.89033      0.7179
  89     0.90006     0.73445
  90     0.91002     0.75213
  91     0.92001     0.77055
  92     0.93002     0.78969
  93      0.9402     0.81001
  94     0.95011     0.83077
  95     0.96024      0.8537
  96     0.97019     0.87846
  97     0.98018     0.90628
  98     0.99012     0.94033
  99           1           1
-----------------------------------------

----------------- PPP$ and local currency --------------
         PPP used in computation: 0.765068
     Data mean in local currency: 180.804
               Data mean in PPP$: 315.739
        Poverty line in PPP$/Day: 1.9
      Poverty line in PPP$/Month: 57.7917
  Poverty line in local currency: 33.0938
-------------------------------------------------------

----------------- Estimation result --------------
     Number of observation: 3427
          Total population: 7.39734E+06
              Total wealth: 1.74817E+09(PPP$)
                   Minimum: -38.775(PPP$)
                   Maximum: 5157.58(PPP$)
             Headcount(HC): 0.0541759
          Poverty gap (PG): 0.0263131
       Poverty gap squared: 0.0181315
                      Gini: 0.357292
                    Median: 268.046
                       MLD: 0.276457
                      Watt: 0.0551938
--------------------------------------------------

-------------------------------- Income or Consumption share by deciles (%) -------------------------------------
     1.6063     4.0289     5.6315     6.9312     7.9992     9.0887     10.513     12.436     15.199     26.565
-----------------------------------------------------------------------------------------------------------------


