

**********************************************************************************************
**                                   Basic Information                                      **
**********************************************************************************************

----------------- Dataset Information -----------------
                         Country: Bulgaria
                    Country dode: BGR
                       Data Year: 2010
                        Coverage: National
             Welfare measurement: Income
                     Data format: Unit record
                     Data source: BGR_N2010Y
                  Data time span: UnDefined
-------------------------------------------------------


----------- Distribution ------------
   i           P           L 
-------------------------------------
   0    0.012108  0.00080957
   1    0.020077   0.0016353
   2    0.030112   0.0031363
   3    0.040766   0.0051115
   4    0.050011   0.0070471
   5    0.060124   0.0094686
   6    0.070184    0.012147
   7    0.080037    0.014927
   8    0.090306     0.01801
   9     0.10031    0.021183
  10     0.11007    0.024435
  11     0.12044    0.028106
  12     0.13007    0.031716
  13     0.14024    0.035727
  14     0.15035     0.03989
  15     0.16013    0.044065
  16     0.17002     0.04845
  17     0.18017    0.053108
  18     0.19009    0.057779
  19     0.20014     0.06265
  20     0.21008    0.067552
  21     0.22005    0.072603
  22     0.23014    0.077866
  23     0.24016    0.083209
  24     0.25001    0.088583
  25     0.26041    0.094367
  26     0.27026    0.099967
  27     0.28001     0.10562
  28     0.29038     0.11176
  29     0.30005     0.11759
  30     0.31004     0.12372
  31     0.32013     0.13002
  32     0.33005     0.13632
  33      0.3403     0.14291
  34     0.35018     0.14937
  35     0.36002     0.15591
  36     0.37007     0.16271
  37     0.38029     0.16974
  38        0.39     0.17649
  39     0.40014     0.18368
  40     0.41007     0.19088
  41     0.42032     0.19843
  42     0.43036     0.20592
  43     0.44025     0.21342
  44      0.4502      0.2211
  45     0.46002     0.22877
  46     0.47001     0.23667
  47     0.48021      0.2449
  48     0.49033     0.25319
  49     0.50014     0.26136
  50     0.51006     0.26972
  51        0.52     0.27819
  52     0.53001     0.28685
  53     0.54003     0.29566
  54     0.55001     0.30454
  55     0.56015     0.31367
  56     0.57019     0.32287
  57     0.58008     0.33206
  58     0.59002      0.3414
  59     0.60009     0.35097
  60     0.61014     0.36067
  61     0.62003     0.37032
  62     0.63001      0.3802
  63     0.64001     0.39025
  64        0.65     0.40046
  65      0.6602     0.41108
  66     0.67037     0.42185
  67     0.68007     0.43229
  68     0.69008     0.44326
  69     0.70004     0.45439
  70     0.71031     0.46612
  71     0.72058     0.47808
  72     0.73018     0.48945
  73     0.74001     0.50125
  74     0.75012      0.5136
  75     0.76021     0.52611
  76     0.77063     0.53926
  77        0.78     0.55131
  78     0.79008     0.56454
  79     0.80014     0.57803
  80      0.8105     0.59226
  81        0.82     0.60556
  82     0.83011     0.61997
  83     0.84009     0.63453
  84      0.8503     0.64968
  85     0.86032     0.66497
  86     0.87001     0.68031
  87     0.88039     0.69721
  88      0.8901     0.71363
  89     0.90003     0.73098
  90     0.91016     0.74935
  91     0.92004     0.76786
  92     0.93027     0.78775
  93     0.94011     0.80795
  94     0.95001     0.82923
  95     0.96017     0.85236
  96     0.97006     0.87686
  97      0.9801     0.90482
  98     0.99024     0.93993
  99           1           1
-----------------------------------------

----------------- PPP$ and local currency --------------
         PPP used in computation: 0.765068
     Data mean in local currency: 360.609
               Data mean in PPP$: 491.232
        Poverty line in PPP$/Day: 1.9
      Poverty line in PPP$/Month: 57.7917
  Poverty line in local currency: 42.4243
-------------------------------------------------------

----------------- Estimation result --------------
     Number of observation: 6267
          Total population: 7.50661E+06
              Total wealth: 3.53818E+09(PPP$)
                   Minimum: 0(PPP$)
                   Maximum: 19085.4(PPP$)
             Headcount(HC): 0.0192913
          Poverty gap (PG): 0.0061984
       Poverty gap squared: 0.00276273
                      Gini: 0.356536
                    Median: 411.436
                       MLD: 0.236374
                      Watt: 0.00842093
--------------------------------------------------

-------------------------------- Income or Consumption share by deciles (%) -------------------------------------
     2.1083     4.1497     5.4981     6.6025     7.7656     8.9646     10.346     12.349     15.308     26.908
-----------------------------------------------------------------------------------------------------------------


