

**********************************************************************************************
**                                   Basic Information                                      **
**********************************************************************************************

----------------- Dataset Information -----------------
                         Country: Bulgaria
                    Country dode: BGR
                       Data Year: 2012
                        Coverage: National
             Welfare measurement: Income
                     Data format: Unit record
                     Data source: BGR_N2012Y
                  Data time span: UnDefined
-------------------------------------------------------


----------- Distribution ------------
   i           P           L 
-------------------------------------
   0    0.010326  0.00054669
   1    0.020144   0.0015025
   2    0.030006   0.0028586
   3    0.040382   0.0046848
   4    0.050229   0.0065993
   5    0.060495   0.0088392
   6    0.070031    0.011194
   7    0.080164    0.013949
   8    0.090214    0.016881
   9     0.10018    0.020015
  10     0.11003    0.023358
  11     0.12025    0.027029
  12      0.1304    0.030856
  13     0.14044     0.03482
  14     0.15005    0.038762
  15     0.16018    0.043082
  16     0.17037    0.047585
  17      0.1803    0.052121
  18     0.19012     0.05673
  19         0.2     0.06153
  20      0.2101    0.066581
  21     0.22011    0.071724
  22     0.23004    0.076983
  23     0.24013    0.082447
  24     0.25006    0.087919
  25     0.26019     0.09362
  26     0.27019    0.099361
  27     0.28006     0.10515
  28     0.29015     0.11116
  29     0.30019     0.11724
  30      0.3105     0.12359
  31     0.32017     0.12966
  32     0.33005     0.13596
  33     0.34001     0.14242
  34     0.35028      0.1492
  35     0.36024     0.15586
  36      0.3703     0.16268
  37     0.38001     0.16939
  38     0.39026     0.17658
  39     0.40009     0.18359
  40     0.41001     0.19077
  41     0.42015     0.19821
  42     0.43012     0.20563
  43     0.44007     0.21314
  44     0.45007     0.22079
  45      0.4602     0.22864
  46     0.47002     0.23636
  47     0.48026     0.24452
  48     0.49007     0.25246
  49     0.50012     0.26073
  50     0.51012     0.26908
  51     0.52033     0.27774
  52     0.53003     0.28608
  53     0.54026     0.29501
  54     0.55006     0.30365
  55     0.56076     0.31322
  56     0.57044     0.32202
  57     0.58002     0.33081
  58     0.59005      0.3401
  59     0.60002     0.34946
  60        0.61     0.35899
  61     0.62016     0.36879
  62     0.63036     0.37876
  63     0.64003     0.38839
  64     0.65007     0.39856
  65     0.66058     0.40935
  66     0.67028     0.41948
  67     0.68019     0.42998
  68     0.69055     0.44113
  69     0.70015      0.4516
  70     0.71044     0.46301
  71     0.72002     0.47389
  72     0.73001     0.48543
  73     0.74001     0.49718
  74     0.75008     0.50926
  75     0.76026      0.5217
  76     0.77014     0.53399
  77     0.78002     0.54658
  78     0.79015     0.55979
  79     0.80003       0.573
  80        0.81     0.58674
  81     0.82003     0.60081
  82     0.83036     0.61561
  83     0.84004     0.62982
  84     0.85003     0.64483
  85     0.86012     0.66037
  86     0.87019     0.67632
  87     0.88015     0.69249
  88     0.89024     0.70938
  89     0.90013     0.72642
  90     0.91022     0.74448
  91     0.92018       0.763
  92     0.93036     0.78264
  93     0.94009     0.80231
  94     0.95001     0.82389
  95     0.96004     0.84779
  96     0.97026     0.87495
  97     0.98025     0.90494
  98     0.99031     0.94134
  99           1           1
-----------------------------------------

----------------- PPP$ and local currency --------------
         PPP used in computation: 0.765068
     Data mean in local currency: 376.897
               Data mean in PPP$: 478.495
        Poverty line in PPP$/Day: 1.9
      Poverty line in PPP$/Month: 57.7917
  Poverty line in local currency: 45.5209
-------------------------------------------------------

----------------- Estimation result --------------
     Number of observation: 4880
          Total population: 7.20432E+06
              Total wealth: 3.54908E+09(PPP$)
                   Minimum: 0(PPP$)
                   Maximum: 18295.1(PPP$)
             Headcount(HC): 0.0203099
          Poverty gap (PG): 0.00770636
       Poverty gap squared: 0.00435799
                      Gini: 0.360139
                    Median: 396.659
                       MLD: 0.250068
                      Watt: 0.0100881
--------------------------------------------------

-------------------------------- Income or Consumption share by deciles (%) -------------------------------------
     1.9958     4.1572     5.5593     6.6405     7.7101     8.8815     10.199     12.153     15.323     27.381
-----------------------------------------------------------------------------------------------------------------


