

**********************************************************************************************
**                                   Basic Information                                      **
**********************************************************************************************

----------------- Dataset Information -----------------
                         Country: Bulgaria
                    Country dode: BGR
                       Data Year: 2009
                        Coverage: National
             Welfare measurement: Income
                     Data format: Unit record
                     Data source: BGR_N2009Y
                  Data time span: UnDefined
-------------------------------------------------------


----------- Distribution ------------
   i           P           L 
-------------------------------------
   0     0.01014  0.00082499
   1     0.02021   0.0021642
   2    0.030449    0.004015
   3    0.040065   0.0060814
   4    0.050271   0.0085283
   5    0.060238    0.011144
   6    0.070267    0.014014
   7    0.080013    0.016999
   8    0.090317     0.02037
   9     0.10001    0.023718
  10     0.11002    0.027353
  11     0.12042    0.031384
  12     0.13001    0.035276
  13     0.14001    0.039505
  14      0.1502    0.043951
  15     0.16096    0.048862
  16     0.17043    0.053336
  17     0.18007    0.057991
  18     0.19003     0.06291
  19     0.20001    0.067947
  20     0.21029    0.073267
  21     0.22004     0.07842
  22     0.23011    0.083844
  23     0.24015    0.089355
  24     0.25008    0.094947
  25     0.26001     0.10066
  26     0.27005     0.10656
  27     0.28013      0.1126
  28     0.29001     0.11864
  29     0.30001     0.12487
  30     0.31015      0.1313
  31     0.32008     0.13774
  32     0.33044     0.14457
  33     0.34007     0.15103
  34     0.35001     0.15779
  35     0.36034     0.16492
  36     0.37025     0.17186
  37     0.38001     0.17877
  38     0.39001     0.18597
  39     0.40007     0.19331
  40      0.4101     0.20074
  41     0.42015      0.2083
  42     0.43021     0.21596
  43     0.44009     0.22358
  44     0.45015     0.23145
  45     0.46042     0.23961
  46     0.47008     0.24742
  47     0.48001     0.25554
  48     0.49014     0.26394
  49     0.50004      0.2723
  50     0.51021     0.28102
  51     0.52004     0.28956
  52     0.53006     0.29835
  53     0.54041     0.30751
  54     0.55002      0.3161
  55     0.56002     0.32517
  56     0.57002      0.3344
  57     0.58061     0.34436
  58     0.59006     0.35338
  59     0.60041     0.36342
  60     0.61024     0.37312
  61     0.62012     0.38301
  62     0.63055     0.39356
  63     0.64019     0.40343
  64     0.65005     0.41364
  65      0.6603     0.42441
  66     0.67034     0.43516
  67     0.68003     0.44571
  68     0.69051      0.4573
  69     0.70034     0.46832
  70     0.71006     0.47938
  71     0.72004     0.49093
  72     0.73013     0.50276
  73     0.74013      0.5147
  74     0.75015     0.52687
  75     0.76042     0.53956
  76     0.77003     0.55164
  77     0.78021     0.56472
  78     0.79013     0.57769
  79     0.80026     0.59119
  80     0.81014     0.60473
  81      0.8201     0.61864
  82     0.83002     0.63279
  83     0.84024      0.6477
  84     0.85003     0.66228
  85     0.86004     0.67756
  86     0.87019      0.6935
  87      0.8801     0.70953
  88     0.89002     0.72597
  89         0.9     0.74312
  90     0.91009      0.7611
  91     0.92003     0.77955
  92     0.93005     0.79895
  93     0.94024     0.81953
  94     0.95001     0.84017
  95     0.96026     0.86341
  96     0.97005     0.88716
  97     0.98006     0.91345
  98     0.99006     0.94474
  99           1           1
-----------------------------------------

----------------- PPP$ and local currency --------------
         PPP used in computation: 0.765068
     Data mean in local currency: 367.605
               Data mean in PPP$: 512.976
        Poverty line in PPP$/Day: 1.9
      Poverty line in PPP$/Month: 57.7917
  Poverty line in local currency: 41.4142
-------------------------------------------------------

----------------- Estimation result --------------
     Number of observation: 5996
          Total population: 7.54427E+06
              Total wealth: 3.62492E+09(PPP$)
                   Minimum: 0(PPP$)
                   Maximum: 16763.6(PPP$)
             Headcount(HC): 0.0114697
          Poverty gap (PG): 0.00283855
       Poverty gap squared: 0.00107498
                      Gini: 0.338232
                    Median: 436.42
                       MLD: 0.208001
                      Watt: 0.00364625
--------------------------------------------------

-------------------------------- Income or Consumption share by deciles (%) -------------------------------------
     2.3715     4.4225     5.6927     6.8386     7.9015     9.0756     10.491     12.291     15.227     25.688
-----------------------------------------------------------------------------------------------------------------


