

**********************************************************************************************
**                                   Basic Information                                      **
**********************************************************************************************

----------------- Dataset Information -----------------
                         Country: Bosnia and Herzegovina
                    Country dode: BIH
                       Data Year: 2001
                        Coverage: National
             Welfare measurement: Consumption
                     Data format: Unit record
                     Data source: BIH_N2001X
                  Data time span: UnDefined
-------------------------------------------------------


----------- Distribution ------------
   i           P           L 
-------------------------------------
   0    0.010078   0.0017887
   1    0.020015    0.004635
   2    0.032404   0.0086353
   3    0.040034    0.011245
   4     0.05003    0.014899
   5    0.060101     0.01875
   6     0.07058    0.022944
   7    0.080546    0.027145
   8    0.090171    0.031405
   9     0.10004     0.03592
  10     0.11024    0.040711
  11     0.12004    0.045419
  12      0.1301    0.050346
  13     0.14022     0.05545
  14     0.15046    0.060733
  15     0.16002    0.065751
  16      0.1701    0.071169
  17     0.18003    0.076615
  18     0.19005    0.082213
  19     0.20005    0.087885
  20     0.21019    0.093725
  21     0.22005    0.099531
  22     0.23034      0.1057
  23     0.24015      0.1117
  24     0.25009     0.11786
  25     0.26039     0.12436
  26      0.2711     0.13117
  27     0.28014     0.13697
  28     0.29003      0.1434
  29     0.30053     0.15035
  30     0.31017     0.15681
  31     0.32014     0.16358
  32     0.33175     0.17159
  33     0.34025     0.17751
  34     0.35082     0.18495
  35      0.3602     0.19163
  36     0.37003     0.19872
  37     0.38006     0.20606
  38     0.39184      0.2148
  39     0.40011     0.22098
  40     0.41007     0.22853
  41     0.42005     0.23619
  42     0.43005     0.24396
  43     0.44011     0.25186
  44     0.45241     0.26167
  45     0.46016      0.2679
  46     0.47003     0.27594
  47     0.48029     0.28437
  48     0.49008     0.29252
  49     0.50006     0.30093
  50     0.51028     0.30966
  51     0.52003     0.31808
  52     0.53016     0.32691
  53     0.54029     0.33585
  54     0.55121     0.34559
  55     0.56006     0.35357
  56     0.57039       0.363
  57     0.58019     0.37208
  58      0.5901     0.38139
  59     0.60006     0.39089
  60     0.61076     0.40128
  61     0.62067     0.41105
  62     0.63002     0.42037
  63      0.6403     0.43076
  64     0.65011     0.44085
  65     0.66003     0.45121
  66     0.67038     0.46213
  67     0.68025     0.47262
  68     0.69006     0.48314
  69     0.70035     0.49431
  70     0.71016     0.50509
  71     0.72004     0.51611
  72     0.73049     0.52802
  73     0.74001     0.53903
  74     0.75009     0.55083
  75     0.76001     0.56263
  76     0.77003     0.57474
  77     0.78001     0.58695
  78     0.79004     0.59945
  79     0.80023     0.61235
  80     0.81001     0.62493
  81     0.82032     0.63842
  82     0.83001     0.65131
  83     0.84009     0.66491
  84     0.85059     0.67932
  85     0.86003     0.69248
  86     0.87005     0.70678
  87     0.88017     0.72158
  88     0.89018     0.73661
  89     0.90048     0.75251
  90     0.91001      0.7677
  91     0.92113     0.78623
  92     0.93014     0.80165
  93     0.94007     0.81947
  94     0.95002     0.83815
  95     0.96036     0.85894
  96     0.97002     0.87998
  97     0.98001       0.904
  98     0.99008     0.93169
  99           1           1
-----------------------------------------

----------------- PPP$ and local currency --------------
         PPP used in computation: 0.866936
     Data mean in local currency: 252.914
               Data mean in PPP$: 367.482
        Poverty line in PPP$/Day: 1.9
      Poverty line in PPP$/Month: 57.7917
  Poverty line in local currency: 39.7742
-------------------------------------------------------

----------------- Estimation result --------------
     Number of observation: 5401
          Total population: 3.51627E+06
              Total wealth: 1.02581E+09(PPP$)
                   Minimum: 4.85149(PPP$)
                   Maximum: 11718.5(PPP$)
             Headcount(HC): 0.00311239
          Poverty gap (PG): 0.00131888
       Poverty gap squared: 0.000639165
                      Gini: 0.299664
                    Median: 311.634
                       MLD: 0.156699
                      Watt: 0.00187814
--------------------------------------------------

-------------------------------- Income or Consumption share by deciles (%) -------------------------------------
     3.5902     5.1953     6.2146     7.0904     7.9977     8.9951      10.31     11.813     13.971     24.824
-----------------------------------------------------------------------------------------------------------------


