

**********************************************************************************************
**                                   Basic Information                                      **
**********************************************************************************************

----------------- Dataset Information -----------------
                         Country: Bosnia and Herzegovina
                    Country dode: BIH
                       Data Year: 2004
                        Coverage: National
             Welfare measurement: Consumption
                     Data format: Unit record
                     Data source: BIH_N2004X
                  Data time span: UnDefined
-------------------------------------------------------


----------- Distribution ------------
   i           P           L 
-------------------------------------
   0    0.010107   0.0014585
   1    0.020171   0.0036702
   2    0.030043   0.0062271
   3    0.040136   0.0090893
   4    0.050107    0.012116
   5    0.060059    0.015272
   6    0.070087    0.018615
   7    0.080082    0.022094
   8    0.090026    0.025669
   9     0.10001    0.029422
  10     0.11017    0.033395
  11     0.12004    0.037376
  12     0.13005    0.041535
  13     0.14008    0.045818
  14     0.15001    0.050189
  15     0.16015    0.054779
  16     0.17011    0.059396
  17     0.18004    0.064121
  18     0.19013    0.069035
  19     0.20003    0.073973
  20     0.21007    0.079075
  21     0.22007    0.084258
  22     0.23002    0.089506
  23     0.24016    0.094955
  24     0.25014     0.10042
  25     0.26014     0.10602
  26     0.27005     0.11166
  27     0.28005     0.11746
  28        0.29     0.12335
  29         0.3     0.12937
  30     0.31004      0.1355
  31     0.32005     0.14174
  32     0.33007     0.14806
  33     0.34017     0.15451
  34     0.35005     0.16091
  35     0.36027     0.16764
  36     0.37018     0.17427
  37     0.38002     0.18095
  38     0.39012     0.18791
  39     0.40006     0.19487
  40     0.41006     0.20197
  41     0.42012     0.20921
  42     0.43006     0.21647
  43     0.44004     0.22385
  44      0.4501     0.23139
  45     0.46001     0.23891
  46     0.47016     0.24674
  47     0.48001     0.25443
  48     0.49001     0.26235
  49     0.50009     0.27045
  50     0.51011     0.27861
  51     0.52011     0.28688
  52     0.53011     0.29528
  53     0.54021     0.30388
  54     0.55003     0.31235
  55     0.56003     0.32109
  56     0.57002     0.32996
  57      0.5802     0.33918
  58     0.59011      0.3483
  59     0.60002     0.35756
  60     0.61001     0.36705
  61      0.6201     0.37679
  62     0.63015     0.38666
  63     0.64013      0.3966
  64     0.65001     0.40658
  65     0.66005     0.41689
  66     0.67003     0.42732
  67     0.68021     0.43816
  68     0.69003      0.4488
  69         0.7     0.45979
  70     0.71041     0.47146
  71     0.72005      0.4825
  72     0.73016     0.49428
  73     0.74005     0.50606
  74     0.75001     0.51814
  75     0.76004     0.53051
  76     0.77002     0.54302
  77     0.78022     0.55602
  78     0.79008      0.5688
  79      0.8001      0.5821
  80     0.81006      0.5957
  81      0.8204     0.61019
  82     0.83008     0.62406
  83     0.84008     0.63874
  84        0.85     0.65373
  85     0.86006     0.66932
  86     0.87005     0.68529
  87     0.88001      0.7017
  88     0.89001     0.71872
  89     0.90017     0.73675
  90     0.91001     0.75495
  91     0.92003     0.77422
  92     0.93005      0.7944
  93     0.94001     0.81557
  94     0.95015     0.83842
  95     0.96006     0.86237
  96     0.97009     0.88866
  97      0.9801     0.91816
  98     0.99005     0.95222
  99           1           1
-----------------------------------------

----------------- PPP$ and local currency --------------
         PPP used in computation: 0.866936
     Data mean in local currency: 387.035
               Data mean in PPP$: 555.113
        Poverty line in PPP$/Day: 1.9
      Poverty line in PPP$/Month: 57.7917
  Poverty line in local currency: 40.2934
-------------------------------------------------------

----------------- Estimation result --------------
     Number of observation: 7412
          Total population: 3.50787E+06
              Total wealth: 1.56605E+09(PPP$)
                   Minimum: 6.60141(PPP$)
                   Maximum: 4659.45(PPP$)
             Headcount(HC): 0.00181144
          Poverty gap (PG): 0.000540152
       Poverty gap squared: 0.000266063
                      Gini: 0.340375
                    Median: 449.326
                       MLD: 0.193818
                      Watt: 0.000853917
--------------------------------------------------

-------------------------------- Income or Consumption share by deciles (%) -------------------------------------
     2.9418     4.4538     5.5409     6.5463     7.5545      8.717     10.224     12.218     15.448     26.356
-----------------------------------------------------------------------------------------------------------------


