

**********************************************************************************************
**                                   Basic Information                                      **
**********************************************************************************************

----------------- Dataset Information -----------------
                         Country: Bosnia and Herzegovina
                    Country dode: BIH
                       Data Year: 2007
                        Coverage: National
             Welfare measurement: Consumption
                     Data format: Unit record
                     Data source: BIH_N2007X
                  Data time span: UnDefined
-------------------------------------------------------


----------- Distribution ------------
   i           P           L 
-------------------------------------
   0    0.010144    0.001584
   1    0.020241   0.0038265
   2    0.030115   0.0063921
   3    0.040008   0.0092334
   4    0.050006    0.012277
   5    0.060172    0.015549
   6    0.070105     0.01895
   7    0.080117    0.022547
   8    0.090011    0.026244
   9     0.10007    0.030105
  10     0.11003     0.03404
  11     0.12005    0.038115
  12     0.13015    0.042343
  13     0.14008    0.046614
  14     0.15001    0.051019
  15        0.16     0.05554
  16     0.17008    0.060201
  17     0.18005    0.064936
  18     0.19015     0.06987
  19     0.20012    0.074859
  20     0.21003    0.079932
  21     0.22007    0.085179
  22     0.23003    0.090494
  23     0.24005    0.095925
  24     0.25004     0.10145
  25     0.26013     0.10715
  26     0.27005     0.11286
  27     0.28011     0.11875
  28      0.2902     0.12477
  29     0.30001     0.13072
  30      0.3101     0.13695
  31     0.32015     0.14328
  32     0.33004     0.14958
  33     0.34003     0.15608
  34     0.35006     0.16268
  35     0.36016     0.16945
  36     0.37007     0.17619
  37     0.38018     0.18318
  38     0.39021      0.1902
  39     0.40016     0.19725
  40     0.41005     0.20439
  41     0.42006      0.2117
  42     0.43011     0.21915
  43     0.44006     0.22663
  44     0.45024      0.2344
  45     0.46007     0.24203
  46     0.47012     0.24993
  47     0.48001     0.25782
  48     0.49011     0.26599
  49     0.50002      0.2741
  50     0.51018     0.28254
  51     0.52005     0.29083
  52     0.53004     0.29936
  53     0.54002     0.30802
  54     0.55011     0.31696
  55     0.56002     0.32587
  56     0.57004     0.33504
  57     0.58008     0.34434
  58     0.59009     0.35374
  59     0.60002     0.36321
  60     0.61005     0.37295
  61     0.62006     0.38283
  62     0.63019     0.39301
  63     0.64002     0.40305
  64     0.65014     0.41356
  65     0.66007     0.42406
  66     0.67007     0.43479
  67     0.68019     0.44583
  68     0.69008     0.45678
  69     0.70012     0.46807
  70     0.71006     0.47944
  71     0.72001     0.49104
  72     0.73018     0.50309
  73     0.74004     0.51499
  74     0.75011     0.52736
  75      0.7601     0.53992
  76     0.77008     0.55276
  77     0.78003     0.56582
  78      0.7902     0.57953
  79     0.80006     0.59311
  80     0.81007     0.60716
  81     0.82014     0.62155
  82     0.83008     0.63604
  83     0.84003     0.65083
  84     0.85016     0.66619
  85      0.8601     0.68162
  86     0.87018     0.69779
  87     0.88005     0.71409
  88     0.89011     0.73133
  89     0.90011     0.74907
  90     0.91005     0.76726
  91     0.92011     0.78633
  92        0.93     0.80587
  93     0.94001     0.82658
  94     0.95001     0.84834
  95     0.96004     0.87167
  96     0.97017     0.89688
  97     0.98009     0.92423
  98     0.99001     0.95559
  99           1           1
-----------------------------------------

----------------- PPP$ and local currency --------------
         PPP used in computation: 0.866936
     Data mean in local currency: 470.583
               Data mean in PPP$: 615.318
        Poverty line in PPP$/Day: 1.9
      Poverty line in PPP$/Month: 57.7917
  Poverty line in local currency: 44.1979
-------------------------------------------------------

----------------- Estimation result --------------
     Number of observation: 7467
          Total population: 3.44716E+06
              Total wealth: 1.87116E+09(PPP$)
                   Minimum: 17.6078(PPP$)
                   Maximum: 6677.66(PPP$)
             Headcount(HC): 0.000582642
          Poverty gap (PG): 0.000202297
       Poverty gap squared: 8.24121E-05
                      Gini: 0.330616
                    Median: 506.868
                       MLD: 0.182797
                      Watt: 0.000266818
--------------------------------------------------

-------------------------------- Income or Consumption share by deciles (%) -------------------------------------
     3.0077     4.4723      5.592     6.6423     7.6947     8.9103     10.474     12.509     15.584     25.113
-----------------------------------------------------------------------------------------------------------------


