

**********************************************************************************************
**                                   Basic Information                                      **
**********************************************************************************************

----------------- Dataset Information -----------------
                         Country: Bosnia and Herzegovina
                    Country dode: BIH
                       Data Year: 2011
                        Coverage: National
             Welfare measurement: Consumption
                     Data format: Unit record
                     Data source: BIH_N2011X
                  Data time span: UnDefined
-------------------------------------------------------


----------- Distribution ------------
   i           P           L 
-------------------------------------
   0    0.010035   0.0014808
   1    0.020064   0.0036313
   2     0.03012   0.0061407
   3    0.040063   0.0088361
   4    0.050115    0.011764
   5    0.060102    0.014887
   6    0.070029    0.018175
   7    0.080026    0.021619
   8    0.090045      0.0252
   9     0.10012    0.028948
  10     0.11012    0.032814
  11     0.12004    0.036754
  12     0.13002    0.040832
  13     0.14001    0.045024
  14     0.15012    0.049409
  15      0.1601    0.053868
  16     0.17011    0.058459
  17     0.18011     0.06314
  18     0.19011    0.067924
  19     0.20002    0.072775
  20     0.21014    0.077846
  21      0.2201    0.082956
  22     0.23008    0.088189
  23     0.24012    0.093554
  24     0.25008    0.098997
  25     0.26008     0.10455
  26     0.27001     0.11018
  27     0.28006     0.11599
  28      0.2901     0.12189
  29     0.30004     0.12784
  30     0.31009     0.13396
  31     0.32003     0.14012
  32      0.3301     0.14646
  33      0.3401     0.15286
  34     0.35012     0.15934
  35     0.36001     0.16585
  36     0.37005     0.17257
  37     0.38005     0.17938
  38     0.39009     0.18631
  39     0.40009     0.19333
  40      0.4101     0.20047
  41     0.42009      0.2077
  42     0.43002     0.21499
  43      0.4401      0.2225
  44     0.45009     0.23006
  45     0.46007     0.23773
  46     0.47003      0.2455
  47     0.48002     0.25341
  48     0.49007     0.26151
  49     0.50007     0.26969
  50     0.51005     0.27797
  51      0.5201     0.28646
  52     0.53013     0.29506
  53     0.54009     0.30371
  54     0.55013     0.31259
  55     0.56007     0.32154
  56     0.57007      0.3307
  57     0.58008        0.34
  58     0.59006      0.3494
  59     0.60008     0.35898
  60     0.61009     0.36867
  61     0.62005     0.37846
  62     0.63013      0.3885
  63     0.64009     0.39857
  64     0.65014     0.40887
  65     0.66006     0.41923
  66     0.67014     0.42993
  67        0.68     0.44056
  68     0.69012     0.45167
  69     0.70007     0.46275
  70     0.71013     0.47415
  71     0.72007     0.48563
  72     0.73011     0.49747
  73     0.74009      0.5095
  74     0.75006     0.52174
  75     0.76007     0.53425
  76     0.77002     0.54692
  77     0.78006     0.55992
  78     0.79013     0.57324
  79     0.80004      0.5866
  80     0.81001     0.60029
  81     0.82009     0.61446
  82     0.83004     0.62881
  83     0.84012     0.64376
  84     0.85003     0.65895
  85     0.86013     0.67488
  86     0.87002     0.69093
  87     0.88007     0.70771
  88        0.89     0.72479
  89     0.90011     0.74273
  90     0.91001     0.76099
  91     0.92009     0.78035
  92     0.93003      0.8002
  93      0.9401     0.82129
  94     0.95007     0.84334
  95     0.96003     0.86688
  96     0.97007     0.89256
  97     0.98011      0.9211
  98     0.99011      0.9537
  99           1           1
-----------------------------------------

----------------- PPP$ and local currency --------------
         PPP used in computation: 0.866936
     Data mean in local currency: 524.864
               Data mean in PPP$: 605.424
        Poverty line in PPP$/Day: 1.9
      Poverty line in PPP$/Month: 57.7917
  Poverty line in local currency: 50.1017
-------------------------------------------------------

----------------- Estimation result --------------
     Number of observation: 7468
          Total population: 1.05461E+06
              Total wealth: 6.38488E+08(PPP$)
                   Minimum: 18.0493(PPP$)
                   Maximum: 6699.89(PPP$)
             Headcount(HC): 0.000682305
          Poverty gap (PG): 0.0002119
       Poverty gap squared: 0.000103868
                      Gini: 0.338303
                    Median: 498.498
                       MLD: 0.192238
                      Watt: 0.000303796
--------------------------------------------------

-------------------------------- Income or Consumption share by deciles (%) -------------------------------------
     2.8904     4.3859     5.5054      6.545     7.6358     8.9275     10.377     12.387       15.6     25.746
-----------------------------------------------------------------------------------------------------------------


