

**********************************************************************************************
**                                   Basic Information                                      **
**********************************************************************************************

----------------- Dataset Information -----------------
                         Country: Belarus
                    Country dode: BLR
                       Data Year: 2007
                        Coverage: National
             Welfare measurement: Consumption
                     Data format: Unit record
                     Data source: BLR_N2007X
                  Data time span: UnDefined
-------------------------------------------------------


----------- Distribution ------------
   i           P           L 
-------------------------------------
   0    0.010065   0.0019857
   1     0.02009   0.0045774
   2    0.030108     0.00759
   3    0.040092    0.010911
   4    0.050049    0.014485
   5    0.060146    0.018284
   6    0.070014    0.022201
   7    0.080212    0.026419
   8     0.09003    0.030646
   9     0.10021    0.035175
  10     0.11029    0.039789
  11     0.12002    0.044357
  12      0.1304    0.049331
  13     0.14016    0.054086
  14     0.15003    0.059019
  15     0.16005    0.064172
  16     0.17032    0.069596
  17     0.18014    0.074892
  18      0.1901    0.080344
  19     0.20006    0.085908
  20     0.21011    0.091635
  21     0.22015    0.097442
  22     0.23001     0.10325
  23     0.24021     0.10934
  24     0.25027     0.11547
  25     0.26008     0.12155
  26     0.27003      0.1278
  27     0.28002      0.1342
  28     0.29023     0.14084
  29     0.30028     0.14745
  30     0.31028      0.1541
  31     0.32027     0.16083
  32      0.3303     0.16765
  33     0.34002     0.17436
  34     0.35006      0.1814
  35     0.36005     0.18851
  36      0.3701     0.19577
  37     0.38028     0.20325
  38     0.39031     0.21074
  39     0.40011     0.21815
  40     0.41011     0.22579
  41     0.42012     0.23354
  42     0.43024      0.2415
  43     0.44014     0.24938
  44     0.45003     0.25735
  45     0.46017     0.26564
  46     0.47029     0.27401
  47     0.48006     0.28222
  48     0.49032     0.29095
  49     0.50014      0.2994
  50     0.51036     0.30831
  51     0.52007     0.31687
  52     0.53008     0.32578
  53      0.5402     0.33489
  54     0.55004     0.34385
  55      0.5602     0.35321
  56     0.57004     0.36237
  57     0.58011     0.37189
  58     0.59003      0.3814
  59     0.60006     0.39114
  60     0.61003     0.40095
  61     0.62074     0.41163
  62     0.63026     0.42124
  63     0.64006     0.43124
  64     0.65006     0.44154
  65     0.66029     0.45223
  66     0.67005     0.46257
  67     0.68005     0.47332
  68     0.69003     0.48421
  69     0.70005     0.49531
  70     0.71005     0.50652
  71     0.72012     0.51799
  72     0.73012     0.52955
  73     0.74003     0.54118
  74     0.75022     0.55331
  75     0.76009     0.56528
  76        0.77     0.57755
  77     0.78007     0.59022
  78     0.79007     0.60303
  79     0.80001     0.61602
  80     0.81009     0.62948
  81     0.82007     0.64306
  82     0.83001     0.65693
  83     0.84005     0.67127
  84     0.85024     0.68606
  85     0.86005     0.70061
  86     0.87006      0.7159
  87     0.88023     0.73187
  88      0.8901     0.74783
  89     0.90018      0.7646
  90     0.91006     0.78144
  91     0.92001     0.79891
  92     0.93007     0.81709
  93     0.94012     0.83598
  94     0.95009     0.85567
  95     0.96036     0.87724
  96     0.97001     0.89917
  97      0.9804     0.92561
  98     0.99006     0.95348
  99           1           1
-----------------------------------------

----------------- PPP$ and local currency --------------
         PPP used in computation: 1832.43
     Data mean in local currency: 350740
               Data mean in PPP$: 409.837
        Poverty line in PPP$/Day: 1.9
      Poverty line in PPP$/Month: 57.7917
  Poverty line in local currency: 49458.3
-------------------------------------------------------

----------------- Estimation result --------------
     Number of observation: 5333
          Total population: 9.53442E+06
              Total wealth: 1.82495E+09(PPP$)
                   Minimum: 24.3076(PPP$)
                   Maximum: 4434.07(PPP$)
             Headcount(HC): 0.000837541
          Poverty gap (PG): 3.4277E-05
       Poverty gap squared: 2.7532E-06
                      Gini: 0.296124
                    Median: 354.79
                       MLD: 0.14678
                      Watt: 3.57403E-05
--------------------------------------------------

-------------------------------- Income or Consumption share by deciles (%) -------------------------------------
      3.508     5.0794     6.1395     7.0797     8.1214     9.1807     10.417     12.076     14.829      23.57
-----------------------------------------------------------------------------------------------------------------


