

**********************************************************************************************
**                                   Basic Information                                      **
**********************************************************************************************

----------------- Dataset Information -----------------
                         Country: Belarus
                    Country dode: BLR
                       Data Year: 1999
                        Coverage: National
             Welfare measurement: Consumption
                     Data format: Unit record
                     Data source: BLR_N1999X
                  Data time span: UnDefined
-------------------------------------------------------


----------- Distribution ------------
   i           P           L 
-------------------------------------
   0    0.010124   0.0015897
   1    0.020179   0.0037133
   2    0.030057   0.0061336
   3    0.040162   0.0088816
   4    0.050069    0.011831
   5    0.060252    0.015103
   6    0.070041    0.018442
   7    0.080166    0.022022
   8    0.090176    0.025705
   9     0.10015    0.029544
  10      0.1101    0.033547
  11     0.12012    0.037712
  12     0.13002    0.041979
  13     0.14019    0.046507
  14     0.15003    0.050994
  15     0.16011    0.055721
  16     0.17027    0.060594
  17     0.18028    0.065513
  18     0.19025    0.070519
  19     0.20019    0.075615
  20     0.21019    0.080837
  21      0.2201    0.086129
  22     0.23012    0.091583
  23     0.24015     0.09716
  24     0.25009     0.10278
  25     0.26002     0.10848
  26     0.27001     0.11433
  27      0.2801     0.12037
  28      0.2902     0.12656
  29      0.3001     0.13273
  30     0.31027      0.1392
  31     0.32029     0.14569
  32     0.33018     0.15217
  33     0.34004     0.15875
  34     0.35005     0.16554
  35     0.36023     0.17254
  36        0.37     0.17934
  37     0.38008     0.18647
  38     0.39007     0.19368
  39     0.40015     0.20108
  40        0.41     0.20843
  41     0.42028     0.21621
  42     0.43005     0.22373
  43      0.4403     0.23171
  44     0.45013     0.23946
  45     0.46028     0.24756
  46     0.47004     0.25546
  47     0.48017     0.26377
  48     0.49017      0.2721
  49     0.50005     0.28046
  50     0.51004     0.28906
  51     0.52026     0.29801
  52     0.53008     0.30674
  53     0.54003      0.3157
  54     0.55024     0.32501
  55     0.56016     0.33419
  56     0.57009     0.34351
  57     0.58016     0.35311
  58     0.59044     0.36307
  59     0.60002     0.37248
  60     0.61011     0.38254
  61     0.62007     0.39261
  62     0.63005     0.40286
  63     0.64044     0.41368
  64     0.65013     0.42392
  65     0.66001     0.43449
  66     0.67008     0.44544
  67      0.6802     0.45659
  68     0.69009     0.46765
  69     0.70018     0.47911
  70     0.71027     0.49074
  71     0.72022     0.50241
  72     0.73011      0.5142
  73     0.74006     0.52626
  74     0.75017     0.53878
  75     0.76002     0.55118
  76        0.77       0.564
  77     0.78018     0.57741
  78     0.79027     0.59091
  79     0.80007     0.60423
  80      0.8101     0.61813
  81     0.82017     0.63243
  82     0.83015     0.64692
  83     0.84024     0.66182
  84     0.85027     0.67689
  85     0.86009     0.69198
  86     0.87002     0.70764
  87     0.88014     0.72398
  88     0.89005     0.74047
  89      0.9003     0.75808
  90     0.91018     0.77565
  91      0.9202     0.79396
  92     0.93003     0.81247
  93     0.94025     0.83268
  94     0.95006     0.85316
  95     0.96011     0.87526
  96     0.97015     0.89897
  97     0.98007     0.92533
  98      0.9903     0.95741
  99           1           1
-----------------------------------------

----------------- PPP$ and local currency --------------
         PPP used in computation: 1832.43
     Data mean in local currency: 10386.6
               Data mean in PPP$: 145.397
        Poverty line in PPP$/Day: 1.9
      Poverty line in PPP$/Month: 57.7917
  Poverty line in local currency: 4128.4
-------------------------------------------------------

----------------- Estimation result --------------
     Number of observation: 4828
          Total population: 1.0321E+07
              Total wealth: 5.85015E+07(PPP$)
                   Minimum: 0.351143(PPP$)
                   Maximum: 39.2355(PPP$)
             Headcount(HC): 0.102498
          Poverty gap (PG): 0.0258226
       Poverty gap squared: 0.00983004
                      Gini: 0.320007
                    Median: 124.343
                       MLD: 0.173873
                      Watt: 0.0333791
--------------------------------------------------

-------------------------------- Income or Consumption share by deciles (%) -------------------------------------
     2.9488     4.6029     5.7154     6.8293     7.9444     9.2051     10.644     12.524     15.343     24.243
-----------------------------------------------------------------------------------------------------------------


