

**********************************************************************************************
**                                   Basic Information                                      **
**********************************************************************************************

----------------- Dataset Information -----------------
                         Country: Belarus
                    Country dode: BLR
                       Data Year: 2004
                        Coverage: National
             Welfare measurement: Consumption
                     Data format: Unit record
                     Data source: BLR_N2004X
                  Data time span: UnDefined
-------------------------------------------------------


----------- Distribution ------------
   i           P           L 
-------------------------------------
   0    0.010157   0.0023212
   1     0.02009   0.0052875
   2    0.030156   0.0087017
   3    0.041252    0.012792
   4    0.050052    0.016225
   5    0.060275    0.020433
   6    0.070106     0.02467
   7     0.08005    0.029121
   8    0.090003    0.033692
   9     0.10022    0.038546
  10     0.11005    0.043411
  11     0.12009    0.048545
  12     0.13011      0.0538
  13     0.14006    0.059142
  14     0.15015    0.064677
  15     0.16005    0.070194
  16     0.17002     0.07588
  17     0.18004    0.081714
  18     0.19001    0.087618
  19     0.20006    0.093669
  20     0.21031    0.099946
  21      0.2203     0.10616
  22     0.23012     0.11235
  23     0.24009     0.11872
  24     0.25015     0.12524
  25     0.26013     0.13178
  26     0.27013     0.13844
  27     0.28011     0.14518
  28     0.29023     0.15211
  29     0.30008     0.15895
  30     0.31005     0.16595
  31     0.32002     0.17307
  32     0.33005     0.18031
  33     0.34009     0.18764
  34     0.35022     0.19516
  35      0.3603     0.20272
  36     0.37002     0.21009
  37     0.38016     0.21789
  38      0.3902      0.2257
  39     0.40028     0.23365
  40     0.41021     0.24158
  41     0.42019     0.24965
  42     0.43027     0.25791
  43     0.44023     0.26615
  44     0.45009     0.27441
  45      0.4601     0.28289
  46     0.47012     0.29149
  47     0.48003     0.30009
  48     0.49046     0.30925
  49     0.50027     0.31797
  50     0.51015     0.32685
  51     0.52008     0.33587
  52     0.53005     0.34501
  53     0.54023     0.35442
  54     0.55018     0.36374
  55     0.56036     0.37338
  56     0.57006     0.38268
  57     0.58017      0.3925
  58     0.59019     0.40239
  59     0.60005     0.41222
  60     0.61019     0.42247
  61     0.62023     0.43276
  62     0.63013     0.44301
  63     0.64009     0.45344
  64     0.65014      0.4641
  65     0.66008     0.47481
  66     0.67016     0.48579
  67     0.68005     0.49666
  68     0.69015     0.50788
  69     0.70019     0.51916
  70     0.71016     0.53055
  71     0.72019     0.54218
  72     0.73035     0.55409
  73     0.74002     0.56558
  74     0.75007     0.57763
  75     0.76017     0.58997
  76     0.77014     0.60235
  77     0.78013     0.61498
  78     0.79011     0.62781
  79      0.8001     0.64089
  80     0.81006     0.65418
  81     0.82015     0.66787
  82        0.83     0.68151
  83     0.84015     0.69581
  84     0.85011      0.7101
  85     0.86013     0.72483
  86      0.8701     0.73976
  87     0.88027     0.75528
  88     0.89005     0.77054
  89     0.90007     0.78661
  90     0.91011     0.80324
  91     0.92012     0.82032
  92     0.93006     0.83794
  93     0.94006     0.85623
  94     0.95017     0.87569
  95     0.96004      0.8956
  96      0.9702     0.91752
  97     0.98003     0.94024
  98     0.99001     0.96572
  99           1           1
-----------------------------------------

----------------- PPP$ and local currency --------------
         PPP used in computation: 1832.43
     Data mean in local currency: 167708
               Data mean in PPP$: 250.924
        Poverty line in PPP$/Day: 1.9
      Poverty line in PPP$/Month: 57.7917
  Poverty line in local currency: 38625.8
-------------------------------------------------------

----------------- Estimation result --------------
     Number of observation: 4819
          Total population: 9.67141E+06
              Total wealth: 8.85146E+08(PPP$)
                   Minimum: 10.2564(PPP$)
                   Maximum: 656.11(PPP$)
             Headcount(HC): 0.0032086
          Poverty gap (PG): 0.000696256
       Poverty gap squared: 0.00022225
                      Gini: 0.264799
                    Median: 224.275
                       MLD: 0.115866
                      Watt: 0.000849277
--------------------------------------------------

-------------------------------- Income or Consumption share by deciles (%) -------------------------------------
     3.8444     5.5191     6.5258     7.4534     8.4302     9.4444     10.678     12.181     14.574     21.351
-----------------------------------------------------------------------------------------------------------------


