

**********************************************************************************************
**                                   Basic Information                                      **
**********************************************************************************************

----------------- Dataset Information -----------------
                         Country: Belarus
                    Country dode: BLR
                       Data Year: 2001
                        Coverage: National
             Welfare measurement: Consumption
                     Data format: Unit record
                     Data source: BLR_N2001X
                  Data time span: UnDefined
-------------------------------------------------------


----------- Distribution ------------
   i           P           L 
-------------------------------------
   0    0.010053   0.0016868
   1    0.020255   0.0041126
   2    0.030005   0.0067735
   3    0.040237   0.0099158
   4    0.050163    0.013243
   5    0.060125    0.016763
   6    0.070065    0.020444
   7    0.080374    0.024447
   8    0.090155     0.02843
   9     0.10024    0.032679
  10     0.11005    0.036927
  11     0.12003    0.041379
  12     0.13002    0.045935
  13      0.1401    0.050686
  14     0.15013    0.055556
  15      0.1601    0.060521
  16     0.17014    0.065647
  17     0.18014    0.070887
  18     0.19017    0.076257
  19     0.20005    0.081638
  20     0.21021     0.08727
  21     0.22006    0.092843
  22     0.23005    0.098616
  23     0.24003      0.1045
  24     0.25008     0.11055
  25     0.26018     0.11672
  26     0.27005     0.12281
  27     0.28009      0.1291
  28     0.29002     0.13543
  29     0.30007     0.14194
  30     0.31005      0.1485
  31     0.32013     0.15521
  32     0.33017       0.162
  33     0.34013     0.16885
  34     0.35013     0.17582
  35     0.36014      0.1829
  36     0.37002     0.18997
  37     0.38002     0.19725
  38     0.39015     0.20473
  39     0.40032     0.21235
  40     0.41011     0.21978
  41     0.42009     0.22746
  42     0.43002     0.23521
  43     0.44013     0.24318
  44     0.45009     0.25117
  45     0.46019     0.25939
  46     0.47005      0.2675
  47     0.48004     0.27582
  48     0.49002     0.28425
  49     0.50006     0.29282
  50     0.51028     0.30166
  51     0.52005      0.3102
  52     0.53017     0.31917
  53     0.54005     0.32805
  54     0.55025     0.33734
  55     0.56015     0.34645
  56     0.57003     0.35565
  57     0.58008     0.36514
  58     0.59017      0.3748
  59     0.60011     0.38444
  60      0.6101     0.39426
  61     0.62007     0.40418
  62     0.63018     0.41439
  63     0.64019     0.42466
  64     0.65021     0.43506
  65     0.66017     0.44552
  66     0.67022     0.45624
  67     0.68006     0.46689
  68     0.69012     0.47791
  69     0.70006     0.48895
  70     0.71014      0.5003
  71     0.72001     0.51161
  72     0.73007     0.52332
  73     0.74003     0.53512
  74     0.75038     0.54759
  75     0.76008     0.55949
  76     0.77016     0.57212
  77     0.78012     0.58483
  78     0.79008     0.59778
  79     0.80008     0.61104
  80     0.81003     0.62447
  81     0.82007      0.6383
  82     0.83001     0.65222
  83     0.84007     0.66658
  84     0.85007     0.68122
  85      0.8601     0.69627
  86     0.87022     0.71186
  87     0.88002     0.72731
  88     0.89008     0.74359
  89     0.90022     0.76043
  90     0.91007     0.77727
  91        0.92     0.79491
  92     0.93007     0.81352
  93     0.94004      0.8325
  94     0.95011     0.85246
  95     0.96007     0.87345
  96     0.97003     0.89632
  97     0.98002     0.92192
  98     0.99006     0.95188
  99           1           1
-----------------------------------------

----------------- PPP$ and local currency --------------
         PPP used in computation: 1832.43
     Data mean in local currency: 60954.1
               Data mean in PPP$: 197.132
        Poverty line in PPP$/Day: 1.9
      Poverty line in PPP$/Month: 57.7917
  Poverty line in local currency: 17869.4
-------------------------------------------------------

----------------- Estimation result --------------
     Number of observation: 4751
          Total population: 9.66531E+06
              Total wealth: 3.21507E+08(PPP$)
                   Minimum: 3.06542(PPP$)
                   Maximum: 355.243(PPP$)
             Headcount(HC): 0.0315066
          Poverty gap (PG): 0.00690899
       Poverty gap squared: 0.00241376
                      Gini: 0.305767
                    Median: 169.405
                       MLD: 0.158332
                      Watt: 0.00870907
--------------------------------------------------

-------------------------------- Income or Consumption share by deciles (%) -------------------------------------
      3.258     4.9032     6.0287     7.0209     8.0661     9.1562     10.455     12.205     14.913     23.994
-----------------------------------------------------------------------------------------------------------------


