

**********************************************************************************************
**                                   Basic Information                                      **
**********************************************************************************************

----------------- Dataset Information -----------------
                         Country: Belarus
                    Country dode: BLR
                       Data Year: 2000
                        Coverage: National
             Welfare measurement: Consumption
                     Data format: Unit record
                     Data source: BLR_N2000X
                  Data time span: UnDefined
-------------------------------------------------------


----------- Distribution ------------
   i           P           L 
-------------------------------------
   0    0.010195   0.0015678
   1    0.020132   0.0037758
   2    0.030138   0.0063913
   3    0.040101   0.0092487
   4    0.050024    0.012336
   5    0.060126    0.015703
   6    0.070113    0.019219
   7    0.080103     0.02294
   8    0.090208    0.026907
   9     0.10022     0.03098
  10     0.11003    0.035104
  11     0.12005    0.039445
  12     0.13028     0.04403
  13     0.14027    0.048626
  14     0.15019    0.053331
  15     0.16033    0.058263
  16     0.17027    0.063207
  17     0.18024    0.068274
  18     0.19017    0.073437
  19     0.20001    0.078656
  20     0.21024    0.084194
  21     0.22025     0.08973
  22     0.23025    0.095365
  23     0.24006     0.10098
  24     0.25026     0.10694
  25      0.2602     0.11285
  26     0.27017     0.11889
  27     0.28015     0.12504
  28     0.29029     0.13141
  29     0.30017     0.13772
  30     0.31004     0.14413
  31     0.32022     0.15085
  32     0.33022     0.15756
  33     0.34014     0.16433
  34     0.35023     0.17133
  35        0.36      0.1782
  36        0.37     0.18533
  37     0.38019      0.1927
  38     0.39022     0.20007
  39     0.40001     0.20736
  40     0.41006     0.21496
  41     0.42006     0.22263
  42     0.43006      0.2304
  43     0.44022      0.2384
  44     0.45003     0.24624
  45     0.46014     0.25441
  46     0.47005     0.26251
  47     0.48001     0.27076
  48     0.49001     0.27912
  49     0.50007     0.28765
  50     0.51024     0.29642
  51     0.52018     0.30509
  52     0.53013      0.3139
  53     0.54007      0.3228
  54     0.55014     0.33193
  55     0.56016     0.34118
  56      0.5701     0.35047
  57     0.58014     0.35998
  58     0.59007      0.3695
  59     0.60003     0.37921
  60     0.61012     0.38915
  61     0.62011     0.39916
  62     0.63009     0.40928
  63     0.64001     0.41951
  64     0.65022     0.43018
  65     0.66022     0.44078
  66     0.67004     0.45137
  67     0.68001     0.46233
  68     0.69022     0.47375
  69     0.70007     0.48493
  70     0.71009     0.49647
  71     0.72003     0.50813
  72     0.73025     0.52029
  73     0.74013     0.53224
  74     0.75004     0.54443
  75     0.76025     0.55719
  76     0.77011      0.5697
  77     0.78016     0.58267
  78     0.79005     0.59568
  79     0.80005     0.60903
  80     0.81001     0.62256
  81     0.82018     0.63664
  82     0.83027     0.65091
  83     0.84008     0.66509
  84     0.85013     0.67997
  85     0.86002     0.69499
  86     0.87001     0.71052
  87     0.88001     0.72648
  88     0.89026     0.74322
  89     0.90011     0.75978
  90     0.91013     0.77715
  91        0.92     0.79486
  92     0.93011      0.8138
  93     0.94018     0.83344
  94     0.95014     0.85367
  95      0.9601     0.87488
  96      0.9701      0.8977
  97      0.9802     0.92358
  98     0.99002     0.95386
  99           1           1
-----------------------------------------

----------------- PPP$ and local currency --------------
         PPP used in computation: 1832.43
     Data mean in local currency: 30472.7
               Data mean in PPP$: 158.802
        Poverty line in PPP$/Day: 1.9
      Poverty line in PPP$/Month: 57.7917
  Poverty line in local currency: 11089.7
-------------------------------------------------------

----------------- Estimation result --------------
     Number of observation: 4651
          Total population: 9.55571E+06
              Total wealth: 1.58908E+08(PPP$)
                   Minimum: 1.06791(PPP$)
                   Maximum: 120.641(PPP$)
             Headcount(HC): 0.07112
          Poverty gap (PG): 0.0173051
       Poverty gap squared: 0.00657071
                      Gini: 0.311675
                    Median: 136.049
                       MLD: 0.165276
                      Watt: 0.0225365
--------------------------------------------------

-------------------------------- Income or Consumption share by deciles (%) -------------------------------------
     3.0891     4.7758      5.896      6.974     8.0238     9.1586     10.567     12.412     15.063     24.041
-----------------------------------------------------------------------------------------------------------------


