

**********************************************************************************************
**                                   Basic Information                                      **
**********************************************************************************************

----------------- Dataset Information -----------------
                         Country: Belarus
                    Country dode: BLR
                       Data Year: 2006
                        Coverage: National
             Welfare measurement: Consumption
                     Data format: Unit record
                     Data source: BLR_N2006X
                  Data time span: UnDefined
-------------------------------------------------------


----------- Distribution ------------
   i           P           L 
-------------------------------------
   0    0.010201   0.0021545
   1    0.020006   0.0049979
   2    0.030043   0.0082435
   3    0.040129    0.011755
   4    0.050044    0.015409
   5     0.06014    0.019297
   6    0.070179    0.023309
   7    0.080015    0.027373
   8    0.090254    0.031763
   9      0.1001    0.036143
  10     0.11001    0.040691
  11     0.12018    0.045491
  12     0.13022    0.050362
  13     0.14007    0.055264
  14     0.15001    0.060331
  15     0.16007    0.065569
  16     0.17029    0.071024
  17     0.18001    0.076331
  18     0.19017    0.081983
  19     0.20022    0.087685
  20     0.21045    0.093595
  21      0.2202    0.099325
  22     0.23002      0.1052
  23     0.24014     0.11137
  24     0.25023     0.11762
  25     0.26037     0.12404
  26     0.27002     0.13025
  27     0.28017     0.13687
  28     0.29019     0.14353
  29     0.30002     0.15016
  30     0.31006     0.15704
  31     0.32011     0.16404
  32     0.33016     0.17114
  33     0.34008     0.17823
  34     0.35017     0.18553
  35     0.36009      0.1928
  36        0.37     0.20018
  37     0.38007     0.20774
  38     0.39013     0.21541
  39      0.4001     0.22311
  40     0.41013     0.23096
  41     0.42006     0.23883
  42     0.43012     0.24689
  43     0.44008     0.25498
  44     0.45006     0.26318
  45     0.46024     0.27165
  46     0.47015     0.27999
  47     0.48005     0.28843
  48     0.49003     0.29705
  49     0.50006     0.30585
  50     0.51021     0.31487
  51     0.52015     0.32385
  52     0.53006      0.3329
  53     0.54007     0.34214
  54     0.55016     0.35157
  55      0.5602     0.36107
  56     0.57018     0.37064
  57     0.58007     0.38022
  58     0.59006     0.39002
  59     0.60006     0.39997
  60     0.61031     0.41031
  61     0.62011     0.42036
  62     0.63012      0.4307
  63     0.64002     0.44103
  64      0.6502     0.45179
  65     0.66008      0.4624
  66      0.6701     0.47331
  67     0.68002     0.48427
  68     0.69008     0.49551
  69     0.70001     0.50677
  70     0.71013     0.51837
  71      0.7201     0.52993
  72     0.73029     0.54191
  73     0.74007     0.55356
  74     0.75007     0.56568
  75     0.76033     0.57829
  76     0.77032     0.59075
  77        0.78     0.60301
  78     0.79012     0.61597
  79     0.80018     0.62908
  80     0.81001     0.64217
  81     0.82012     0.65595
  82     0.83011     0.66986
  83     0.84001      0.6839
  84     0.85024      0.6987
  85     0.86019     0.71337
  86     0.87059     0.72907
  87     0.88008     0.74381
  88     0.89005     0.75969
  89     0.90013     0.77618
  90     0.91002     0.79279
  91     0.92008     0.81025
  92     0.93001     0.82819
  93     0.94008     0.84722
  94     0.95012     0.86708
  95     0.96014     0.88781
  96     0.97026     0.91017
  97     0.98017     0.93388
  98     0.99034     0.96109
  99           1           1
-----------------------------------------

----------------- PPP$ and local currency --------------
         PPP used in computation: 1832.43
     Data mean in local currency: 281477
               Data mean in PPP$: 356.603
        Poverty line in PPP$/Day: 1.9
      Poverty line in PPP$/Month: 57.7917
  Poverty line in local currency: 45616.7
-------------------------------------------------------

----------------- Estimation result --------------
     Number of observation: 5222
          Total population: 9.54563E+06
              Total wealth: 1.46629E+09(PPP$)
                   Minimum: 7.45194(PPP$)
                   Maximum: 4813.6(PPP$)
             Headcount(HC): 0.00107736
          Poverty gap (PG): 0.000385815
       Poverty gap squared: 0.000189361
                      Gini: 0.282754
                    Median: 314.512
                       MLD: 0.133591
                      Watt: 0.00056045
--------------------------------------------------

-------------------------------- Income or Consumption share by deciles (%) -------------------------------------
     3.6098     5.1463     6.2583     7.2891      8.276     9.4115     10.684     12.209     14.713     22.402
-----------------------------------------------------------------------------------------------------------------


