

**********************************************************************************************
**                                   Basic Information                                      **
**********************************************************************************************

----------------- Dataset Information -----------------
                         Country: Belarus
                    Country dode: BLR
                       Data Year: 2008
                        Coverage: National
             Welfare measurement: Consumption
                     Data format: Unit record
                     Data source: BLR_N2008X
                  Data time span: UnDefined
-------------------------------------------------------


----------- Distribution ------------
   i           P           L 
-------------------------------------
   0    0.010177   0.0022285
   1    0.020122   0.0050736
   2    0.030014   0.0082294
   3    0.040093    0.011769
   4    0.050206    0.015563
   5      0.0601    0.019486
   6    0.070214    0.023668
   7    0.080567    0.028131
   8    0.090022    0.032321
   9     0.10008    0.036936
  10     0.11006    0.041649
  11     0.12038    0.046715
  12     0.13016     0.05161
  13     0.14012    0.056726
  14        0.15    0.061924
  15        0.16    0.067318
  16     0.17017    0.072902
  17     0.18024    0.078544
  18        0.19     0.08412
  19      0.2001    0.090012
  20     0.21025    0.096044
  21     0.22004     0.10195
  22     0.23006     0.10807
  23     0.24007     0.11428
  24      0.2501     0.12057
  25     0.26011     0.12694
  26     0.27015     0.13345
  27     0.28006     0.13997
  28     0.29027     0.14679
  29     0.30026     0.15357
  30     0.31008     0.16033
  31     0.32044     0.16755
  32     0.33083     0.17488
  33     0.34007     0.18151
  34      0.3501     0.18879
  35     0.36019     0.19621
  36     0.37005     0.20354
  37     0.38014     0.21113
  38     0.39005     0.21868
  39     0.40011     0.22643
  40     0.41006     0.23419
  41      0.4201     0.24209
  42     0.43005     0.25003
  43     0.44004     0.25812
  44     0.45024     0.26648
  45     0.46003      0.2746
  46     0.47002       0.283
  47      0.4801      0.2916
  48     0.49039      0.3005
  49     0.50014     0.30906
  50     0.51017     0.31798
  51     0.52044     0.32725
  52     0.53022     0.33617
  53     0.54009     0.34528
  54     0.55001     0.35454
  55     0.56004     0.36403
  56     0.57024     0.37381
  57     0.58003     0.38331
  58     0.59009     0.39325
  59     0.60004     0.40319
  60     0.61009     0.41333
  61     0.62031     0.42381
  62     0.63014     0.43402
  63     0.64013     0.44452
  64     0.65004     0.45507
  65     0.66006     0.46585
  66     0.67002      0.4767
  67     0.68014     0.48786
  68     0.69032     0.49927
  69      0.7002     0.51047
  70     0.71006     0.52178
  71     0.72003     0.53335
  72     0.73023     0.54536
  73      0.7401     0.55714
  74     0.75003     0.56914
  75     0.76025     0.58165
  76     0.77003     0.59381
  77     0.78004     0.60642
  78     0.79004      0.6192
  79     0.80021     0.63243
  80     0.81003     0.64544
  81     0.82009     0.65899
  82     0.83004      0.6726
  83     0.84006     0.68655
  84     0.85003     0.70071
  85     0.86019     0.71544
  86     0.87032     0.73045
  87     0.88012     0.74536
  88     0.89009     0.76089
  89     0.90008     0.77681
  90     0.91002     0.79316
  91     0.92003     0.81021
  92     0.93008     0.82805
  93     0.94009     0.84641
  94     0.95025     0.86592
  95     0.96004     0.88587
  96     0.97003     0.90752
  97      0.9801     0.93142
  98     0.99012     0.95843
  99           1           1
-----------------------------------------

----------------- PPP$ and local currency --------------
         PPP used in computation: 1832.43
     Data mean in local currency: 418539
               Data mean in PPP$: 425.87
        Poverty line in PPP$/Day: 1.9
      Poverty line in PPP$/Month: 57.7917
  Poverty line in local currency: 56796.9
-------------------------------------------------------

----------------- Estimation result --------------
     Number of observation: 5323
          Total population: 9.48476E+06
              Total wealth: 2.16637E+09(PPP$)
                   Minimum: 34.144(PPP$)
                   Maximum: 4628.31(PPP$)
             Headcount(HC): 0
          Poverty gap (PG): 0
       Poverty gap squared: 0
                      Gini: 0.27826
                    Median: 376.341
                       MLD: 0.129452
                      Watt: 0
--------------------------------------------------

-------------------------------- Income or Consumption share by deciles (%) -------------------------------------
     3.6897     5.3055     6.3447     7.2948     8.2593     9.4208      10.71     12.191     14.454     22.331
-----------------------------------------------------------------------------------------------------------------


