

**********************************************************************************************
**                                   Basic Information                                      **
**********************************************************************************************

----------------- Dataset Information -----------------
                         Country: Belarus
                    Country dode: BLR
                       Data Year: 2002
                        Coverage: National
             Welfare measurement: Consumption
                     Data format: Unit record
                     Data source: BLR_N2002X
                  Data time span: UnDefined
-------------------------------------------------------


----------- Distribution ------------
   i           P           L 
-------------------------------------
   0    0.010053   0.0017532
   1    0.020121   0.0041407
   2    0.030114   0.0069923
   3    0.040049     0.01013
   4    0.050027    0.013541
   5    0.060219     0.01729
   6    0.070063    0.021075
   7    0.080069    0.025075
   8    0.090232    0.029292
   9     0.10005    0.033499
  10     0.11035    0.038071
  11     0.12005    0.042492
  12     0.13021    0.047225
  13     0.14011    0.051948
  14     0.15005    0.056796
  15      0.1601    0.061811
  16     0.17017    0.066943
  17     0.18003    0.072072
  18     0.19001    0.077384
  19     0.20015    0.082909
  20     0.21016    0.088476
  21     0.22009    0.094111
  22     0.23014    0.099925
  23     0.24024     0.10588
  24     0.25021     0.11185
  25     0.26019     0.11793
  26     0.27003     0.12403
  27     0.28025     0.13048
  28     0.29012      0.1368
  29     0.30016     0.14335
  30     0.31013     0.14998
  31     0.32015     0.15671
  32     0.33005     0.16348
  33     0.34013     0.17046
  34     0.35006     0.17745
  35     0.36006     0.18457
  36      0.3702     0.19187
  37     0.38023     0.19919
  38     0.39005     0.20647
  39     0.40012     0.21402
  40     0.41027     0.22173
  41     0.42013      0.2293
  42     0.43007     0.23704
  43     0.44025     0.24509
  44     0.45006     0.25293
  45     0.46022     0.26115
  46     0.47004     0.26923
  47     0.48009     0.27759
  48     0.49026     0.28617
  49      0.5001     0.29458
  50     0.51026     0.30339
  51     0.52007     0.31201
  52     0.53003     0.32087
  53     0.54011     0.32996
  54      0.5501     0.33907
  55     0.56018     0.34838
  56     0.57038     0.35792
  57     0.58005     0.36709
  58     0.59009     0.37675
  59     0.60028     0.38668
  60     0.61006     0.39632
  61      0.6201     0.40633
  62      0.6302     0.41653
  63     0.64011      0.4267
  64      0.6501     0.43707
  65     0.66006     0.44753
  66     0.67015     0.45829
  67        0.68     0.46892
  68     0.69016     0.48001
  69      0.7003     0.49125
  70     0.71011     0.50229
  71     0.72012     0.51369
  72     0.73021     0.52536
  73     0.74001      0.5369
  74     0.75007     0.54894
  75     0.76013     0.56118
  76     0.77006     0.57351
  77      0.7801     0.58621
  78     0.79005     0.59902
  79     0.80018     0.61235
  80     0.81034     0.62597
  81     0.82002     0.63916
  82     0.83008     0.65306
  83     0.84009     0.66722
  84     0.85019     0.68185
  85     0.86009     0.69659
  86     0.87008     0.71183
  87      0.8801     0.72742
  88     0.89018     0.74351
  89     0.90021     0.76013
  90     0.91005     0.77707
  91     0.92011     0.79497
  92        0.93     0.81315
  93     0.94001     0.83225
  94     0.95011     0.85246
  95     0.96009     0.87349
  96     0.97011     0.89619
  97      0.9801     0.92151
  98     0.99003     0.95072
  99           1           1
-----------------------------------------

----------------- PPP$ and local currency --------------
         PPP used in computation: 1832.43
     Data mean in local currency: 95437.8
               Data mean in PPP$: 216.544
        Poverty line in PPP$/Day: 1.9
      Poverty line in PPP$/Month: 57.7917
  Poverty line in local currency: 25470.6
-------------------------------------------------------

----------------- Estimation result --------------
     Number of observation: 4880
          Total population: 9.7417E+06
              Total wealth: 5.07372E+08(PPP$)
                   Minimum: 2.79434(PPP$)
                   Maximum: 884.092(PPP$)
             Headcount(HC): 0.020306
          Poverty gap (PG): 0.00460601
       Poverty gap squared: 0.00158972
                      Gini: 0.303362
                    Median: 186.527
                       MLD: 0.155854
                      Watt: 0.00586126
--------------------------------------------------

-------------------------------- Income or Consumption share by deciles (%) -------------------------------------
     3.3477     4.9348     6.0424     7.0679     8.0567     9.1915     10.451     12.119     14.768     24.021
-----------------------------------------------------------------------------------------------------------------


