

**********************************************************************************************
**                                   Basic Information                                      **
**********************************************************************************************

----------------- Dataset Information -----------------
                         Country: Belarus
                    Country dode: BLR
                       Data Year: 2003
                        Coverage: National
             Welfare measurement: Consumption
                     Data format: Unit record
                     Data source: BLR_N2003X
                  Data time span: UnDefined
-------------------------------------------------------


----------- Distribution ------------
   i           P           L 
-------------------------------------
   0    0.010201   0.0017814
   1    0.020127   0.0043886
   2    0.030149   0.0073575
   3     0.04017    0.010665
   4    0.050038    0.014179
   5    0.060177    0.017953
   6    0.070001    0.021778
   7    0.080142     0.02591
   8    0.090157    0.030176
   9     0.10012    0.034577
  10     0.11016    0.039157
  11     0.12021    0.043862
  12     0.13018    0.048633
  13     0.14016    0.053538
  14     0.15016    0.058582
  15     0.16019    0.063763
  16     0.17001    0.068988
  17     0.18011    0.074481
  18     0.19009    0.080017
  19     0.20013    0.085695
  20     0.21003    0.091402
  21     0.22015    0.097373
  22     0.23002     0.10332
  23     0.24001     0.10945
  24     0.25002     0.11571
  25     0.26013     0.12213
  26     0.27001     0.12851
  27     0.28012     0.13513
  28     0.29009     0.14174
  29     0.30015     0.14852
  30     0.31022      0.1554
  31      0.3202     0.16232
  32     0.33002     0.16922
  33     0.34014     0.17642
  34     0.35019     0.18366
  35     0.36022     0.19097
  36      0.3702     0.19831
  37     0.38026     0.20579
  38     0.39064     0.21359
  39     0.40002     0.22074
  40     0.41022     0.22862
  41     0.42015      0.2364
  42     0.43004     0.24424
  43     0.44019      0.2524
  44     0.45019     0.26053
  45     0.46005     0.26865
  46     0.47003     0.27698
  47     0.48005     0.28546
  48      0.4903     0.29426
  49     0.50008     0.30277
  50     0.51016     0.31167
  51      0.5204     0.32082
  52     0.53006     0.32955
  53     0.54005      0.3387
  54     0.55004     0.34795
  55     0.56001     0.35728
  56     0.57013     0.36686
  57     0.58013     0.37643
  58     0.59024     0.38625
  59     0.60019     0.39603
  60     0.61016     0.40595
  61     0.62011     0.41598
  62     0.63018     0.42629
  63     0.64017     0.43663
  64     0.65017     0.44708
  65     0.66027     0.45776
  66     0.67009     0.46828
  67     0.68009     0.47915
  68     0.69004     0.49017
  69     0.70002     0.50139
  70      0.7101      0.5129
  71     0.72001     0.52438
  72     0.73005     0.53618
  73     0.74021     0.54832
  74     0.75005     0.56028
  75     0.76007     0.57266
  76     0.77007     0.58525
  77     0.78002     0.59799
  78     0.79012     0.61113
  79     0.80023      0.6246
  80     0.81022     0.63816
  81     0.82025     0.65202
  82     0.83008     0.66584
  83     0.84018     0.68035
  84     0.85007     0.69488
  85      0.8602     0.71005
  86      0.8703     0.72563
  87     0.88021      0.7413
  88     0.89006     0.75721
  89     0.90013     0.77388
  90     0.91008     0.79083
  91     0.92009      0.8085
  92     0.93004     0.82674
  93     0.94028     0.84621
  94     0.95003     0.86577
  95     0.96012     0.88709
  96     0.97026     0.90979
  97     0.98001     0.93331
  98     0.99047     0.96157
  99           1           1
-----------------------------------------

----------------- PPP$ and local currency --------------
         PPP used in computation: 1832.43
     Data mean in local currency: 126436
               Data mean in PPP$: 223.428
        Poverty line in PPP$/Day: 1.9
      Poverty line in PPP$/Month: 57.7917
  Poverty line in local currency: 32703.7
-------------------------------------------------------

----------------- Estimation result --------------
     Number of observation: 4780
          Total population: 9.49295E+06
              Total wealth: 6.55001E+08(PPP$)
                   Minimum: 3.4184(PPP$)
                   Maximum: 979.605(PPP$)
             Headcount(HC): 0.0140234
          Poverty gap (PG): 0.00346172
       Poverty gap squared: 0.00132343
                      Gini: 0.28821
                    Median: 195.925
                       MLD: 0.139738
                      Watt: 0.00448735
--------------------------------------------------

-------------------------------- Income or Consumption share by deciles (%) -------------------------------------
     3.4525     5.1095     6.2795     7.2311     8.1976     9.3146     10.552     12.292     14.936     22.635
-----------------------------------------------------------------------------------------------------------------


