

**********************************************************************************************
**                                   Basic Information                                      **
**********************************************************************************************

----------------- Dataset Information -----------------
                         Country: Belarus
                    Country dode: BLR
                       Data Year: 2010
                        Coverage: National
             Welfare measurement: Consumption
                     Data format: Unit record
                     Data source: BLR_N2010X
                  Data time span: UnDefined
-------------------------------------------------------


----------- Distribution ------------
   i           P           L 
-------------------------------------
   0    0.010024   0.0022978
   1     0.02011    0.005197
   2    0.030063   0.0083898
   3    0.040051    0.011845
   4    0.050043    0.015555
   5    0.060024    0.019427
   6    0.070118    0.023497
   7     0.08013    0.027695
   8    0.090013    0.031986
   9     0.10005    0.036489
  10     0.11019    0.041178
  11     0.12003    0.045877
  12     0.13005    0.050787
  13     0.14006    0.055825
  14     0.15009    0.060999
  15     0.16012    0.066274
  16     0.17011    0.071599
  17     0.18008    0.077006
  18     0.19003    0.082508
  19     0.20006    0.088149
  20     0.21024    0.093962
  21     0.22011    0.099708
  22     0.23006     0.10563
  23     0.24002     0.11167
  24     0.25029       0.118
  25     0.26002     0.12409
  26      0.2701     0.13049
  27      0.2805     0.13722
  28     0.29039     0.14372
  29      0.3001     0.15021
  30     0.31037     0.15719
  31        0.32     0.16382
  32      0.3301     0.17086
  33     0.34009     0.17793
  34     0.35006     0.18508
  35     0.36001     0.19229
  36     0.37015     0.19977
  37     0.38001     0.20715
  38     0.39007     0.21477
  39     0.40002      0.2224
  40     0.41025     0.23037
  41     0.42017     0.23822
  42     0.43001     0.24608
  43     0.44001     0.25417
  44     0.45003     0.26237
  45     0.46004     0.27066
  46     0.47011     0.27909
  47     0.48013      0.2876
  48     0.49002     0.29607
  49     0.50009     0.30476
  50     0.51021     0.31362
  51     0.52015     0.32244
  52     0.53001      0.3313
  53     0.54026     0.34062
  54     0.55018     0.34976
  55     0.56004     0.35896
  56     0.57003     0.36841
  57     0.58006     0.37802
  58     0.59004     0.38768
  59     0.60004     0.39748
  60     0.61011     0.40747
  61     0.62004     0.41745
  62     0.63024     0.42784
  63     0.64005     0.43798
  64     0.65006     0.44847
  65     0.66005     0.45908
  66     0.67011     0.46991
  67     0.68016     0.48087
  68     0.69005     0.49185
  69     0.70007     0.50316
  70     0.71003     0.51458
  71     0.72005     0.52625
  72     0.73001     0.53801
  73     0.74022      0.5502
  74     0.75042     0.56253
  75     0.76001      0.5743
  76     0.77003     0.58675
  77     0.78046     0.59995
  78     0.79007     0.61228
  79     0.80004     0.62528
  80     0.81028     0.63886
  81     0.82016     0.65217
  82     0.83013     0.66588
  83     0.84001     0.67977
  84     0.85006     0.69421
  85     0.86008      0.7089
  86     0.87025     0.72418
  87     0.88016     0.73943
  88     0.89007     0.75519
  89     0.90013     0.77169
  90     0.91006      0.7885
  91     0.92024     0.80656
  92     0.93045     0.82552
  93     0.94005     0.84426
  94     0.95007     0.86473
  95     0.96034     0.88685
  96     0.97005     0.90906
  97     0.98005     0.93396
  98     0.99021     0.96284
  99           1           1
-----------------------------------------

----------------- PPP$ and local currency --------------
         PPP used in computation: 1832.43
     Data mean in local currency: 580281
               Data mean in PPP$: 485.232
        Poverty line in PPP$/Day: 1.9
      Poverty line in PPP$/Month: 57.7917
  Poverty line in local currency: 69112
-------------------------------------------------------

----------------- Estimation result --------------
     Number of observation: 5518
          Total population: 9.08908E+06
              Total wealth: 2.87826E+09(PPP$)
                   Minimum: 46.3634(PPP$)
                   Maximum: 1756.66(PPP$)
             Headcount(HC): 0
          Poverty gap (PG): 0
       Poverty gap squared: 0
                      Gini: 0.285666
                    Median: 421.114
                       MLD: 0.134047
                      Watt: 0
--------------------------------------------------

-------------------------------- Income or Consumption share by deciles (%) -------------------------------------
     3.6466     5.1648     6.2028     7.2245     8.2297     9.2755     10.563     12.215     14.624     22.853
-----------------------------------------------------------------------------------------------------------------


