

**********************************************************************************************
**                                   Basic Information                                      **
**********************************************************************************************

----------------- Dataset Information -----------------
                         Country: Belarus
                    Country dode: BLR
                       Data Year: 1998
                        Coverage: National
             Welfare measurement: Consumption
                     Data format: Unit record
                     Data source: BLR_N1998X
                  Data time span: UnDefined
-------------------------------------------------------


----------- Distribution ------------
   i           P           L 
-------------------------------------
   0     0.01026   0.0017526
   1    0.020098   0.0040758
   2    0.030159   0.0067646
   3    0.040081   0.0096151
   4    0.050286    0.012782
   5    0.060121    0.016027
   6     0.07005    0.019506
   7    0.080065     0.02321
   8    0.090188    0.027121
   9     0.10015    0.031119
  10     0.11015    0.035258
  11     0.12023    0.039565
  12     0.13021    0.043965
  13     0.14014    0.048454
  14     0.15013    0.053106
  15      0.1601     0.05789
  16     0.17025    0.062892
  17     0.18023    0.067916
  18     0.19001    0.072935
  19     0.20021     0.07827
  20     0.21001    0.083474
  21     0.22016    0.088951
  22     0.23017     0.09446
  23     0.24021     0.10009
  24     0.25011     0.10575
  25     0.26031      0.1117
  26     0.27015     0.11751
  27     0.28024     0.12358
  28     0.29026     0.12969
  29     0.30012     0.13579
  30     0.31006     0.14204
  31     0.32014      0.1485
  32     0.33004     0.15494
  33     0.34004     0.16153
  34     0.35006     0.16826
  35     0.36002     0.17505
  36     0.37009     0.18203
  37     0.38036     0.18925
  38     0.39003     0.19615
  39     0.40002     0.20338
  40     0.41024     0.21089
  41     0.42026     0.21836
  42     0.43008     0.22577
  43     0.44021      0.2335
  44     0.45007     0.24112
  45     0.46013       0.249
  46     0.47003     0.25689
  47     0.48002     0.26497
  48      0.4901     0.27324
  49     0.50004      0.2815
  50     0.51003     0.28991
  51     0.52003     0.29844
  52      0.5301     0.30717
  53     0.54001     0.31588
  54     0.55005     0.32481
  55     0.56005     0.33387
  56     0.57003     0.34306
  57     0.58017     0.35253
  58     0.59003     0.36186
  59     0.60005     0.37146
  60     0.61004     0.38116
  61     0.62008     0.39106
  62     0.63005     0.40101
  63      0.6401      0.4112
  64     0.65007     0.42145
  65     0.66006     0.43187
  66     0.67019     0.44262
  67     0.68026     0.45346
  68     0.69024     0.46437
  69     0.70016     0.47539
  70     0.71008     0.48662
  71     0.72004     0.49807
  72     0.73006     0.50979
  73      0.7403     0.52196
  74      0.7502     0.53395
  75     0.76008     0.54612
  76     0.77009     0.55859
  77      0.7801     0.57134
  78     0.79014     0.58439
  79     0.80005     0.59758
  80     0.81009     0.61126
  81     0.82009     0.62518
  82     0.83008     0.63936
  83     0.84012     0.65389
  84     0.85006      0.6686
  85      0.8601     0.68387
  86      0.8703     0.69983
  87      0.8802     0.71578
  88     0.89002     0.73212
  89     0.90006     0.74928
  90      0.9101     0.76693
  91     0.92024     0.78552
  92     0.93014     0.80432
  93     0.94012     0.82436
  94     0.95015     0.84543
  95     0.96001     0.86755
  96     0.97012     0.89201
  97     0.98004     0.91865
  98     0.99013       0.949
  99           1           1
-----------------------------------------

----------------- PPP$ and local currency --------------
         PPP used in computation: 1832.43
     Data mean in local currency: 2477.8
               Data mean in PPP$: 136.55
        Poverty line in PPP$/Day: 1.9
      Poverty line in PPP$/Month: 57.7917
  Poverty line in local currency: 1048.67
-------------------------------------------------------

----------------- Estimation result --------------
     Number of observation: 4933
          Total population: 1.03586E+07
              Total wealth: 1.40067E+07(PPP$)
                   Minimum: 0.127727(PPP$)
                   Maximum: 21.7732(PPP$)
             Headcount(HC): 0.113281
          Poverty gap (PG): 0.026857
       Poverty gap squared: 0.00980969
                      Gini: 0.322519
                    Median: 114.027
                       MLD: 0.174866
                      Watt: 0.0342844
--------------------------------------------------

-------------------------------- Income or Consumption share by deciles (%) -------------------------------------
     3.1057     4.7101     5.7555     6.7657     7.8093     8.9949      10.38      12.23     15.167     25.082
-----------------------------------------------------------------------------------------------------------------


