

**********************************************************************************************
**                                   Basic Information                                      **
**********************************************************************************************

----------------- Dataset Information -----------------
                         Country: Belarus
                    Country dode: BLR
                       Data Year: 2005
                        Coverage: National
             Welfare measurement: Consumption
                     Data format: Unit record
                     Data source: BLR_N2005X
                  Data time span: UnDefined
-------------------------------------------------------


----------- Distribution ------------
   i           P           L 
-------------------------------------
   0    0.010201   0.0020362
   1    0.020161   0.0047613
   2     0.03015   0.0079064
   3    0.040041    0.011353
   4    0.050033    0.015077
   5    0.060023    0.019015
   6    0.070183     0.02319
   7    0.080339    0.027517
   8    0.090023    0.031774
   9     0.10006    0.036345
  10     0.11039    0.041213
  11     0.12019    0.045958
  12     0.13017    0.050905
  13     0.14018    0.055971
  14     0.15002    0.061074
  15     0.16007    0.066407
  16     0.17005     0.07181
  17     0.18011    0.077371
  18     0.19014    0.083031
  19     0.20025    0.088854
  20     0.21009    0.094638
  21     0.22018     0.10069
  22     0.23009     0.10674
  23     0.24013     0.11299
  24     0.25005     0.11925
  25     0.26053     0.12598
  26     0.27003     0.13217
  27     0.28014     0.13885
  28     0.29022      0.1456
  29     0.30008     0.15231
  30     0.31003     0.15918
  31      0.3201     0.16624
  32     0.33004     0.17334
  33     0.34006     0.18064
  34     0.35028     0.18822
  35     0.36042     0.19588
  36     0.37025      0.2034
  37     0.38007     0.21101
  38     0.39012     0.21888
  39     0.40014     0.22682
  40     0.41001     0.23472
  41     0.42036     0.24309
  42     0.43015     0.25108
  43     0.44008     0.25928
  44     0.45011     0.26767
  45     0.46019     0.27619
  46     0.47023     0.28478
  47     0.48001     0.29324
  48     0.49012     0.30207
  49     0.50007     0.31085
  50     0.51021     0.31991
  51     0.52015     0.32891
  52     0.53023     0.33812
  53     0.54007     0.34721
  54     0.55014     0.35665
  55     0.56016     0.36617
  56     0.57002     0.37563
  57     0.58005     0.38537
  58     0.59004     0.39517
  59     0.60038     0.40543
  60        0.61     0.41509
  61     0.62007     0.42535
  62     0.63006     0.43568
  63     0.64004     0.44612
  64     0.65006     0.45674
  65     0.66009     0.46751
  66     0.67022     0.47853
  67     0.68026      0.4896
  68     0.69018     0.50068
  69     0.70008     0.51192
  70     0.71004     0.52343
  71     0.72026     0.53539
  72     0.73007     0.54705
  73     0.74023      0.5593
  74     0.75002     0.57129
  75     0.76004     0.58374
  76     0.77023      0.5966
  77     0.78007     0.60922
  78     0.79037     0.62263
  79      0.8003     0.63578
  80      0.8102     0.64906
  81     0.82001     0.66245
  82     0.83022     0.67659
  83        0.84     0.69039
  84     0.85025     0.70519
  85     0.86034      0.7201
  86     0.87001     0.73472
  87     0.88015     0.75036
  88     0.89004     0.76588
  89     0.90044     0.78269
  90     0.91003     0.79859
  91      0.9201     0.81581
  92     0.93018     0.83366
  93     0.94003     0.85169
  94        0.95     0.87079
  95     0.96012     0.89128
  96      0.9701     0.91315
  97     0.98006     0.93663
  98     0.99014     0.96408
  99           1           1
-----------------------------------------

----------------- PPP$ and local currency --------------
         PPP used in computation: 1832.43
     Data mean in local currency: 227519
               Data mean in PPP$: 308.516
        Poverty line in PPP$/Day: 1.9
      Poverty line in PPP$/Month: 57.7917
  Poverty line in local currency: 42619.3
-------------------------------------------------------

----------------- Estimation result --------------
     Number of observation: 4858
          Total population: 9.59096E+06
              Total wealth: 1.19083E+09(PPP$)
                   Minimum: 14.5541(PPP$)
                   Maximum: 1197.17(PPP$)
             Headcount(HC): 0.0037205
          Poverty gap (PG): 0.000699307
       Poverty gap squared: 0.000180036
                      Gini: 0.275534
                    Median: 274.431
                       MLD: 0.127093
                      Watt: 0.000813295
--------------------------------------------------

-------------------------------- Income or Consumption share by deciles (%) -------------------------------------
     3.6319     5.2389     6.3552     7.4453     8.4076     9.4266     10.678     12.354     14.661     21.802
-----------------------------------------------------------------------------------------------------------------


