

**********************************************************************************************
**                                   Basic Information                                      **
**********************************************************************************************

----------------- Dataset Information -----------------
                         Country: Bolivia
                    Country dode: BOL
                       Data Year: 2012
                        Coverage: National
             Welfare measurement: Income
                     Data format: Unit record
                     Data source: BOL_N2012Y
                  Data time span: UnDefined
-------------------------------------------------------


----------- Distribution ------------
   i           P           L 
-------------------------------------
   0    0.010163  7.6106E-05
   1    0.020152  0.00028967
   2    0.030125  0.00065953
   3    0.040461   0.0012186
   4    0.050333   0.0018996
   5    0.060377   0.0027781
   6    0.070126   0.0038363
   7    0.080488   0.0051389
   8     0.09048   0.0065882
   9     0.10024   0.0081964
  10     0.11013    0.009973
  11     0.12017    0.011945
  12     0.13001    0.014024
  13     0.14071    0.016448
  14     0.15013    0.018716
  15      0.1601    0.021228
  16     0.17032    0.023949
  17     0.18069    0.026854
  18     0.19017    0.029641
  19     0.20001    0.032706
  20     0.21006    0.035962
  21     0.22049    0.039467
  22     0.23031    0.042893
  23     0.24028    0.046495
  24       0.251     0.05052
  25     0.26017    0.054088
  26     0.27005    0.058064
  27     0.28068    0.062513
  28     0.29011    0.066572
  29     0.30012    0.070999
  30     0.31038    0.075669
  31     0.32001    0.080152
  32     0.33097    0.085432
  33     0.34003    0.089927
  34     0.35007    0.095028
  35     0.36004     0.10024
  36     0.37007     0.10562
  37     0.38018     0.11116
  38     0.39011     0.11673
  39         0.4      0.1224
  40     0.41006     0.12829
  41     0.42039     0.13453
  42     0.43011     0.14054
  43     0.44015      0.1469
  44     0.45026     0.15343
  45     0.46009     0.15992
  46     0.47004      0.1666
  47     0.48003     0.17344
  48     0.49005     0.18046
  49     0.50005     0.18762
  50     0.51025     0.19506
  51     0.52081     0.20294
  52     0.53089      0.2106
  53     0.54041     0.21797
  54     0.55021     0.22577
  55      0.5603     0.23397
  56     0.57004     0.24205
  57     0.58006     0.25056
  58      0.5903     0.25945
  59     0.60003     0.26813
  60     0.61007      0.2773
  61     0.62003     0.28659
  62     0.63008     0.29618
  63     0.64037     0.30619
  64     0.65004     0.31583
  65     0.66013     0.32615
  66     0.67011     0.33661
  67      0.6801     0.34727
  68     0.69007     0.35814
  69     0.70007     0.36926
  70     0.71004     0.38053
  71     0.72002     0.39206
  72     0.73001     0.40385
  73     0.74045     0.41648
  74     0.75006     0.42838
  75     0.76028     0.44137
  76     0.77001     0.45402
  77     0.78006     0.46741
  78     0.79012     0.48116
  79     0.80049     0.49575
  80     0.81011     0.50971
  81     0.82002     0.52453
  82     0.83015     0.54016
  83     0.84011     0.55602
  84     0.85017     0.57251
  85     0.86004     0.58921
  86     0.87004     0.60686
  87     0.88009     0.62536
  88     0.89005     0.64448
  89     0.90008     0.66469
  90     0.91006     0.68596
  91     0.92008     0.70851
  92     0.93009      0.7323
  93     0.94024     0.75783
  94     0.95007     0.78421
  95     0.96021     0.81365
  96     0.97003     0.84473
  97     0.98006     0.88095
  98     0.99024     0.92698
  99           1           1
-----------------------------------------

----------------- PPP$ and local currency --------------
         PPP used in computation: 2.90611
     Data mean in local currency: 1132.63
               Data mean in PPP$: 368.529
        Poverty line in PPP$/Day: 1.9
      Poverty line in PPP$/Month: 57.7917
  Poverty line in local currency: 177.617
-------------------------------------------------------

----------------- Estimation result --------------
     Number of observation: 6332
          Total population: 1.01156E+07
              Total wealth: 3.94247E+09(PPP$)
                   Minimum: 0(PPP$)
                   Maximum: 10956.5(PPP$)
             Headcount(HC): 0.0906973
          Poverty gap (PG): 0.0484687
       Poverty gap squared: 0.0334612
                      Gini: 0.467048
                    Median: 266.51
                       MLD: 0.474785
                      Watt: 0.0862602
--------------------------------------------------

-------------------------------- Income or Consumption share by deciles (%) -------------------------------------
    0.81575     2.4545     3.8243     5.1449     6.5189     8.0522     10.108     12.588     16.947     33.547
-----------------------------------------------------------------------------------------------------------------


