

**********************************************************************************************
**                                   Basic Information                                      **
**********************************************************************************************

----------------- Dataset Information -----------------
                         Country: Bolivia
                    Country dode: BOL
                       Data Year: 2001
                        Coverage: National
             Welfare measurement: Income
                     Data format: Unit record
                     Data source: BOL_N2001Y
                  Data time span: UnDefined
-------------------------------------------------------


----------- Distribution ------------
   i           P           L 
-------------------------------------
   0    0.010332  4.1516E-06
   1      0.0206  6.6252E-05
   2    0.030097  0.00019973
   3    0.040425  0.00042274
   4    0.050258  0.00071546
   5    0.060112    0.001108
   6    0.070852   0.0016164
   7     0.08008   0.0021258
   8    0.090122   0.0027636
   9     0.10002   0.0034737
  10     0.11021   0.0042895
  11     0.12027   0.0051919
  12     0.13043   0.0062289
  13     0.14001   0.0072977
  14     0.15163   0.0087058
  15     0.16046   0.0098529
  16     0.17239    0.011565
  17     0.18096    0.012889
  18        0.19    0.014361
  19     0.20022     0.01616
  20     0.21043    0.018112
  21     0.22034    0.020141
  22     0.23031    0.022315
  23     0.24036    0.024619
  24     0.25025    0.027006
  25     0.26002    0.029474
  26     0.27052    0.032248
  27     0.28045    0.034997
  28     0.29001    0.037748
  29     0.30027    0.040819
  30      0.3102     0.04392
  31     0.32029      0.0472
  32     0.33053    0.050672
  33     0.34008    0.054036
  34     0.35008    0.057667
  35     0.36009    0.061413
  36     0.37244    0.066185
  37     0.38035    0.069307
  38     0.39024    0.073339
  39     0.40023    0.077554
  40      0.4102    0.081864
  41     0.42005    0.086241
  42     0.43008    0.090811
  43     0.44046    0.095687
  44      0.4501     0.10032
  45     0.46004     0.10525
  46     0.47038     0.11051
  47     0.48026     0.11565
  48     0.49002     0.12084
  49     0.50046     0.12655
  50     0.51107      0.1325
  51     0.52015      0.1377
  52     0.53021     0.14361
  53     0.54017     0.14961
  54     0.55005     0.15573
  55     0.56009      0.1621
  56     0.57012     0.16862
  57     0.58319     0.17737
  58     0.59014     0.18212
  59     0.60033     0.18926
  60     0.61008     0.19629
  61     0.62032     0.20394
  62        0.63     0.21133
  63     0.64032      0.2194
  64     0.65015     0.22726
  65     0.66045     0.23571
  66     0.67015     0.24389
  67     0.68027     0.25262
  68     0.69023     0.26153
  69     0.70012     0.27061
  70     0.71016     0.28011
  71     0.72059     0.29031
  72     0.73002     0.29982
  73     0.74031     0.31054
  74     0.75036     0.32128
  75     0.76003     0.33193
  76     0.77032     0.34372
  77     0.78002     0.35528
  78     0.79001     0.36767
  79     0.80031     0.38094
  80     0.81015     0.39412
  81     0.82011     0.40795
  82     0.83008     0.42238
  83      0.8402     0.43762
  84     0.85036     0.45366
  85     0.86036     0.47024
  86     0.87019     0.48731
  87     0.88003     0.50536
  88     0.89008     0.52494
  89     0.90014     0.54576
  90     0.91023     0.56785
  91      0.9203     0.59154
  92     0.93012     0.61641
  93     0.94002     0.64414
  94     0.95015     0.67653
  95     0.96022      0.7119
  96     0.97003     0.75108
  97     0.98034     0.80089
  98     0.99008     0.86137
  99           1           1
-----------------------------------------

----------------- PPP$ and local currency --------------
         PPP used in computation: 2.90611
     Data mean in local currency: 422.907
               Data mean in PPP$: 250.906
        Poverty line in PPP$/Day: 1.9
      Poverty line in PPP$/Month: 57.7917
  Poverty line in local currency: 97.4092
-------------------------------------------------------

----------------- Estimation result --------------
     Number of observation: 4252
          Total population: 7.93268E+06
              Total wealth: 1.15439E+09(PPP$)
                   Minimum: 0(PPP$)
                   Maximum: 4882.19(PPP$)
             Headcount(HC): 0.236736
          Poverty gap (PG): 0.133519
       Poverty gap squared: 0.0956856
                      Gini: 0.588767
                    Median: 139.123
                       MLD: 0.796547
                      Watt: 0.257565
--------------------------------------------------

-------------------------------- Income or Consumption share by deciles (%) -------------------------------------
    0.34726     1.2649     2.4616     3.6721     4.8845     6.2721     8.1472     11.005     16.491     45.454
-----------------------------------------------------------------------------------------------------------------


