

**********************************************************************************************
**                                   Basic Information                                      **
**********************************************************************************************

----------------- Dataset Information -----------------
                         Country: Bolivia
                    Country dode: BOL
                       Data Year: 2008
                        Coverage: National
             Welfare measurement: Income
                     Data format: Unit record
                     Data source: BOL_N2008Y
                  Data time span: UnDefined
-------------------------------------------------------


----------- Distribution ------------
   i           P           L 
-------------------------------------
   0    0.010199  9.9626E-05
   1    0.020106  0.00038492
   2    0.030057  0.00079117
   3    0.040203   0.0013281
   4    0.050089   0.0019822
   5    0.060135   0.0027827
   6        0.07   0.0037123
   7    0.080187   0.0048606
   8     0.09001   0.0061323
   9     0.10073   0.0077055
  10     0.11021   0.0092429
  11      0.1204    0.011056
  12     0.13016    0.012952
  13        0.14    0.014972
  14     0.15039    0.017231
  15     0.16013    0.019439
  16     0.17002      0.0218
  17     0.18014    0.024332
  18     0.19026    0.026994
  19     0.20005    0.029686
  20     0.21038    0.032712
  21     0.22049    0.035824
  22     0.23019    0.038901
  23     0.24019    0.042179
  24     0.25018    0.045558
  25      0.2602    0.049036
  26     0.27006    0.052545
  27     0.28004    0.056209
  28     0.29017    0.060025
  29     0.30023    0.063957
  30     0.31044    0.068084
  31     0.32053    0.072276
  32     0.33008    0.076338
  33     0.34011    0.080733
  34      0.3501    0.085209
  35      0.3601    0.089807
  36     0.37005    0.094475
  37     0.38032    0.099421
  38     0.39013     0.10424
  39     0.40024     0.10933
  40     0.41002     0.11438
  41     0.42025     0.11985
  42     0.43154     0.12602
  43     0.44005     0.13079
  44     0.45107     0.13711
  45     0.46024     0.14249
  46     0.47014     0.14843
  47     0.48067     0.15487
  48     0.49005     0.16071
  49     0.50008     0.16709
  50     0.51072     0.17403
  51      0.5213      0.1811
  52     0.53014     0.18711
  53     0.54047      0.1943
  54     0.55035     0.20132
  55     0.56021     0.20848
  56      0.5701     0.21582
  57      0.5802     0.22349
  58     0.59034     0.23141
  59     0.60023     0.23932
  60     0.61051     0.24776
  61     0.62009     0.25583
  62     0.63004      0.2644
  63     0.64012     0.27322
  64     0.65046      0.2825
  65      0.6601     0.29131
  66      0.6701     0.30065
  67     0.68015     0.31025
  68     0.69025     0.32014
  69     0.70067     0.33071
  70     0.71045     0.34085
  71     0.72003     0.35101
  72     0.73012     0.36197
  73     0.74001     0.37291
  74     0.75025     0.38451
  75     0.76018      0.3961
  76     0.77025     0.40815
  77     0.78057     0.42087
  78     0.79007     0.43303
  79     0.80001     0.44617
  80     0.81026     0.46029
  81     0.82038     0.47463
  82     0.83004     0.48873
  83     0.84011     0.50375
  84     0.85022     0.51929
  85     0.86031     0.53557
  86     0.87007     0.55208
  87     0.88036     0.57034
  88      0.8904     0.58936
  89     0.90002      0.6088
  90     0.91012     0.63036
  91      0.9204     0.65363
  92     0.93052     0.67803
  93     0.94002     0.70285
  94     0.95001     0.73119
  95     0.96015     0.76294
  96     0.97006     0.79826
  97     0.98017     0.84155
  98     0.99005     0.89537
  99           1           1
-----------------------------------------

----------------- PPP$ and local currency --------------
         PPP used in computation: 2.90611
     Data mean in local currency: 810.631
               Data mean in PPP$: 315.341
        Poverty line in PPP$/Day: 1.9
      Poverty line in PPP$/Month: 57.7917
  Poverty line in local currency: 148.562
-------------------------------------------------------

----------------- Estimation result --------------
     Number of observation: 3401
          Total population: 9.95257E+06
              Total wealth: 2.77618E+09(PPP$)
                   Minimum: 0(PPP$)
                   Maximum: 29804.8(PPP$)
             Headcount(HC): 0.119124
          Poverty gap (PG): 0.0600857
       Poverty gap squared: 0.0398897
                      Gini: 0.514323
                    Median: 202.521
                       MLD: 0.540872
                      Watt: 0.108354
--------------------------------------------------

-------------------------------- Income or Consumption share by deciles (%) -------------------------------------
    0.75981     2.2075     3.4194     4.5344     5.7821     7.2102     9.0897     11.612     16.261     39.124
-----------------------------------------------------------------------------------------------------------------


