

**********************************************************************************************
**                                   Basic Information                                      **
**********************************************************************************************

----------------- Dataset Information -----------------
                         Country: Bolivia
                    Country dode: BOL
                       Data Year: 2007
                        Coverage: National
             Welfare measurement: Income
                     Data format: Unit record
                     Data source: BOL_N2007Y
                  Data time span: UnDefined
-------------------------------------------------------


----------- Distribution ------------
   i           P           L 
-------------------------------------
   0    0.010048  3.9019E-05
   1    0.020556  0.00023073
   2    0.030085  0.00050034
   3    0.040111  0.00092037
   4    0.050242   0.0014811
   5    0.060811   0.0022776
   6    0.070089   0.0031283
   7      0.0801   0.0041621
   8    0.090446   0.0054121
   9     0.10025   0.0067571
  10     0.11038   0.0082804
  11     0.12126    0.010044
  12     0.13065    0.011713
  13     0.14029    0.013541
  14     0.15004    0.015514
  15     0.16022    0.017686
  16     0.17026    0.019916
  17     0.18133    0.022479
  18     0.19014    0.024586
  19     0.20019    0.027063
  20     0.21015    0.029589
  21     0.22001    0.032163
  22     0.23017    0.034899
  23     0.24002    0.037632
  24     0.25115    0.040805
  25     0.26039    0.043533
  26     0.27002    0.046484
  27      0.2807    0.049862
  28     0.29012    0.052897
  29      0.3001    0.056208
  30     0.31012    0.059622
  31     0.32028     0.06316
  32     0.33003    0.066594
  33     0.34025    0.070261
  34     0.35076    0.074115
  35     0.36037    0.077686
  36     0.37067     0.08161
  37     0.38052    0.085498
  38     0.39002    0.089373
  39     0.40012    0.093637
  40     0.41006    0.097976
  41     0.42043     0.10264
  42     0.43071     0.10742
  43     0.44131     0.11254
  44        0.45     0.11685
  45     0.46025     0.12212
  46     0.47025     0.12742
  47     0.48011     0.13279
  48     0.49079     0.13877
  49     0.50003     0.14411
  50     0.51022     0.15009
  51     0.52057     0.15629
  52     0.53014     0.16216
  53     0.54004      0.1684
  54     0.55004     0.17479
  55     0.56009     0.18135
  56        0.57     0.18799
  57     0.58008     0.19495
  58     0.59018     0.20214
  59      0.6002     0.20948
  60     0.61023     0.21698
  61     0.62012      0.2246
  62     0.63056     0.23293
  63     0.64017     0.24079
  64     0.65013     0.24911
  65     0.66005     0.25761
  66     0.67025     0.26657
  67     0.68009     0.27541
  68     0.69168     0.28611
  69     0.70007     0.29403
  70     0.71026      0.3039
  71     0.72008     0.31368
  72     0.73004     0.32391
  73     0.74026      0.3347
  74     0.75004     0.34538
  75     0.76008     0.35664
  76     0.77004      0.3681
  77     0.78005     0.38005
  78     0.79005     0.39248
  79     0.80002     0.40538
  80      0.8102     0.41903
  81     0.82018     0.43301
  82     0.83019     0.44789
  83      0.8401     0.46331
  84     0.85013      0.4796
  85     0.86004     0.49631
  86      0.8701     0.51405
  87     0.88008     0.53248
  88     0.89004     0.55196
  89     0.90024     0.57335
  90      0.9101     0.59517
  91     0.92026      0.6194
  92     0.93015     0.64493
  93     0.94009     0.67238
  94     0.95007     0.70303
  95     0.96013     0.73743
  96     0.97019     0.77757
  97     0.98004      0.8234
  98     0.99044     0.88813
  99           1           1
-----------------------------------------

----------------- PPP$ and local currency --------------
         PPP used in computation: 2.90611
     Data mean in local currency: 677.788
               Data mean in PPP$: 298.751
        Poverty line in PPP$/Day: 1.9
      Poverty line in PPP$/Month: 57.7917
  Poverty line in local currency: 131.114
-------------------------------------------------------

----------------- Estimation result --------------
     Number of observation: 3659
          Total population: 9.60417E+06
              Total wealth: 2.23997E+09(PPP$)
                   Minimum: 0(PPP$)
                   Maximum: 6153.37(PPP$)
             Headcount(HC): 0.139003
          Poverty gap (PG): 0.0702994
       Poverty gap squared: 0.0484176
                      Gini: 0.554449
                    Median: 173.678
                       MLD: 0.636985
                      Watt: 0.133265
--------------------------------------------------

-------------------------------- Income or Consumption share by deciles (%) -------------------------------------
    0.67231     2.0294     2.9158      3.741     5.0509     6.5238     8.4631     11.138     16.751     42.715
-----------------------------------------------------------------------------------------------------------------


