

**********************************************************************************************
**                                   Basic Information                                      **
**********************************************************************************************

----------------- Dataset Information -----------------
                         Country: Bolivia
                    Country dode: BOL
                       Data Year: 2006
                        Coverage: National
             Welfare measurement: Income
                     Data format: Unit record
                     Data source: BOL_N2006Y
                  Data time span: UnDefined
-------------------------------------------------------


----------- Distribution ------------
   i           P           L 
-------------------------------------
   0    0.010858  2.9493E-05
   1    0.020201  0.00015604
   2    0.030277  0.00040187
   3     0.04023  0.00074342
   4    0.050221   0.0011724
   5    0.060148   0.0017018
   6    0.070159   0.0023427
   7    0.080818   0.0031758
   8     0.09124   0.0040806
   9     0.10232   0.0051987
  10     0.11073   0.0061584
  11     0.12001   0.0073299
  12     0.13265   0.0090723
  13     0.14036    0.010194
  14      0.1503    0.011724
  15     0.16053    0.013427
  16     0.17112    0.015317
  17     0.18102    0.017192
  18     0.19029     0.01903
  19     0.20004     0.02107
  20     0.21059    0.023434
  21     0.22083    0.025879
  22     0.23025     0.02825
  23     0.24012    0.030836
  24     0.25013    0.033579
  25     0.26016    0.036431
  26     0.27032     0.03936
  27     0.28007    0.042271
  28     0.29038    0.045472
  29     0.30056    0.048712
  30     0.31358    0.052987
  31     0.32009     0.05517
  32     0.33017    0.058662
  33     0.34031    0.062284
  34     0.35012    0.065872
  35     0.36013    0.069656
  36     0.37041    0.073653
  37     0.38082     0.07788
  38     0.39027    0.081841
  39     0.40013    0.086108
  40     0.41004    0.090517
  41     0.42003    0.095071
  42     0.43004    0.099755
  43     0.44043     0.10476
  44     0.45232     0.11063
  45     0.46027     0.11462
  46     0.47014     0.11973
  47     0.48023     0.12505
  48     0.49028     0.13051
  49     0.50011     0.13599
  50     0.51014     0.14172
  51     0.52052     0.14777
  52     0.53029     0.15363
  53     0.54018     0.15974
  54     0.55049      0.1663
  55     0.56015     0.17262
  56     0.57002     0.17922
  57     0.58009     0.18615
  58     0.59065     0.19367
  59     0.60024     0.20067
  60        0.61     0.20796
  61     0.62005     0.21566
  62     0.63035     0.22377
  63     0.64002     0.23152
  64     0.65002     0.23982
  65     0.66007     0.24839
  66     0.67061     0.25765
  67     0.68033     0.26648
  68     0.69003     0.27549
  69     0.70071     0.28562
  70     0.71001     0.29469
  71     0.72048     0.30517
  72        0.73     0.31505
  73     0.74014     0.32603
  74     0.75022     0.33732
  75     0.76012     0.34877
  76     0.77016     0.36066
  77     0.78001     0.37273
  78     0.79001     0.38542
  79     0.80003     0.39854
  80     0.81041     0.41258
  81     0.82008     0.42624
  82     0.83015     0.44092
  83     0.84034     0.45637
  84     0.85021      0.4719
  85     0.86006     0.48817
  86      0.8701      0.5054
  87     0.88001     0.52326
  88     0.89005     0.54238
  89     0.90011     0.56287
  90     0.91004     0.58475
  91     0.92018     0.60879
  92      0.9303     0.63473
  93     0.94031     0.66265
  94     0.95004     0.69247
  95     0.96025     0.72792
  96     0.97001     0.76613
  97     0.98015     0.81305
  98     0.99006     0.87212
  99           1           1
-----------------------------------------

----------------- PPP$ and local currency --------------
         PPP used in computation: 2.90611
     Data mean in local currency: 607.949
               Data mean in PPP$: 298.323
        Poverty line in PPP$/Day: 1.9
      Poverty line in PPP$/Month: 57.7917
  Poverty line in local currency: 117.773
-------------------------------------------------------

----------------- Estimation result --------------
     Number of observation: 3395
          Total population: 9.24271E+06
              Total wealth: 1.93355E+09(PPP$)
                   Minimum: 0(PPP$)
                   Maximum: 9563.14(PPP$)
             Headcount(HC): 0.179037
          Poverty gap (PG): 0.0922919
       Poverty gap squared: 0.063164
                      Gini: 0.568708
                    Median: 168.185
                       MLD: 0.700956
                      Watt: 0.170329
--------------------------------------------------

-------------------------------- Income or Consumption share by deciles (%) -------------------------------------
    0.49649     1.6096     2.7474     3.7518     4.9878     6.4559      8.445     11.356     16.414     43.736
-----------------------------------------------------------------------------------------------------------------


