

**********************************************************************************************
**                                   Basic Information                                      **
**********************************************************************************************

----------------- Dataset Information -----------------
                         Country: Bolivia
                    Country dode: BOL
                       Data Year: 2004
                        Coverage: National
             Welfare measurement: Income
                     Data format: Unit record
                     Data source: BOL_N2004Y
                  Data time span: UnDefined
-------------------------------------------------------


----------- Distribution ------------
   i           P           L 
-------------------------------------
   0    0.010009  0.00016642
   1    0.020083  0.00062521
   2    0.030053   0.0012116
   3    0.040016   0.0019531
   4     0.05079   0.0029366
   5     0.06012   0.0038863
   6    0.070213   0.0050303
   7    0.080813   0.0063624
   8    0.090061   0.0076497
   9     0.10041   0.0092284
  10     0.11052    0.010914
  11        0.12    0.012616
  12     0.13008    0.014549
  13     0.14005    0.016596
  14     0.15025    0.018784
  15     0.16008    0.020985
  16     0.17001     0.02331
  17     0.18036    0.025837
  18     0.19029    0.028343
  19     0.20006    0.030895
  20      0.2101    0.033607
  21     0.22034    0.036471
  22      0.2307     0.03945
  23      0.2402    0.042258
  24     0.25027    0.045337
  25     0.26004    0.048417
  26     0.27019    0.051712
  27     0.28013    0.055036
  28      0.2902    0.058509
  29     0.30005    0.061991
  30     0.31008    0.065639
  31     0.32001    0.069346
  32     0.33032    0.073288
  33     0.34005    0.077098
  34     0.35026    0.081186
  35     0.36014    0.085241
  36        0.37    0.089408
  37      0.3809    0.094127
  38     0.39003    0.098147
  39     0.40008     0.10271
  40     0.41001     0.10733
  41     0.42001     0.11206
  42     0.43028     0.11702
  43     0.44002     0.12184
  44     0.45004     0.12688
  45     0.46012     0.13209
  46     0.47045     0.13754
  47     0.48004     0.14272
  48     0.49023     0.14833
  49     0.50046     0.15406
  50     0.51005     0.15952
  51     0.52006     0.16537
  52     0.53009     0.17133
  53     0.54003     0.17738
  54     0.55026     0.18374
  55     0.56002     0.18991
  56     0.57036     0.19664
  57     0.58007      0.2031
  58     0.59007     0.20993
  59     0.60001      0.2169
  60     0.61001     0.22403
  61     0.62005     0.23134
  62     0.63023     0.23899
  63     0.64005     0.24658
  64     0.65087     0.25518
  65     0.66002     0.26263
  66     0.67005     0.27103
  67     0.68001     0.27962
  68     0.69015     0.28866
  69     0.70033     0.29798
  70     0.71004     0.30703
  71     0.72003     0.31663
  72     0.73045     0.32696
  73     0.74023     0.33693
  74     0.75002     0.34725
  75     0.76002      0.3581
  76     0.77018     0.36944
  77     0.78015     0.38084
  78     0.79008     0.39249
  79     0.80002     0.40459
  80     0.81003     0.41714
  81     0.82006     0.43022
  82     0.83011     0.44395
  83     0.84006      0.4581
  84     0.85003      0.4729
  85        0.86     0.48847
  86     0.87005     0.50504
  87     0.88018     0.52268
  88     0.89001     0.54104
  89     0.90024     0.56133
  90     0.91048     0.58311
  91     0.92004     0.60503
  92     0.93011     0.63027
  93     0.94005     0.65789
  94     0.95026     0.68927
  95     0.96004     0.72314
  96     0.97001     0.76194
  97     0.98006     0.80855
  98     0.99014     0.86985
  99           1           1
-----------------------------------------

----------------- PPP$ and local currency --------------
         PPP used in computation: 2.90611
     Data mean in local currency: 516.531
               Data mean in PPP$: 278.071
        Poverty line in PPP$/Day: 1.9
      Poverty line in PPP$/Month: 57.7917
  Poverty line in local currency: 107.351
-------------------------------------------------------

----------------- Estimation result --------------
     Number of observation: 8518
          Total population: 9.13622E+06
              Total wealth: 1.62387E+09(PPP$)
                   Minimum: 0(PPP$)
                   Maximum: 10962.6(PPP$)
             Headcount(HC): 0.136591
          Poverty gap (PG): 0.0602285
       Poverty gap squared: 0.0358557
                      Gini: 0.550099
                    Median: 157.313
                       MLD: 0.578533
                      Watt: 0.0980864
--------------------------------------------------

-------------------------------- Income or Consumption share by deciles (%) -------------------------------------
    0.91661     2.1713     3.1095     4.0702     5.1122     6.3088     8.0785      10.69     15.628     43.915
-----------------------------------------------------------------------------------------------------------------


