

**********************************************************************************************
**                                   Basic Information                                      **
**********************************************************************************************

----------------- Dataset Information -----------------
                         Country: Bolivia
                    Country dode: BOL
                       Data Year: 1997
                        Coverage: National
             Welfare measurement: Income
                     Data format: Unit record
                     Data source: BOL_N1997Y
                  Data time span: UnDefined
-------------------------------------------------------


----------- Distribution ------------
   i           P           L 
-------------------------------------
   0    0.010739  6.5606E-05
   1    0.020013  0.00022965
   2    0.030323  0.00050207
   3    0.040723  0.00087287
   4    0.050042   0.0012862
   5    0.060577   0.0018438
   6     0.07197   0.0025523
   7     0.08015   0.0031176
   8    0.091949   0.0040516
   9     0.10014   0.0047969
  10     0.11002    0.005796
  11     0.12011   0.0069569
  12     0.13045   0.0082829
  13      0.1401   0.0096044
  14     0.15196    0.011374
  15     0.16013    0.012695
  16      0.1708    0.014549
  17      0.1808      0.0164
  18     0.19084    0.018366
  19     0.20106     0.02047
  20     0.21227    0.022913
  21      0.2204    0.024765
  22     0.23001    0.027049
  23      0.2448    0.030758
  24     0.25042    0.032219
  25     0.26015      0.0348
  26     0.27028    0.037613
  27     0.28003    0.040453
  28     0.29004    0.043493
  29     0.30012    0.046655
  30     0.31366    0.051082
  31     0.32014     0.05326
  32     0.33021     0.05673
  33     0.34009    0.060226
  34     0.35003     0.06385
  35     0.36028    0.067704
  36     0.37048    0.071668
  37      0.3801    0.075509
  38     0.39057    0.079829
  39     0.40011    0.083869
  40     0.41278    0.089402
  41     0.42031    0.092785
  42     0.43034    0.097383
  43     0.44044     0.10213
  44     0.45016     0.10683
  45     0.46002     0.11172
  46     0.47053     0.11711
  47     0.49072     0.12774
  48     0.49072     0.12774
  49     0.50024     0.13286
  50     0.51007     0.13836
  51     0.52016     0.14414
  52     0.53025     0.15005
  53     0.54006     0.15594
  54     0.55034     0.16224
  55      0.5604     0.16858
  56     0.57015     0.17486
  57      0.5834     0.18362
  58     0.59043     0.18835
  59     0.60008     0.19502
  60     0.61024     0.20221
  61     0.62007     0.20938
  62     0.63136      0.2179
  63     0.64003     0.22457
  64     0.65297     0.23481
  65      0.6601     0.24052
  66     0.67036     0.24897
  67     0.68015      0.2573
  68     0.69006     0.26602
  69     0.70078     0.27571
  70     0.71017     0.28439
  71     0.72041     0.29411
  72     0.73006      0.3036
  73     0.74019     0.31399
  74     0.75018     0.32458
  75     0.76006     0.33544
  76     0.77056     0.34741
  77     0.78112     0.35979
  78     0.79003     0.37062
  79     0.80006     0.38347
  80     0.81005     0.39673
  81     0.82007     0.41048
  82     0.83005     0.42478
  83     0.84013     0.43985
  84     0.85035     0.45581
  85     0.86002     0.47156
  86     0.87084     0.49017
  87     0.88027     0.50733
  88     0.89215     0.53031
  89     0.90018     0.54675
  90     0.91005     0.56826
  91     0.92024     0.59203
  92     0.93014     0.61657
  93        0.94     0.64313
  94      0.9501     0.67376
  95     0.96004     0.70717
  96     0.97007      0.7456
  97      0.9803      0.7942
  98     0.99012     0.85657
  99           1           1
-----------------------------------------

----------------- PPP$ and local currency --------------
         PPP used in computation: 2.90611
     Data mean in local currency: 415.378
               Data mean in PPP$: 285.17
        Poverty line in PPP$/Day: 1.9
      Poverty line in PPP$/Month: 57.7917
  Poverty line in local currency: 84.1792
-------------------------------------------------------

----------------- Estimation result --------------
     Number of observation: 3786
          Total population: 6.87916E+06
              Total wealth: 9.83257E+08(PPP$)
                   Minimum: 0(PPP$)
                   Maximum: 12733.2(PPP$)
             Headcount(HC): 0.19255
          Poverty gap (PG): 0.100234
       Poverty gap squared: 0.0683041
                      Gini: 0.581644
                    Median: 156.958
                       MLD: 0.717532
                      Watt: 0.17754
--------------------------------------------------

-------------------------------- Income or Consumption share by deciles (%) -------------------------------------
    0.47843     1.5467     2.6365     3.7206     4.8912     6.2233     8.0042     10.838     16.299     45.362
-----------------------------------------------------------------------------------------------------------------


