

**********************************************************************************************
**                                   Basic Information                                      **
**********************************************************************************************

----------------- Dataset Information -----------------
                         Country: Bolivia
                    Country dode: BOL
                       Data Year: 2009
                        Coverage: National
             Welfare measurement: Income
                     Data format: Unit record
                     Data source: BOL_N2009Y
                  Data time span: UnDefined
-------------------------------------------------------


----------- Distribution ------------
   i           P           L 
-------------------------------------
   0    0.010853  5.7919E-05
   1    0.020207   0.0002614
   2    0.030179  0.00060901
   3    0.040113   0.0010917
   4    0.050184   0.0017131
   5    0.060022   0.0024663
   6    0.070889   0.0034535
   7    0.080008   0.0043717
   8    0.090602    0.005593
   9     0.10004   0.0068426
  10     0.11135    0.008553
  11     0.12097    0.010163
  12      0.1302    0.011882
  13     0.14032    0.013968
  14      0.1501    0.016096
  15     0.16009    0.018421
  16     0.17082    0.021084
  17     0.18047    0.023597
  18      0.1901    0.026254
  19      0.2002    0.029189
  20      0.2103    0.032276
  21     0.22013    0.035429
  22     0.23012    0.038782
  23      0.2411    0.042584
  24     0.25012    0.045806
  25     0.26004     0.04946
  26     0.27089    0.053615
  27     0.28021    0.057322
  28     0.29032    0.061467
  29     0.30017    0.065615
  30     0.31023    0.069952
  31     0.32025    0.074409
  32     0.33004    0.078876
  33     0.34003    0.083565
  34      0.3514    0.089058
  35     0.36003    0.093333
  36     0.37078    0.098765
  37     0.38005     0.10356
  38     0.39001     0.10884
  39     0.40011      0.1143
  40     0.41004     0.11983
  41     0.42027     0.12567
  42     0.43064     0.13175
  43      0.4407      0.1378
  44     0.45179      0.1446
  45     0.46046     0.14999
  46     0.47189     0.15726
  47     0.48058     0.16293
  48     0.49041     0.16948
  49     0.50033     0.17621
  50     0.51054     0.18333
  51     0.52018     0.19022
  52     0.53011     0.19747
  53      0.5407     0.20541
  54     0.55039     0.21283
  55     0.56032     0.22054
  56     0.57029     0.22843
  57     0.58052     0.23669
  58      0.5901     0.24462
  59     0.60005     0.25298
  60     0.61003     0.26159
  61     0.62024     0.27058
  62     0.63005     0.27938
  63     0.64038     0.28888
  64     0.65018     0.29806
  65     0.66055     0.30798
  66     0.67024     0.31745
  67     0.68003     0.32726
  68      0.6901     0.33755
  69     0.70055     0.34845
  70     0.71002     0.35851
  71     0.72038     0.36974
  72     0.73021     0.38067
  73     0.74052     0.39252
  74     0.75023     0.40394
  75     0.76013     0.41581
  76     0.77011     0.42799
  77     0.78005      0.4405
  78     0.79061     0.45409
  79     0.80019     0.46678
  80     0.81007      0.4803
  81     0.82009     0.49457
  82     0.83009      0.5092
  83     0.84016     0.52456
  84      0.8502     0.54041
  85        0.86      0.5564
  86     0.87021     0.57371
  87     0.88014     0.59125
  88     0.89041     0.61037
  89     0.90002     0.62906
  90     0.91034     0.65017
  91     0.92017     0.67155
  92     0.93024     0.69475
  93     0.94003     0.71894
  94     0.95021     0.74634
  95     0.96002     0.77504
  96     0.97001      0.8083
  97     0.98003     0.84704
  98     0.99009     0.89573
  99           1           1
-----------------------------------------

----------------- PPP$ and local currency --------------
         PPP used in computation: 2.90611
     Data mean in local currency: 853.762
               Data mean in PPP$: 329.545
        Poverty line in PPP$/Day: 1.9
      Poverty line in PPP$/Month: 57.7917
  Poverty line in local currency: 149.722
-------------------------------------------------------

----------------- Estimation result --------------
     Number of observation: 3366
          Total population: 1.01925E+07
              Total wealth: 2.99438E+09(PPP$)
                   Minimum: 0(PPP$)
                   Maximum: 13395.6(PPP$)
             Headcount(HC): 0.119224
          Poverty gap (PG): 0.063035
       Poverty gap squared: 0.0426311
                      Gini: 0.496531
                    Median: 226.081
                       MLD: 0.53992
                      Watt: 0.10721
--------------------------------------------------

-------------------------------- Income or Consumption share by deciles (%) -------------------------------------
     0.6838     2.2293     3.6415      4.869      6.175     7.6959     9.4932     11.865     16.249     37.098
-----------------------------------------------------------------------------------------------------------------


