

**********************************************************************************************
**                                   Basic Information                                      **
**********************************************************************************************

----------------- Dataset Information -----------------
                         Country: Bolivia
                    Country dode: BOL
                       Data Year: 2005
                        Coverage: National
             Welfare measurement: Income
                     Data format: Unit record
                     Data source: BOL_N2005Y
                  Data time span: UnDefined
-------------------------------------------------------


----------- Distribution ------------
   i           P           L 
-------------------------------------
   0    0.010419   4.432E-05
   1    0.020099  0.00016746
   2    0.030177  0.00036722
   3    0.040261  0.00068577
   4    0.050135   0.0010938
   5    0.060172    0.001609
   6     0.07025   0.0022185
   7    0.080245   0.0028886
   8    0.090282   0.0036546
   9     0.10008   0.0044626
  10     0.11003   0.0053704
  11     0.12037   0.0064267
  12     0.13012   0.0075544
  13     0.14049   0.0088693
  14     0.15015    0.010213
  15     0.16007    0.011698
  16     0.17002     0.01329
  17     0.18096      0.0152
  18     0.19012    0.016893
  19     0.20002    0.018858
  20     0.21019    0.021008
  21     0.22004     0.02321
  22     0.23004    0.025548
  23     0.24078     0.02816
  24     0.25012    0.030499
  25     0.26013    0.033105
  26     0.27027    0.035864
  27      0.2803    0.038702
  28     0.29025    0.041646
  29      0.3002     0.04469
  30     0.31028    0.047895
  31     0.32123    0.051532
  32     0.33018    0.054622
  33     0.34025    0.058169
  34     0.35032    0.061803
  35     0.36006    0.065409
  36     0.37039    0.069346
  37     0.38006    0.073148
  38     0.39072    0.077429
  39     0.40036    0.081383
  40      0.4102     0.08553
  41      0.4216    0.090475
  42     0.43009    0.094252
  43     0.44025    0.098873
  44      0.4502     0.10348
  45     0.46105     0.10863
  46     0.47011     0.11301
  47     0.48002      0.1179
  48     0.49051      0.1232
  49     0.50128     0.12881
  50     0.51009      0.1335
  51     0.52009     0.13899
  52     0.53004     0.14457
  53      0.5411     0.15102
  54     0.55009     0.15642
  55     0.56011     0.16262
  56     0.57016     0.16904
  57     0.58013     0.17561
  58     0.59004     0.18232
  59     0.60055     0.18965
  60     0.61085     0.19702
  61     0.62011     0.20385
  62      0.6301     0.21142
  63     0.64022      0.2193
  64     0.65015     0.22723
  65     0.66021      0.2355
  66     0.67004     0.24383
  67     0.68004     0.25259
  68     0.69028     0.26188
  69     0.70017     0.27111
  70     0.71019     0.28072
  71     0.72024     0.29066
  72     0.73016     0.30074
  73        0.74     0.31109
  74     0.75058     0.32262
  75      0.7602     0.33344
  76     0.77027     0.34523
  77     0.78019     0.35725
  78     0.79007     0.36965
  79      0.8006     0.38329
  80     0.81014     0.39615
  81     0.82068      0.4109
  82     0.83002     0.42465
  83     0.84011     0.44005
  84     0.85026     0.45625
  85     0.86058     0.47339
  86     0.87022     0.49027
  87     0.88027     0.50889
  88     0.89001     0.52795
  89     0.90011     0.54885
  90     0.91048       0.572
  91     0.92059     0.59614
  92     0.93028     0.62149
  93     0.94022     0.64951
  94     0.95007     0.68003
  95     0.96004     0.71459
  96     0.97003     0.75425
  97     0.98031     0.80294
  98     0.99019     0.86377
  99           1           1
-----------------------------------------

----------------- PPP$ and local currency --------------
         PPP used in computation: 2.90611
     Data mean in local currency: 542.303
               Data mean in PPP$: 276.647
        Poverty line in PPP$/Day: 1.9
      Poverty line in PPP$/Month: 57.7917
  Poverty line in local currency: 113.287
-------------------------------------------------------

----------------- Estimation result --------------
     Number of observation: 3467
          Total population: 9.36631E+06
              Total wealth: 1.74783E+09(PPP$)
                   Minimum: 0(PPP$)
                   Maximum: 17795.4(PPP$)
             Headcount(HC): 0.203845
          Poverty gap (PG): 0.109814
       Poverty gap squared: 0.0757612
                      Gini: 0.584682
                    Median: 145.786
                       MLD: 0.738587
                      Watt: 0.208028
--------------------------------------------------

-------------------------------- Income or Consumption share by deciles (%) -------------------------------------
    0.44561     1.4397     2.5775     3.6605     4.6913      6.112     8.1684     11.156     16.611     45.137
-----------------------------------------------------------------------------------------------------------------


