

**********************************************************************************************
**                                   Basic Information                                      **
**********************************************************************************************

----------------- Dataset Information -----------------
                         Country: Brazil
                    Country dode: BRA
                       Data Year: 1983
                        Coverage: National
             Welfare measurement: Income
                     Data format: Unit record
                     Data source: BRA_N1983Y
                  Data time span: UnDefined
-------------------------------------------------------


----------- Distribution ------------
   i           P           L 
-------------------------------------
   0    0.014869           0
   1    0.020007  0.00015985
   2    0.030475  0.00079787
   3    0.040539   0.0015933
   4    0.050048   0.0024612
   5    0.060265   0.0035028
   6    0.071004   0.0046989
   7    0.081945   0.0060185
   8    0.090005   0.0070483
   9     0.10001   0.0084044
  10     0.11004   0.0098457
  11     0.12028    0.011391
  12     0.13001    0.012942
  13        0.14    0.014607
  14     0.15058    0.016447
  15     0.16002    0.018155
  16     0.17002     0.02004
  17     0.18122    0.022234
  18     0.19061    0.024148
  19     0.20108    0.026359
  20     0.21001      0.0283
  21     0.22002    0.030546
  22     0.23009    0.032867
  23     0.24001    0.035242
  24     0.25064    0.037875
  25     0.26001    0.040252
  26     0.27006    0.042882
  27     0.28001    0.045578
  28     0.29001    0.048381
  29     0.30026    0.051322
  30        0.31    0.054197
  31     0.32009    0.057257
  32        0.33    0.060357
  33     0.34001    0.063578
  34      0.3501    0.066923
  35        0.36    0.070288
  36     0.37001    0.073779
  37        0.38    0.077363
  38      0.3913    0.081544
  39     0.40002    0.084845
  40     0.41001    0.088725
  41     0.42001    0.092707
  42     0.43078    0.097118
  43     0.44001     0.10099
  44     0.45001      0.1053
  45     0.46065     0.10999
  46     0.47001     0.11422
  47     0.48004     0.11885
  48     0.49002      0.1236
  49     0.50607      0.1315
  50        0.51     0.13347
  51     0.52041     0.13881
  52     0.53004     0.14387
  53     0.54005      0.1493
  54     0.55078      0.1553
  55     0.56002     0.16059
  56     0.57002     0.16646
  57     0.58007     0.17253
  58     0.59003      0.1787
  59     0.60001     0.18506
  60     0.61008     0.19168
  61        0.62     0.19839
  62     0.63008     0.20538
  63     0.64003     0.21252
  64     0.65002     0.21992
  65        0.66      0.2275
  66        0.67     0.23536
  67        0.68     0.24348
  68        0.69     0.25187
  69         0.7     0.26051
  70     0.71015     0.26959
  71     0.72001      0.2787
  72     0.73005      0.2883
  73      0.7401     0.29826
  74     0.75011     0.30853
  75     0.76001     0.31909
  76     0.77263     0.33312
  77        0.78     0.34159
  78        0.79     0.35353
  79     0.80018     0.36619
  80     0.81001     0.37896
  81        0.82      0.3926
  82     0.83043     0.40754
  83      0.8401     0.42207
  84        0.85     0.43767
  85        0.86     0.45432
  86     0.87003     0.47202
  87        0.88     0.49071
  88     0.89063     0.51197
  89     0.90001     0.53208
  90        0.91     0.55508
  91     0.92011      0.5802
  92     0.93008     0.60713
  93     0.94001     0.63666
  94        0.95     0.66967
  95     0.96001     0.70708
  96     0.97001     0.75027
  97     0.98001     0.80208
  98     0.99001     0.86852
  99           1           1
-----------------------------------------

----------------- PPP$ and local currency --------------
         PPP used in computation: 1.65878
     Data mean in local currency: 3686.96
               Data mean in PPP$: 194.627
        Poverty line in PPP$/Day: 1.9
      Poverty line in PPP$/Month: 57.7917
  Poverty line in local currency: 1094.79
-------------------------------------------------------

----------------- Estimation result --------------
     Number of observation: 40671
          Total population: 1.19358E+08
              Total wealth: 2.65296E+11(PPP$)
                   Minimum: 0(PPP$)
                   Maximum: 351649(PPP$)
             Headcount(HC): 0.306402
          Poverty gap (PG): 0.127497
       Poverty gap squared: 0.0733514
                      Gini: 0.58988
                    Median: 96.7742
                       MLD: 0.760566
                      Watt: 0.169276
--------------------------------------------------

-------------------------------- Income or Consumption share by deciles (%) -------------------------------------
     0.8403     1.7727     2.5117     3.3589     4.3675     5.6542     7.5452     10.547      16.61     46.793
-----------------------------------------------------------------------------------------------------------------


