

**********************************************************************************************
**                                   Basic Information                                      **
**********************************************************************************************

----------------- Dataset Information -----------------
                         Country: Brazil
                    Country dode: BRA
                       Data Year: 2001
                        Coverage: National
             Welfare measurement: Income
                     Data format: Unit record
                     Data source: BRA_N2001Y
                  Data time span: UnDefined
-------------------------------------------------------


----------- Distribution ------------
   i           P           L 
-------------------------------------
   0    0.015694           0
   1    0.020008  7.7775E-05
   2    0.030066  0.00046951
   3    0.041612   0.0011553
   4    0.050122   0.0017893
   5    0.061432    0.002769
   6    0.070437   0.0036521
   7    0.080931    0.004783
   8    0.091948   0.0060849
   9     0.10008   0.0071005
  10     0.11218   0.0087275
  11     0.12003   0.0098423
  12     0.13007    0.011352
  13        0.14      0.0129
  14     0.15248    0.014971
  15     0.16114    0.016477
  16     0.17142    0.018347
  17     0.18004    0.019974
  18      0.1965    0.023257
  19     0.20003    0.023978
  20     0.21097    0.026291
  21      0.2227    0.028886
  22     0.23182    0.030984
  23     0.24005    0.032935
  24     0.25006    0.035389
  25        0.26    0.037916
  26     0.27343    0.041482
  27     0.28102    0.043568
  28     0.29036    0.046194
  29     0.30028    0.049092
  30     0.31353    0.053102
  31     0.32001    0.055088
  32        0.33    0.058221
  33     0.34017    0.061516
  34     0.35402    0.066169
  35     0.36007    0.068247
  36     0.37033    0.071869
  37     0.38065    0.075632
  38     0.39001    0.079136
  39     0.40047    0.083175
  40     0.41616    0.089466
  41     0.42001    0.091039
  42     0.43111    0.095676
  43     0.44009     0.09952
  44     0.45009     0.10393
  45     0.46043     0.10862
  46     0.47024     0.11317
  47     0.48028     0.11796
  48     0.49001     0.12273
  49     0.50019     0.12787
  50     0.51021     0.13304
  51     0.52218     0.13944
  52     0.53168     0.14465
  53     0.54005     0.14935
  54     0.55005     0.15511
  55        0.56       0.161
  56     0.57219     0.16839
  57     0.58086     0.17371
  58        0.59     0.17946
  59     0.60126     0.18675
  60     0.61636     0.19689
  61     0.62001     0.19938
  62     0.63006     0.20638
  63     0.64003     0.21352
  64     0.65009     0.22094
  65     0.66014      0.2286
  66      0.6701     0.23641
  67     0.68008     0.24447
  68     0.69273     0.25505
  69     0.70004     0.26133
  70     0.71011     0.27026
  71     0.72102     0.28026
  72     0.73005     0.28881
  73     0.74002     0.29861
  74      0.7502     0.30896
  75     0.76058     0.31989
  76     0.77025     0.33049
  77     0.78012     0.34169
  78        0.79     0.35332
  79     0.80011     0.36569
  80     0.81004     0.37832
  81     0.82128      0.3933
  82     0.83005     0.40548
  83     0.84004     0.42006
  84     0.85002     0.43539
  85        0.86     0.45157
  86     0.87012     0.46882
  87        0.88     0.48676
  88     0.89003      0.5062
  89     0.90009     0.52703
  90     0.91009     0.54929
  91     0.92185     0.57785
  92     0.93001     0.59939
  93     0.94101     0.63139
  94     0.95014     0.66116
  95      0.9602     0.69798
  96     0.97011     0.74035
  97     0.98003     0.79187
  98     0.99043     0.86451
  99           1           1
-----------------------------------------

----------------- PPP$ and local currency --------------
         PPP used in computation: 1.65878
     Data mean in local currency: 325.915
               Data mean in PPP$: 367.938
        Poverty line in PPP$/Day: 1.9
      Poverty line in PPP$/Month: 57.7917
  Poverty line in local currency: 51.1911
-------------------------------------------------------

----------------- Estimation result --------------
     Number of observation: 13466
          Total population: 1.68906E+08
              Total wealth: 3.31863E+10(PPP$)
                   Minimum: 0(PPP$)
                   Maximum: 26525.5(PPP$)
             Headcount(HC): 0.13622
          Poverty gap (PG): 0.057902
       Poverty gap squared: 0.0375867
                      Gini: 0.593302
                    Median: 186.275
                       MLD: 0.749567
                      Watt: 0.0646698
--------------------------------------------------

-------------------------------- Income or Consumption share by deciles (%) -------------------------------------
    0.70909     1.6882     2.5039     3.3983     4.4779      5.816     7.5355     10.426     16.128     47.317
-----------------------------------------------------------------------------------------------------------------


