

**********************************************************************************************
**                                   Basic Information                                      **
**********************************************************************************************

----------------- Dataset Information -----------------
                         Country: Brazil
                    Country dode: BRA
                       Data Year: 1985
                        Coverage: National
             Welfare measurement: Income
                     Data format: Unit record
                     Data source: BRA_N1985Y
                  Data time span: UnDefined
-------------------------------------------------------


----------- Distribution ------------
   i           P           L 
-------------------------------------
   0    0.010752           0
   1    0.020023   0.0003259
   2    0.030021  0.00098199
   3    0.040006   0.0018227
   4      0.0506   0.0028718
   5    0.060468   0.0039713
   6    0.070182   0.0051544
   7    0.080057   0.0064474
   8    0.091175   0.0080179
   9     0.10004   0.0093417
  10     0.11001    0.010918
  11     0.12017    0.012617
  12     0.13028    0.014385
  13     0.14016    0.016197
  14     0.15009     0.01809
  15     0.16028    0.020115
  16     0.17001    0.022124
  17        0.18    0.024259
  18     0.19003    0.026481
  19     0.20011    0.028799
  20        0.21    0.031151
  21     0.22409    0.034644
  22     0.23002    0.036151
  23     0.24001     0.03877
  24        0.25    0.041478
  25     0.26012    0.044308
  26     0.27004    0.047165
  27     0.28052    0.050272
  28     0.29017    0.053227
  29         0.3    0.056332
  30     0.31001    0.059587
  31     0.32001    0.062947
  32     0.33004    0.066411
  33     0.34012    0.069996
  34     0.35027    0.073708
  35     0.36068    0.077626
  36     0.37002     0.08122
  37     0.38001     0.08517
  38     0.39004    0.089235
  39     0.40034    0.093516
  40     0.41003    0.097631
  41     0.42003     0.10199
  42     0.43001     0.10645
  43     0.44003     0.11104
  44        0.45     0.11572
  45        0.46     0.12054
  46     0.47241     0.12672
  47     0.48016     0.13066
  48     0.49001      0.1358
  49         0.5     0.14115
  50     0.51004     0.14668
  51        0.52     0.15233
  52     0.53025     0.15829
  53        0.54     0.16413
  54     0.55002     0.17029
  55     0.56003      0.1766
  56        0.57     0.18307
  57     0.58024      0.1899
  58        0.59     0.19659
  59         0.6     0.20364
  60     0.61001     0.21089
  61        0.62     0.21837
  62     0.63001     0.22603
  63     0.64001     0.23391
  64        0.65     0.24202
  65     0.66002      0.2504
  66     0.67001     0.25899
  67        0.68     0.26783
  68        0.69     0.27696
  69     0.70012     0.28647
  70     0.71004     0.29609
  71     0.72042      0.3065
  72        0.73      0.3164
  73      0.7401     0.32722
  74        0.75     0.33822
  75        0.76     0.34972
  76        0.77     0.36161
  77     0.78065     0.37483
  78     0.79017       0.387
  79     0.80004      0.4002
  80     0.81001     0.41407
  81     0.82001     0.42859
  82     0.83001     0.44378
  83        0.84     0.45963
  84     0.85096     0.47793
  85        0.86     0.49382
  86     0.87004     0.51238
  87     0.88062     0.53301
  88        0.89      0.5524
  89     0.90095     0.57668
  90     0.91001     0.59808
  91     0.92005      0.6235
  92        0.93     0.65082
  93     0.94032     0.68181
  94        0.95     0.71384
  95        0.96     0.75074
  96     0.97011     0.79318
  97     0.98001     0.84172
  98     0.99001     0.90224
  99           1           1
-----------------------------------------

----------------- PPP$ and local currency --------------
         PPP used in computation: 1.65878
     Data mean in local currency: 36528.6
               Data mean in PPP$: 209.207
        Poverty line in PPP$/Day: 1.9
      Poverty line in PPP$/Month: 57.7917
  Poverty line in local currency: 10090.7
-------------------------------------------------------

----------------- Estimation result --------------
     Number of observation: 46073
          Total population: 1.24941E+08
              Total wealth: 2.75138E+12(PPP$)
                   Minimum: 0(PPP$)
                   Maximum: 994666(PPP$)
             Headcount(HC): 0.251361
          Poverty gap (PG): 0.0998514
       Poverty gap squared: 0.0565278
                      Gini: 0.555868
                    Median: 113.705
                       MLD: 0.68272
                      Watt: 0.135522
--------------------------------------------------

-------------------------------- Income or Consumption share by deciles (%) -------------------------------------
     0.9336     1.9437     2.7558     3.7043     4.7774     6.2486     8.2718     11.379     17.443     42.543
-----------------------------------------------------------------------------------------------------------------


