

**********************************************************************************************
**                                   Basic Information                                      **
**********************************************************************************************

----------------- Dataset Information -----------------
                         Country: Brazil
                    Country dode: BRA
                       Data Year: 1999
                        Coverage: National
             Welfare measurement: Income
                     Data format: Unit record
                     Data source: BRA_N1999Y
                  Data time span: UnDefined
-------------------------------------------------------


----------- Distribution ------------
   i           P           L 
-------------------------------------
   0    0.012455           0
   1    0.020061  0.00021575
   2    0.030113  0.00074487
   3    0.040158   0.0014401
   4    0.050102   0.0022563
   5     0.06016    0.003189
   6    0.071212     0.00433
   7     0.08014   0.0053306
   8    0.090017   0.0065191
   9     0.10252   0.0081463
  10     0.11009   0.0091836
  11     0.12001    0.010618
  12     0.13224    0.012499
  13     0.14027    0.013796
  14     0.15001    0.015444
  15     0.16069    0.017341
  16     0.17015    0.019079
  17     0.18429     0.02182
  18     0.19001     0.02297
  19         0.2    0.025042
  20     0.21003    0.027201
  21     0.22018    0.029478
  22     0.23011    0.031796
  23     0.24007    0.034197
  24     0.25004    0.036683
  25     0.26003     0.03927
  26     0.27052    0.042069
  27     0.28103    0.044926
  28     0.29017    0.047495
  29     0.30303    0.051239
  30        0.31    0.053325
  31     0.32002    0.056407
  32     0.33003    0.059574
  33     0.34027    0.062915
  34     0.35002    0.066197
  35      0.3614    0.070163
  36     0.37004    0.073249
  37     0.38005    0.076903
  38     0.39009    0.080691
  39     0.40538    0.086669
  40     0.41094    0.088886
  41     0.42048    0.092778
  42     0.43002    0.096788
  43     0.44001      0.1011
  44        0.45     0.10554
  45     0.46008     0.11015
  46     0.47002     0.11482
  47     0.48089     0.12005
  48      0.4901     0.12458
  49     0.50166     0.13041
  50     0.51113     0.13534
  51     0.52384     0.14211
  52     0.53054     0.14571
  53     0.54021     0.15102
  54      0.5515     0.15742
  55     0.56492     0.16526
  56     0.57006     0.16832
  57     0.58001     0.17439
  58     0.59009     0.18069
  59     0.60004     0.18709
  60     0.61004      0.1937
  61     0.62064     0.20093
  62     0.63001     0.20749
  63     0.64004     0.21469
  64     0.65058     0.22248
  65     0.66027      0.2299
  66     0.67005     0.23759
  67     0.68044     0.24595
  68     0.69032     0.25418
  69     0.70009     0.26259
  70     0.71074     0.27209
  71     0.72021      0.2808
  72      0.7301     0.29022
  73     0.74004     0.29998
  74     0.75003     0.31014
  75      0.7612     0.32197
  76     0.77025     0.33186
  77     0.78016     0.34315
  78     0.79002     0.35479
  79     0.80004     0.36708
  80     0.81087     0.38104
  81     0.82194     0.39599
  82     0.83016     0.40762
  83     0.84001      0.4221
  84     0.85068     0.43862
  85     0.86001     0.45381
  86     0.87171     0.47418
  87        0.88      0.4895
  88        0.89     0.50907
  89     0.90044     0.53095
  90     0.91171     0.55663
  91     0.92078     0.57899
  92     0.93001     0.60362
  93     0.94001     0.63288
  94        0.95     0.66577
  95      0.9603     0.70421
  96     0.97019     0.74716
  97      0.9803     0.80059
  98     0.99006     0.86819
  99           1           1
-----------------------------------------

----------------- PPP$ and local currency --------------
         PPP used in computation: 1.65878
     Data mean in local currency: 279.556
               Data mean in PPP$: 362.085
        Poverty line in PPP$/Day: 1.9
      Poverty line in PPP$/Month: 57.7917
  Poverty line in local currency: 44.6193
-------------------------------------------------------

----------------- Estimation result --------------
     Number of observation: 14500
          Total population: 1.5654E+08
              Total wealth: 2.63817E+10(PPP$)
                   Minimum: 0(PPP$)
                   Maximum: 26525.5(PPP$)
             Headcount(HC): 0.133591
          Poverty gap (PG): 0.0539361
       Poverty gap squared: 0.0329734
                      Gini: 0.589916
                    Median: 185.216
                       MLD: 0.717058
                      Watt: 0.0614291
--------------------------------------------------

-------------------------------- Income or Consumption share by deciles (%) -------------------------------------
    0.78181     1.7223     2.5315      3.421     4.5007     5.7491     7.5449     10.453     16.299     46.997
-----------------------------------------------------------------------------------------------------------------


