

**********************************************************************************************
**                                   Basic Information                                      **
**********************************************************************************************

----------------- Dataset Information -----------------
                         Country: Brazil
                    Country dode: BRA
                       Data Year: 2005
                        Coverage: National
             Welfare measurement: Income
                     Data format: Unit record
                     Data source: BRA_N2005Y
                  Data time span: UnDefined
-------------------------------------------------------


----------- Distribution ------------
   i           P           L 
-------------------------------------
   0    0.010001  1.8616E-05
   1    0.020405  0.00041588
   2    0.030158   0.0010307
   3    0.040118   0.0018367
   4    0.050111   0.0027902
   5    0.062907   0.0041999
   6    0.071581   0.0052595
   7    0.080016   0.0063715
   8    0.090436   0.0078375
   9     0.10001   0.0092806
  10        0.11    0.010873
  11     0.12455    0.013351
  12     0.13002    0.014318
  13     0.14004    0.016162
  14     0.15004    0.018097
  15     0.16094    0.020313
  16      0.1706    0.022349
  17        0.18    0.024406
  18     0.19678     0.02827
  19     0.20098    0.029255
  20     0.21009    0.031455
  21     0.22078    0.034134
  22     0.23006    0.036552
  23     0.24002    0.039226
  24     0.25103    0.042283
  25     0.26132     0.04523
  26     0.27002    0.047791
  27      0.2806    0.051013
  28     0.29088    0.054243
  29         0.3     0.05717
  30     0.31014    0.060531
  31      0.3307     0.06764
  32      0.3307     0.06764
  33     0.34063    0.071149
  34     0.35245    0.075474
  35     0.36064    0.078564
  36     0.37148    0.082768
  37      0.3801    0.086209
  38     0.39269    0.091375
  39     0.40015    0.094514
  40     0.41002    0.098741
  41     0.42002     0.10316
  42     0.44182     0.11319
  43     0.44182     0.11319
  44     0.45003     0.11706
  45     0.46026     0.12202
  46     0.47028     0.12702
  47     0.48291     0.13353
  48     0.49055     0.13756
  49     0.50022     0.14275
  50     0.51002     0.14817
  51     0.52727     0.15805
  52     0.53007     0.15969
  53        0.54     0.16563
  54     0.55009     0.17182
  55     0.56138     0.17894
  56     0.57111     0.18517
  57     0.58008     0.19108
  58     0.60842     0.21063
  59     0.60842     0.21063
  60     0.61115     0.21255
  61     0.62007     0.21891
  62     0.63001     0.22621
  63        0.64     0.23375
  64     0.65049     0.24189
  65        0.66     0.24947
  66      0.6717     0.25904
  67     0.68016     0.26618
  68        0.69     0.27468
  69     0.70003     0.28359
  70     0.71262     0.29519
  71     0.72067     0.30278
  72     0.73003     0.31189
  73     0.74003     0.32194
  74     0.75211     0.33454
  75     0.76001       0.343
  76     0.77021      0.3543
  77     0.78282     0.36882
  78     0.79002     0.37736
  79     0.80001     0.38965
  80      0.8101     0.40253
  81     0.82003     0.41576
  82      0.8304     0.43016
  83      0.8405     0.44474
  84     0.85038     0.45971
  85      0.8604     0.47565
  86     0.87298     0.49695
  87     0.88027     0.51001
  88     0.89002     0.52842
  89     0.90092     0.55041
  90     0.91002     0.57006
  91     0.92092     0.59551
  92     0.93014     0.61906
  93     0.94025     0.64746
  94     0.95028     0.67885
  95     0.96012     0.71377
  96        0.97     0.75431
  97     0.98001     0.80404
  98     0.99002     0.87012
  99           1           1
-----------------------------------------

----------------- PPP$ and local currency --------------
         PPP used in computation: 1.65878
     Data mean in local currency: 475.243
               Data mean in PPP$: 381.558
        Poverty line in PPP$/Day: 1.9
      Poverty line in PPP$/Month: 57.7917
  Poverty line in local currency: 71.9813
-------------------------------------------------------

----------------- Estimation result --------------
     Number of observation: 14796
          Total population: 1.82561E+08
              Total wealth: 5.23038E+10(PPP$)
                   Minimum: 0(PPP$)
                   Maximum: 52430.7(PPP$)
             Headcount(HC): 0.095535
          Poverty gap (PG): 0.038797
       Poverty gap squared: 0.0240009
                      Gini: 0.566426
                    Median: 207.542
                       MLD: 0.642414
                      Watt: 0.0462984
--------------------------------------------------

-------------------------------- Income or Consumption share by deciles (%) -------------------------------------
    0.92795     1.9746     2.8144     3.7282     4.8186     6.2189     7.8739     10.608     15.891     45.145
-----------------------------------------------------------------------------------------------------------------


