

**********************************************************************************************
**                                   Basic Information                                      **
**********************************************************************************************

----------------- Dataset Information -----------------
                         Country: Brazil
                    Country dode: BRA
                       Data Year: 1998
                        Coverage: National
             Welfare measurement: Income
                     Data format: Unit record
                     Data source: BRA_N1998Y
                  Data time span: UnDefined
-------------------------------------------------------


----------- Distribution ------------
   i           P           L 
-------------------------------------
   0     0.01345           0
   1    0.020443  0.00020186
   2    0.030457  0.00072678
   3    0.040196   0.0013803
   4    0.050099   0.0021573
   5    0.060385   0.0030707
   6    0.070967   0.0041134
   7    0.080124    0.005095
   8    0.090013   0.0062395
   9     0.10154   0.0076754
  10     0.11129   0.0089638
  11     0.12023     0.01022
  12     0.13002    0.011669
  13     0.14002    0.013223
  14     0.15001    0.014859
  15     0.16001    0.016565
  16     0.17091    0.018508
  17     0.18012    0.020221
  18     0.19003    0.022153
  19     0.20004    0.024177
  20     0.21001    0.026278
  21     0.22062    0.028611
  22     0.23132    0.031062
  23     0.24054    0.033231
  24     0.25024    0.035597
  25     0.26363    0.038992
  26     0.27163    0.041063
  27     0.28031    0.043372
  28     0.29005    0.046036
  29     0.30003    0.048871
  30        0.31    0.051794
  31     0.32027    0.054886
  32     0.33092    0.058199
  33     0.34014    0.061149
  34     0.35002    0.064412
  35     0.36044    0.067958
  36     0.37025    0.071385
  37     0.38001     0.07487
  38     0.39037    0.078677
  39     0.40039    0.082494
  40     0.41362    0.087673
  41     0.42012    0.090267
  42     0.43022    0.094396
  43     0.44123    0.099041
  44     0.45156     0.10354
  45     0.46084     0.10769
  46     0.47209     0.11287
  47     0.48005      0.1166
  48     0.49001     0.12138
  49      0.5009     0.12676
  50     0.51509     0.13397
  51     0.52065     0.13684
  52       0.533     0.14337
  53     0.54271     0.14865
  54     0.55002     0.15273
  55     0.56007     0.15848
  56     0.57113     0.16498
  57      0.5804     0.17054
  58     0.59208     0.17779
  59      0.6012     0.18362
  60     0.61015     0.18949
  61     0.62192     0.19746
  62     0.63004     0.20313
  63     0.64068     0.21075
  64     0.65001     0.21763
  65     0.66008      0.2253
  66     0.67061     0.23354
  67     0.68001     0.24109
  68     0.69039      0.2497
  69     0.70009     0.25802
  70     0.71093     0.26766
  71      0.7205     0.27644
  72     0.73012     0.28556
  73     0.74001     0.29522
  74        0.75     0.30532
  75     0.76217     0.31812
  76     0.77018     0.32682
  77     0.78041     0.33839
  78     0.79034     0.35005
  79     0.80047     0.36243
  80     0.81174     0.37689
  81     0.82226     0.39104
  82      0.8306     0.40278
  83     0.84007     0.41664
  84     0.85052     0.43277
  85     0.86003     0.44822
  86     0.87187     0.46879
  87     0.88004     0.48382
  88     0.89001     0.50328
  89     0.90073     0.52565
  90     0.91177     0.55076
  91     0.92068     0.57268
  92        0.93     0.59752
  93        0.94     0.62675
  94     0.95002     0.65958
  95        0.96     0.69694
  96        0.97     0.74021
  97     0.98033     0.79461
  98     0.99007     0.86304
  99           1           1
-----------------------------------------

----------------- PPP$ and local currency --------------
         PPP used in computation: 1.65878
     Data mean in local currency: 280.553
               Data mean in PPP$: 386.101
        Poverty line in PPP$/Day: 1.9
      Poverty line in PPP$/Month: 57.7917
  Poverty line in local currency: 41.9932
-------------------------------------------------------

----------------- Estimation result --------------
     Number of observation: 12489
          Total population: 1.5376E+08
              Total wealth: 2.60057E+10(PPP$)
                   Minimum: 0(PPP$)
                   Maximum: 26857(PPP$)
             Headcount(HC): 0.127063
          Poverty gap (PG): 0.0520746
       Poverty gap squared: 0.0321956
                      Gini: 0.596072
                    Median: 192.67
                       MLD: 0.737901
                      Watt: 0.0565499
--------------------------------------------------

-------------------------------- Income or Consumption share by deciles (%) -------------------------------------
    0.74834     1.6685     2.4693     3.3483     4.3972     5.6532      7.509     10.392     16.227     47.587
-----------------------------------------------------------------------------------------------------------------


