

**********************************************************************************************
**                                   Basic Information                                      **
**********************************************************************************************

----------------- Dataset Information -----------------
                         Country: Brazil
                    Country dode: BRA
                       Data Year: 2007
                        Coverage: National
             Welfare measurement: Income
                     Data format: Unit record
                     Data source: BRA_N2007Y
                  Data time span: UnDefined
-------------------------------------------------------


----------- Distribution ------------
   i           P           L 
-------------------------------------
   0    0.012526           0
   1    0.020012   0.0002092
   2    0.030011  0.00070987
   3    0.040009   0.0014256
   4    0.050018   0.0023441
   5    0.060022   0.0034288
   6    0.070014   0.0046563
   7    0.080086   0.0060133
   8    0.090145   0.0074762
   9     0.10002    0.009014
  10     0.11001    0.010674
  11     0.12001    0.012426
  12     0.13003    0.014273
  13     0.14005      0.0162
  14     0.15011    0.018234
  15     0.16002    0.020337
  16     0.17024    0.022593
  17     0.18001    0.024834
  18     0.19483    0.028397
  19         0.2    0.029674
  20     0.21014    0.032246
  21        0.22    0.034835
  22     0.23001     0.03756
  23     0.24009    0.040398
  24     0.25002     0.04328
  25      0.2602    0.046333
  26        0.27    0.049369
  27     0.28103    0.052911
  28     0.29005      0.0559
  29     0.30146    0.059784
  30     0.31015    0.062829
  31     0.32567    0.068456
  32     0.33003    0.070064
  33     0.34011    0.073863
  34     0.35009    0.077704
  35     0.36003    0.081626
  36     0.37015     0.08575
  37      0.3807    0.090174
  38     0.39004    0.094194
  39     0.40003    0.098593
  40     0.41002     0.10311
  41     0.42064     0.10805
  42     0.43049     0.11277
  43     0.44033     0.11756
  44     0.45002     0.12241
  45      0.4603     0.12769
  46     0.47019     0.13289
  47     0.48107     0.13876
  48     0.49001     0.14373
  49      0.5054     0.15252
  50     0.51022     0.15533
  51     0.52007     0.16119
  52     0.53021     0.16739
  53     0.54017     0.17366
  54     0.55161     0.18104
  55     0.56143     0.18754
  56     0.57068     0.19377
  57     0.58194     0.20158
  58     0.59001      0.2073
  59     0.60836     0.22066
  60     0.61051     0.22224
  61     0.62055     0.22974
  62     0.63335     0.23953
  63     0.64049     0.24511
  64      0.6505     0.25315
  65     0.66014     0.26111
  66     0.67011     0.26953
  67     0.68122     0.27917
  68     0.69026     0.28719
  69     0.70018     0.29625
  70     0.71003     0.30552
  71     0.72002     0.31513
  72     0.73083     0.32587
  73     0.74007     0.33536
  74     0.75062     0.34653
  75     0.76006     0.35686
  76     0.77411     0.37285
  77     0.78041     0.38022
  78     0.79049     0.39239
  79     0.80003     0.40431
  80        0.81     0.41724
  81     0.82007      0.4308
  82      0.8326     0.44854
  83     0.84006     0.45949
  84     0.85002     0.47475
  85     0.86002     0.49078
  86     0.87069     0.50882
  87     0.88017     0.52569
  88     0.89096     0.54614
  89     0.90021     0.56468
  90     0.91012     0.58594
  91     0.92126     0.61177
  92     0.93008     0.63394
  93     0.94121     0.66468
  94     0.95004     0.69173
  95        0.96     0.72599
  96     0.97034     0.76704
  97        0.98     0.81336
  98        0.99      0.8764
  99           1           1
-----------------------------------------

----------------- PPP$ and local currency --------------
         PPP used in computation: 1.65878
     Data mean in local currency: 572.228
               Data mean in PPP$: 425.406
        Poverty line in PPP$/Day: 1.9
      Poverty line in PPP$/Month: 57.7917
  Poverty line in local currency: 77.7376
-------------------------------------------------------

----------------- Estimation result --------------
     Number of observation: 15964
          Total population: 1.86336E+08
              Total wealth: 6.42802E+10(PPP$)
                   Minimum: 0(PPP$)
                   Maximum: 39788.2(PPP$)
             Headcount(HC): 0.0760266
          Poverty gap (PG): 0.0358942
       Poverty gap squared: 0.0251353
                      Gini: 0.552332
                    Median: 245.329
                       MLD: 0.641493
                      Watt: 0.036415
--------------------------------------------------

-------------------------------- Income or Consumption share by deciles (%) -------------------------------------
    0.90116     2.0662     2.9614     3.9292     5.0855     6.5137     8.1515     10.819     15.998     43.575
-----------------------------------------------------------------------------------------------------------------


