

**********************************************************************************************
**                                   Basic Information                                      **
**********************************************************************************************

----------------- Dataset Information -----------------
                         Country: Brazil
                    Country dode: BRA
                       Data Year: 1990
                        Coverage: National
             Welfare measurement: Income
                     Data format: Unit record
                     Data source: BRA_N1990Y
                  Data time span: UnDefined
-------------------------------------------------------


----------- Distribution ------------
   i           P           L 
-------------------------------------
   0    0.010008  2.9591E-05
   1    0.020023  0.00039199
   2    0.030112  0.00095362
   3    0.040234   0.0016499
   4    0.050127   0.0024323
   5    0.060001   0.0032952
   6    0.070002   0.0042466
   7    0.080217   0.0052991
   8    0.090096   0.0063928
   9     0.10002   0.0075645
  10     0.11003   0.0088141
  11     0.12037    0.010182
  12     0.13001    0.011529
  13      0.1409    0.013127
  14     0.15002    0.014523
  15      0.1601    0.016143
  16     0.17001      0.0178
  17     0.18014    0.019562
  18     0.19351     0.02202
  19     0.20001    0.023254
  20     0.21031    0.025289
  21        0.22    0.027278
  22     0.23006     0.02942
  23     0.24004    0.031624
  24     0.25001    0.033896
  25     0.26001    0.036258
  26     0.27049    0.038818
  27     0.28039    0.041299
  28     0.29004    0.043794
  29     0.30039    0.046557
  30     0.31217    0.049814
  31     0.32001    0.052033
  32     0.33081    0.055187
  33        0.34    0.057941
  34     0.35005    0.061038
  35     0.36388     0.06547
  36        0.37    0.067474
  37     0.38007    0.070856
  38     0.39001    0.074308
  39     0.40009     0.07793
  40     0.41004    0.081609
  41     0.42004    0.085392
  42        0.43    0.089293
  43        0.44    0.093337
  44     0.45001     0.09746
  45     0.46003      0.1017
  46     0.47132     0.10664
  47     0.48003     0.11054
  48     0.49165     0.11591
  49     0.50021     0.11996
  50     0.51007     0.12475
  51        0.52     0.12968
  52        0.53      0.1348
  53     0.54036     0.14027
  54     0.55021     0.14562
  55     0.56001     0.15109
  56     0.57037     0.15705
  57     0.58001     0.16276
  58     0.59016     0.16895
  59     0.60003     0.17513
  60     0.61001     0.18159
  61     0.62001     0.18823
  62     0.63001     0.19509
  63     0.64001     0.20217
  64     0.65045     0.20981
  65        0.66     0.21696
  66     0.67008     0.22479
  67     0.68139     0.23391
  68     0.69007     0.24105
  69     0.70002     0.24952
  70     0.71007     0.25838
  71     0.72003     0.26748
  72     0.73016     0.27703
  73     0.74002     0.28666
  74     0.75018     0.29693
  75     0.76019     0.30744
  76        0.77      0.3182
  77     0.78003     0.32963
  78     0.79129     0.34308
  79     0.80005     0.35395
  80     0.81008     0.36692
  81     0.82001     0.38031
  82     0.83001      0.3945
  83     0.84003     0.40942
  84     0.85255     0.42925
  85     0.86031     0.44214
  86     0.87001     0.45921
  87     0.88004       0.478
  88     0.89001     0.49791
  89     0.90075     0.52088
  90     0.91001     0.54214
  91     0.92001     0.56681
  92     0.93071      0.5958
  93     0.94005     0.62377
  94     0.95002     0.65697
  95     0.96088     0.69842
  96     0.97001     0.73856
  97     0.98001     0.79155
  98        0.99       0.861
  99           1           1
-----------------------------------------

----------------- PPP$ and local currency --------------
         PPP used in computation: 1.65878
     Data mean in local currency: 13547.4
               Data mean in PPP$: 292.439
        Poverty line in PPP$/Day: 1.9
      Poverty line in PPP$/Month: 57.7917
  Poverty line in local currency: 2677.23
-------------------------------------------------------

----------------- Estimation result --------------
     Number of observation: 29847
          Total population: 1.36016E+08
              Total wealth: 1.11086E+12(PPP$)
                   Minimum: 0(PPP$)
                   Maximum: 1.66149E+06(PPP$)
             Headcount(HC): 0.205587
          Poverty gap (PG): 0.0824003
       Poverty gap squared: 0.0464412
                      Gini: 0.604873
                    Median: 140.311
                       MLD: 0.764737
                      Watt: 0.113648
--------------------------------------------------

-------------------------------- Income or Consumption share by deciles (%) -------------------------------------
    0.75623      1.569     2.3201     3.1444     4.1962     5.5255     7.4386     10.439     16.539     48.072
-----------------------------------------------------------------------------------------------------------------


