

**********************************************************************************************
**                                   Basic Information                                      **
**********************************************************************************************

----------------- Dataset Information -----------------
                         Country: Brazil
                    Country dode: BRA
                       Data Year: 2014
                        Coverage: National
             Welfare measurement: Income
                     Data format: Unit record
                     Data source: BRA_N2014Y
                  Data time span: UnDefined
-------------------------------------------------------


----------- Distribution ------------
   i           P           L 
-------------------------------------
   0    0.010191  0.00011227
   1     0.02004  0.00060694
   2    0.030014   0.0013622
   3    0.040125   0.0023684
   4    0.050039   0.0035661
   5    0.060645   0.0050393
   6    0.070031    0.006484
   7    0.080001   0.0081455
   8    0.090011   0.0099284
   9     0.10222    0.012252
  10     0.11001     0.01382
  11     0.12043     0.01602
  12     0.13005    0.018144
  13     0.14309    0.021178
  14     0.15271    0.023498
  15     0.16001    0.025314
  16     0.17001    0.027895
  17     0.18014    0.030618
  18     0.19001    0.033367
  19     0.20062    0.036444
  20     0.21004    0.039263
  21     0.22015    0.042413
  22     0.23245    0.046386
  23        0.24    0.048889
  24     0.25006    0.052326
  25     0.26369    0.057142
  26     0.27017    0.059453
  27     0.28004    0.063056
  28     0.29002    0.066811
  29     0.30183    0.071399
  30        0.31    0.074647
  31     0.32001    0.078724
  32      0.3304    0.083079
  33     0.34004    0.087226
  34     0.35056    0.091879
  35     0.36012    0.096195
  36     0.37017     0.10087
  37     0.38001     0.10553
  38      0.3937      0.1122
  39     0.40017      0.1154
  40     0.41018     0.12047
  41     0.42001     0.12558
  42        0.43      0.1309
  43     0.44058     0.13665
  44     0.45052      0.1422
  45     0.46017     0.14771
  46     0.47001     0.15348
  47        0.48     0.15945
  48     0.49012     0.16565
  49     0.50071     0.17231
  50     0.51035     0.17852
  51     0.52072     0.18531
  52     0.53006     0.19156
  53     0.54003     0.19839
  54     0.56485     0.21592
  55     0.56485     0.21592
  56     0.57025     0.21976
  57     0.58001     0.22682
  58     0.59033     0.23444
  59     0.60001     0.24172
  60     0.61313      0.2519
  61     0.62084     0.25802
  62     0.63153      0.2667
  63      0.6401     0.27375
  64     0.65039     0.28239
  65     0.66001     0.29066
  66     0.67247     0.30167
  67     0.68066     0.30905
  68     0.69027     0.31793
  69     0.70025     0.32741
  70     0.71344     0.34029
  71     0.72007     0.34688
  72     0.73039     0.35743
  73     0.74133     0.36897
  74      0.7502     0.37858
  75     0.76071     0.39028
  76     0.77001     0.40094
  77     0.78046     0.41328
  78     0.79008     0.42499
  79     0.80023     0.43774
  80     0.81054     0.45114
  81     0.82238     0.46711
  82     0.83056     0.47857
  83     0.84307     0.49671
  84     0.85001     0.50712
  85     0.86005      0.5228
  86     0.87004     0.53912
  87      0.8811      0.5581
  88     0.89101     0.57604
  89     0.90183     0.59691
  90     0.91005     0.61364
  91     0.92009     0.63556
  92     0.93028     0.65971
  93        0.94     0.68497
  94     0.95001     0.71373
  95     0.96002     0.74616
  96     0.97013     0.78397
  97     0.98002     0.82857
  98     0.99001     0.88692
  99           1           1
-----------------------------------------

----------------- PPP$ and local currency --------------
         PPP used in computation: 1.65878
     Data mean in local currency: 1123.44
               Data mean in PPP$: 563.573
        Poverty line in PPP$/Day: 1.9
      Poverty line in PPP$/Month: 57.7917
  Poverty line in local currency: 115.204
-------------------------------------------------------

----------------- Estimation result --------------
     Number of observation: 21679
          Total population: 1.98232E+08
              Total wealth: 1.34257E+11(PPP$)
                   Minimum: 0(PPP$)
                   Maximum: 219631(PPP$)
             Headcount(HC): 0.0366326
          Poverty gap (PG): 0.0171873
       Poverty gap squared: 0.0117103
                      Gini: 0.514789
                    Median: 358.678
                       MLD: 0.523909
                      Watt: 0.0164655
--------------------------------------------------

-------------------------------- Income or Consumption share by deciles (%) -------------------------------------
      1.183     2.4432     3.4426     4.4631      5.654     6.9853     8.5456     11.027     15.594     40.662
-----------------------------------------------------------------------------------------------------------------


