

**********************************************************************************************
**                                   Basic Information                                      **
**********************************************************************************************

----------------- Dataset Information -----------------
                         Country: Brazil
                    Country dode: BRA
                       Data Year: 1992
                        Coverage: National
             Welfare measurement: Income
                     Data format: Unit record
                     Data source: BRA_N1992Y
                  Data time span: UnDefined
-------------------------------------------------------


----------- Distribution ------------
   i           P           L 
-------------------------------------
   0    0.011876           0
   1     0.02001  0.00018654
   2     0.03002  0.00066861
   3     0.04012   0.0013423
   4    0.050235   0.0021766
   5    0.060373   0.0031521
   6    0.070047   0.0042039
   7    0.080012   0.0054041
   8    0.090005   0.0067228
   9     0.10028   0.0081945
  10     0.11005   0.0097023
  11      0.1203    0.011391
  12     0.13001    0.013101
  13     0.14005    0.014958
  14     0.15069    0.017041
  15     0.16012    0.018983
  16     0.17003    0.021105
  17     0.18016    0.023397
  18     0.19001    0.025708
  19     0.20042    0.028246
  20     0.21049     0.03081
  21     0.22028    0.033408
  22     0.23012    0.036113
  23      0.2403       0.039
  24     0.25008    0.041874
  25     0.26099    0.045203
  26     0.27003    0.048038
  27     0.28014    0.051303
  28     0.29021    0.054655
  29     0.30008    0.058067
  30        0.31    0.061592
  31     0.32012      0.0653
  32     0.33003    0.069051
  33     0.34086    0.073299
  34     0.35002    0.077002
  35      0.3608    0.081493
  36        0.37    0.085417
  37     0.38047    0.090021
  38     0.39003    0.094346
  39     0.40003    0.098976
  40     0.41021      0.1038
  41     0.42003     0.10857
  42     0.43008     0.11357
  43     0.44004     0.11868
  44     0.45168     0.12482
  45      0.4601     0.12935
  46     0.47001     0.13484
  47     0.48001     0.14051
  48     0.49129     0.14709
  49     0.50016     0.15242
  50     0.51086       0.159
  51     0.52002     0.16479
  52     0.53001     0.17124
  53     0.54002     0.17788
  54        0.55     0.18467
  55     0.56428      0.1947
  56     0.57004     0.19882
  57        0.58     0.20613
  58     0.59001     0.21368
  59     0.60002     0.22145
  60     0.61222     0.23121
  61     0.62004     0.23759
  62     0.63021     0.24608
  63        0.64     0.25448
  64     0.65133      0.2645
  65        0.66     0.27229
  66     0.67037     0.28185
  67     0.68001     0.29091
  68     0.69004     0.30063
  69         0.7     0.31057
  70     0.71003     0.32087
  71     0.72005     0.33149
  72     0.73001     0.34232
  73     0.74001     0.35354
  74     0.75001     0.36511
  75     0.76035     0.37745
  76     0.77002     0.38938
  77     0.78014      0.4023
  78     0.79028     0.41576
  79     0.80003     0.42911
  80     0.81082     0.44449
  81     0.82017     0.45833
  82     0.83006     0.47358
  83        0.84     0.48958
  84     0.85004     0.50641
  85     0.86015     0.52421
  86     0.87001      0.5422
  87     0.88001     0.56144
  88     0.89002     0.58174
  89     0.90001     0.60316
  90     0.91014     0.62615
  91      0.9201     0.65032
  92     0.93037     0.67712
  93     0.94003     0.70425
  94      0.9505     0.73649
  95        0.96     0.76885
  96        0.97     0.80695
  97     0.98002     0.85102
  98     0.99002     0.90572
  99           1           1
-----------------------------------------

----------------- PPP$ and local currency --------------
         PPP used in computation: 1.65878
     Data mean in local currency: 620178
               Data mean in PPP$: 224.375
        Poverty line in PPP$/Day: 1.9
      Poverty line in PPP$/Month: 57.7917
  Poverty line in local currency: 159738
-------------------------------------------------------

----------------- Estimation result --------------
     Number of observation: 25995
          Total population: 1.37388E+08
              Total wealth: 5.13659E+13(PPP$)
                   Minimum: 0(PPP$)
                   Maximum: 5.27194E+07(PPP$)
             Headcount(HC): 0.207602
          Poverty gap (PG): 0.0908792
       Poverty gap squared: 0.0561478
                      Gini: 0.53173
                    Median: 135.973
                       MLD: 0.695944
                      Watt: 0.128376
--------------------------------------------------

-------------------------------- Income or Consumption share by deciles (%) -------------------------------------
    0.81537     1.9989     2.9895     4.0924     5.3364      6.911     8.9132     11.851     17.406     39.687
-----------------------------------------------------------------------------------------------------------------


