

**********************************************************************************************
**                                   Basic Information                                      **
**********************************************************************************************

----------------- Dataset Information -----------------
                         Country: Brazil
                    Country dode: BRA
                       Data Year: 2012
                        Coverage: National
             Welfare measurement: Income
                     Data format: Unit record
                     Data source: BRA_N2012Y
                  Data time span: UnDefined
-------------------------------------------------------


----------- Distribution ------------
   i           P           L 
-------------------------------------
   0    0.011802           0
   1    0.020006  0.00027172
   2    0.030007  0.00084674
   3    0.040009   0.0016949
   4    0.050476   0.0028203
   5    0.060024   0.0040189
   6    0.070013   0.0054254
   7    0.080001   0.0069676
   8    0.090031   0.0086453
   9         0.1    0.010439
  10     0.11066    0.012462
  11      0.1201    0.014361
  12     0.13022    0.016502
  13        0.14    0.018659
  14     0.15039    0.021062
  15     0.16197     0.02385
  16        0.17    0.025839
  17     0.18001    0.028412
  18     0.19001    0.031087
  19     0.20001    0.033864
  20     0.21002    0.036735
  21     0.22004    0.039701
  22     0.23142    0.043208
  23     0.24005    0.045954
  24     0.25129    0.049644
  25     0.26001    0.052583
  26     0.27006    0.056089
  27        0.28    0.059654
  28     0.29011    0.063344
  29     0.30002    0.067032
  30     0.31022     0.07094
  31        0.32    0.074788
  32     0.33111    0.079294
  33     0.34057    0.083244
  34     0.35015    0.087344
  35     0.36009    0.091708
  36     0.37001    0.096168
  37     0.38362      0.1025
  38     0.39019     0.10562
  39      0.4001     0.11042
  40     0.41004     0.11534
  41        0.42      0.1204
  42     0.43113     0.12621
  43     0.44001     0.13095
  44     0.45002      0.1364
  45     0.46032     0.14214
  46     0.47002      0.1477
  47     0.48078     0.15401
  48     0.49061     0.15988
  49     0.50004     0.16566
  50     0.51003     0.17193
  51     0.52007     0.17839
  52      0.5318     0.18613
  53     0.54014     0.19172
  54     0.55002      0.1985
  55     0.56002     0.20554
  56     0.57004     0.21274
  57     0.58814     0.22595
  58     0.59183     0.22865
  59     0.60001     0.23473
  60     0.61004     0.24236
  61     0.62029     0.25034
  62     0.63012     0.25818
  63     0.64019     0.26639
  64     0.65294     0.27704
  65     0.66007      0.2831
  66       0.675      0.2961
  67     0.68004     0.30059
  68     0.69002     0.30965
  69     0.70001     0.31897
  70     0.71011     0.32863
  71     0.72109     0.33944
  72     0.73082     0.34934
  73     0.74001     0.35897
  74     0.75073     0.37046
  75     0.76038      0.3811
  76     0.77001     0.39202
  77     0.78089     0.40477
  78     0.79007     0.41578
  79     0.80018     0.42836
  80     0.81002     0.44103
  81     0.82021     0.45462
  82     0.83067     0.46914
  83     0.84322      0.4873
  84     0.85129     0.49944
  85     0.86017     0.51327
  86        0.87     0.52922
  87      0.8834     0.55231
  88     0.89017     0.56454
  89     0.90044      0.5841
  90     0.91114     0.60594
  91     0.92001     0.62526
  92     0.93004     0.64874
  93     0.94002      0.6743
  94        0.95     0.70265
  95     0.96014     0.73526
  96     0.97001     0.77174
  97        0.98     0.81615
  98     0.99056     0.87835
  99           1           1
-----------------------------------------

----------------- PPP$ and local currency --------------
         PPP used in computation: 1.65878
     Data mean in local currency: 936.977
               Data mean in PPP$: 531.137
        Poverty line in PPP$/Day: 1.9
      Poverty line in PPP$/Month: 57.7917
  Poverty line in local currency: 101.95
-------------------------------------------------------

----------------- Estimation result --------------
     Number of observation: 19833
          Total population: 1.93634E+08
              Total wealth: 1.09376E+11(PPP$)
                   Minimum: 0(PPP$)
                   Maximum: 132627(PPP$)
             Headcount(HC): 0.0459167
          Poverty gap (PG): 0.024761
       Poverty gap squared: 0.0186579
                      Gini: 0.526659
                    Median: 329.732
                       MLD: 0.587362
                      Watt: 0.0195885
--------------------------------------------------

-------------------------------- Income or Consumption share by deciles (%) -------------------------------------
     1.0439     2.3422     3.3166     4.3349     5.5259     6.9093     8.4232     10.918     15.512     41.674
-----------------------------------------------------------------------------------------------------------------


