

**********************************************************************************************
**                                   Basic Information                                      **
**********************************************************************************************

----------------- Dataset Information -----------------
                         Country: Brazil
                    Country dode: BRA
                       Data Year: 1981
                        Coverage: National
             Welfare measurement: Income
                     Data format: Unit record
                     Data source: BRA_N1981Y
                  Data time span: UnDefined
-------------------------------------------------------


----------- Distribution ------------
   i           P           L 
-------------------------------------
   0     0.01359           0
   1     0.02023  0.00020825
   2    0.030022  0.00078969
   3     0.04002   0.0015521
   4    0.050154   0.0024567
   5    0.060009   0.0034435
   6     0.07001   0.0045426
   7    0.080007   0.0057448
   8    0.090303   0.0070763
   9     0.10051   0.0084974
  10     0.11002   0.0099026
  11     0.12057    0.011547
  12     0.13105    0.013272
  13     0.14001    0.014814
  14     0.15131    0.016855
  15     0.16002    0.018496
  16     0.17001    0.020448
  17     0.18008      0.0225
  18     0.19007    0.024618
  19     0.20111     0.02704
  20     0.21001    0.029062
  21     0.22012    0.031443
  22     0.23146    0.034211
  23     0.24008    0.036372
  24     0.25004    0.038945
  25     0.26014    0.041635
  26     0.27042    0.044463
  27     0.28005    0.047203
  28     0.29058    0.050291
  29     0.30353    0.054224
  30        0.31    0.056238
  31     0.32001    0.059431
  32     0.33005    0.062709
  33     0.34092    0.066371
  34     0.35009    0.069555
  35     0.36036    0.073222
  36     0.37077    0.077047
  37     0.38085    0.080862
  38     0.39001     0.08442
  39     0.40013    0.088454
  40        0.41    0.092494
  41     0.42525    0.098939
  42     0.43008     0.10102
  43     0.44155     0.10608
  44        0.45     0.10989
  45      0.4609     0.11494
  46     0.47003     0.11929
  47     0.48322     0.12572
  48     0.49033     0.12925
  49     0.50002      0.1342
  50     0.51693     0.14315
  51        0.52      0.1448
  52     0.53039     0.15051
  53        0.54     0.15594
  54     0.55123     0.16246
  55     0.56001     0.16771
  56     0.57003     0.17383
  57        0.58     0.18007
  58     0.59002      0.1865
  59     0.60028     0.19327
  60     0.61001     0.19989
  61     0.62209     0.20837
  62     0.63059      0.2145
  63     0.64087     0.22211
  64     0.65002     0.22907
  65     0.66002     0.23687
  66     0.67003     0.24491
  67     0.68029     0.25339
  68     0.69001     0.26167
  69     0.70013     0.27058
  70     0.71018      0.2797
  71     0.72162     0.29049
  72     0.73032     0.29894
  73     0.74006     0.30871
  74     0.75609     0.32558
  75     0.76001      0.3298
  76     0.77012     0.34103
  77     0.78003     0.35249
  78     0.79113     0.36591
  79     0.80139     0.37881
  80     0.81213      0.3929
  81     0.82024     0.40396
  82     0.83104     0.41939
  83     0.84006     0.43284
  84     0.85071     0.44958
  85     0.86004     0.46493
  86     0.87001     0.48224
  87     0.88001     0.50065
  88     0.89023      0.5207
  89         0.9      0.5412
  90     0.91066     0.56523
  91        0.92     0.58805
  92     0.93004     0.61456
  93     0.94005     0.64363
  94     0.95023     0.67676
  95        0.96     0.71303
  96        0.97     0.75625
  97     0.98006     0.80857
  98     0.99001      0.8753
  99           1           1
-----------------------------------------

----------------- PPP$ and local currency --------------
         PPP used in computation: 1.65878
     Data mean in local currency: 859.224
               Data mean in PPP$: 224.916
        Poverty line in PPP$/Day: 1.9
      Poverty line in PPP$/Month: 57.7917
  Poverty line in local currency: 220.776
-------------------------------------------------------

----------------- Estimation result --------------
     Number of observation: 29317
          Total population: 1.14485E+08
              Total wealth: 5.93015E+10(PPP$)
                   Minimum: 0(PPP$)
                   Maximum: 47953.5(PPP$)
             Headcount(HC): 0.243238
          Poverty gap (PG): 0.0985421
       Poverty gap squared: 0.0573295
                      Gini: 0.579309
                    Median: 116.409
                       MLD: 0.710997
                      Watt: 0.130171
--------------------------------------------------

-------------------------------- Income or Consumption share by deciles (%) -------------------------------------
    0.84268      1.837     2.6355     3.5249      4.579       5.89      7.737      10.66     16.413     45.881
-----------------------------------------------------------------------------------------------------------------


