

**********************************************************************************************
**                                   Basic Information                                      **
**********************************************************************************************

----------------- Dataset Information -----------------
                         Country: Brazil
                    Country dode: BRA
                       Data Year: 2011
                        Coverage: National
             Welfare measurement: Income
                     Data format: Unit record
                     Data source: BRA_N2011Y
                  Data time span: UnDefined
-------------------------------------------------------


----------- Distribution ------------
   i           P           L 
-------------------------------------
   0    0.012038           0
   1    0.020048  0.00025082
   2    0.030044  0.00075418
   3    0.040007   0.0014882
   4    0.050106   0.0024716
   5    0.060039   0.0036352
   6    0.070001   0.0049691
   7     0.08002   0.0064567
   8    0.090453   0.0081448
   9     0.10002   0.0098014
  10        0.11    0.011627
  11     0.12171    0.013902
  12        0.13    0.015599
  13     0.14006    0.017751
  14     0.15006    0.019989
  15     0.16002    0.022318
  16     0.17006     0.02475
  17        0.18    0.027231
  18     0.19387     0.03087
  19         0.2    0.032535
  20     0.21001    0.035338
  21     0.22002    0.038237
  22     0.23003    0.041247
  23     0.24004    0.044358
  24     0.25001    0.047569
  25      0.2603    0.050983
  26     0.27028    0.054382
  27     0.28025    0.057907
  28     0.29198    0.062165
  29     0.30011    0.065136
  30        0.31    0.068866
  31     0.32008    0.072785
  32        0.33    0.076749
  33      0.3401     0.08088
  34     0.35001    0.085044
  35     0.36016    0.089429
  36     0.37067    0.094093
  37        0.38    0.098339
  38     0.39001     0.10301
  39     0.40129     0.10844
  40     0.41007     0.11272
  41        0.42     0.11769
  42     0.43001     0.12281
  43     0.44472     0.13061
  44     0.45004     0.13348
  45     0.46003     0.13897
  46        0.47     0.14457
  47     0.48018     0.15043
  48     0.49299     0.15804
  49         0.5     0.16228
  50     0.51015     0.16856
  51        0.52     0.17483
  52     0.53145     0.18234
  53     0.54244     0.18965
  54     0.55095     0.19544
  55     0.56002     0.20174
  56        0.57     0.20887
  57     0.58533     0.22001
  58     0.59004     0.22343
  59     0.60019     0.23094
  60      0.6104      0.2387
  61     0.62051     0.24657
  62     0.63007      0.2542
  63     0.64001     0.26229
  64     0.65013     0.27073
  65        0.66     0.27908
  66      0.6701     0.28786
  67     0.68083     0.29742
  68     0.69003     0.30581
  69     0.70035     0.31547
  70     0.71015     0.32489
  71     0.72312     0.33774
  72     0.73001     0.34473
  73     0.74007     0.35517
  74     0.75024     0.36605
  75        0.76     0.37679
  76     0.77062     0.38883
  77     0.78004     0.39987
  78     0.79019     0.41214
  79     0.80009     0.42451
  80     0.81708     0.44684
  81     0.82003     0.45083
  82        0.83     0.46466
  83     0.84134     0.48107
  84     0.85023     0.49447
  85     0.86022     0.51019
  86     0.87023     0.52668
  87     0.88099     0.54532
  88     0.89137     0.56428
  89     0.90259     0.58621
  90     0.91096     0.60362
  91     0.92002      0.6237
  92        0.93     0.64761
  93     0.94005     0.67405
  94     0.95003     0.70318
  95     0.96025     0.73688
  96        0.97     0.77406
  97        0.98     0.82007
  98     0.99002     0.88062
  99           1           1
-----------------------------------------

----------------- PPP$ and local currency --------------
         PPP used in computation: 1.65878
     Data mean in local currency: 824.636
               Data mean in PPP$: 492.146
        Poverty line in PPP$/Day: 1.9
      Poverty line in PPP$/Month: 57.7917
  Poverty line in local currency: 96.8352
-------------------------------------------------------

----------------- Estimation result --------------
     Number of observation: 18448
          Total population: 1.90358E+08
              Total wealth: 9.46332E+10(PPP$)
                   Minimum: 0(PPP$)
                   Maximum: 75356.5(PPP$)
             Headcount(HC): 0.0550048
          Poverty gap (PG): 0.0292642
       Poverty gap squared: 0.0214217
                      Gini: 0.530947
                    Median: 300.118
                       MLD: 0.59854
                      Watt: 0.0263372
--------------------------------------------------

-------------------------------- Income or Consumption share by deciles (%) -------------------------------------
    0.97972     2.2737     3.2563     4.2721     5.4464     6.8521     8.4337     10.926     15.675     41.885
-----------------------------------------------------------------------------------------------------------------


