

**********************************************************************************************
**                                   Basic Information                                      **
**********************************************************************************************

----------------- Dataset Information -----------------
                         Country: Brazil
                    Country dode: BRA
                       Data Year: 2009
                        Coverage: National
             Welfare measurement: Income
                     Data format: Unit record
                     Data source: BRA_N2009Y
                  Data time span: UnDefined
-------------------------------------------------------


----------- Distribution ------------
   i           P           L 
-------------------------------------
   0    0.010151           0
   1    0.020329  0.00034895
   2    0.030004  0.00092019
   3    0.040096   0.0017331
   4    0.050051   0.0027296
   5    0.060016   0.0038823
   6    0.070001   0.0051832
   7    0.080239   0.0066547
   8    0.090005    0.008174
   9     0.10026   0.0098834
  10        0.11    0.011606
  11        0.12    0.013468
  12     0.13012    0.015446
  13        0.14    0.017473
  14     0.15039    0.019709
  15     0.16001    0.021864
  16     0.17007    0.024209
  17     0.18437    0.027697
  18     0.19001    0.029116
  19     0.20001    0.031711
  20     0.21002    0.034401
  21      0.2201     0.03722
  22     0.23026    0.040155
  23     0.24017    0.043117
  24     0.25002    0.046178
  25     0.26001    0.049376
  26     0.27001    0.052682
  27     0.28009    0.056105
  28     0.29001    0.059571
  29     0.30009    0.063212
  30      0.3125    0.067807
  31     0.32001    0.070627
  32     0.33011    0.074517
  33     0.34109    0.078868
  34     0.35003    0.082501
  35     0.36007    0.086713
  36     0.37237    0.092014
  37     0.38011    0.095428
  38     0.39001    0.099886
  39     0.40002     0.10452
  40     0.41188     0.11017
  41     0.42033     0.11428
  42     0.43041     0.11928
  43     0.44004     0.12417
  44     0.45019     0.12945
  45     0.46005     0.13471
  46     0.47002     0.14015
  47     0.48097      0.1463
  48     0.49262       0.153
  49     0.50001     0.15734
  50     0.51002     0.16337
  51        0.52     0.16952
  52     0.53357     0.17813
  53     0.54092     0.18289
  54     0.55044     0.18921
  55     0.56005     0.19571
  56     0.57035     0.20282
  57     0.58164     0.21085
  58     0.59044     0.21725
  59     0.60556     0.22848
  60     0.61014      0.2319
  61     0.62024      0.2396
  62     0.63002     0.24724
  63        0.64     0.25521
  64     0.65006     0.26342
  65     0.66011     0.27187
  66     0.67023     0.28055
  67     0.68002     0.28914
  68     0.69095     0.29904
  69     0.70067     0.30809
  70     0.71008     0.31709
  71     0.72004     0.32684
  72     0.73007     0.33695
  73     0.74029     0.34756
  74     0.75007     0.35801
  75     0.76339     0.37274
  76        0.77     0.38027
  77     0.78003     0.39201
  78     0.79031     0.40441
  79     0.80208     0.41923
  80        0.81     0.42955
  81     0.82014     0.44324
  82     0.83204     0.46002
  83     0.84003     0.47173
  84      0.8502     0.48722
  85     0.86003     0.50286
  86     0.87033     0.52004
  87     0.88037     0.53773
  88     0.89082     0.55727
  89     0.90018     0.57586
  90     0.91043     0.59755
  91     0.92007     0.61942
  92     0.93055     0.64515
  93     0.94004     0.67063
  94     0.95001     0.70029
  95     0.96059      0.7358
  96     0.97005     0.77269
  97     0.98001     0.81946
  98      0.9901     0.88106
  99           1           1
-----------------------------------------

----------------- PPP$ and local currency --------------
         PPP used in computation: 1.65878
     Data mean in local currency: 688.353
               Data mean in PPP$: 461.585
        Poverty line in PPP$/Day: 1.9
      Poverty line in PPP$/Month: 57.7917
  Poverty line in local currency: 86.1837
-------------------------------------------------------

----------------- Estimation result --------------
     Number of observation: 19141
          Total population: 1.89652E+08
              Total wealth: 7.87007E+10(PPP$)
                   Minimum: 0(PPP$)
                   Maximum: 62779(PPP$)
             Headcount(HC): 0.0617515
          Poverty gap (PG): 0.029025
       Poverty gap squared: 0.0201076
                      Gini: 0.538732
                    Median: 274.395
                       MLD: 0.598673
                      Watt: 0.0286967
--------------------------------------------------

-------------------------------- Income or Consumption share by deciles (%) -------------------------------------
    0.98407     2.1867     3.1471     4.1334     5.2824     6.7013     8.3117     10.914     15.889      42.45
-----------------------------------------------------------------------------------------------------------------


