

**********************************************************************************************
**                                   Basic Information                                      **
**********************************************************************************************

----------------- Dataset Information -----------------
                         Country: Brazil
                    Country dode: BRA
                       Data Year: 1993
                        Coverage: National
             Welfare measurement: Income
                     Data format: Unit record
                     Data source: BRA_N1993Y
                  Data time span: UnDefined
-------------------------------------------------------


----------- Distribution ------------
   i           P           L 
-------------------------------------
   0    0.010467           0
   1    0.020048  0.00019936
   2    0.030188  0.00061337
   3    0.040008   0.0011629
   4    0.050034     0.00186
   5    0.060007   0.0026729
   6    0.070351   0.0036345
   7    0.080022   0.0046251
   8    0.090006   0.0057373
   9      0.1003   0.0069785
  10     0.11002   0.0082348
  11     0.12059   0.0096957
  12     0.13005    0.011075
  13     0.14001    0.012612
  14     0.15009    0.014249
  15        0.16    0.015932
  16      0.1703    0.017755
  17        0.18     0.01955
  18     0.19005    0.021495
  19     0.20001    0.023509
  20     0.21009    0.025618
  21     0.22005    0.027785
  22     0.23044    0.030135
  23     0.24066    0.032528
  24      0.2502    0.034836
  25     0.26003    0.037301
  26      0.2701    0.039911
  27     0.28107    0.042855
  28     0.29004    0.045336
  29     0.30086     0.04842
  30        0.31    0.051115
  31     0.32195    0.054763
  32     0.33003    0.057293
  33     0.34022    0.060565
  34     0.35027    0.063893
  35     0.36008    0.067226
  36      0.3764    0.072934
  37     0.38011    0.074249
  38     0.39002     0.07786
  39     0.40018    0.081686
  40        0.41    0.085505
  41     0.42002    0.089502
  42     0.43001     0.09359
  43     0.44088    0.098164
  44     0.45006     0.10211
  45     0.46001     0.10652
  46      0.4703     0.11119
  47     0.48056     0.11598
  48     0.49006     0.12051
  49     0.50073     0.12574
  50     0.51005     0.13044
  51     0.52026      0.1357
  52     0.53002     0.14088
  53      0.5403     0.14646
  54     0.55107     0.15249
  55     0.56003     0.15765
  56     0.57028     0.16371
  57     0.58257     0.17123
  58     0.59002     0.17588
  59     0.60001     0.18227
  60     0.61001     0.18882
  61     0.62173     0.19674
  62     0.63012      0.2025
  63     0.64088     0.21008
  64     0.65024     0.21681
  65     0.66018      0.2242
  66     0.67079     0.23235
  67     0.68002     0.23962
  68     0.69001     0.24771
  69     0.70043     0.25643
  70     0.71009     0.26477
  71     0.72001     0.27359
  72     0.73006     0.28284
  73        0.74     0.29232
  74     0.75004     0.30219
  75     0.76004     0.31241
  76     0.77008     0.32305
  77        0.78     0.33395
  78     0.79001      0.3454
  79     0.80028     0.35766
  80     0.81082      0.3708
  81        0.82     0.38269
  82     0.83002     0.39631
  83     0.84001     0.41054
  84     0.85028     0.42595
  85     0.86002     0.44144
  86     0.87011     0.45842
  87     0.88043     0.47683
  88     0.89001     0.49507
  89      0.9021     0.51991
  90     0.91001     0.53735
  91     0.92002     0.56122
  92     0.93005     0.58742
  93     0.94001     0.61594
  94        0.95     0.64829
  95        0.96     0.68506
  96        0.97     0.72806
  97     0.98012     0.78084
  98     0.99001      0.8491
  99           1           1
-----------------------------------------

----------------- PPP$ and local currency --------------
         PPP used in computation: 1.65878
     Data mean in local currency: 15550
               Data mean in PPP$: 281.292
        Poverty line in PPP$/Day: 1.9
      Poverty line in PPP$/Month: 57.7917
  Poverty line in local currency: 3194.75
-------------------------------------------------------

----------------- Estimation result --------------
     Number of observation: 26161
          Total population: 1.42894E+08
              Total wealth: 1.33954E+12(PPP$)
                   Minimum: 0(PPP$)
                   Maximum: 1.40464E+06(PPP$)
             Headcount(HC): 0.199249
          Poverty gap (PG): 0.085587
       Poverty gap squared: 0.0523215
                      Gini: 0.601188
                    Median: 139.29
                       MLD: 0.786981
                      Watt: 0.122198
--------------------------------------------------

-------------------------------- Income or Consumption share by deciles (%) -------------------------------------
    0.69421     1.6564      2.467     3.3443     4.3768     5.6875     7.3809     10.125     15.827      48.44
-----------------------------------------------------------------------------------------------------------------


