

**********************************************************************************************
**                                   Basic Information                                      **
**********************************************************************************************

----------------- Dataset Information -----------------
                         Country: Brazil
                    Country dode: BRA
                       Data Year: 2006
                        Coverage: National
             Welfare measurement: Income
                     Data format: Unit record
                     Data source: BRA_N2006Y
                  Data time span: UnDefined
-------------------------------------------------------


----------- Distribution ------------
   i           P           L 
-------------------------------------
   0    0.010113  5.3925E-05
   1    0.020061  0.00045325
   2    0.030021   0.0010802
   3    0.040024   0.0018913
   4    0.050476   0.0029125
   5    0.060061   0.0039766
   6    0.070024   0.0052041
   7    0.080497   0.0066224
   8    0.090058    0.008018
   9     0.10001   0.0095663
  10     0.11019    0.011249
  11     0.12342    0.013588
  12     0.13201    0.015178
  13     0.14103    0.016913
  14     0.15448    0.019646
  15     0.16006    0.020819
  16     0.17002    0.022979
  17     0.18002    0.025231
  18     0.19019    0.027621
  19     0.20001    0.029996
  20     0.21007    0.032508
  21     0.22115    0.035374
  22     0.23081    0.037968
  23     0.24122    0.040865
  24     0.25049    0.043519
  25     0.26095    0.046614
  26     0.27304    0.050324
  27     0.28004    0.052524
  28     0.29249    0.056569
  29     0.30012    0.059104
  30     0.31014    0.062531
  31     0.32002    0.066012
  32     0.33152    0.070163
  33     0.34003    0.073296
  34     0.35032    0.077167
  35     0.36112    0.081349
  36     0.37002    0.084897
  37     0.38309    0.090264
  38     0.39068    0.093437
  39     0.40006    0.097464
  40     0.41019     0.10192
  41     0.42002     0.10636
  42     0.43114     0.11153
  43     0.44354     0.11746
  44     0.45031     0.12076
  45     0.46015     0.12565
  46     0.47427      0.1329
  47     0.48006     0.13592
  48     0.49111     0.14185
  49      0.5001      0.1468
  50       0.512     0.15349
  51     0.52026     0.15825
  52     0.53011     0.16407
  53     0.54001     0.17007
  54     0.55102      0.1769
  55     0.56043     0.18289
  56     0.57081     0.18968
  57     0.58017     0.19592
  58     0.59024     0.20283
  59     0.60013      0.2098
  60     0.61715     0.22209
  61     0.62001     0.22417
  62     0.63008     0.23167
  63     0.64307     0.24161
  64     0.65004     0.24709
  65     0.66009     0.25518
  66     0.67318       0.266
  67     0.68019     0.27191
  68     0.69091      0.2812
  69     0.70002     0.28934
  70     0.71065     0.29913
  71     0.72003     0.30798
  72        0.73     0.31768
  73     0.74758     0.33558
  74     0.75004     0.33814
  75     0.76093     0.34981
  76      0.7709     0.36087
  77     0.78036     0.37172
  78     0.79041     0.38374
  79     0.80029       0.396
  80     0.81157     0.41055
  81     0.82003     0.42192
  82        0.83     0.43585
  83     0.84036     0.45097
  84     0.85006      0.4658
  85     0.86028      0.4821
  86     0.87047      0.4992
  87     0.88011     0.51634
  88     0.89001     0.53499
  89     0.90202     0.55926
  90     0.91033     0.57714
  91     0.92041     0.60049
  92     0.93001     0.62466
  93     0.94012      0.6527
  94     0.95001     0.68331
  95     0.96014     0.71897
  96        0.97     0.75921
  97     0.98009     0.80908
  98     0.99003     0.87324
  99           1           1
-----------------------------------------

----------------- PPP$ and local currency --------------
         PPP used in computation: 1.65878
     Data mean in local currency: 532.924
               Data mean in PPP$: 412.615
        Poverty line in PPP$/Day: 1.9
      Poverty line in PPP$/Month: 57.7917
  Poverty line in local currency: 74.6424
-------------------------------------------------------

----------------- Estimation result --------------
     Number of observation: 14734
          Total population: 1.84306E+08
              Total wealth: 5.92129E+10(PPP$)
                   Minimum: 0(PPP$)
                   Maximum: 66313.7(PPP$)
             Headcount(HC): 0.0793647
          Poverty gap (PG): 0.0332203
       Poverty gap squared: 0.0208666
                      Gini: 0.559321
                    Median: 228.887
                       MLD: 0.620321
                      Watt: 0.0399415
--------------------------------------------------

-------------------------------- Income or Consumption share by deciles (%) -------------------------------------
    0.95655     2.0428     2.9072     3.8375     4.9299      6.297     7.9611     10.631     15.955     44.482
-----------------------------------------------------------------------------------------------------------------


