

**********************************************************************************************
**                                   Basic Information                                      **
**********************************************************************************************

----------------- Dataset Information -----------------
                         Country: Brazil
                    Country dode: BRA
                       Data Year: 1987
                        Coverage: National
             Welfare measurement: Income
                     Data format: Unit record
                     Data source: BRA_N1987Y
                  Data time span: UnDefined
-------------------------------------------------------


----------- Distribution ------------
   i           P           L 
-------------------------------------
   0    0.012575           0
   1     0.02018  0.00019892
   2    0.031562  0.00078627
   3    0.040348   0.0013732
   4    0.050013   0.0021223
   5    0.060077   0.0030002
   6    0.070071   0.0039732
   7     0.08013   0.0050389
   8    0.090042   0.0061737
   9     0.10017   0.0074086
  10     0.11003   0.0086882
  11     0.12042    0.010119
  12     0.13272    0.011924
  13     0.14133    0.013245
  14     0.15042    0.014698
  15     0.16001    0.016299
  16     0.17002    0.018049
  17     0.18001    0.019866
  18      0.1912    0.022003
  19     0.20001    0.023748
  20     0.21063     0.02593
  21     0.22032    0.028003
  22     0.23024    0.030204
  23     0.24012    0.032482
  24     0.25006    0.034843
  25     0.26002    0.037288
  26     0.27542    0.041234
  27     0.28001    0.042437
  28     0.29003    0.045136
  29     0.30111    0.048225
  30     0.31003     0.05079
  31     0.32041    0.053868
  32        0.33    0.056783
  33     0.34003     0.05992
  34     0.35065    0.063343
  35     0.36001    0.066441
  36     0.37003    0.069863
  37        0.38    0.073373
  38     0.39003    0.077005
  39     0.40001    0.080734
  40     0.41089    0.084925
  41     0.42003    0.088534
  42     0.43065    0.092848
  43     0.44001    0.096759
  44     0.45001     0.10105
  45     0.46104     0.10592
  46     0.47005     0.11001
  47     0.48173     0.11547
  48     0.49011     0.11948
  49     0.50008     0.12434
  50     0.51001     0.12933
  51     0.52002      0.1345
  52     0.53035     0.13998
  53        0.54     0.14524
  54        0.55     0.15085
  55     0.56003     0.15665
  56     0.57003     0.16259
  57     0.58002     0.16868
  58     0.59002     0.17495
  59     0.60002     0.18142
  60      0.6109     0.18864
  61        0.62     0.19487
  62      0.6302     0.20206
  63     0.64001     0.20916
  64        0.65     0.21662
  65      0.6607     0.22487
  66     0.67001     0.23222
  67     0.68054     0.24082
  68     0.69014     0.24891
  69     0.70001      0.2575
  70     0.71002     0.26646
  71     0.72118     0.27684
  72     0.73001     0.28528
  73        0.74     0.29514
  74     0.75083     0.30624
  75     0.76003     0.31595
  76     0.77002     0.32693
  77     0.78003      0.3384
  78     0.79016     0.35043
  79     0.80001     0.36263
  80     0.81012     0.37573
  81     0.82001     0.38903
  82     0.83039     0.40373
  83     0.84002     0.41806
  84     0.85002     0.43372
  85     0.86013     0.45035
  86     0.87021     0.46788
  87     0.88008     0.48604
  88      0.8901     0.50559
  89     0.90003     0.52623
  90     0.91024     0.54914
  91     0.92008     0.57298
  92     0.93004     0.59936
  93     0.94001     0.62851
  94     0.95003      0.6612
  95      0.9601     0.69858
  96     0.97006     0.74143
  97     0.98007     0.79352
  98     0.99001      0.8609
  99           1           1
-----------------------------------------

----------------- PPP$ and local currency --------------
         PPP used in computation: 1.65878
     Data mean in local currency: 4241.05
               Data mean in PPP$: 306.576
        Poverty line in PPP$/Day: 1.9
      Poverty line in PPP$/Month: 57.7917
  Poverty line in local currency: 799.467
-------------------------------------------------------

----------------- Estimation result --------------
     Number of observation: 26254
          Total population: 1.32999E+08
              Total wealth: 3.40041E+11(PPP$)
                   Minimum: 0(PPP$)
                   Maximum: 301426(PPP$)
             Headcount(HC): 0.181337
          Poverty gap (PG): 0.0746268
       Poverty gap squared: 0.0442725
                      Gini: 0.596928
                    Median: 151.804
                       MLD: 0.742708
                      Watt: 0.093898
--------------------------------------------------

-------------------------------- Income or Consumption share by deciles (%) -------------------------------------
     0.7388     1.6357      2.417     3.2817      4.357     5.7101      7.609     10.513     16.354     47.384
-----------------------------------------------------------------------------------------------------------------


