

**********************************************************************************************
**                                   Basic Information                                      **
**********************************************************************************************

----------------- Dataset Information -----------------
                         Country: Brazil
                    Country dode: BRA
                       Data Year: 1982
                        Coverage: National
             Welfare measurement: Income
                     Data format: Unit record
                     Data source: BRA_N1982Y
                  Data time span: UnDefined
-------------------------------------------------------


----------- Distribution ------------
   i           P           L 
-------------------------------------
   0    0.013099           0
   1    0.020002  0.00025623
   2    0.030059  0.00086543
   3    0.040003   0.0016209
   4    0.050021   0.0025007
   5    0.060714   0.0035576
   6    0.070139   0.0045789
   7    0.080007   0.0057422
   8    0.090156   0.0070237
   9     0.10003   0.0083549
  10      0.1102   0.0098129
  11      0.1214    0.011509
  12     0.13045    0.012951
  13     0.14005    0.014552
  14     0.15227    0.016695
  15     0.16014    0.018129
  16     0.17035    0.020059
  17     0.18017    0.021992
  18        0.19    0.024007
  19     0.20001    0.026122
  20     0.21094    0.028518
  21      0.2209    0.030788
  22     0.23173    0.033346
  23     0.24001    0.035351
  24     0.25007    0.037873
  25     0.26003    0.040448
  26     0.27048    0.043237
  27        0.28    0.045862
  28     0.29002    0.048711
  29     0.30284    0.052491
  30     0.31028    0.054734
  31     0.32045    0.057893
  32     0.33045    0.061094
  33     0.34003    0.064253
  34     0.35091    0.067959
  35     0.36001     0.07115
  36        0.37    0.074739
  37     0.38267    0.079439
  38     0.39001    0.082232
  39     0.40016    0.086182
  40     0.41011    0.090152
  41     0.42068    0.094496
  42     0.43001    0.098406
  43        0.44     0.10271
  44        0.45     0.10713
  45     0.46003     0.11169
  46     0.47105     0.11684
  47     0.48074     0.12147
  48     0.49048     0.12624
  49     0.50001     0.13104
  50     0.51001      0.1362
  51      0.5201     0.14153
  52     0.53003     0.14692
  53        0.54      0.1525
  54     0.55012     0.15831
  55     0.56104     0.16475
  56     0.57005     0.17019
  57     0.58044     0.17665
  58     0.59085      0.1833
  59     0.60011     0.18939
  60     0.61008     0.19612
  61     0.62306     0.20517
  62     0.63001     0.21014
  63     0.64008     0.21751
  64     0.65001     0.22501
  65        0.66     0.23278
  66     0.67017      0.2409
  67     0.68005     0.24903
  68     0.69149     0.25876
  69     0.70082     0.26695
  70     0.71014     0.27539
  71     0.72002     0.28463
  72     0.73084     0.29506
  73     0.74006     0.30429
  74     0.75007     0.31464
  75        0.76     0.32527
  76     0.77044     0.33692
  77     0.78013     0.34818
  78     0.79036     0.36048
  79     0.80005     0.37265
  80     0.81001     0.38565
  81        0.82      0.3993
  82        0.83     0.41357
  83        0.84     0.42861
  84        0.85     0.44431
  85     0.86007     0.46099
  86        0.87     0.47836
  87     0.88004     0.49695
  88     0.89009     0.51678
  89     0.90003     0.53773
  90     0.91037      0.5613
  91     0.92248     0.59145
  92     0.93007     0.61195
  93     0.94011     0.64163
  94     0.95004     0.67444
  95     0.96006      0.7119
  96     0.97045     0.75697
  97     0.98001      0.8064
  98     0.99001     0.87322
  99           1           1
-----------------------------------------

----------------- PPP$ and local currency --------------
         PPP used in computation: 1.65878
     Data mean in local currency: 1772.35
               Data mean in PPP$: 236.848
        Poverty line in PPP$/Day: 1.9
      Poverty line in PPP$/Month: 57.7917
  Poverty line in local currency: 432.46
-------------------------------------------------------

----------------- Estimation result --------------
     Number of observation: 32117
          Total population: 1.17004E+08
              Total wealth: 1.25015E+11(PPP$)
                   Minimum: 0(PPP$)
                   Maximum: 200943(PPP$)
             Headcount(HC): 0.238111
          Poverty gap (PG): 0.0951457
       Poverty gap squared: 0.054632
                      Gini: 0.584171
                    Median: 121.137
                       MLD: 0.726425
                      Watt: 0.121467
--------------------------------------------------

-------------------------------- Income or Consumption share by deciles (%) -------------------------------------
    0.83508     1.7768     2.5535     3.4468     4.4915     5.8277     7.6918     10.636     16.508     46.233
-----------------------------------------------------------------------------------------------------------------


