

**********************************************************************************************
**                                   Basic Information                                      **
**********************************************************************************************

----------------- Dataset Information -----------------
                         Country: Brazil
                    Country dode: BRA
                       Data Year: 2002
                        Coverage: National
             Welfare measurement: Income
                     Data format: Unit record
                     Data source: BRA_N2002Y
                  Data time span: UnDefined
-------------------------------------------------------


----------- Distribution ------------
   i           P           L 
-------------------------------------
   0    0.011183           0
   1    0.020034  0.00024861
   2    0.030087  0.00078603
   3    0.041248   0.0015723
   4     0.05001   0.0023085
   5     0.06177   0.0034477
   6    0.070718   0.0044186
   7     0.08325   0.0059126
   8    0.090003    0.006773
   9     0.10221    0.008444
  10     0.11008   0.0095773
  11     0.12275    0.011515
  12     0.13006    0.012677
  13     0.14003    0.014339
  14     0.15001     0.01609
  15     0.16275    0.018433
  16     0.17004    0.019824
  17     0.18029    0.021857
  18     0.19001    0.023852
  19     0.20218    0.026434
  20     0.21149    0.028497
  21     0.22078    0.030624
  22     0.23018    0.032838
  23     0.24057     0.03538
  24     0.25021    0.037819
  25        0.26    0.040391
  26        0.27    0.043117
  27     0.28023    0.045981
  28     0.29006    0.048814
  29     0.31739    0.057152
  30     0.31739    0.057152
  31     0.32009    0.057991
  32     0.33022    0.061224
  33     0.34198    0.065114
  34       0.351      0.0682
  35     0.36161     0.07193
  36     0.37002    0.074962
  37     0.38009    0.078695
  38     0.39212    0.083284
  39     0.40018    0.086439
  40     0.41572     0.09275
  41     0.42013    0.094584
  42        0.43    0.098749
  43     0.44005     0.10311
  44     0.45018     0.10766
  45     0.46229     0.11324
  46     0.47001     0.11686
  47      0.4808     0.12208
  48     0.49014     0.12671
  49     0.50017     0.13182
  50     0.51083      0.1374
  51     0.52031     0.14251
  52     0.53586     0.15115
  53     0.54009     0.15353
  54     0.55001     0.15928
  55     0.58027     0.17776
  56     0.58027     0.17776
  57     0.58027     0.17776
  58     0.59001     0.18389
  59     0.60028     0.19056
  60     0.61089     0.19767
  61     0.62308     0.20611
  62     0.63005     0.21104
  63     0.64001     0.21823
  64     0.65022     0.22582
  65     0.66219       0.235
  66      0.6715     0.24234
  67     0.68012     0.24936
  68     0.69197      0.2593
  69      0.7001     0.26632
  70     0.71017     0.27532
  71      0.7214     0.28569
  72     0.73002     0.29382
  73     0.74151     0.30514
  74     0.75015     0.31394
  75     0.76354     0.32814
  76     0.77272     0.33831
  77     0.78118     0.34797
  78     0.79003     0.35844
  79     0.80003     0.37073
  80     0.81015     0.38363
  81     0.82016     0.39699
  82     0.83021     0.41103
  83     0.84004     0.42542
  84     0.85003     0.44076
  85     0.86032     0.45736
  86        0.87      0.4739
  87     0.88058     0.49306
  88        0.89     0.51116
  89     0.90007     0.53189
  90     0.91155     0.55747
  91     0.92002      0.5779
  92     0.93073     0.60618
  93     0.94237     0.64057
  94     0.95014       0.666
  95     0.96002      0.7025
  96        0.97     0.74563
  97     0.98001     0.79818
  98     0.99013     0.86771
  99           1           1
-----------------------------------------

----------------- PPP$ and local currency --------------
         PPP used in computation: 1.65878
     Data mean in local currency: 357.285
               Data mean in PPP$: 373.711
        Poverty line in PPP$/Day: 1.9
      Poverty line in PPP$/Month: 57.7917
  Poverty line in local currency: 55.2515
-------------------------------------------------------

----------------- Estimation result --------------
     Number of observation: 13040
          Total population: 1.71682E+08
              Total wealth: 3.69786E+10(PPP$)
                   Minimum: 0(PPP$)
                   Maximum: 102123(PPP$)
             Headcount(HC): 0.123109
          Poverty gap (PG): 0.0482873
       Poverty gap squared: 0.0301472
                      Gini: 0.586198
                    Median: 191.762
                       MLD: 0.703684
                      Watt: 0.0562572
--------------------------------------------------

-------------------------------- Income or Consumption share by deciles (%) -------------------------------------
    0.81412     1.7831     2.5875     3.4523     4.5368     5.8642     7.5846     10.447     16.105     46.826
-----------------------------------------------------------------------------------------------------------------


