

**********************************************************************************************
**                                   Basic Information                                      **
**********************************************************************************************

----------------- Dataset Information -----------------
                         Country: Brazil
                    Country dode: BRA
                       Data Year: 2003
                        Coverage: National
             Welfare measurement: Income
                     Data format: Unit record
                     Data source: BRA_N2003Y
                  Data time span: UnDefined
-------------------------------------------------------


----------- Distribution ------------
   i           P           L 
-------------------------------------
   0    0.012389           0
   1    0.020023  0.00016175
   2    0.030117   0.0006427
   3     0.04024   0.0013147
   4    0.050032   0.0021103
   5    0.060014   0.0030555
   6    0.072021   0.0043442
   7    0.080076   0.0052862
   8    0.090089   0.0065445
   9     0.10348   0.0083668
  10        0.11   0.0093082
  11     0.12009    0.010843
  12     0.13011    0.012449
  13     0.14004    0.014121
  14     0.15008    0.015881
  15     0.16005    0.017726
  16     0.17003    0.019651
  17     0.18007    0.021675
  18     0.19002    0.023755
  19     0.20004    0.025936
  20        0.21     0.02817
  21     0.22003    0.030493
  22     0.23088    0.033109
  23     0.24293    0.036141
  24     0.25003    0.037976
  25     0.26008    0.040663
  26     0.27331     0.04434
  27     0.28014    0.046291
  28     0.29003    0.049204
  29      0.3011    0.052581
  30     0.31036    0.055491
  31        0.32    0.058612
  32     0.33458    0.063495
  33     0.34034     0.06545
  34      0.3505     0.06899
  35     0.36075    0.072664
  36     0.37003    0.076101
  37     0.38012    0.079936
  38     0.39002    0.083784
  39     0.40268    0.088873
  40     0.41049    0.092097
  41     0.42009    0.096139
  42     0.43009     0.10046
  43     0.44179     0.10568
  44     0.45091     0.10985
  45     0.46001      0.1141
  46     0.47001     0.11889
  47     0.48005     0.12384
  48     0.49071     0.12924
  49     0.50055     0.13434
  50     0.51018     0.13947
  51     0.52826     0.14951
  52     0.53006     0.15052
  53     0.54029     0.15641
  54      0.5505     0.16248
  55     0.56197     0.16948
  56     0.57055     0.17486
  57     0.58002     0.18094
  58     0.60102     0.19494
  59     0.60102     0.19494
  60      0.6101     0.20115
  61     0.62018     0.20819
  62      0.6312      0.2161
  63     0.64003     0.22264
  64     0.65151     0.23138
  65        0.66     0.23799
  66        0.67     0.24601
  67     0.68327     0.25706
  68     0.69031     0.26307
  69     0.70184     0.27326
  70     0.71036     0.28103
  71     0.72042     0.29047
  72     0.73001     0.29978
  73     0.74069     0.31053
  74     0.75059     0.32081
  75     0.76044     0.33137
  76     0.77046     0.34252
  77     0.78007     0.35357
  78     0.79035     0.36584
  79         0.8     0.37786
  80        0.81     0.39076
  81     0.82011     0.40438
  82      0.8301     0.41838
  83     0.84002     0.43292
  84        0.85     0.44833
  85     0.86245     0.46874
  86      0.8702     0.48212
  87     0.88006      0.5001
  88     0.89005      0.5194
  89     0.90002     0.54005
  90     0.91004     0.56223
  91     0.92002      0.5861
  92     0.93004     0.61227
  93     0.94001     0.64079
  94     0.95001     0.67287
  95     0.96002     0.70924
  96     0.97001     0.75132
  97        0.98     0.80246
  98        0.99     0.86991
  99           1           1
-----------------------------------------

----------------- PPP$ and local currency --------------
         PPP used in computation: 1.65878
     Data mean in local currency: 392.943
               Data mean in PPP$: 356.955
        Poverty line in PPP$/Day: 1.9
      Poverty line in PPP$/Month: 57.7917
  Poverty line in local currency: 63.6183
-------------------------------------------------------

----------------- Estimation result --------------
     Number of observation: 13725
          Total population: 1.74073E+08
              Total wealth: 4.12356E+10(PPP$)
                   Minimum: 0(PPP$)
                   Maximum: 27341.5(PPP$)
             Headcount(HC): 0.127093
          Poverty gap (PG): 0.0532474
       Poverty gap squared: 0.033878
                      Gini: 0.580078
                    Median: 187.36
                       MLD: 0.702017
                      Watt: 0.0640862
--------------------------------------------------

-------------------------------- Income or Consumption share by deciles (%) -------------------------------------
    0.78935     1.8034     2.6318     3.5552     4.6255     6.0213     7.7367     10.623     16.215     45.999
-----------------------------------------------------------------------------------------------------------------


