

**********************************************************************************************
**                                   Basic Information                                      **
**********************************************************************************************

----------------- Dataset Information -----------------
                         Country: Brazil
                    Country dode: BRA
                       Data Year: 1984
                        Coverage: National
             Welfare measurement: Income
                     Data format: Unit record
                     Data source: BRA_N1984Y
                  Data time span: UnDefined
-------------------------------------------------------


----------- Distribution ------------
   i           P           L 
-------------------------------------
   0    0.013226           0
   1    0.020122  0.00022674
   2    0.030012   0.0008419
   3    0.040141   0.0016579
   4    0.050021    0.002586
   5     0.06029   0.0036732
   6     0.07002   0.0048063
   7    0.081345   0.0062401
   8    0.090124   0.0074284
   9     0.10107   0.0090022
  10     0.11139    0.010571
  11     0.12077    0.012071
  12     0.13153    0.013882
  13     0.14218    0.015751
  14     0.15035    0.017246
  15      0.1601    0.019104
  16     0.17001    0.021059
  17     0.18013    0.023128
  18     0.19045    0.025308
  19      0.2002    0.027431
  20     0.21051    0.029757
  21      0.2205    0.032082
  22     0.23001    0.034365
  23     0.24001    0.036845
  24     0.25004    0.039402
  25     0.26002    0.042022
  26     0.27012    0.044756
  27     0.28001    0.047517
  28     0.29062    0.050567
  29         0.3    0.053334
  30     0.31015    0.056419
  31     0.32002    0.059496
  32     0.33005    0.062714
  33     0.34001    0.066007
  34        0.35    0.069404
  35     0.36001    0.072899
  36        0.37     0.07649
  37     0.38001    0.080179
  38     0.39053     0.08417
  39     0.40176    0.088545
  40     0.41001    0.091831
  41     0.42001    0.095907
  42        0.43     0.10007
  43     0.44001     0.10434
  44        0.45      0.1087
  45        0.46     0.11318
  46     0.47122     0.11835
  47     0.48042     0.12269
  48     0.49275     0.12869
  49     0.50004     0.13231
  50        0.51      0.1374
  51     0.52001     0.14263
  52        0.53     0.14801
  53     0.54001     0.15353
  54        0.55      0.1592
  55     0.56035     0.16523
  56     0.57002     0.17101
  57        0.58     0.17714
  58     0.59001     0.18345
  59         0.6     0.18991
  60     0.61008     0.19662
  61     0.62001     0.20341
  62        0.63     0.21044
  63      0.6404     0.21799
  64     0.65002     0.22518
  65     0.66016     0.23298
  66        0.67     0.24075
  67     0.68005     0.24896
  68     0.69265     0.25962
  69      0.7001     0.26607
  70     0.71003     0.27492
  71     0.72034     0.28446
  72        0.73     0.29372
  73     0.74002     0.30363
  74     0.75006     0.31392
  75     0.76002     0.32449
  76     0.77004     0.33547
  77     0.78112     0.34815
  78     0.79002     0.35869
  79         0.8     0.37104
  80     0.81001      0.3839
  81     0.82002     0.39737
  82     0.83002     0.41145
  83     0.84001     0.42629
  84     0.85001     0.44188
  85        0.86     0.45836
  86     0.87001      0.4757
  87        0.88     0.49409
  88     0.89001     0.51369
  89     0.90001     0.53473
  90     0.91001     0.55739
  91     0.92002      0.5821
  92        0.93     0.60893
  93     0.94001     0.63868
  94        0.95      0.6719
  95     0.96001     0.70961
  96        0.97     0.75333
  97        0.98     0.80605
  98        0.99      0.8737
  99           1           1
-----------------------------------------

----------------- PPP$ and local currency --------------
         PPP used in computation: 1.65878
     Data mean in local currency: 10736.6
               Data mean in PPP$: 194.221
        Poverty line in PPP$/Day: 1.9
      Poverty line in PPP$/Month: 57.7917
  Poverty line in local currency: 3194.75
-------------------------------------------------------

----------------- Estimation result --------------
     Number of observation: 46391
          Total population: 1.22626E+08
              Total wealth: 7.93706E+11(PPP$)
                   Minimum: 0(PPP$)
                   Maximum: 718370(PPP$)
             Headcount(HC): 0.299031
          Poverty gap (PG): 0.120762
       Poverty gap squared: 0.0687004
                      Gini: 0.58376
                    Median: 97.8305
                       MLD: 0.745864
                      Watt: 0.162215
--------------------------------------------------

-------------------------------- Income or Consumption share by deciles (%) -------------------------------------
    0.88478     1.8539     2.5947     3.4524     4.4436     5.7617     7.6074     10.505     16.367      46.53
-----------------------------------------------------------------------------------------------------------------


