

**********************************************************************************************
**                                   Basic Information                                      **
**********************************************************************************************

----------------- Dataset Information -----------------
                         Country: Brazil
                    Country dode: BRA
                       Data Year: 2013
                        Coverage: National
             Welfare measurement: Income
                     Data format: Unit record
                     Data source: BRA_N2013Y
                  Data time span: UnDefined
-------------------------------------------------------


----------- Distribution ------------
   i           P           L 
-------------------------------------
   0    0.014407           0
   1     0.02004  0.00015633
   2        0.03  0.00064271
   3    0.040009   0.0013722
   4    0.050209   0.0023449
   5    0.060019   0.0034883
   6    0.070014   0.0048243
   7    0.080011   0.0063149
   8    0.090017    0.007945
   9     0.10008   0.0097112
  10     0.11001    0.011552
  11     0.12001    0.013514
  12     0.13064    0.015727
  13     0.14003     0.01776
  14     0.15018    0.020068
  15        0.16    0.022406
  16        0.17    0.024852
  17     0.18006    0.027409
  18     0.19001    0.030047
  19     0.20004     0.03281
  20     0.21053    0.035809
  21     0.22022    0.038668
  22     0.23016    0.041716
  23     0.24105    0.045176
  24     0.25001    0.048092
  25     0.26001    0.051447
  26     0.27059    0.055136
  27     0.28357    0.059783
  28     0.29001    0.062115
  29     0.30003    0.065836
  30     0.31004    0.069672
  31     0.32015    0.073647
  32        0.33     0.07763
  33     0.34001    0.081788
  34     0.35048    0.086238
  35     0.36016    0.090469
  36     0.37001    0.094885
  37        0.38    0.099495
  38     0.39269     0.10554
  39         0.4     0.10906
  40     0.41004       0.114
  41     0.42012      0.1191
  42     0.43885     0.12894
  43     0.44002     0.12956
  44        0.45     0.13496
  45     0.46004     0.14052
  46     0.47283     0.14783
  47     0.48008     0.15207
  48      0.4902     0.15811
  49         0.5     0.16411
  50     0.51213     0.17178
  51     0.52005     0.17688
  52     0.53073     0.18389
  53        0.54      0.1901
  54     0.55006     0.19701
  55     0.56007     0.20407
  56     0.58051     0.21873
  57     0.58051     0.21873
  58     0.59003     0.22564
  59     0.60068     0.23355
  60     0.61258     0.24263
  61     0.62001     0.24841
  62     0.63084     0.25702
  63     0.64007     0.26452
  64     0.65017     0.27288
  65     0.66002     0.28121
  66     0.67001     0.28987
  67     0.68002     0.29875
  68     0.69001     0.30784
  69     0.70387      0.3209
  70     0.71008     0.32687
  71     0.72007     0.33668
  72     0.73021     0.34692
  73     0.74775     0.36535
  74        0.75     0.36775
  75     0.76001     0.37867
  76     0.77001     0.38996
  77        0.78      0.4016
  78      0.7903     0.41399
  79     0.80267     0.42946
  80     0.81001     0.43895
  81        0.82     0.45227
  82     0.83008     0.46626
  83     0.84056     0.48131
  84     0.85001     0.49543
  85      0.8616     0.51361
  86     0.87009     0.52748
  87     0.88131     0.54681
  88     0.89017     0.56292
  89     0.90013      0.5821
  90     0.91194     0.60657
  91     0.92038     0.62523
  92     0.93004     0.64835
  93     0.94026     0.67522
  94     0.95004     0.70373
  95     0.96001     0.73642
  96     0.97002     0.77449
  97        0.98     0.82053
  98     0.99052     0.88526
  99           1           1
-----------------------------------------

----------------- PPP$ and local currency --------------
         PPP used in computation: 1.65878
     Data mean in local currency: 1038.5
               Data mean in PPP$: 556.105
        Poverty line in PPP$/Day: 1.9
      Poverty line in PPP$/Month: 57.7917
  Poverty line in local currency: 107.923
-------------------------------------------------------

----------------- Estimation result --------------
     Number of observation: 19977
          Total population: 1.94434E+08
              Total wealth: 1.21728E+11(PPP$)
                   Minimum: 0(PPP$)
                   Maximum: 53051(PPP$)
             Headcount(HC): 0.048723
          Poverty gap (PG): 0.0276664
       Poverty gap squared: 0.0213577
                      Gini: 0.528739
                    Median: 346.105
                       MLD: 0.611884
                      Watt: 0.0199711
--------------------------------------------------

-------------------------------- Income or Consumption share by deciles (%) -------------------------------------
    0.96975     2.3101     3.3027     4.3232     5.5056     6.8923     8.4213     10.887     15.573     41.815
-----------------------------------------------------------------------------------------------------------------


