

**********************************************************************************************
**                                   Basic Information                                      **
**********************************************************************************************

----------------- Dataset Information -----------------
                         Country: Brazil
                    Country dode: BRA
                       Data Year: 2004
                        Coverage: National
             Welfare measurement: Income
                     Data format: Unit record
                     Data source: BRA_N2004Y
                  Data time span: UnDefined
-------------------------------------------------------


----------- Distribution ------------
   i           P           L 
-------------------------------------
   0    0.010007  1.1871E-06
   1    0.020012  0.00030039
   2    0.030036   0.0008652
   3    0.040026   0.0016243
   4    0.050251    0.002568
   5    0.060067   0.0036042
   6    0.070004   0.0047637
   7    0.080023   0.0060329
   8    0.090307   0.0074378
   9     0.10002   0.0088669
  10     0.11001    0.010419
  11     0.12161    0.012333
  12     0.13024    0.013823
  13     0.14008    0.015592
  14     0.15195    0.017848
  15     0.16001    0.019449
  16     0.17001    0.021503
  17     0.18003    0.023646
  18     0.19002     0.02587
  19     0.20005     0.02818
  20     0.21005    0.030557
  21     0.22016    0.033055
  22     0.23165     0.03601
  23     0.24017    0.038256
  24     0.25003    0.040933
  25     0.26007    0.043758
  26        0.27    0.046656
  27     0.28246    0.050414
  28     0.29005    0.052763
  29     0.30242    0.056706
  30     0.31001      0.0592
  31     0.32041    0.062692
  32     0.33019    0.066043
  33     0.34029    0.069598
  34     0.35001    0.073106
  35     0.36005    0.076843
  36     0.37266    0.081696
  37     0.38003    0.084596
  38     0.39004    0.088634
  39     0.40004    0.092772
  40     0.41199     0.09786
  41     0.42005     0.10138
  42     0.43227     0.10687
  43      0.4424     0.11153
  44     0.45016     0.11519
  45     0.46001     0.11992
  46     0.47001     0.12486
  47     0.48775     0.13397
  48     0.49027     0.13528
  49     0.50004     0.14048
  50     0.51006     0.14596
  51     0.52083     0.15203
  52     0.53279     0.15899
  53     0.54034     0.16348
  54     0.55067     0.16977
  55     0.56027     0.17575
  56     0.57228     0.18347
  57     0.58019     0.18866
  58     0.59354     0.19763
  59     0.60007     0.20208
  60     0.61257     0.21081
  61     0.62002     0.21612
  62     0.63039     0.22371
  63     0.64001     0.23099
  64     0.65056     0.23916
  65     0.66059     0.24709
  66      0.6712     0.25577
  67      0.6809     0.26394
  68     0.69122      0.2729
  69     0.70201     0.28257
  70        0.71     0.28993
  71     0.72034     0.29974
  72     0.73016     0.30934
  73     0.74009     0.31937
  74     0.75003     0.32969
  75     0.76007     0.34047
  76     0.77106     0.35276
  77     0.78109     0.36442
  78     0.79039      0.3756
  79         0.8     0.38761
  80     0.81001     0.40057
  81     0.82009     0.41412
  82     0.83001     0.42805
  83     0.84001     0.44277
  84     0.85002     0.45826
  85     0.86002     0.47451
  86     0.87088     0.49318
  87     0.88004     0.50979
  88        0.89     0.52896
  89     0.90019     0.54982
  90     0.91015      0.5717
  91     0.92004     0.59515
  92     0.93006      0.6209
  93     0.94002     0.64884
  94     0.95004     0.68025
  95     0.96002      0.7157
  96     0.97001     0.75685
  97     0.98004     0.80659
  98     0.99043     0.87445
  99           1           1
-----------------------------------------

----------------- PPP$ and local currency --------------
         PPP used in computation: 1.65878
     Data mean in local currency: 425.203
               Data mean in PPP$: 361.993
        Poverty line in PPP$/Day: 1.9
      Poverty line in PPP$/Month: 57.7917
  Poverty line in local currency: 67.8832
-------------------------------------------------------

----------------- Estimation result --------------
     Number of observation: 15529
          Total population: 1.79786E+08
              Total wealth: 4.60854E+10(PPP$)
                   Minimum: 0(PPP$)
                   Maximum: 36924.7(PPP$)
             Headcount(HC): 0.110354
          Poverty gap (PG): 0.0447437
       Poverty gap squared: 0.028014
                      Gini: 0.568834
                    Median: 195.211
                       MLD: 0.65728
                      Watt: 0.0544537
--------------------------------------------------

-------------------------------- Income or Consumption share by deciles (%) -------------------------------------
    0.88646     1.9305     2.7767     3.6818     4.7701     6.1576      7.874     10.684     16.182     45.058
-----------------------------------------------------------------------------------------------------------------


