

**********************************************************************************************
**                                   Basic Information                                      **
**********************************************************************************************

----------------- Dataset Information -----------------
                         Country: Bhutan
                    Country dode: BTN
                       Data Year: 2012
                        Coverage: National
             Welfare measurement: Consumption
                     Data format: Unit record
                     Data source: BTN_N2012X
                  Data time span: UnDefined
-------------------------------------------------------


----------- Distribution ------------
   i           P           L 
-------------------------------------
   0    0.010203   0.0016772
   1    0.020066   0.0037569
   2    0.030102   0.0061972
   3    0.040245   0.0088549
   4    0.050201    0.011617
   5     0.06004    0.014491
   6    0.070001    0.017556
   7    0.080188    0.020815
   8    0.090079    0.024085
   9     0.10002    0.027488
  10     0.11007    0.031058
  11     0.12006    0.034708
  12     0.13031    0.038543
  13     0.14001    0.042284
  14     0.15013    0.046291
  15     0.16005    0.050298
  16     0.17004     0.05441
  17     0.18009    0.058632
  18     0.19018    0.062973
  19     0.20007    0.067328
  20     0.21003    0.071808
  21     0.22007    0.076407
  22     0.23023    0.081162
  23     0.24009    0.085882
  24     0.25015    0.090799
  25      0.2601     0.09574
  26     0.27008     0.10079
  27     0.28026     0.10604
  28     0.29001     0.11115
  29     0.30001     0.11648
  30     0.31004     0.12194
  31      0.3201     0.12749
  32     0.33001     0.13306
  33     0.34016     0.13885
  34     0.35002     0.14457
  35     0.36011     0.15051
  36     0.37005     0.15648
  37     0.38001     0.16255
  38     0.39011     0.16881
  39     0.40002     0.17505
  40     0.41003      0.1815
  41     0.42004     0.18805
  42     0.43003     0.19469
  43     0.44011     0.20149
  44     0.45009     0.20835
  45     0.46011     0.21534
  46     0.47002     0.22236
  47     0.48001     0.22955
  48     0.49005     0.23687
  49     0.50007     0.24427
  50     0.51016     0.25184
  51     0.52009     0.25942
  52     0.53008     0.26716
  53     0.54007     0.27505
  54        0.55     0.28302
  55     0.56007     0.29124
  56     0.57001     0.29952
  57     0.58018     0.30814
  58     0.59012     0.31673
  59     0.60002     0.32542
  60     0.61011     0.33443
  61     0.62004     0.34346
  62     0.63001     0.35269
  63     0.64006     0.36216
  64     0.65007     0.37175
  65     0.66007      0.3815
  66     0.67002     0.39138
  67     0.68003     0.40152
  68     0.69002     0.41183
  69     0.70009     0.42239
  70     0.71019     0.43318
  71     0.72003     0.44388
  72     0.73007     0.45498
  73     0.74004     0.46622
  74     0.75004     0.47771
  75     0.76009     0.48952
  76     0.77002     0.50147
  77     0.78003     0.51383
  78     0.79002     0.52648
  79     0.80003     0.53952
  80     0.81009     0.55291
  81     0.82007     0.56652
  82     0.83016     0.58064
  83     0.84003     0.59486
  84     0.85003     0.60972
  85      0.8601     0.62519
  86     0.87005     0.64104
  87     0.88004     0.65755
  88     0.89004     0.67475
  89     0.90008     0.69276
  90     0.91002     0.71133
  91     0.92009     0.73104
  92     0.93002     0.75161
  93     0.94008     0.77398
  94     0.95011     0.79809
  95     0.96003     0.82421
  96     0.97003     0.85338
  97     0.98006     0.88689
  98     0.99004     0.92758
  99           1           1
-----------------------------------------

----------------- PPP$ and local currency --------------
         PPP used in computation: 16.9629
     Data mean in local currency: 4624.25
               Data mean in PPP$: 245.772
        Poverty line in PPP$/Day: 1.9
      Poverty line in PPP$/Month: 57.7917
  Poverty line in local currency: 1087.36
-------------------------------------------------------

----------------- Estimation result --------------
     Number of observation: 8964
          Total population: 586359
              Total wealth: 1.59847E+08(PPP$)
                   Minimum: 9.75412(PPP$)
                   Maximum: 10756.2(PPP$)
             Headcount(HC): 0.0217013
          Poverty gap (PG): 0.00412407
       Poverty gap squared: 0.00114088
                      Gini: 0.388093
                    Median: 183.132
                       MLD: 0.24946
                      Watt: 0.00490342
--------------------------------------------------

-------------------------------- Income or Consumption share by deciles (%) -------------------------------------
     2.7482     3.9815      4.918     5.8567     6.9173     8.1188     9.6892     11.718     15.315     30.738
-----------------------------------------------------------------------------------------------------------------


