

**********************************************************************************************
**                                   Basic Information                                      **
**********************************************************************************************

----------------- Dataset Information -----------------
                         Country: Bhutan
                    Country dode: BTN
                       Data Year: 2003
                        Coverage: National
             Welfare measurement: Consumption
                     Data format: Unit record
                     Data source: BTN_N2003X
                  Data time span: UnDefined
-------------------------------------------------------


----------- Distribution ------------
   i           P           L 
-------------------------------------
   0    0.010012   0.0014719
   1    0.020326   0.0032604
   2    0.030832   0.0052433
   3    0.040496   0.0072259
   4    0.050384     0.00936
   5    0.061066    0.011776
   6    0.070175    0.013947
   7    0.080029     0.01645
   8    0.090369     0.01916
   9     0.10096    0.022037
  10     0.11034    0.024667
  11     0.12007    0.027487
  12      0.1303    0.030549
  13     0.14039     0.03363
  14     0.15036    0.036764
  15     0.16016    0.039926
  16     0.17014    0.043242
  17     0.18066    0.046806
  18     0.19055    0.050201
  19     0.20023    0.053586
  20     0.21004    0.057084
  21     0.22032    0.060827
  22     0.23025     0.06453
  23      0.2408    0.068549
  24     0.25017     0.07222
  25     0.26001    0.076147
  26     0.27034    0.080357
  27      0.2803    0.084499
  28     0.29001    0.088611
  29     0.30042    0.093084
  30     0.31026    0.097379
  31     0.32004     0.10174
  32     0.33028     0.10641
  33      0.3403      0.1111
  34     0.35011      0.1158
  35     0.36018     0.12074
  36     0.37051     0.12591
  37     0.38002     0.13077
  38     0.39034     0.13612
  39     0.40036     0.14142
  40     0.41039     0.14683
  41     0.42007     0.15214
  42      0.4302     0.15777
  43      0.4408     0.16377
  44     0.45004     0.16906
  45     0.46035     0.17508
  46      0.4703       0.181
  47     0.48011     0.18697
  48     0.49022     0.19324
  49     0.50038     0.19967
  50     0.51007     0.20593
  51     0.52031     0.21268
  52     0.53015     0.21927
  53     0.54021     0.22612
  54     0.55022     0.23307
  55     0.56001     0.23998
  56     0.57053     0.24755
  57     0.58019     0.25467
  58     0.59026     0.26228
  59     0.60032     0.27002
  60     0.61047     0.27803
  61     0.62065     0.28622
  62     0.63001     0.29396
  63     0.64022     0.30259
  64     0.65004     0.31104
  65     0.66038      0.3202
  66     0.67057     0.32944
  67     0.68049     0.33863
  68     0.69009     0.34772
  69     0.70044     0.35779
  70     0.71007     0.36747
  71     0.72004     0.37772
  72     0.73034     0.38857
  73     0.74015     0.39913
  74     0.75028      0.4103
  75     0.76022     0.42153
  76     0.77006     0.43296
  77     0.78003     0.44492
  78     0.79002     0.45725
  79     0.80002     0.46996
  80     0.81027     0.48345
  81      0.8201      0.4968
  82      0.8306     0.51153
  83     0.84012     0.52543
  84     0.85007     0.54033
  85     0.86002     0.55586
  86     0.87015     0.57233
  87     0.88003     0.58894
  88     0.89007     0.60662
  89     0.90001     0.62516
  90     0.91019     0.64528
  91     0.92062     0.66713
  92     0.93009     0.68837
  93     0.94001     0.71208
  94     0.95013     0.73898
  95      0.9601     0.76896
  96     0.97043     0.80587
  97     0.98007     0.84707
  98     0.99002     0.90075
  99           1           1
-----------------------------------------

----------------- PPP$ and local currency --------------
         PPP used in computation: 16.9629
     Data mean in local currency: 1602.74
               Data mean in PPP$: 118.505
        Poverty line in PPP$/Day: 1.9
      Poverty line in PPP$/Month: 57.7917
  Poverty line in local currency: 781.617
-------------------------------------------------------

----------------- Estimation result --------------
     Number of observation: 3991
          Total population: 546099
              Total wealth: 5.15982E+07(PPP$)
                   Minimum: 11.7698(PPP$)
                   Maximum: 3348.81(PPP$)
             Headcount(HC): 0.352207
          Poverty gap (PG): 0.112664
       Poverty gap squared: 0.047871
                      Gini: 0.467809
                    Median: 75.6228
                       MLD: 0.36569
                      Watt: 0.1504
--------------------------------------------------

-------------------------------- Income or Consumption share by deciles (%) -------------------------------------
     2.1775      3.173     3.9396     4.8326       5.82     7.0345     8.7595     11.256      15.52     37.487
-----------------------------------------------------------------------------------------------------------------


