

**********************************************************************************************
**                                   Basic Information                                      **
**********************************************************************************************

----------------- Dataset Information -----------------
                         Country: Botswana
                    Country dode: BWA
                       Data Year: 2002
                        Coverage: National
             Welfare measurement: Consumption
                     Data format: Unit record
                     Data source: BWA_N2002X
                  Data time span: UnDefined
-------------------------------------------------------


----------- Distribution ------------
   i           P           L 
-------------------------------------
   0    0.010176  0.00032266
   1    0.020927  0.00087751
   2    0.030439   0.0014777
   3    0.040269   0.0022087
   4    0.050108   0.0030334
   5    0.060066   0.0039287
   6    0.070494   0.0049593
   7    0.080072   0.0059695
   8    0.090415   0.0071215
   9     0.10007    0.008247
  10     0.11013   0.0094836
  11     0.12045    0.010802
  12     0.13001    0.012078
  13     0.14027    0.013485
  14     0.15007    0.014884
  15     0.16061    0.016454
  16     0.17016    0.017908
  17     0.18032    0.019498
  18     0.19016    0.021084
  19     0.20011     0.02274
  20     0.21016    0.024472
  21     0.22044     0.02632
  22     0.23005    0.028096
  23     0.24048    0.030079
  24     0.25032    0.031995
  25     0.26001     0.03393
  26     0.27012    0.036006
  27     0.28017    0.038162
  28     0.29035    0.040421
  29     0.30008    0.042638
  30      0.3102    0.045002
  31     0.32021    0.047404
  32     0.33052    0.049954
  33     0.34033    0.052431
  34     0.35006     0.05495
  35     0.36008    0.057599
  36     0.37045    0.060397
  37     0.38006    0.063059
  38      0.3901    0.065903
  39     0.40001    0.068789
  40     0.41022    0.071852
  41     0.42001    0.074882
  42     0.43027    0.078131
  43     0.44003    0.081289
  44     0.45001    0.084596
  45     0.46018    0.088039
  46     0.47001    0.091457
  47     0.48005    0.095027
  48      0.4903    0.098798
  49     0.50019     0.10256
  50     0.51038     0.10651
  51     0.52003     0.11035
  52     0.53013      0.1145
  53     0.54006     0.11871
  54     0.55021     0.12312
  55     0.56009     0.12754
  56     0.57012     0.13216
  57     0.58004     0.13689
  58     0.59005     0.14183
  59     0.60004     0.14693
  60     0.61001     0.15215
  61     0.62008     0.15768
  62     0.63006     0.16336
  63     0.64015     0.16933
  64     0.65002     0.17538
  65     0.66025     0.18193
  66     0.67023     0.18853
  67      0.6801     0.19533
  68     0.69006     0.20244
  69     0.70015     0.20998
  70     0.71035     0.21791
  71     0.72008      0.2258
  72     0.73003     0.23423
  73        0.74     0.24304
  74     0.75007     0.25233
  75     0.76007     0.26199
  76     0.77006     0.27205
  77     0.78004     0.28266
  78     0.79004     0.29376
  79     0.80014     0.30553
  80      0.8101     0.31783
  81     0.82004     0.33072
  82     0.83009     0.34453
  83     0.84012     0.35909
  84     0.85012     0.37448
  85     0.86003     0.39061
  86     0.87003     0.40795
  87     0.88001     0.42681
  88     0.89003     0.44721
  89     0.90007     0.46933
  90     0.91014     0.49341
  91     0.92029     0.51975
  92     0.93008      0.5475
  93      0.9401     0.57915
  94     0.95009     0.61453
  95     0.96013     0.65473
  96     0.97004     0.70073
  97     0.98021     0.75845
  98     0.99007     0.83364
  99           1           1
-----------------------------------------

----------------- PPP$ and local currency --------------
         PPP used in computation: 4.43805
     Data mean in local currency: 548.463
               Data mean in PPP$: 252.13
        Poverty line in PPP$/Day: 1.9
      Poverty line in PPP$/Month: 57.7917
  Poverty line in local currency: 125.715
-------------------------------------------------------

----------------- Estimation result --------------
     Number of observation: 6043
          Total population: 1.63244E+06
              Total wealth: 2.0174E+08(PPP$)
                   Minimum: 1.07162(PPP$)
                   Maximum: 11019.6(PPP$)
             Headcount(HC): 0.297509
          Poverty gap (PG): 0.114068
       Poverty gap squared: 0.0586191
                      Gini: 0.647313
                    Median: 97.0383
                       MLD: 0.795886
                      Watt: 0.170653
--------------------------------------------------

-------------------------------- Income or Consumption share by deciles (%) -------------------------------------
    0.82383     1.4484     1.9897     2.6166     3.3698     4.4427     6.2954     9.5502     16.381     53.083
-----------------------------------------------------------------------------------------------------------------


