

**********************************************************************************************
**                                   Basic Information                                      **
**********************************************************************************************

----------------- Dataset Information -----------------
                         Country: Central African Republic
                    Country dode: CAF
                       Data Year: 2003
                        Coverage: National
             Welfare measurement: Consumption
                     Data format: Unit record
                     Data source: CAF_N2003X
                  Data time span: UnDefined
-------------------------------------------------------


----------- Distribution ------------
   i           P           L 
-------------------------------------
   0    0.010118   0.0012698
   1    0.020062   0.0027352
   2    0.030215   0.0044284
   3    0.040022   0.0062458
   4    0.050237   0.0082828
   5    0.060133    0.010401
   6    0.070237    0.012683
   7    0.080066    0.015063
   8    0.090089    0.017612
   9     0.10012    0.020268
  10     0.11001    0.023002
  11     0.12026    0.025924
  12     0.13026    0.028861
  13      0.1401    0.031842
  14     0.15006    0.034952
  15     0.16033     0.03827
  16     0.17005    0.041508
  17     0.18003    0.044913
  18     0.19047    0.048576
  19     0.20016    0.052097
  20     0.21004    0.055799
  21     0.22001    0.059648
  22     0.23027    0.063711
  23     0.24014    0.067706
  24     0.25011    0.071824
  25     0.26015     0.07607
  26     0.27025    0.080427
  27        0.28    0.084726
  28     0.29035    0.089386
  29     0.30029    0.093972
  30     0.31016    0.098624
  31     0.32014     0.10345
  32     0.33001     0.10833
  33     0.34011     0.11345
  34     0.35004      0.1186
  35     0.36036     0.12407
  36     0.37028     0.12946
  37     0.38011     0.13492
  38     0.39039     0.14073
  39     0.40009     0.14631
  40     0.41042     0.15235
  41        0.42      0.1581
  42      0.4302     0.16434
  43     0.44024     0.17062
  44     0.45036     0.17704
  45     0.46004      0.1833
  46     0.47008     0.18992
  47     0.48005      0.1966
  48     0.49028      0.2036
  49     0.50002     0.21039
  50     0.51022     0.21763
  51     0.52002     0.22472
  52     0.53034     0.23234
  53     0.54022     0.23978
  54      0.5502     0.24745
  55     0.56007     0.25516
  56     0.57015     0.26321
  57     0.58002      0.2713
  58     0.59018     0.27982
  59     0.60016     0.28836
  60     0.61009     0.29699
  61     0.62029     0.30609
  62     0.63038     0.31528
  63     0.64021     0.32447
  64     0.65005     0.33388
  65     0.66005     0.34365
  66     0.67006     0.35365
  67     0.68027     0.36411
  68     0.69027     0.37457
  69     0.70026     0.38522
  70     0.71001      0.3958
  71      0.7203      0.4072
  72     0.73003     0.41824
  73     0.74017     0.42998
  74     0.75011     0.44182
  75     0.76003     0.45387
  76     0.77011     0.46644
  77     0.78002      0.4791
  78        0.79      0.4923
  79     0.80004     0.50603
  80     0.81002     0.52007
  81     0.82005     0.53459
  82     0.83035     0.54997
  83     0.84011     0.56498
  84     0.85001     0.58068
  85        0.86     0.59706
  86     0.87004      0.6141
  87     0.88012       0.632
  88     0.89002     0.65043
  89         0.9     0.66991
  90     0.91005     0.69043
  91     0.92003     0.71191
  92     0.93019     0.73534
  93     0.94004     0.75969
  94     0.95037     0.78711
  95     0.96012     0.81504
  96     0.97007     0.84715
  97     0.98014     0.88387
  98     0.99007     0.92701
  99           1           1
-----------------------------------------

----------------- PPP$ and local currency --------------
         PPP used in computation: 267.869
     Data mean in local currency: 12749
               Data mean in PPP$: 60.0583
        Poverty line in PPP$/Day: 1.9
      Poverty line in PPP$/Month: 57.7917
  Poverty line in local currency: 12267.8
-------------------------------------------------------

----------------- Estimation result --------------
     Number of observation: 5286
          Total population: 3.77884E+06
              Total wealth: 1.7985E+08(PPP$)
                   Minimum: 5.35688(PPP$)
                   Maximum: 2031.26(PPP$)
             Headcount(HC): 0.647725
          Poverty gap (PG): 0.303076
       Poverty gap squared: 0.17574
                      Gini: 0.436142
                    Median: 42.2545
                       MLD: 0.324454
                      Watt: 0.479009
--------------------------------------------------

-------------------------------- Income or Consumption share by deciles (%) -------------------------------------
     2.0237     3.1803       4.18     5.2416     6.4122     7.7842     9.6723     12.102     16.394     33.009
-----------------------------------------------------------------------------------------------------------------


