

**********************************************************************************************
**                                   Basic Information                                      **
**********************************************************************************************

----------------- Dataset Information -----------------
                         Country: Central African Republic
                    Country dode: CAF
                       Data Year: 2008
                        Coverage: National
             Welfare measurement: Consumption
                     Data format: Unit record
                     Data source: CAF_N2008X
                  Data time span: UnDefined
-------------------------------------------------------


----------- Distribution ------------
   i           P           L 
-------------------------------------
   0    0.010115  0.00051074
   1     0.02001   0.0012763
   2    0.030205   0.0022765
   3    0.040035   0.0033857
   4        0.05   0.0046151
   5    0.060168   0.0059569
   6    0.070001   0.0073371
   7    0.080774   0.0089398
   8    0.090132    0.010419
   9     0.10007    0.012096
  10     0.11026    0.013896
  11     0.12016    0.015716
  12        0.13    0.017624
  13     0.14012    0.019643
  14     0.15002    0.021695
  15     0.16022    0.023909
  16     0.17003    0.026114
  17     0.18014    0.028461
  18      0.1904    0.030937
  19     0.20023    0.033393
  20     0.21015    0.035956
  21     0.22001    0.038611
  22     0.23015    0.041428
  23     0.24029    0.044337
  24     0.25003    0.047228
  25     0.26011    0.050322
  26      0.2703    0.053555
  27      0.2803    0.056816
  28     0.29006    0.060089
  29     0.30002    0.063532
  30     0.31037    0.067208
  31     0.32038     0.07086
  32     0.33005    0.074474
  33     0.34001     0.07828
  34      0.3504    0.082354
  35     0.36008    0.086224
  36     0.37032    0.090415
  37     0.38006    0.094513
  38     0.39038    0.098978
  39     0.40003     0.10326
  40     0.41001      0.1078
  41     0.42002     0.11247
  42     0.43017     0.11731
  43      0.4402     0.12221
  44      0.4501     0.12713
  45     0.46012     0.13219
  46     0.47011     0.13734
  47     0.48006     0.14256
  48     0.49005     0.14789
  49     0.50042     0.15353
  50     0.51027     0.15902
  51     0.52012     0.16461
  52     0.53004     0.17035
  53     0.54008     0.17629
  54        0.55     0.18229
  55     0.56011     0.18852
  56     0.57002     0.19475
  57     0.58023     0.20132
  58     0.59012     0.20781
  59     0.60012     0.21452
  60     0.61023     0.22144
  61     0.62007     0.22834
  62     0.63053     0.23586
  63     0.64018     0.24296
  64     0.65013     0.25045
  65     0.66002     0.25807
  66     0.67004     0.26598
  67     0.68025     0.27424
  68     0.69004     0.28237
  69     0.70004     0.29093
  70     0.71003     0.29978
  71     0.72038     0.30918
  72     0.73014     0.31825
  73     0.74011     0.32779
  74     0.75039     0.33794
  75     0.76006     0.34778
  76     0.77006     0.35827
  77     0.78006     0.36904
  78     0.79008     0.38014
  79     0.80015     0.39167
  80     0.81006     0.40343
  81     0.82012     0.41584
  82     0.83013     0.42877
  83     0.84015     0.44227
  84     0.85001     0.45616
  85     0.86004     0.47093
  86     0.87001     0.48628
  87     0.88002     0.50236
  88     0.89015     0.51984
  89     0.90009     0.53798
  90     0.91017     0.55747
  91     0.92004      0.5778
  92     0.93021     0.60041
  93        0.94     0.62399
  94      0.9501     0.65074
  95     0.96016     0.68108
  96     0.97006     0.71667
  97     0.98017     0.76158
  98     0.99001      0.8217
  99           1           1
-----------------------------------------

----------------- PPP$ and local currency --------------
         PPP used in computation: 267.869
     Data mean in local currency: 18552.9
               Data mean in PPP$: 73.716
        Poverty line in PPP$/Day: 1.9
      Poverty line in PPP$/Month: 57.7917
  Poverty line in local currency: 14545
-------------------------------------------------------

----------------- Estimation result --------------
     Number of observation: 6894
          Total population: 4.20399E+06
              Total wealth: 2.91173E+08(PPP$)
                   Minimum: 1.57491(PPP$)
                   Maximum: 9665.95(PPP$)
             Headcount(HC): 0.662648
          Poverty gap (PG): 0.330843
       Poverty gap squared: 0.20605
                      Gini: 0.562366
                    Median: 40.6369
                       MLD: 0.570637
                      Watt: 0.562717
--------------------------------------------------

-------------------------------- Income or Consumption share by deciles (%) -------------------------------------
     1.2084      2.125     3.0189     3.9719     5.0062     6.1133     7.6466     10.059     14.632     46.218
-----------------------------------------------------------------------------------------------------------------


