

**********************************************************************************************
**                                   Basic Information                                      **
**********************************************************************************************

----------------- Dataset Information -----------------
                         Country: Switzerland
                    Country dode: CHE
                       Data Year: 2010
                        Coverage: National
             Welfare measurement: Income
                     Data format: Unit record
                     Data source: CHE_N2010Y
                  Data time span: UnDefined
-------------------------------------------------------


----------- Distribution ------------
   i           P           L 
-------------------------------------
   0    0.010332  0.00041037
   1    0.020211   0.0023701
   2    0.030013   0.0048918
   3     0.04053   0.0079745
   4    0.050059    0.010993
   5    0.060177    0.014449
   6    0.070091    0.018015
   7    0.080152    0.021781
   8    0.090134    0.025685
   9     0.10009    0.029683
  10      0.1101    0.033813
  11     0.12006    0.038043
  12     0.13036    0.042579
  13     0.14001    0.046932
  14     0.15027    0.051678
  15     0.16011     0.05636
  16     0.17006     0.06122
  17     0.18007    0.066216
  18     0.19013    0.071366
  19     0.20009    0.076557
  20      0.2103    0.081966
  21     0.22003    0.087214
  22     0.23014    0.092765
  23     0.24001    0.098275
  24      0.2501     0.10401
  25     0.26024     0.10987
  26     0.27031     0.11579
  27        0.28     0.12158
  28     0.29003     0.12767
  29     0.30041     0.13408
  30     0.31001     0.14012
  31     0.32002     0.14651
  32     0.33002     0.15298
  33     0.34008     0.15959
  34        0.35      0.1662
  35     0.36006     0.17302
  36     0.37011      0.1799
  37     0.38006     0.18684
  38     0.39007     0.19395
  39     0.40038      0.2014
  40     0.41011     0.20854
  41     0.42019     0.21603
  42     0.43017     0.22355
  43     0.44005     0.23109
  44     0.45008     0.23884
  45     0.46006     0.24665
  46     0.47005      0.2546
  47     0.48021      0.2628
  48        0.49     0.27082
  49     0.50005     0.27918
  50     0.51002     0.28758
  51     0.52002     0.29613
  52        0.53     0.30478
  53     0.54003     0.31358
  54     0.55003     0.32252
  55     0.56003     0.33159
  56     0.57008     0.34083
  57     0.58008     0.35016
  58     0.59027      0.3598
  59     0.60008      0.3692
  60      0.6102     0.37906
  61     0.62002     0.38878
  62     0.63008     0.39888
  63     0.64002     0.40901
  64     0.65008     0.41941
  65     0.66007     0.42991
  66     0.67005     0.44055
  67     0.68005     0.45135
  68     0.69005     0.46231
  69      0.7001      0.4735
  70     0.71169     0.48663
  71     0.72006     0.49627
  72     0.73007     0.50798
  73     0.74001     0.51981
  74     0.75004     0.53196
  75     0.76002     0.54425
  76     0.77007     0.55684
  77     0.78006     0.56955
  78     0.79001     0.58246
  79     0.80012     0.59584
  80     0.81006      0.6093
  81     0.82001     0.62302
  82     0.83003     0.63713
  83     0.84005     0.65153
  84     0.85009     0.66632
  85     0.86002     0.68126
  86     0.87004     0.69672
  87     0.88002     0.71246
  88        0.89     0.72861
  89     0.90006     0.74539
  90     0.91005     0.76259
  91     0.92001     0.78041
  92     0.93002     0.79909
  93     0.94006     0.81875
  94     0.95001     0.83941
  95        0.96     0.86161
  96     0.97006     0.88571
  97     0.98006     0.91177
  98     0.99003     0.94228
  99           1           1
-----------------------------------------

----------------- PPP$ and local currency --------------
         PPP used in computation: 1.61342
     Data mean in local currency: 3115.5
               Data mean in PPP$: 1935.35
        Poverty line in PPP$/Day: 1.9
      Poverty line in PPP$/Month: 57.7917
  Poverty line in local currency: 93.0323
-------------------------------------------------------

----------------- Estimation result --------------
     Number of observation: 7497
          Total population: 1
              Total wealth: 1931(PPP$)
                   Minimum: -2969.61(PPP$)
                   Maximum: 54869.8(PPP$)
             Headcount(HC): 0.0020642
          Poverty gap (PG): 0.0178514
       Poverty gap squared: 0.477218
                      Gini: 0.327159
                    Median: 1621.51
                       MLD: 0.193367
                      Watt: 0.000385504
--------------------------------------------------

-------------------------------- Income or Consumption share by deciles (%) -------------------------------------
     2.9646     4.6863     5.7319       6.73     7.8008     8.9991     10.426     12.229     14.961     25.472
-----------------------------------------------------------------------------------------------------------------


