

**********************************************************************************************
**                                   Basic Information                                      **
**********************************************************************************************

----------------- Dataset Information -----------------
                         Country: Switzerland
                    Country dode: CHE
                       Data Year: 2008
                        Coverage: National
             Welfare measurement: Income
                     Data format: Unit record
                     Data source: CHE_N2008Y
                  Data time span: UnDefined
-------------------------------------------------------


----------- Distribution ------------
   i           P           L 
-------------------------------------
   0    0.010217  0.00042149
   1    0.020344   0.0024179
   2    0.030091   0.0049007
   3     0.04001   0.0077203
   4    0.050165    0.010846
   5    0.060348    0.014197
   6    0.070379    0.017661
   7    0.080028    0.021163
   8    0.090122    0.025015
   9     0.10001    0.028883
  10      0.1107    0.033176
  11     0.12011    0.037058
  12     0.13003    0.041264
  13     0.14032     0.04575
  14     0.15003    0.050109
  15     0.16013    0.054748
  16     0.17016    0.059441
  17     0.18016    0.064227
  18     0.19008     0.06909
  19     0.20025    0.074168
  20     0.21002    0.079123
  21     0.22004    0.084296
  22     0.23012      0.0896
  23     0.24009    0.094957
  24     0.25011     0.10043
  25     0.26008     0.10599
  26     0.27001     0.11162
  27     0.28012     0.11746
  28     0.29014     0.12334
  29     0.30008     0.12926
  30     0.31015     0.13535
  31     0.32032     0.14159
  32      0.3301     0.14769
  33      0.3402     0.15411
  34     0.35013      0.1605
  35     0.36005     0.16699
  36     0.37003     0.17362
  37     0.38001     0.18037
  38     0.39001     0.18723
  39     0.40032     0.19442
  40     0.41009     0.20134
  41     0.42011     0.20855
  42     0.43013      0.2159
  43     0.44041     0.22358
  44     0.45009     0.23089
  45     0.46005     0.23852
  46     0.47015     0.24638
  47     0.48043     0.25454
  48     0.49002     0.26228
  49     0.50008     0.27051
  50     0.51008     0.27882
  51     0.52013      0.2873
  52     0.53006     0.29583
  53     0.54114     0.30549
  54     0.55017     0.31348
  55        0.56     0.32235
  56     0.57008     0.33157
  57     0.58009     0.34087
  58     0.59009     0.35029
  59     0.60021     0.35995
  60     0.61002     0.36947
  61     0.62006     0.37938
  62     0.63003     0.38937
  63     0.64016     0.39969
  64      0.6503     0.41018
  65     0.66008     0.42046
  66     0.67015     0.43118
  67     0.68003     0.44187
  68     0.69007     0.45289
  69     0.70011     0.46408
  70     0.71012     0.47544
  71     0.72011     0.48697
  72        0.73     0.49854
  73        0.74     0.51044
  74      0.7501     0.52264
  75     0.76008     0.53494
  76     0.77014      0.5476
  77     0.78005     0.56029
  78     0.79003      0.5733
  79     0.80003     0.58657
  80     0.81003     0.60013
  81     0.82008       0.614
  82     0.83005     0.62801
  83     0.84006     0.64239
  84        0.85     0.65695
  85     0.86008     0.67207
  86     0.87008      0.6875
  87     0.88013     0.70346
  88        0.89     0.71962
  89     0.90008     0.73665
  90     0.91006     0.75414
  91     0.92016     0.77261
  92     0.93006     0.79149
  93     0.94006     0.81153
  94     0.95007     0.83278
  95     0.96005     0.85532
  96     0.97001     0.87955
  97      0.9801     0.90736
  98     0.99002      0.9396
  99           1           1
-----------------------------------------

----------------- PPP$ and local currency --------------
         PPP used in computation: 1.61342
     Data mean in local currency: 3109.99
               Data mean in PPP$: 1936.07
        Poverty line in PPP$/Day: 1.9
      Poverty line in PPP$/Month: 57.7917
  Poverty line in local currency: 92.8331
-------------------------------------------------------

----------------- Estimation result --------------
     Number of observation: 7365
          Total population: 1
              Total wealth: 1927.58(PPP$)
                   Minimum: -3362.63(PPP$)
                   Maximum: 54357.1(PPP$)
             Headcount(HC): 0.0024484
          Poverty gap (PG): 0.0149105
       Poverty gap squared: 0.347535
                      Gini: 0.339626
                    Median: 1593.06
                       MLD: 0.208598
                      Watt: 0.000567622
--------------------------------------------------

-------------------------------- Income or Consumption share by deciles (%) -------------------------------------
      2.888     4.5165     5.5167     6.4985     7.6249     8.9307      10.42     12.258     14.997     26.349
-----------------------------------------------------------------------------------------------------------------


