

**********************************************************************************************
**                                   Basic Information                                      **
**********************************************************************************************

----------------- Dataset Information -----------------
                         Country: Switzerland
                    Country dode: CHE
                       Data Year: 2009
                        Coverage: National
             Welfare measurement: Income
                     Data format: Unit record
                     Data source: CHE_N2009Y
                  Data time span: UnDefined
-------------------------------------------------------


----------- Distribution ------------
   i           P           L 
-------------------------------------
   0    0.010003  0.00077587
   1    0.020037   0.0028433
   2    0.030238   0.0055107
   3    0.040011   0.0083866
   4    0.050022      0.0116
   5    0.060091    0.015038
   6    0.070101    0.018673
   7    0.080162    0.022485
   8    0.090184    0.026434
   9     0.10045    0.030608
  10     0.11017     0.03468
  11     0.12024    0.039007
  12      0.1301    0.043343
  13     0.14003    0.047838
  14     0.15007    0.052503
  15     0.16013    0.057262
  16     0.17004    0.062054
  17     0.18007    0.067001
  18     0.19042    0.072214
  19     0.20002    0.077139
  20     0.21015     0.08243
  21        0.22    0.087687
  22     0.23008    0.093171
  23     0.24011    0.098739
  24     0.25004     0.10432
  25     0.26001     0.11004
  26     0.27003     0.11587
  27     0.28002     0.12177
  28     0.29034     0.12797
  29     0.30015     0.13394
  30     0.31022     0.14017
  31     0.32014     0.14642
  32     0.33012     0.15283
  33     0.34004     0.15928
  34     0.35007      0.1659
  35     0.36014     0.17264
  36     0.37008     0.17938
  37     0.38001     0.18622
  38     0.39003     0.19321
  39      0.4002     0.20041
  40     0.41012     0.20754
  41      0.4201     0.21482
  42     0.43004     0.22219
  43     0.44017      0.2298
  44     0.45006     0.23732
  45      0.4601     0.24505
  46     0.47005     0.25283
  47     0.48005     0.26077
  48     0.49003     0.26878
  49     0.50001     0.27696
  50     0.51008     0.28533
  51     0.52011     0.29377
  52     0.53012     0.30233
  53     0.54004     0.31094
  54     0.55039     0.32009
  55     0.56042     0.32911
  56     0.57005      0.3379
  57     0.58025     0.34737
  58     0.59018     0.35674
  59     0.60006     0.36619
  60     0.61011     0.37595
  61     0.62017     0.38586
  62     0.63019     0.39591
  63     0.64006     0.40598
  64     0.65008     0.41636
  65     0.66006     0.42688
  66     0.67011     0.43764
  67     0.68006     0.44844
  68     0.69009     0.45949
  69     0.70024     0.47085
  70     0.71014     0.48211
  71     0.72003     0.49353
  72     0.73004     0.50528
  73     0.74008     0.51724
  74     0.75005     0.52935
  75     0.76005     0.54175
  76      0.7702     0.55454
  77     0.78005     0.56718
  78     0.79063     0.58098
  79     0.80008     0.59345
  80     0.81001     0.60679
  81     0.82003     0.62052
  82     0.83003      0.6346
  83     0.84002     0.64893
  84     0.85006     0.66365
  85     0.86006     0.67867
  86     0.87004     0.69408
  87     0.88011     0.71005
  88     0.89006      0.7263
  89     0.90003     0.74313
  90     0.91011     0.76073
  91     0.92005     0.77871
  92     0.93003     0.79752
  93     0.94018     0.81754
  94     0.95002     0.83795
  95     0.96004     0.86004
  96     0.97006     0.88407
  97     0.98012     0.91077
  98     0.99015     0.94257
  99           1           1
-----------------------------------------

----------------- PPP$ and local currency --------------
         PPP used in computation: 1.61342
     Data mean in local currency: 3084.36
               Data mean in PPP$: 1929.39
        Poverty line in PPP$/Day: 1.9
      Poverty line in PPP$/Month: 57.7917
  Poverty line in local currency: 92.3869
-------------------------------------------------------

----------------- Estimation result --------------
     Number of observation: 7505
          Total population: 0.999999
              Total wealth: 1911.69(PPP$)
                   Minimum: -2331.74(PPP$)
                   Maximum: 84037.2(PPP$)
             Headcount(HC): 0.0015432
          Poverty gap (PG): 0.00834029
       Poverty gap squared: 0.152234
                      Gini: 0.329621
                    Median: 1591.48
                       MLD: 0.192875
                      Watt: 0.000188318
--------------------------------------------------

-------------------------------- Income or Consumption share by deciles (%) -------------------------------------
     3.0426     4.6701     5.6725     6.6413     7.6681     8.9189     10.445     12.276     14.974     25.692
-----------------------------------------------------------------------------------------------------------------


