

**********************************************************************************************
**                                   Basic Information                                      **
**********************************************************************************************

----------------- Dataset Information -----------------
                         Country: Switzerland
                    Country dode: CHE
                       Data Year: 2011
                        Coverage: National
             Welfare measurement: Income
                     Data format: Unit record
                     Data source: CHE_N2011Y
                  Data time span: UnDefined
-------------------------------------------------------


----------- Distribution ------------
   i           P           L 
-------------------------------------
   0    0.010098   0.0009537
   1    0.020014   0.0032256
   2    0.030048   0.0058732
   3    0.040292   0.0088918
   4    0.050267    0.012086
   5    0.060693     0.01567
   6    0.071246    0.019521
   7    0.080052    0.022864
   8    0.090048     0.02679
   9     0.10008    0.030882
  10     0.11001    0.035076
  11     0.12019    0.039518
  12     0.13011    0.043961
  13     0.14001     0.04852
  14     0.15001    0.053243
  15     0.16017    0.058156
  16     0.17007    0.063007
  17      0.1802     0.06808
  18     0.19012     0.07315
  19     0.20013    0.078393
  20     0.21021    0.083771
  21     0.22013    0.089168
  22     0.23008    0.094703
  23     0.24005     0.10036
  24     0.25015     0.10618
  25     0.26023     0.11209
  26     0.27003     0.11794
  27     0.28149      0.1249
  28     0.29001     0.13012
  29     0.30026      0.1365
  30        0.31     0.14266
  31     0.32045     0.14938
  32     0.33005     0.15567
  33     0.34005     0.16233
  34     0.35002     0.16911
  35     0.36004     0.17603
  36     0.37003     0.18304
  37     0.38026     0.19035
  38     0.39011     0.19748
  39     0.40007     0.20483
  40     0.41013     0.21234
  41     0.42005     0.21986
  42     0.43003     0.22753
  43     0.44003      0.2353
  44     0.45005     0.24318
  45     0.46009     0.25118
  46     0.47003     0.25921
  47     0.48025     0.26756
  48     0.49009     0.27571
  49     0.50022     0.28423
  50     0.51001     0.29256
  51     0.52005     0.30123
  52     0.53005     0.30997
  53     0.54024     0.31899
  54     0.55026     0.32798
  55     0.56017       0.337
  56     0.57006     0.34617
  57     0.58012     0.35563
  58     0.59006     0.36508
  59     0.60037     0.37503
  60     0.61006     0.38454
  61     0.62001     0.39448
  62     0.63003     0.40465
  63     0.64004     0.41494
  64     0.65003     0.42532
  65      0.6602     0.43604
  66     0.67014     0.44667
  67     0.68004     0.45741
  68     0.69007     0.46846
  69     0.70001     0.47956
  70     0.71004     0.49094
  71     0.72002     0.50243
  72     0.73014     0.51424
  73     0.74001     0.52598
  74     0.75006     0.53815
  75     0.76012     0.55053
  76     0.77007     0.56301
  77     0.78002     0.57573
  78     0.79005     0.58881
  79         0.8     0.60207
  80        0.81      0.6157
  81     0.82004     0.62968
  82     0.83007     0.64393
  83     0.84007      0.6585
  84     0.85003     0.67331
  85      0.8601     0.68859
  86     0.87002     0.70398
  87      0.8802      0.7202
  88     0.89004     0.73636
  89     0.90005     0.75331
  90     0.91003     0.77077
  91     0.92003     0.78896
  92     0.93001      0.8078
  93        0.94     0.82745
  94     0.95009     0.84822
  95     0.96007     0.86992
  96     0.97006     0.89337
  97     0.98004     0.91911
  98     0.99012     0.94914
  99           1           1
-----------------------------------------

----------------- PPP$ and local currency --------------
         PPP used in computation: 1.61342
     Data mean in local currency: 3169.04
               Data mean in PPP$: 1964.17
        Poverty line in PPP$/Day: 1.9
      Poverty line in PPP$/Month: 57.7917
  Poverty line in local currency: 93.2422
-------------------------------------------------------

----------------- Estimation result --------------
     Number of observation: 7525
          Total population: 1
              Total wealth: 1964.18(PPP$)
                   Minimum: -1692.23(PPP$)
                   Maximum: 30433(PPP$)
             Headcount(HC): 0.000972498
          Poverty gap (PG): 0.0139939
       Poverty gap squared: 0.292129
                      Gini: 0.318284
                    Median: 1662.35
                       MLD: 0.176365
                      Watt: 3.12653E-05
--------------------------------------------------

-------------------------------- Income or Consumption share by deciles (%) -------------------------------------
     3.0849     4.7476     5.8016     6.8431     7.9272     9.0636     10.486     12.253     15.115     24.678
-----------------------------------------------------------------------------------------------------------------


