

**********************************************************************************************
**                                   Basic Information                                      **
**********************************************************************************************

----------------- Dataset Information -----------------
                         Country: Switzerland
                    Country dode: CHE
                       Data Year: 2012
                        Coverage: National
             Welfare measurement: Income
                     Data format: Unit record
                     Data source: CHE_N2012Y
                  Data time span: UnDefined
-------------------------------------------------------


----------- Distribution ------------
   i           P           L 
-------------------------------------
   0    0.010335   0.0013616
   1    0.020248   0.0038277
   2    0.030004   0.0066916
   3    0.040185   0.0099755
   4    0.050189    0.013382
   5    0.060029    0.016937
   6    0.070115    0.020769
   7    0.084559    0.026517
   8    0.090012    0.028738
   9     0.10015     0.03297
  10     0.11006    0.037231
  11     0.12042    0.041819
  12      0.1301    0.046229
  13     0.14018    0.050917
  14     0.15012    0.055651
  15     0.16178    0.061337
  16     0.17016    0.065503
  17     0.18002    0.070479
  18      0.1901     0.07567
  19     0.20028    0.081033
  20     0.21016    0.086342
  21     0.22015    0.091825
  22     0.23003    0.097339
  23     0.24166     0.10396
  24     0.25021     0.10891
  25     0.26007     0.11473
  26     0.27009     0.12071
  27      0.2801     0.12679
  28     0.29005     0.13295
  29     0.30024     0.13937
  30     0.31019     0.14574
  31     0.32007     0.15215
  32     0.33015      0.1588
  33     0.34001     0.16542
  34     0.35191     0.17353
  35     0.36007     0.17915
  36     0.37014      0.1862
  37     0.38009     0.19328
  38     0.39012     0.20053
  39     0.40027     0.20797
  40     0.41004     0.21524
  41     0.42002     0.22274
  42     0.43017     0.23045
  43     0.44004     0.23804
  44     0.45003     0.24583
  45     0.46001     0.25372
  46     0.47002     0.26175
  47     0.48005     0.26989
  48     0.49004     0.27809
  49     0.50071     0.28696
  50     0.51002     0.29478
  51     0.52014     0.30342
  52     0.53007     0.31203
  53     0.54001     0.32076
  54     0.55005     0.32972
  55     0.56013     0.33884
  56     0.57003     0.34793
  57      0.5802     0.35743
  58      0.5905     0.36722
  59     0.60006     0.37642
  60      0.6101     0.38621
  61      0.6201     0.39611
  62     0.63004     0.40608
  63     0.64011     0.41631
  64     0.65004     0.42651
  65     0.66005      0.4369
  66     0.67006     0.44749
  67        0.68     0.45818
  68     0.69015     0.46926
  69     0.70023     0.48045
  70      0.7102     0.49169
  71     0.72032     0.50326
  72     0.73005     0.51457
  73     0.74012     0.52649
  74     0.75013     0.53856
  75     0.76011     0.55077
  76      0.7701     0.56317
  77     0.78018     0.57594
  78     0.79005      0.5887
  79      0.8003     0.60222
  80     0.81004     0.61533
  81     0.82027     0.62939
  82     0.83009     0.64317
  83     0.84021     0.65757
  84     0.85003     0.67181
  85     0.86001     0.68659
  86     0.87004     0.70184
  87     0.88004     0.71736
  88     0.89015     0.73352
  89     0.90005     0.74984
  90     0.91001     0.76681
  91     0.92002     0.78447
  92     0.93016     0.80317
  93      0.9401     0.82257
  94     0.95003     0.84305
  95     0.96012     0.86518
  96     0.97004     0.88869
  97     0.98003     0.91506
  98     0.99005     0.94573
  99           1           1
-----------------------------------------

----------------- PPP$ and local currency --------------
         PPP used in computation: 1.61342
     Data mean in local currency: 3226.6
               Data mean in PPP$: 2013.28
        Poverty line in PPP$/Day: 1.9
      Poverty line in PPP$/Month: 57.7917
  Poverty line in local currency: 92.6203
-------------------------------------------------------

----------------- Estimation result --------------
     Number of observation: 7332
          Total population: 0.999994
              Total wealth: 1999.84(PPP$)
                   Minimum: -2655.44(PPP$)
                   Maximum: 46119.2(PPP$)
             Headcount(HC): 0.000594204
          Poverty gap (PG): 0.0107443
       Poverty gap squared: 0.325617
                      Gini: 0.316403
                    Median: 1681.71
                       MLD: 0.170595
                      Watt: 1.30241E-05
--------------------------------------------------

-------------------------------- Income or Consumption share by deciles (%) -------------------------------------
     3.2907      4.798     5.8329     6.8556     7.8592     9.0002     10.383     12.163     14.793     25.024
-----------------------------------------------------------------------------------------------------------------


