

**********************************************************************************************
**                                   Basic Information                                      **
**********************************************************************************************

----------------- Dataset Information -----------------
                         Country: Switzerland
                    Country dode: CHE
                       Data Year: 2007
                        Coverage: National
             Welfare measurement: Income
                     Data format: Unit record
                     Data source: CHE_N2007Y
                  Data time span: UnDefined
-------------------------------------------------------


----------- Distribution ------------
   i           P           L 
-------------------------------------
   0    0.010104  9.8327E-05
   1    0.020021   0.0018035
   2    0.030021   0.0040513
   3    0.040037   0.0067543
   4    0.050118   0.0098388
   5    0.060118    0.013139
   6    0.070289    0.016644
   7    0.080177    0.020175
   8      0.0901     0.02385
   9     0.10009    0.027684
  10     0.11037    0.031771
  11     0.12008    0.035751
  12     0.13011    0.039964
  13     0.14015    0.044283
  14     0.15021    0.048744
  15     0.16007    0.053237
  16      0.1701    0.057938
  17     0.18012     0.06273
  18     0.19005     0.06758
  19         0.2    0.072535
  20     0.21026    0.077767
  21     0.22007    0.082871
  22     0.23006    0.088158
  23     0.24013    0.093576
  24     0.25014    0.099071
  25     0.26016     0.10468
  26     0.27013     0.11035
  27     0.28004     0.11611
  28      0.2901     0.12206
  29     0.30015     0.12808
  30     0.31016     0.13416
  31     0.32007     0.14028
  32     0.33016     0.14659
  33     0.34007      0.1529
  34     0.35003     0.15933
  35     0.36006     0.16591
  36     0.37008     0.17257
  37     0.38008      0.1793
  38     0.39001     0.18611
  39     0.40025     0.19322
  40     0.41032     0.20031
  41     0.42005     0.20724
  42     0.43009      0.2145
  43     0.44001     0.22179
  44     0.45006     0.22932
  45     0.46005     0.23692
  46     0.47001     0.24462
  47     0.48011     0.25255
  48      0.4901     0.26052
  49     0.50001     0.26855
  50     0.51018     0.27694
  51     0.52011     0.28524
  52     0.53006     0.29368
  53     0.54005     0.30228
  54     0.55004       0.311
  55     0.56003     0.31986
  56     0.57022     0.32905
  57     0.58013     0.33814
  58     0.59012     0.34745
  59         0.6     0.35678
  60     0.61001     0.36637
  61        0.62      0.3761
  62     0.63007     0.38605
  63     0.64013     0.39614
  64     0.65001     0.40621
  65     0.66011     0.41671
  66      0.6701     0.42722
  67     0.68002     0.43784
  68     0.69023     0.44896
  69     0.70013     0.45992
  70     0.71036     0.47144
  71     0.72009     0.48258
  72     0.73004     0.49416
  73     0.74022     0.50627
  74     0.75001     0.51809
  75     0.76003     0.53038
  76      0.7701     0.54296
  77     0.78006     0.55563
  78     0.79005     0.56856
  79      0.8002     0.58194
  80        0.81     0.59515
  81      0.8201       0.609
  82     0.83003     0.62292
  83     0.84001     0.63723
  84     0.85003     0.65199
  85     0.86003     0.66718
  86     0.87007     0.68287
  87     0.88007     0.69888
  88     0.89008     0.71538
  89     0.90003     0.73239
  90     0.91028     0.75063
  91     0.92013     0.76883
  92     0.93004     0.78785
  93     0.94007     0.80803
  94     0.95004     0.82916
  95     0.96006     0.85171
  96     0.97009     0.87619
  97     0.98003     0.90326
  98     0.99001     0.93546
  99           1           1
-----------------------------------------

----------------- PPP$ and local currency --------------
         PPP used in computation: 1.61342
     Data mean in local currency: 3013.86
               Data mean in PPP$: 1921.76
        Poverty line in PPP$/Day: 1.9
      Poverty line in PPP$/Month: 57.7917
  Poverty line in local currency: 90.6337
-------------------------------------------------------

----------------- Estimation result --------------
     Number of observation: 6775
          Total population: 0.999995
              Total wealth: 1867.99(PPP$)
                   Minimum: -3227.14(PPP$)
                   Maximum: 50894.2(PPP$)
             Headcount(HC): 0.00248161
          Poverty gap (PG): 0.0231648
       Poverty gap squared: 0.608256
                      Gini: 0.344671
                    Median: 1571.35
                       MLD: 0.215772
                      Watt: 0.000206153
--------------------------------------------------

-------------------------------- Income or Consumption share by deciles (%) -------------------------------------
     2.7651     4.4883     5.5455     6.5058     7.5502     8.8223       10.3      12.19     15.066     26.766
-----------------------------------------------------------------------------------------------------------------


