

**********************************************************************************************
**                                   Basic Information                                      **
**********************************************************************************************

----------------- Dataset Information -----------------
                         Country: Chile
                    Country dode: CHL
                       Data Year: 1992
                        Coverage: National
             Welfare measurement: Income
                     Data format: Unit record
                     Data source: CHL_N1992Y
                  Data time span: UnDefined
-------------------------------------------------------


----------- Distribution ------------
   i           P           L 
-------------------------------------
   0    0.010007  0.00034541
   1    0.020007   0.0012616
   2    0.030006   0.0024426
   3    0.040031   0.0038026
   4    0.050003   0.0052921
   5    0.060013   0.0069075
   6    0.070053   0.0086235
   7    0.080042    0.010431
   8    0.090143     0.01235
   9     0.10002    0.014314
  10        0.11     0.01638
  11     0.12002    0.018528
  12     0.13024    0.020796
  13     0.14003    0.023041
  14     0.15003    0.025416
  15     0.16001    0.027872
  16     0.17012    0.030443
  17     0.18003    0.033037
  18     0.19003    0.035723
  19     0.20001    0.038486
  20     0.21004    0.041347
  21     0.22008    0.044283
  22     0.23004    0.047281
  23     0.24003     0.05036
  24     0.25005    0.053522
  25     0.26005    0.056756
  26     0.27002    0.060055
  27     0.28001    0.063431
  28     0.29001    0.066887
  29     0.30002    0.070408
  30     0.31001    0.073995
  31     0.32006    0.077692
  32     0.33005     0.08146
  33     0.34007    0.085317
  34     0.35004    0.089237
  35     0.36006     0.09326
  36     0.37002    0.097342
  37        0.38     0.10152
  38     0.39007     0.10582
  39     0.40001     0.11016
  40     0.41003     0.11463
  41     0.42009     0.11921
  42     0.43007     0.12383
  43     0.44002     0.12854
  44     0.45004     0.13339
  45      0.4601     0.13837
  46     0.47001     0.14337
  47     0.48002     0.14851
  48     0.49001     0.15373
  49     0.50005      0.1591
  50     0.51003     0.16456
  51     0.52003     0.17015
  52        0.53     0.17587
  53     0.54003     0.18175
  54     0.55005     0.18778
  55     0.56003     0.19392
  56        0.57      0.2002
  57     0.58011      0.2067
  58     0.59003     0.21324
  59     0.60002     0.21997
  60     0.61002     0.22686
  61     0.62001     0.23393
  62     0.63002     0.24117
  63     0.64002     0.24858
  64     0.65002     0.25616
  65     0.66003     0.26394
  66     0.67006     0.27195
  67     0.68009     0.28016
  68     0.69003     0.28854
  69     0.70003      0.2972
  70        0.71     0.30606
  71     0.72001     0.31518
  72     0.73002     0.32454
  73     0.74006      0.3342
  74        0.75     0.34406
  75     0.76002     0.35428
  76     0.77003      0.3648
  77     0.78002     0.37565
  78     0.79002     0.38694
  79     0.80002     0.39864
  80     0.81004     0.41078
  81        0.82     0.42328
  82     0.83003     0.43638
  83     0.84001     0.44997
  84     0.85007     0.46432
  85     0.86005     0.47916
  86     0.87002     0.49479
  87     0.88014     0.51161
  88     0.89001     0.52912
  89     0.90007     0.54817
  90        0.91     0.56818
  91        0.92     0.58982
  92     0.93002     0.61349
  93     0.94002     0.63975
  94     0.95003     0.66925
  95     0.96015     0.70316
  96     0.97001     0.74207
  97     0.98003     0.79118
  98     0.99002     0.85883
  99           1           1
-----------------------------------------

----------------- PPP$ and local currency --------------
         PPP used in computation: 391.644
     Data mean in local currency: 64673.7
               Data mean in PPP$: 385.51
        Poverty line in PPP$/Day: 1.9
      Poverty line in PPP$/Month: 57.7917
  Poverty line in local currency: 9695.2
-------------------------------------------------------

----------------- Estimation result --------------
     Number of observation: 29616
          Total population: 1.31394E+07
              Total wealth: 2.16976E+09(PPP$)
                   Minimum: 0(PPP$)
                   Maximum: 15997(PPP$)
             Headcount(HC): 0.0457097
          Poverty gap (PG): 0.0147806
       Poverty gap squared: 0.00832857
                      Gini: 0.548145
                    Median: 208.615
                       MLD: 0.550963
                      Watt: 0.0195593
--------------------------------------------------

-------------------------------- Income or Consumption share by deciles (%) -------------------------------------
      1.431     2.4173     3.1915     3.9759     4.8912     6.0881     7.7217     10.145     14.943     45.196
-----------------------------------------------------------------------------------------------------------------


