

**********************************************************************************************
**                                   Basic Information                                      **
**********************************************************************************************

----------------- Dataset Information -----------------
                         Country: Chile
                    Country dode: CHL
                       Data Year: 1990
                        Coverage: National
             Welfare measurement: Income
                     Data format: Unit record
                     Data source: CHL_N1990Y
                  Data time span: UnDefined
-------------------------------------------------------


----------- Distribution ------------
   i           P           L 
-------------------------------------
   0    0.010016  0.00016788
   1    0.020013  0.00079127
   2     0.03012   0.0017165
   3    0.040002   0.0028075
   4    0.050058   0.0040636
   5    0.060059   0.0054231
   6    0.070002   0.0068829
   7    0.080477    0.008522
   8    0.090051    0.010113
   9     0.10004    0.011863
  10     0.11023    0.013727
  11     0.12001    0.015595
  12     0.13004    0.017594
  13     0.14005    0.019662
  14     0.15001    0.021794
  15     0.16001    0.024005
  16     0.17006    0.026306
  17     0.18003     0.02865
  18      0.1901     0.03109
  19     0.20028    0.033623
  20     0.21007    0.036141
  21     0.22015    0.038811
  22      0.2301    0.041508
  23     0.24001    0.044267
  24     0.25001    0.047119
  25        0.26    0.050042
  26        0.27     0.05304
  27     0.28005    0.056137
  28     0.29005    0.059288
  29         0.3    0.062495
  30     0.31037    0.065922
  31     0.32004    0.069199
  32     0.33001     0.07267
  33        0.34    0.076217
  34     0.35004    0.079864
  35     0.36002    0.083567
  36     0.37005    0.087376
  37     0.38005    0.091252
  38     0.39007    0.095228
  39     0.40003    0.099254
  40     0.41001     0.10337
  41     0.42001     0.10759
  42        0.43     0.11189
  43     0.44026     0.11642
  44     0.45001     0.12081
  45     0.46002     0.12543
  46     0.47002     0.13016
  47     0.48012     0.13503
  48     0.49001     0.13991
  49     0.50002     0.14497
  50      0.5101     0.15018
  51     0.52002     0.15543
  52     0.53002     0.16084
  53     0.54013     0.16643
  54     0.55007     0.17205
  55     0.56015      0.1779
  56     0.57004     0.18378
  57     0.58016     0.18993
  58     0.59001     0.19605
  59     0.60018     0.20253
  60     0.61012     0.20901
  61     0.62002     0.21564
  62     0.63022     0.22266
  63        0.64     0.22954
  64     0.65001     0.23678
  65     0.66006     0.24428
  66     0.67001     0.25191
  67     0.68004     0.25982
  68     0.69003     0.26791
  69     0.70001     0.27621
  70     0.71003     0.28481
  71     0.72002     0.29363
  72     0.73003     0.30273
  73     0.74007     0.31212
  74     0.75017     0.32187
  75        0.76     0.33169
  76        0.77     0.34203
  77     0.78001     0.35274
  78     0.79003     0.36387
  79     0.80001      0.3754
  80     0.81001     0.38746
  81     0.82003     0.40006
  82     0.83001     0.41326
  83        0.84     0.42716
  84     0.85001     0.44179
  85     0.86004     0.45723
  86     0.87012     0.47372
  87     0.88002     0.49095
  88     0.89001     0.50952
  89     0.90002     0.52953
  90     0.91005     0.55123
  91     0.92002     0.57479
  92     0.93009     0.60094
  93        0.94     0.62917
  94     0.95002     0.66088
  95     0.96001     0.69683
  96     0.97009     0.73948
  97        0.98     0.78888
  98     0.99002     0.85428
  99           1           1
-----------------------------------------

----------------- PPP$ and local currency --------------
         PPP used in computation: 391.644
     Data mean in local currency: 45173.5
               Data mean in PPP$: 361.698
        Poverty line in PPP$/Day: 1.9
      Poverty line in PPP$/Month: 57.7917
  Poverty line in local currency: 7217.76
-------------------------------------------------------

----------------- Estimation result --------------
     Number of observation: 21400
          Total population: 1.27168E+07
              Total wealth: 1.4668E+09(PPP$)
                   Minimum: 0(PPP$)
                   Maximum: 13107.1(PPP$)
             Headcount(HC): 0.0792411
          Poverty gap (PG): 0.0271448
       Poverty gap squared: 0.0154556
                      Gini: 0.572491
                    Median: 184.457
                       MLD: 0.619626
                      Watt: 0.0391501
--------------------------------------------------

-------------------------------- Income or Consumption share by deciles (%) -------------------------------------
     1.1856     2.1698      2.894     3.6748     4.5722     5.7453     7.3792      9.919      15.41      47.05
-----------------------------------------------------------------------------------------------------------------


