

**********************************************************************************************
**                                   Basic Information                                      **
**********************************************************************************************

----------------- Dataset Information -----------------
                         Country: Chile
                    Country dode: CHL
                       Data Year: 1998
                        Coverage: National
             Welfare measurement: Income
                     Data format: Unit record
                     Data source: CHL_N1998Y
                  Data time span: UnDefined
-------------------------------------------------------


----------- Distribution ------------
   i           P           L 
-------------------------------------
   0    0.010036  0.00026213
   1     0.02021    0.001004
   2    0.030034   0.0019655
   3    0.040009   0.0031229
   4    0.050005   0.0044325
   5     0.06003    0.005869
   6    0.070008   0.0073948
   7    0.080044   0.0090287
   8     0.09001    0.010738
   9     0.10003    0.012545
  10     0.11004    0.014437
  11     0.12001    0.016404
  12     0.13009    0.018478
  13     0.14001    0.020601
  14     0.15001    0.022822
  15        0.16    0.025125
  16     0.17003    0.027513
  17     0.18004    0.029976
  18     0.19008    0.032518
  19     0.20006     0.03512
  20        0.21    0.037792
  21     0.22001    0.040559
  22     0.23002    0.043403
  23     0.24004    0.046334
  24        0.25    0.049337
  25     0.26002    0.052431
  26     0.27001    0.055594
  27     0.28002    0.058841
  28     0.29009    0.062186
  29     0.30003    0.065578
  30        0.31    0.069066
  31     0.32008    0.072682
  32     0.33004    0.076337
  33     0.34001    0.080083
  34     0.35001    0.083937
  35     0.36002    0.087875
  36        0.37    0.091886
  37     0.38005    0.096015
  38        0.39     0.10019
  39         0.4     0.10447
  40        0.41     0.10886
  41     0.42008     0.11337
  42     0.43002     0.11791
  43        0.44     0.12257
  44     0.45001     0.12734
  45     0.46006     0.13224
  46        0.47     0.13718
  47     0.48001     0.14227
  48     0.49002     0.14747
  49     0.50005     0.15279
  50        0.51     0.15819
  51     0.52001     0.16375
  52     0.53014     0.16949
  53     0.54001     0.17522
  54        0.55     0.18116
  55        0.56     0.18725
  56        0.57     0.19346
  57     0.58004     0.19984
  58     0.59005     0.20637
  59     0.60004     0.21304
  60     0.61001     0.21985
  61     0.62002     0.22686
  62     0.63003     0.23404
  63     0.64006     0.24142
  64        0.65     0.24894
  65     0.66007     0.25675
  66        0.67     0.26465
  67     0.68002     0.27284
  68     0.69001     0.28122
  69         0.7     0.28983
  70     0.71003     0.29874
  71        0.72      0.3079
  72     0.73001     0.31736
  73     0.74014     0.32727
  74        0.75     0.33721
  75     0.76008     0.34774
  76     0.77004     0.35853
  77     0.78017     0.36983
  78     0.79003     0.38125
  79         0.8     0.39321
  80     0.81004     0.40569
  81     0.82001     0.41865
  82     0.83011     0.43238
  83     0.84001     0.44653
  84     0.85004      0.4616
  85     0.86002     0.47739
  86     0.87001     0.49404
  87        0.88     0.51165
  88        0.89     0.53038
  89     0.90001      0.5503
  90     0.91003     0.57162
  91        0.92      0.5945
  92     0.93003     0.61963
  93     0.94001     0.64682
  94     0.95002      0.6771
  95     0.96003     0.71139
  96     0.97001     0.75186
  97        0.98     0.80051
  98        0.99     0.86368
  99           1           1
-----------------------------------------

----------------- PPP$ and local currency --------------
         PPP used in computation: 391.644
     Data mean in local currency: 131336
               Data mean in PPP$: 502.196
        Poverty line in PPP$/Day: 1.9
      Poverty line in PPP$/Month: 57.7917
  Poverty line in local currency: 15113.9
-------------------------------------------------------

----------------- Estimation result --------------
     Number of observation: 41017
          Total population: 1.41954E+07
              Total wealth: 4.76038E+09(PPP$)
                   Minimum: 0(PPP$)
                   Maximum: 153427(PPP$)
             Headcount(HC): 0.0348251
          Poverty gap (PG): 0.013094
       Poverty gap squared: 0.00791501
                      Gini: 0.555221
                    Median: 269.331
                       MLD: 0.573117
                      Watt: 0.0182394
--------------------------------------------------

-------------------------------- Income or Consumption share by deciles (%) -------------------------------------
     1.2539     2.2565     3.0462     3.8907     4.8289     6.0248     7.6813     10.338     15.707     44.972
-----------------------------------------------------------------------------------------------------------------


