

**********************************************************************************************
**                                   Basic Information                                      **
**********************************************************************************************

----------------- Dataset Information -----------------
                         Country: Chile
                    Country dode: CHL
                       Data Year: 1987
                        Coverage: National
             Welfare measurement: Income
                     Data format: Unit record
                     Data source: CHL_N1987Y
                  Data time span: UnDefined
-------------------------------------------------------


----------- Distribution ------------
   i           P           L 
-------------------------------------
   0     0.01003  0.00016327
   1    0.020022  0.00076194
   2    0.030038   0.0016278
   3    0.040062   0.0026711
   4    0.050089   0.0038588
   5    0.060046   0.0051769
   6    0.070022   0.0066159
   7    0.080009    0.008174
   8    0.090052   0.0098488
   9     0.10048    0.011689
  10     0.11006    0.013452
  11     0.12034    0.015426
  12     0.13004    0.017367
  13     0.14002    0.019435
  14     0.15004    0.021582
  15     0.16007      0.0238
  16     0.17003    0.026084
  17     0.18001    0.028455
  18     0.19002    0.030918
  19     0.20002    0.033443
  20     0.21042    0.036144
  21        0.22    0.038702
  22     0.23001    0.041453
  23     0.24004    0.044284
  24     0.25007     0.04718
  25     0.26006    0.050158
  26     0.27001    0.053204
  27     0.28001    0.056341
  28     0.29002    0.059568
  29     0.30001    0.062866
  30     0.31005    0.066261
  31     0.32041    0.069849
  32     0.33006    0.073254
  33     0.34001    0.076855
  34     0.35001    0.080567
  35     0.36004    0.084384
  36     0.37011    0.088308
  37     0.38002    0.092249
  38     0.39009    0.096347
  39      0.4001     0.10051
  40        0.41     0.10471
  41     0.42006     0.10909
  42     0.43004     0.11353
  43     0.44003     0.11808
  44     0.45001     0.12271
  45     0.46001     0.12748
  46     0.47002     0.13233
  47     0.48003     0.13729
  48     0.49001     0.14236
  49     0.50008     0.14757
  50     0.51004     0.15285
  51     0.52003     0.15827
  52     0.53008     0.16385
  53     0.54001     0.16951
  54     0.55001     0.17535
  55     0.56001     0.18132
  56     0.57004     0.18743
  57     0.58006     0.19369
  58     0.59002     0.20009
  59         0.6     0.20666
  60     0.61009     0.21345
  61     0.62001     0.22029
  62     0.63015     0.22747
  63     0.64008     0.23469
  64     0.65003     0.24212
  65     0.66009     0.24988
  66     0.67001     0.25773
  67     0.68001     0.26585
  68     0.69003     0.27422
  69     0.70007      0.2829
  70     0.71005     0.29178
  71     0.72001      0.3009
  72     0.73005     0.31039
  73     0.74003     0.32014
  74     0.75004     0.33019
  75     0.76001     0.34057
  76     0.77002     0.35136
  77     0.78004      0.3625
  78     0.79002     0.37405
  79     0.80004     0.38606
  80     0.81002     0.39852
  81     0.82004     0.41162
  82     0.83001     0.42522
  83     0.84006     0.43962
  84      0.8501     0.45479
  85     0.86001     0.47073
  86     0.87006     0.48797
  87     0.88001     0.50606
  88     0.89015     0.52569
  89     0.90001      0.5461
  90        0.91     0.56852
  91     0.92003     0.59285
  92     0.93017     0.61956
  93     0.94002     0.64842
  94     0.95019     0.68155
  95     0.96002     0.71753
  96     0.97008     0.76025
  97     0.98011     0.81094
  98     0.99001     0.87444
  99           1           1
-----------------------------------------

----------------- PPP$ and local currency --------------
         PPP used in computation: 391.644
     Data mean in local currency: 20102.1
               Data mean in PPP$: 348.393
        Poverty line in PPP$/Day: 1.9
      Poverty line in PPP$/Month: 57.7917
  Poverty line in local currency: 3334.54
-------------------------------------------------------

----------------- Estimation result --------------
     Number of observation: 18059
          Total population: 1.18506E+07
              Total wealth: 6.0826E+08(PPP$)
                   Minimum: 0(PPP$)
                   Maximum: 2440.51(PPP$)
             Headcount(HC): 0.0845787
          Poverty gap (PG): 0.0307884
       Poverty gap squared: 0.0174939
                      Gini: 0.562102
                    Median: 182.487
                       MLD: 0.591672
                      Watt: 0.04622
--------------------------------------------------

-------------------------------- Income or Consumption share by deciles (%) -------------------------------------
     1.1604     2.1834     2.9425     3.7604     4.7067     5.9124     7.6179     10.318     16.008     45.391
-----------------------------------------------------------------------------------------------------------------


