

**********************************************************************************************
**                                   Basic Information                                      **
**********************************************************************************************

----------------- Dataset Information -----------------
                         Country: Chile
                    Country dode: CHL
                       Data Year: 2003
                        Coverage: National
             Welfare measurement: Income
                     Data format: Unit record
                     Data source: CHL_N2003Y
                  Data time span: UnDefined
-------------------------------------------------------


----------- Distribution ------------
   i           P           L 
-------------------------------------
   0    0.010008   0.0003079
   1    0.020018   0.0010964
   2        0.03   0.0021598
   3    0.040029   0.0034255
   4    0.050016   0.0048463
   5        0.06   0.0064018
   6    0.070007   0.0080852
   7    0.080066   0.0098818
   8    0.090007    0.011757
   9     0.10001    0.013743
  10      0.1101    0.015847
  11        0.12    0.017994
  12     0.13003    0.020251
  13     0.14001    0.022579
  14     0.15001    0.024998
  15        0.16    0.027488
  16     0.17001    0.030061
  17        0.18    0.032706
  18     0.19001    0.035441
  19     0.20009    0.038281
  20     0.21005    0.041167
  21     0.22048    0.044266
  22     0.23001    0.047156
  23     0.24006    0.050288
  24     0.25003    0.053473
  25        0.26    0.056731
  26     0.27003    0.060082
  27        0.28    0.063486
  28     0.29008    0.067008
  29     0.30001     0.07056
  30     0.31001    0.074222
  31     0.32002    0.077973
  32     0.33002    0.081798
  33     0.34002    0.085706
  34     0.35001    0.089697
  35        0.36    0.093789
  36      0.3701     0.09802
  37     0.38002     0.10227
  38     0.39003     0.10663
  39     0.40003     0.11108
  40        0.41     0.11561
  41     0.42008     0.12028
  42     0.43001     0.12498
  43     0.44006     0.12984
  44     0.45001     0.13474
  45     0.46004     0.13979
  46     0.47028     0.14506
  47     0.48006      0.1502
  48     0.49003     0.15554
  49         0.5       0.161
  50     0.51001      0.1666
  51     0.52002     0.17231
  52        0.53     0.17813
  53        0.54     0.18406
  54     0.55001     0.19012
  55        0.56     0.19632
  56     0.57029     0.20285
  57     0.58013     0.20923
  58     0.59007     0.21581
  59     0.60005     0.22255
  60        0.61     0.22944
  61     0.62001     0.23652
  62     0.63001     0.24375
  63     0.64003     0.25116
  64     0.65006     0.25877
  65        0.66     0.26649
  66     0.67001     0.27446
  67        0.68     0.28261
  68        0.69     0.29098
  69     0.70003     0.29959
  70     0.71001     0.30839
  71     0.72002     0.31746
  72     0.73008     0.32685
  73     0.74001      0.3364
  74        0.75     0.34628
  75        0.76     0.35642
  76     0.77001     0.36688
  77        0.78      0.3777
  78        0.79     0.38893
  79     0.80001     0.40056
  80     0.81001     0.41265
  81        0.82     0.42519
  82     0.83007     0.43838
  83        0.84     0.45197
  84     0.85001      0.4663
  85     0.86003     0.48133
  86     0.87001     0.49705
  87        0.88     0.51372
  88     0.89005     0.53158
  89         0.9     0.55032
  90     0.91001     0.57045
  91        0.92     0.59199
  92     0.93011     0.61558
  93     0.94001       0.641
  94     0.95008     0.67022
  95     0.96001     0.70321
  96     0.97001     0.74224
  97     0.98002     0.78991
  98     0.99004     0.85471
  99           1           1
-----------------------------------------

----------------- PPP$ and local currency --------------
         PPP used in computation: 391.644
     Data mean in local currency: 153875
               Data mean in PPP$: 511.517
        Poverty line in PPP$/Day: 1.9
      Poverty line in PPP$/Month: 57.7917
  Poverty line in local currency: 17385
-------------------------------------------------------

----------------- Estimation result --------------
     Number of observation: 56802
          Total population: 1.50408E+07
              Total wealth: 5.90946E+09(PPP$)
                   Minimum: 0(PPP$)
                   Maximum: 119658(PPP$)
             Headcount(HC): 0.0278979
          Poverty gap (PG): 0.010917
       Poverty gap squared: 0.00664894
                      Gini: 0.546105
                    Median: 283.039
                       MLD: 0.548123
                      Watt: 0.0149259
--------------------------------------------------

-------------------------------- Income or Consumption share by deciles (%) -------------------------------------
     1.3741     2.4515     3.2301     4.0512     4.9928     6.1521     7.7048     10.098     14.977     44.968
-----------------------------------------------------------------------------------------------------------------


