

**********************************************************************************************
**                                   Basic Information                                      **
**********************************************************************************************

----------------- Dataset Information -----------------
                         Country: Chile
                    Country dode: CHL
                       Data Year: 2000
                        Coverage: National
             Welfare measurement: Income
                     Data format: Unit record
                     Data source: CHL_N2000Y
                  Data time span: UnDefined
-------------------------------------------------------


----------- Distribution ------------
   i           P           L 
-------------------------------------
   0    0.010008  0.00031291
   1    0.020013   0.0010245
   2    0.030006   0.0019863
   3     0.04001   0.0031469
   4     0.05013   0.0044742
   5    0.060002   0.0058979
   6    0.070036   0.0074712
   7    0.080088   0.0091609
   8    0.090033    0.010937
   9     0.10001    0.012811
  10     0.11001     0.01478
  11     0.12012    0.016863
  12     0.13007    0.018999
  13        0.14    0.021217
  14     0.15002     0.02353
  15     0.16003    0.025916
  16      0.1701    0.028392
  17     0.18004    0.030913
  18     0.19001    0.033509
  19     0.20004    0.036193
  20     0.21001    0.038939
  21     0.22007    0.041792
  22        0.23    0.044671
  23        0.24    0.047648
  24     0.25005    0.050718
  25     0.26001     0.05383
  26     0.27001    0.057028
  27     0.28001    0.060301
  28     0.29005    0.063664
  29     0.30001     0.06708
  30     0.31001    0.070585
  31     0.32009      0.0742
  32     0.33006    0.077862
  33     0.34001    0.081606
  34        0.35    0.085465
  35     0.36001    0.089417
  36     0.37008    0.093483
  37     0.38001    0.097584
  38     0.39001     0.10181
  39     0.40001     0.10613
  40     0.41001     0.11054
  41     0.42003     0.11506
  42     0.43011     0.11969
  43     0.44001     0.12436
  44        0.45     0.12917
  45        0.46     0.13408
  46     0.47006     0.13912
  47        0.48     0.14421
  48     0.49015     0.14951
  49         0.5     0.15475
  50     0.51001     0.16019
  51     0.52003     0.16573
  52     0.53001     0.17139
  53     0.54007     0.17723
  54     0.55001     0.18311
  55     0.56007      0.1892
  56        0.57     0.19533
  57     0.58004     0.20168
  58     0.59003     0.20814
  59     0.60002     0.21477
  60     0.61075     0.22207
  61     0.62004     0.22854
  62     0.63001     0.23566
  63     0.64004     0.24299
  64     0.65001     0.25046
  65     0.66001     0.25816
  66     0.67005     0.26606
  67     0.68006     0.27414
  68     0.69001     0.28235
  69     0.70001     0.29084
  70     0.71001     0.29956
  71        0.72     0.30855
  72        0.73     0.31781
  73        0.74     0.32734
  74     0.75003     0.33721
  75     0.76006      0.3474
  76     0.77083     0.35873
  77     0.78006     0.36875
  78     0.79001     0.37996
  79     0.80004     0.39172
  80     0.81026     0.40419
  81     0.82005      0.4166
  82     0.83004     0.42983
  83        0.84     0.44367
  84        0.85     0.45813
  85     0.86001     0.47332
  86     0.87001      0.4894
  87     0.88004      0.5065
  88     0.89001     0.52448
  89     0.90002     0.54364
  90     0.91004     0.56421
  91     0.92001     0.58624
  92     0.93003     0.61031
  93        0.94     0.63695
  94     0.95011     0.66701
  95     0.96004     0.70069
  96        0.97     0.74016
  97     0.98001     0.78973
  98     0.99049     0.86261
  99           1           1
-----------------------------------------

----------------- PPP$ and local currency --------------
         PPP used in computation: 391.644
     Data mean in local currency: 141322
               Data mean in PPP$: 503.299
        Poverty line in PPP$/Day: 1.9
      Poverty line in PPP$/Month: 57.7917
  Poverty line in local currency: 16227.4
-------------------------------------------------------

----------------- Estimation result --------------
     Number of observation: 57160
          Total population: 1.45362E+07
              Total wealth: 5.24527E+09(PPP$)
                   Minimum: 0(PPP$)
                   Maximum: 92579.6(PPP$)
             Headcount(HC): 0.0339271
          Poverty gap (PG): 0.0128429
       Poverty gap squared: 0.00735844
                      Gini: 0.555942
                    Median: 270.136
                       MLD: 0.57056
                      Watt: 0.0167191
--------------------------------------------------

-------------------------------- Income or Consumption share by deciles (%) -------------------------------------
      1.281     2.3373     3.0892     3.9053     4.8627     6.0004     7.6072     10.084     15.193      45.64
-----------------------------------------------------------------------------------------------------------------


