

**********************************************************************************************
**                                   Basic Information                                      **
**********************************************************************************************

----------------- Dataset Information -----------------
                         Country: Cote d'Ivoire
                    Country dode: CIV
                       Data Year: 1987
                        Coverage: National
             Welfare measurement: Consumption
                     Data format: Unit record
                     Data source: CIV_N1987X
                  Data time span: UnDefined
-------------------------------------------------------


----------- Distribution ------------
   i           P           L 
-------------------------------------
   0    0.011097   0.0015698
   1    0.020023   0.0032013
   2    0.030156   0.0052993
   3    0.040445   0.0076451
   4    0.050279    0.010001
   5    0.060412    0.012638
   6    0.070611    0.015516
   7    0.080315    0.018396
   8    0.090218     0.02144
   9     0.10042    0.024671
  10     0.11111    0.028191
  11     0.12002    0.031217
  12     0.13044    0.034909
  13      0.1406    0.038626
  14     0.15038    0.042308
  15     0.16013    0.046117
  16     0.17039     0.05028
  17     0.18057    0.054517
  18     0.19072    0.058832
  19     0.20011    0.062907
  20     0.21127    0.067853
  21     0.22179    0.072605
  22      0.2324    0.077457
  23     0.24122    0.081522
  24     0.25186    0.086494
  25     0.26007    0.090404
  26     0.27032    0.095355
  27     0.28037     0.10028
  28     0.29026     0.10522
  29     0.30013     0.11026
  30     0.31018     0.11549
  31     0.32004     0.12071
  32     0.33171     0.12702
  33     0.34118     0.13221
  34     0.35036      0.1373
  35     0.36002     0.14277
  36     0.37009      0.1486
  37     0.38054     0.15476
  38     0.39088     0.16105
  39     0.40038     0.16693
  40     0.41069     0.17342
  41     0.42081     0.17991
  42     0.43046     0.18615
  43     0.44018     0.19251
  44     0.45009     0.19911
  45     0.46118     0.20664
  46     0.47043     0.21305
  47     0.48008     0.21981
  48     0.49066     0.22736
  49     0.50003     0.23419
  50     0.51089     0.24225
  51     0.52005     0.24917
  52      0.5305     0.25723
  53     0.54046     0.26503
  54     0.55023      0.2728
  55      0.5605      0.2811
  56     0.57046     0.28933
  57     0.58012     0.29743
  58     0.59017     0.30603
  59     0.60038     0.31491
  60     0.61246     0.32568
  61     0.62019     0.33264
  62      0.6303     0.34186
  63     0.64005     0.35091
  64      0.6503      0.3606
  65     0.66032     0.37024
  66     0.67027     0.37997
  67     0.68064     0.39024
  68     0.69033     0.39999
  69     0.70005     0.40987
  70     0.71031     0.42046
  71     0.72124       0.432
  72     0.73025     0.44164
  73     0.74115     0.45365
  74     0.75059      0.4643
  75      0.7604     0.47562
  76     0.77016     0.48714
  77     0.78025     0.49932
  78     0.79001     0.51141
  79     0.80083     0.52534
  80     0.81036     0.53805
  81     0.82028     0.55163
  82     0.83033     0.56577
  83     0.84032     0.58036
  84     0.85015      0.5953
  85     0.86018     0.61096
  86     0.87021     0.62719
  87     0.88016     0.64394
  88     0.89004     0.66135
  89     0.90033     0.68027
  90     0.91011      0.6994
  91      0.9202     0.72007
  92     0.93005     0.74115
  93     0.94043     0.76499
  94     0.95013     0.78863
  95     0.96001     0.81563
  96     0.97008     0.84655
  97     0.98025       0.884
  98     0.99078     0.93385
  99           1           1
-----------------------------------------

----------------- PPP$ and local currency --------------
         PPP used in computation: 235.688
     Data mean in local currency: 17973.8
               Data mean in PPP$: 203.484
        Poverty line in PPP$/Day: 1.9
      Poverty line in PPP$/Month: 57.7917
  Poverty line in local currency: 5104.74
-------------------------------------------------------

----------------- Estimation result --------------
     Number of observation: 1600
          Total population: 1.09287E+07
              Total wealth: 8.33434E+08(PPP$)
                   Minimum: 1.45218(PPP$)
                   Maximum: 902.658(PPP$)
             Headcount(HC): 0.0665945
          Poverty gap (PG): 0.016044
       Poverty gap squared: 0.00550693
                      Gini: 0.405101
                    Median: 149.386
                       MLD: 0.274458
                      Watt: 0.0203339
--------------------------------------------------

-------------------------------- Income or Consumption share by deciles (%) -------------------------------------
     2.4538     3.8324     4.7331     5.6505     6.7474     8.0415     9.5225     11.445      15.54     32.033
-----------------------------------------------------------------------------------------------------------------


