

**********************************************************************************************
**                                   Basic Information                                      **
**********************************************************************************************

----------------- Dataset Information -----------------
                         Country: Cote d'Ivoire
                    Country dode: CIV
                       Data Year: 1988
                        Coverage: National
             Welfare measurement: Consumption
                     Data format: Unit record
                     Data source: CIV_N1988X
                  Data time span: UnDefined
-------------------------------------------------------


----------- Distribution ------------
   i           P           L 
-------------------------------------
   0    0.010445   0.0017021
   1    0.020178   0.0037118
   2    0.030391   0.0061094
   3    0.040043   0.0085277
   4    0.050477    0.011355
   5    0.060806    0.014351
   6    0.070068    0.017134
   7    0.080767    0.020466
   8    0.091931    0.024126
   9     0.10067    0.027122
  10     0.11034    0.030597
  11     0.12005    0.034185
  12     0.13055    0.038193
  13     0.14008    0.042022
  14     0.15031    0.046237
  15     0.16103    0.050739
  16     0.17134     0.05518
  17     0.18016    0.059078
  18     0.19098    0.063938
  19     0.20079    0.068486
  20       0.211    0.073344
  21     0.22003    0.077748
  22     0.23062    0.083021
  23     0.24029    0.087915
  24     0.25053     0.09317
  25     0.26102    0.098623
  26     0.27049     0.10361
  27     0.28009      0.1088
  28     0.29004     0.11425
  29     0.30044     0.12006
  30     0.31054     0.12579
  31     0.32017     0.13137
  32     0.33075      0.1376
  33     0.34104     0.14375
  34      0.3504     0.14946
  35     0.36132     0.15624
  36     0.37016     0.16185
  37     0.38022     0.16831
  38     0.39056     0.17507
  39     0.40016     0.18141
  40     0.41084     0.18859
  41     0.42043     0.19513
  42     0.43007     0.20177
  43     0.44027     0.20885
  44     0.45102     0.21639
  45      0.4606     0.22316
  46     0.47031      0.2301
  47     0.48022     0.23732
  48     0.49017     0.24472
  49     0.50006     0.25218
  50     0.51028     0.26001
  51     0.52014     0.26769
  52     0.53048     0.27589
  53     0.54078     0.28426
  54     0.55121     0.29294
  55     0.56009     0.30053
  56     0.57044     0.30951
  57     0.58067     0.31853
  58     0.59044     0.32729
  59     0.60013     0.33613
  60     0.61021     0.34555
  61     0.62062     0.35545
  62     0.63066     0.36511
  63     0.64045     0.37472
  64     0.65095     0.38517
  65     0.66013      0.3945
  66     0.67026     0.40497
  67     0.68012     0.41542
  68     0.69011     0.42629
  69     0.70052     0.43782
  70     0.71038     0.44894
  71     0.72056     0.46057
  72     0.73013      0.4717
  73     0.74003     0.48349
  74      0.7504     0.49616
  75     0.76046     0.50872
  76     0.77032     0.52128
  77      0.7801     0.53404
  78     0.79042     0.54781
  79     0.80089      0.5621
  80     0.81031     0.57514
  81     0.82104     0.59031
  82     0.83048     0.60394
  83     0.84016     0.61832
  84     0.85066      0.6343
  85     0.86031     0.64938
  86     0.87006     0.66502
  87      0.8805     0.68237
  88     0.89005     0.69887
  89     0.90032     0.71725
  90     0.91007     0.73533
  91     0.92047     0.75543
  92     0.93021     0.77505
  93     0.94009     0.79619
  94     0.95006       0.819
  95     0.96048     0.84449
  96      0.9701      0.8707
  97     0.98006     0.90173
  98     0.99005     0.93998
  99           1           1
-----------------------------------------

----------------- PPP$ and local currency --------------
         PPP used in computation: 235.688
     Data mean in local currency: 15061.8
               Data mean in PPP$: 160.787
        Poverty line in PPP$/Day: 1.9
      Poverty line in PPP$/Month: 57.7917
  Poverty line in local currency: 5413.66
-------------------------------------------------------

----------------- Estimation result --------------
     Number of observation: 1600
          Total population: 1.13164E+07
              Total wealth: 7.2318E+08(PPP$)
                   Minimum: 5.44722(PPP$)
                   Maximum: 491.805(PPP$)
             Headcount(HC): 0.106831
          Poverty gap (PG): 0.025268
       Poverty gap squared: 0.00862611
                      Gini: 0.368863
                    Median: 122.585
                       MLD: 0.226714
                      Watt: 0.0315017
--------------------------------------------------

-------------------------------- Income or Consumption share by deciles (%) -------------------------------------
     2.6893     4.1227      5.169     6.1494     7.0828     8.3874     10.123     12.365     15.579     28.333
-----------------------------------------------------------------------------------------------------------------


