

**********************************************************************************************
**                                   Basic Information                                      **
**********************************************************************************************

----------------- Dataset Information -----------------
                         Country: Cote d'Ivoire
                    Country dode: CIV
                       Data Year: 1998
                        Coverage: National
             Welfare measurement: Consumption
                     Data format: Unit record
                     Data source: CIV_N1998X
                  Data time span: UnDefined
-------------------------------------------------------


----------- Distribution ------------
   i           P           L 
-------------------------------------
   0    0.010668    0.001558
   1    0.020103    0.003404
   2    0.030075   0.0055617
   3    0.040128   0.0079775
   4    0.051695    0.011018
   5     0.06016    0.013352
   6    0.070395    0.016291
   7    0.080097    0.019203
   8    0.090024     0.02233
   9     0.10025    0.025661
  10     0.11017    0.029009
  11     0.12019      0.0325
  12     0.13024    0.036105
  13      0.1402    0.039757
  14     0.15019    0.043494
  15     0.16034    0.047371
  16     0.17032    0.051287
  17     0.18004    0.055203
  18     0.19084    0.059659
  19     0.20004    0.063528
  20     0.21104    0.068253
  21     0.22011    0.072249
  22     0.23008    0.076755
  23     0.24036    0.081542
  24     0.25014    0.086228
  25     0.26007    0.091129
  26     0.27015    0.096204
  27     0.28013     0.10137
  28     0.29014     0.10667
  29     0.30099     0.11254
  30     0.31063     0.11787
  31     0.32015     0.12321
  32        0.33     0.12884
  33     0.34003     0.13466
  34     0.35003      0.1406
  35     0.36002     0.14666
  36     0.37482     0.15584
  37     0.38004     0.15912
  38     0.39025     0.16558
  39     0.40023     0.17198
  40     0.41032     0.17856
  41      0.4203     0.18521
  42     0.43003     0.19182
  43     0.44007     0.19877
  44      0.4501     0.20585
  45     0.46015     0.21306
  46     0.47023     0.22038
  47     0.48014     0.22767
  48     0.49874     0.24147
  49     0.50014     0.24251
  50     0.51007     0.24997
  51      0.5202     0.25775
  52     0.53046      0.2658
  53     0.54028     0.27364
  54     0.55001     0.28157
  55     0.56001     0.28986
  56       0.593     0.31777
  57       0.593     0.31777
  58       0.593     0.31777
  59     0.60023     0.32391
  60     0.61013     0.33244
  61     0.62017     0.34125
  62     0.63001     0.35003
  63     0.64015     0.35928
  64     0.65021     0.36867
  65     0.66005     0.37807
  66        0.67     0.38777
  67     0.68065     0.39841
  68     0.69002     0.40797
  69     0.70013     0.41853
  70     0.71019     0.42935
  71     0.72058     0.44085
  72     0.73002     0.45156
  73     0.74429      0.4681
  74     0.75009     0.47491
  75      0.7601     0.48685
  76     0.77007     0.49909
  77     0.78014     0.51189
  78     0.79043     0.52528
  79     0.80004     0.53802
  80     0.81004     0.55167
  81     0.82008     0.56586
  82     0.83006     0.58044
  83     0.84023     0.59582
  84     0.85008     0.61116
  85     0.86001     0.62715
  86     0.87018      0.6442
  87      0.8802     0.66182
  88     0.89023     0.68031
  89     0.90001     0.69922
  90     0.91006     0.71966
  91     0.92013     0.74152
  92     0.93006     0.76443
  93     0.94011     0.78955
  94     0.96843     0.86605
  95     0.96843     0.86605
  96     0.97003     0.87047
  97     0.98007     0.90041
  98     0.99004     0.93632
  99           1           1
-----------------------------------------

----------------- PPP$ and local currency --------------
         PPP used in computation: 235.688
     Data mean in local currency: 19054.7
               Data mean in PPP$: 116.939
        Poverty line in PPP$/Day: 1.9
      Poverty line in PPP$/Month: 57.7917
  Poverty line in local currency: 9416.91
-------------------------------------------------------

----------------- Estimation result --------------
     Number of observation: 4177
          Total population: 1.54365E+07
              Total wealth: 1.248E+09(PPP$)
                   Minimum: 1.76787(PPP$)
                   Maximum: 1543.01(PPP$)
             Headcount(HC): 0.256589
          Poverty gap (PG): 0.0756849
       Poverty gap squared: 0.030665
                      Gini: 0.3896
                    Median: 87.0902
                       MLD: 0.253794
                      Watt: 0.100301
--------------------------------------------------

-------------------------------- Income or Consumption share by deciles (%) -------------------------------------
      2.558     3.7932     4.8495     5.9829     7.0569     8.1315     9.4677     11.957     16.123     30.081
-----------------------------------------------------------------------------------------------------------------


