

**********************************************************************************************
**                                   Basic Information                                      **
**********************************************************************************************

----------------- Dataset Information -----------------
                         Country: Cote d'Ivoire
                    Country dode: CIV
                       Data Year: 1985
                        Coverage: National
             Welfare measurement: Consumption
                     Data format: Unit record
                     Data source: CIV_N1985X
                  Data time span: UnDefined
-------------------------------------------------------


----------- Distribution ------------
   i           P           L 
-------------------------------------
   0    0.010036  0.00040485
   1    0.020069   0.0015585
   2     0.03232   0.0034371
   3    0.040032   0.0047643
   4    0.052352   0.0070692
   5    0.060396   0.0086687
   6    0.070331    0.010771
   7    0.080615    0.013083
   8    0.090285    0.015434
   9     0.10052    0.018032
  10     0.11012    0.020573
  11     0.12053    0.023483
  12     0.13054    0.026357
  13     0.14003    0.029174
  14     0.15008    0.032308
  15     0.16067    0.035739
  16      0.1708    0.039114
  17     0.18029    0.042378
  18     0.19076      0.0461
  19     0.20015    0.049548
  20     0.21039    0.053394
  21     0.22003    0.057082
  22     0.23053    0.061205
  23     0.24064     0.06528
  24     0.25081    0.069461
  25     0.26048    0.073532
  26     0.27041    0.077823
  27      0.2808    0.082405
  28     0.29025    0.086663
  29     0.30028    0.091312
  30     0.31048    0.096168
  31     0.32065      0.1011
  32     0.33078      0.1061
  33     0.34031     0.11089
  34     0.35045      0.1161
  35     0.36017     0.12116
  36     0.37063     0.12672
  37     0.38005     0.13181
  38     0.39041     0.13748
  39      0.4001     0.14289
  40     0.41067     0.14888
  41     0.42012     0.15439
  42     0.43041     0.16053
  43     0.44058     0.16668
  44      0.4502     0.17258
  45     0.46082     0.17919
  46     0.47067     0.18542
  47     0.48045     0.19176
  48     0.49053     0.19848
  49     0.50012     0.20498
  50     0.51028     0.21197
  51      0.5208     0.21937
  52     0.53017     0.22613
  53     0.54016     0.23349
  54     0.55062     0.24139
  55      0.5601     0.24865
  56     0.57057     0.25682
  57     0.58025      0.2645
  58     0.59055     0.27282
  59     0.60056     0.28104
  60     0.61042     0.28932
  61     0.62071     0.29816
  62     0.63056     0.30671
  63     0.64046     0.31543
  64     0.65022     0.32423
  65     0.66032     0.33358
  66     0.67023     0.34294
  67     0.68044      0.3528
  68     0.69019     0.36236
  69     0.70004     0.37221
  70     0.71067       0.383
  71     0.72047     0.39315
  72     0.73026     0.40356
  73     0.74061     0.41496
  74     0.75016     0.42568
  75     0.76001     0.43717
  76     0.77038     0.44965
  77     0.78013      0.4616
  78     0.79026      0.4744
  79     0.80076     0.48809
  80     0.81022     0.50069
  81     0.82003     0.51415
  82     0.83033     0.52878
  83     0.84036     0.54338
  84     0.85002      0.5579
  85     0.86022     0.57386
  86      0.8705     0.59086
  87     0.88073     0.60866
  88     0.89057     0.62637
  89     0.90012     0.64415
  90        0.91     0.66369
  91     0.92011     0.68495
  92      0.9302     0.70762
  93     0.94031     0.73215
  94      0.9503     0.75818
  95     0.96024     0.78626
  96     0.97033     0.81835
  97     0.98025     0.85505
  98     0.99036      0.9036
  99           1           1
-----------------------------------------

----------------- PPP$ and local currency --------------
         PPP used in computation: 235.688
     Data mean in local currency: 20144.2
               Data mean in PPP$: 268.578
        Poverty line in PPP$/Day: 1.9
      Poverty line in PPP$/Month: 57.7917
  Poverty line in local currency: 4334.56
-------------------------------------------------------

----------------- Estimation result --------------
     Number of observation: 1583
          Total population: 1.02943E+07
              Total wealth: 8.7985E+08(PPP$)
                   Minimum: 0.826481(PPP$)
                   Maximum: 1699.53(PPP$)
             Headcount(HC): 0.0680987
          Poverty gap (PG): 0.0202892
       Poverty gap squared: 0.010579
                      Gini: 0.455263
                    Median: 183.098
                       MLD: 0.366763
                      Watt: 0.0333118
--------------------------------------------------

-------------------------------- Income or Consumption share by deciles (%) -------------------------------------
     1.7899     3.1593     4.1689     5.1648     6.2063     7.5686     9.1595     11.492     15.683     35.608
-----------------------------------------------------------------------------------------------------------------


