

**********************************************************************************************
**                                   Basic Information                                      **
**********************************************************************************************

----------------- Dataset Information -----------------
                         Country: Cote d'Ivoire
                    Country dode: CIV
                       Data Year: 2002
                        Coverage: National
             Welfare measurement: Consumption
                     Data format: Unit record
                     Data source: CIV_N2002X
                  Data time span: UnDefined
-------------------------------------------------------


----------- Distribution ------------
   i           P           L 
-------------------------------------
   0    0.010016     0.00103
   1    0.020057   0.0025979
   2    0.030097   0.0044652
   3    0.040051    0.006581
   4    0.050007   0.0089315
   5    0.060056    0.011466
   6     0.07002    0.014128
   7    0.080253    0.017028
   8    0.090085    0.019952
   9     0.10001     0.02303
  10     0.11004    0.026252
  11     0.12005      0.0296
  12     0.13001    0.033068
  13     0.14009    0.036685
  14     0.15013    0.040395
  15     0.16015    0.044223
  16     0.17001    0.048097
  17     0.18001    0.052149
  18     0.19004    0.056341
  19     0.20003     0.06063
  20     0.21001    0.065024
  21     0.22007    0.069555
  22      0.2301    0.074168
  23     0.24021    0.078929
  24     0.25226     0.08475
  25     0.26013    0.088593
  26     0.27744     0.09724
  27     0.28001    0.098532
  28     0.29016     0.10371
  29     0.30001     0.10886
  30     0.31008     0.11426
  31      0.3203     0.11987
  32     0.33008     0.12536
  33     0.35932     0.14217
  34     0.35932     0.14217
  35     0.36015     0.14265
  36     0.37004     0.14842
  37     0.38008      0.1544
  38     0.40984      0.1724
  39     0.40984      0.1724
  40     0.41004     0.17252
  41     0.42027     0.17878
  42     0.43006      0.1849
  43     0.44007     0.19129
  44     0.45007     0.19783
  45     0.46007     0.20448
  46     0.47001     0.21121
  47     0.48005     0.21815
  48     0.50288     0.23426
  49     0.50288     0.23426
  50     0.51001     0.23934
  51      0.5203     0.24683
  52      0.5313     0.25493
  53     0.54001     0.26139
  54     0.55012     0.26902
  55     0.56008     0.27668
  56        0.57     0.28448
  57     0.58005     0.29255
  58     0.59002     0.30072
  59     0.60002     0.30907
  60     0.61005      0.3176
  61      0.6284     0.33347
  62     0.63011     0.33496
  63     0.64003     0.34368
  64     0.65001     0.35265
  65     0.66005     0.36189
  66     0.67005     0.37129
  67     0.68002     0.38086
  68     0.69003     0.39069
  69     0.70004     0.40072
  70      0.7119     0.41285
  71        0.72     0.42126
  72     0.73003     0.43191
  73     0.74009     0.44287
  74     0.75003     0.45399
  75      0.7601     0.46558
  76      0.7701     0.47743
  77     0.78007     0.48958
  78     0.79004     0.50211
  79     0.80003     0.51511
  80     0.81005     0.52847
  81     0.82002     0.54219
  82     0.83003     0.55647
  83     0.84013     0.57125
  84        0.85     0.58626
  85     0.86101     0.60365
  86     0.87002     0.61848
  87     0.88003     0.63572
  88     0.89001     0.65369
  89      0.9071     0.68652
  90     0.91001     0.69226
  91     0.92001     0.71265
  92     0.93009     0.73457
  93     0.94001     0.75774
  94     0.95004     0.78314
  95     0.96001     0.81093
  96     0.97009     0.84244
  97     0.98003     0.87837
  98     0.99002     0.92364
  99           1           1
-----------------------------------------

----------------- PPP$ and local currency --------------
         PPP used in computation: 235.688
     Data mean in local currency: 22506.5
               Data mean in PPP$: 124.396
        Poverty line in PPP$/Day: 1.9
      Poverty line in PPP$/Month: 57.7917
  Poverty line in local currency: 10456
-------------------------------------------------------

----------------- Estimation result --------------
     Number of observation: 10782
          Total population: 1.68943E+07
              Total wealth: 1.61328E+09(PPP$)
                   Minimum: 1.27287(PPP$)
                   Maximum: 3838.29(PPP$)
             Headcount(HC): 0.230309
          Poverty gap (PG): 0.0704517
       Poverty gap squared: 0.0315424
                      Gini: 0.4134
                    Median: 88.0173
                       MLD: 0.289335
                      Watt: 0.0978619
--------------------------------------------------

-------------------------------- Income or Consumption share by deciles (%) -------------------------------------
     2.3025      3.759     4.8239     5.7591     6.5777     7.6837     9.1629     11.438     15.781     32.712
-----------------------------------------------------------------------------------------------------------------


