

**********************************************************************************************
**                                   Basic Information                                      **
**********************************************************************************************

----------------- Dataset Information -----------------
                         Country: Cote d'Ivoire
                    Country dode: CIV
                       Data Year: 1986
                        Coverage: National
             Welfare measurement: Consumption
                     Data format: Unit record
                     Data source: CIV_N1986X
                  Data time span: UnDefined
-------------------------------------------------------


----------- Distribution ------------
   i           P           L 
-------------------------------------
   0     0.01063   0.0017545
   1    0.020608   0.0038653
   2    0.030064   0.0061749
   3    0.040032   0.0088678
   4    0.050385    0.011876
   5    0.060441    0.014959
   6    0.070247    0.018051
   7    0.080316    0.021334
   8    0.090591    0.024813
   9     0.10025    0.028197
  10     0.11015    0.031824
  11     0.12004    0.035565
  12     0.13048    0.039631
  13     0.14063    0.043669
  14     0.15003    0.047452
  15     0.16037    0.051711
  16     0.17061    0.056014
  17     0.18111    0.060529
  18     0.19032    0.064561
  19     0.20036    0.069022
  20     0.21048    0.073565
  21     0.22034    0.078092
  22      0.2301    0.082712
  23     0.24015    0.087583
  24      0.2504    0.092658
  25     0.26035     0.09768
  26     0.27048     0.10288
  27     0.28055     0.10813
  28     0.29035     0.11332
  29     0.30029     0.11868
  30     0.31056     0.12435
  31     0.32024     0.12983
  32     0.33043     0.13566
  33     0.34038     0.14142
  34     0.35015     0.14719
  35     0.36035     0.15327
  36     0.37006     0.15911
  37     0.38016     0.16526
  38     0.39012      0.1714
  39     0.40003     0.17765
  40     0.41049     0.18436
  41     0.42039     0.19079
  42     0.43035     0.19742
  43     0.44086     0.20455
  44     0.45043     0.21115
  45     0.46003     0.21787
  46     0.47003     0.22499
  47      0.4805     0.23255
  48     0.49015     0.23967
  49     0.50067     0.24757
  50      0.5103     0.25491
  51     0.52038     0.26272
  52     0.53038     0.27059
  53     0.54009     0.27834
  54     0.55042     0.28678
  55     0.56077     0.29541
  56     0.57053     0.30367
  57     0.58063     0.31237
  58     0.59372     0.32371
  59     0.60015     0.32934
  60     0.61041     0.33841
  61     0.62099     0.34799
  62     0.63091     0.35715
  63     0.64069     0.36633
  64      0.6503     0.37552
  65      0.6605     0.38547
  66     0.67057     0.39545
  67      0.6804     0.40544
  68     0.69002      0.4154
  69     0.70079     0.42675
  70     0.71214     0.43903
  71     0.72029     0.44804
  72     0.73032     0.45938
  73     0.74005     0.47058
  74     0.75033     0.48267
  75     0.76003     0.49429
  76     0.77165     0.50861
  77     0.78016     0.51939
  78     0.79053      0.5329
  79     0.80014     0.54572
  80     0.81005      0.5594
  81     0.82008     0.57364
  82     0.83014     0.58831
  83     0.84038     0.60363
  84      0.8504     0.61912
  85     0.86012     0.63465
  86     0.87008     0.65125
  87     0.88072     0.66957
  88     0.89039     0.68687
  89     0.90057     0.70572
  90     0.91029     0.72435
  91     0.92017     0.74437
  92     0.93012     0.76546
  93      0.9413     0.79095
  94     0.95023     0.81292
  95     0.96009     0.83883
  96     0.97003     0.86695
  97     0.98018      0.9003
  98     0.99021     0.94066
  99           1           1
-----------------------------------------

----------------- PPP$ and local currency --------------
         PPP used in computation: 235.688
     Data mean in local currency: 18275.9
               Data mean in PPP$: 222.641
        Poverty line in PPP$/Day: 1.9
      Poverty line in PPP$/Month: 57.7917
  Poverty line in local currency: 4743.94
-------------------------------------------------------

----------------- Estimation result --------------
     Number of observation: 1599
          Total population: 1.05436E+07
              Total wealth: 8.17584E+08(PPP$)
                   Minimum: 7.6694(PPP$)
                   Maximum: 869.848(PPP$)
             Headcount(HC): 0.0309606
          Poverty gap (PG): 0.00628284
       Poverty gap squared: 0.00189764
                      Gini: 0.379698
                    Median: 167.742
                       MLD: 0.236752
                      Watt: 0.00759085
--------------------------------------------------

-------------------------------- Income or Consumption share by deciles (%) -------------------------------------
     2.8109     4.0753     4.9662     5.9104     6.9441     8.2137     9.6711     11.962     15.913     29.534
-----------------------------------------------------------------------------------------------------------------


