

**********************************************************************************************
**                                   Basic Information                                      **
**********************************************************************************************

----------------- Dataset Information -----------------
                         Country: Cameroon
                    Country dode: CMR
                       Data Year: 1996
                        Coverage: National
             Welfare measurement: Consumption
                     Data format: Unit record
                     Data source: CMR_N1996X
                  Data time span: UnDefined
-------------------------------------------------------


----------- Distribution ------------
   i           P           L 
-------------------------------------
   0    0.011041   0.0019419
   1    0.021524     0.00403
   2    0.031574   0.0063158
   3    0.040191   0.0083675
   4    0.054165    0.011872
   5    0.060502    0.013517
   6    0.070358    0.016174
   7    0.081257    0.019233
   8    0.090538    0.021931
   9     0.10016    0.024851
  10     0.11105    0.028285
  11     0.12036    0.031351
  12     0.13475    0.036264
  13      0.1406    0.038314
  14     0.15008    0.041667
  15     0.16017    0.045368
  16      0.1701     0.04912
  17     0.18115    0.053404
  18     0.19124    0.057403
  19     0.20059    0.061209
  20     0.21179     0.06587
  21     0.22039    0.069513
  22     0.23217     0.07458
  23      0.2419    0.078838
  24     0.25282    0.083698
  25     0.26174    0.087716
  26     0.27439    0.093441
  27     0.28068    0.096301
  28     0.29084     0.10097
  29     0.30008     0.10527
  30     0.31259     0.11121
  31      0.3203     0.11493
  32     0.33084      0.1201
  33     0.34374      0.1266
  34     0.35014     0.12984
  35     0.36055     0.13521
  36     0.37137      0.1409
  37     0.38007     0.14551
  38     0.39017     0.15096
  39     0.40173     0.15735
  40     0.41018     0.16209
  41     0.42085     0.16815
  42     0.43068     0.17382
  43     0.44026     0.17941
  44     0.45027     0.18536
  45     0.46051     0.19153
  46     0.47004     0.19736
  47     0.48076     0.20399
  48     0.49031        0.21
  49     0.50017     0.21627
  50     0.51168     0.22377
  51     0.52285     0.23121
  52     0.53134     0.23698
  53     0.54135     0.24383
  54     0.55083     0.25035
  55     0.56034     0.25698
  56     0.57036     0.26411
  57     0.58006     0.27122
  58     0.59069     0.27922
  59     0.60147     0.28747
  60     0.61015     0.29417
  61     0.62112     0.30283
  62     0.63043     0.31032
  63     0.64123     0.31917
  64     0.65036     0.32685
  65     0.66098     0.33593
  66        0.67      0.3438
  67     0.68111     0.35379
  68     0.69107     0.36296
  69     0.70036     0.37169
  70     0.71028     0.38137
  71      0.7207     0.39173
  72     0.73005     0.40131
  73      0.7408     0.41266
  74      0.7504     0.42309
  75     0.76039     0.43423
  76     0.77014     0.44559
  77      0.7807     0.45833
  78      0.7925     0.47309
  79     0.80065     0.48349
  80     0.81005     0.49576
  81     0.82017     0.50946
  82     0.83005     0.52306
  83     0.84182     0.54007
  84     0.85003     0.55238
  85     0.86005     0.56806
  86     0.87265     0.58885
  87     0.88028     0.60181
  88     0.89007     0.61927
  89     0.90012      0.6387
  90     0.91012     0.65909
  91     0.92009     0.68041
  92     0.93001     0.70265
  93     0.94023     0.72697
  94     0.95026     0.75301
  95     0.96024     0.78392
  96     0.97004     0.81806
  97     0.98004     0.85767
  98     0.99002     0.90651
  99           1           1
-----------------------------------------

----------------- PPP$ and local currency --------------
         PPP used in computation: 230.375
     Data mean in local currency: 14470.9
               Data mean in PPP$: 92.8782
        Poverty line in PPP$/Day: 1.9
      Poverty line in PPP$/Month: 57.7917
  Poverty line in local currency: 9004.26
-------------------------------------------------------

----------------- Estimation result --------------
     Number of observation: 1728
          Total population: 1.29123E+07
              Total wealth: 8.11082E+08(PPP$)
                   Minimum: 4.09207(PPP$)
                   Maximum: 2004.68(PPP$)
             Headcount(HC): 0.480758
          Poverty gap (PG): 0.152928
       Poverty gap squared: 0.0663354
                      Gini: 0.444468
                    Median: 59.3896
                       MLD: 0.325144
                      Watt: 0.206188
--------------------------------------------------

-------------------------------- Income or Consumption share by deciles (%) -------------------------------------
     2.4801     3.6167     4.4267     5.1155     5.9774     7.0176     8.5012      11.13     15.581     36.153
-----------------------------------------------------------------------------------------------------------------


