

**********************************************************************************************
**                                   Basic Information                                      **
**********************************************************************************************

----------------- Dataset Information -----------------
                         Country: Cameroon
                    Country dode: CMR
                       Data Year: 2007
                        Coverage: National
             Welfare measurement: Consumption
                     Data format: Unit record
                     Data source: CMR_N2007X
                  Data time span: UnDefined
-------------------------------------------------------


----------- Distribution ------------
   i           P           L 
-------------------------------------
   0    0.010002    0.001992
   1    0.020449   0.0042076
   2    0.030226   0.0063934
   3      0.0404   0.0087768
   4    0.050293    0.011176
   5    0.060058    0.013633
   6    0.070065    0.016256
   7    0.080995    0.019216
   8    0.090075    0.021741
   9     0.10003    0.024579
  10     0.11009     0.02754
  11     0.12005    0.030567
  12     0.13035    0.033788
  13     0.14007    0.036927
  14     0.15002     0.04024
  15     0.16006    0.043684
  16     0.17025    0.047284
  17     0.18001    0.050796
  18     0.19028     0.05458
  19     0.20015    0.058309
  20     0.21014    0.062167
  21     0.22016    0.066123
  22     0.23009    0.070136
  23     0.24016    0.074287
  24     0.25029    0.078548
  25     0.26006    0.082733
  26     0.27003    0.087125
  27     0.28013     0.09169
  28     0.29016    0.096307
  29     0.30005     0.10094
  30     0.31004      0.1057
  31     0.32009      0.1106
  32     0.33006     0.11555
  33     0.34003     0.12058
  34     0.35003     0.12572
  35     0.36001     0.13098
  36     0.37011      0.1364
  37     0.38018     0.14193
  38     0.39005     0.14748
  39     0.40005     0.15319
  40     0.41017     0.15907
  41     0.42004     0.16489
  42      0.4301     0.17094
  43        0.44       0.177
  44     0.45001     0.18323
  45     0.46008      0.1896
  46     0.47003     0.19601
  47     0.48004     0.20259
  48     0.49029     0.20947
  49      0.5002     0.21624
  50      0.5101     0.22317
  51     0.52006      0.2303
  52        0.53     0.23756
  53     0.54021     0.24519
  54     0.55063     0.25316
  55     0.56004     0.26049
  56     0.57009     0.26846
  57     0.58022     0.27667
  58     0.59002     0.28477
  59     0.60025     0.29338
  60     0.61005     0.30181
  61     0.62007     0.31061
  62     0.63004     0.31954
  63     0.64014     0.32878
  64     0.65013     0.33817
  65     0.66022     0.34788
  66     0.67003     0.35751
  67     0.68002     0.36756
  68     0.69009     0.37792
  69     0.70019     0.38856
  70     0.71014     0.39927
  71     0.72003     0.41015
  72     0.73003     0.42136
  73     0.74009     0.43297
  74      0.7503     0.44509
  75     0.76018     0.45711
  76     0.77001     0.46934
  77     0.78004     0.48214
  78     0.79006     0.49523
  79     0.80007     0.50868
  80     0.81005     0.52248
  81      0.8201     0.53677
  82     0.83004     0.55133
  83        0.84     0.56633
  84     0.85012     0.58212
  85     0.86007     0.59819
  86     0.87009     0.61503
  87     0.88001     0.63238
  88     0.89004     0.65063
  89     0.90001     0.66965
  90     0.91006     0.68982
  91     0.92001     0.71083
  92     0.93002     0.73336
  93     0.94005     0.75754
  94     0.95001     0.78348
  95     0.96003     0.81199
  96     0.97003     0.84338
  97      0.9801     0.87946
  98     0.99018     0.92395
  99           1           1
-----------------------------------------

----------------- PPP$ and local currency --------------
         PPP used in computation: 230.375
     Data mean in local currency: 25286.2
               Data mean in PPP$: 124.205
        Poverty line in PPP$/Day: 1.9
      Poverty line in PPP$/Month: 57.7917
  Poverty line in local currency: 11765.5
-------------------------------------------------------

----------------- Estimation result --------------
     Number of observation: 11390
          Total population: 1.78792E+07
              Total wealth: 1.96244E+09(PPP$)
                   Minimum: 21.0678(PPP$)
                   Maximum: 4101.89(PPP$)
             Headcount(HC): 0.292666
          Poverty gap (PG): 0.0831814
       Poverty gap squared: 0.0316019
                      Gini: 0.428201
                    Median: 85.8367
                       MLD: 0.30312
                      Watt: 0.10607
--------------------------------------------------

-------------------------------- Income or Consumption share by deciles (%) -------------------------------------
     2.4569     3.3682     4.2662     5.2247     6.2941     7.7069     9.5188     12.023     16.103     33.038
-----------------------------------------------------------------------------------------------------------------


