

**********************************************************************************************
**                                   Basic Information                                      **
**********************************************************************************************

----------------- Dataset Information -----------------
                         Country: Cameroon
                    Country dode: CMR
                       Data Year: 2014
                        Coverage: National
             Welfare measurement: Consumption
                     Data format: Unit record
                     Data source: CMR_N2014X
                  Data time span: UnDefined
-------------------------------------------------------


----------- Distribution ------------
   i           P           L 
-------------------------------------
   0    0.010604   0.0010087
   1    0.020199   0.0022361
   2    0.030641   0.0037565
   3    0.040079   0.0052666
   4    0.050068    0.006981
   5    0.060059   0.0088088
   6    0.070094    0.010757
   7    0.080581    0.012945
   8    0.090408    0.015082
   9     0.10008      0.0173
  10     0.11008     0.01968
  11     0.12005    0.022164
  12     0.13023    0.024796
  13     0.14007    0.027424
  14     0.15013    0.030198
  15     0.16054    0.033162
  16     0.17013    0.035981
  17     0.18004    0.038984
  18     0.19006     0.04211
  19         0.2    0.045307
  20     0.21009     0.04862
  21     0.22005    0.051969
  22      0.2304    0.055551
  23     0.24016    0.059024
  24     0.25004     0.06262
  25     0.26006    0.066361
  26     0.27086    0.070505
  27     0.28004    0.074118
  28     0.29041    0.078317
  29      0.3001    0.082343
  30     0.31009    0.086599
  31     0.32002    0.090941
  32     0.33019      0.0955
  33     0.34015     0.10009
  34     0.35033     0.10491
  35     0.36007     0.10965
  36     0.37009     0.11463
  37     0.38005     0.11969
  38     0.39017     0.12496
  39     0.40011     0.13027
  40     0.41002     0.13571
  41     0.42008     0.14137
  42      0.4301     0.14713
  43     0.44018     0.15306
  44     0.45006     0.15899
  45     0.46011     0.16517
  46     0.47038     0.17165
  47     0.48025     0.17802
  48     0.49003     0.18447
  49     0.50007     0.19122
  50     0.51001     0.19802
  51        0.52     0.20501
  52     0.53016     0.21234
  53     0.54004     0.21963
  54     0.55003     0.22714
  55     0.56011     0.23489
  56     0.57003     0.24268
  57     0.58022     0.25088
  58     0.59013     0.25906
  59     0.60016     0.26752
  60     0.61001     0.27598
  61     0.62012     0.28488
  62     0.63009     0.29386
  63     0.64018     0.30317
  64     0.65002     0.31246
  65     0.66002     0.32215
  66     0.67028     0.33226
  67     0.68006     0.34211
  68        0.69     0.35233
  69     0.70002     0.36285
  70     0.71006     0.37363
  71     0.72015     0.38474
  72     0.73011     0.39597
  73     0.74011     0.40754
  74     0.75009     0.41939
  75     0.76009     0.43154
  76     0.77001     0.44397
  77     0.78019     0.45707
  78     0.79004      0.4701
  79     0.80035     0.48416
  80     0.81001      0.4977
  81     0.82002     0.51225
  82     0.83004     0.52736
  83     0.84001      0.5429
  84     0.85006     0.55921
  85     0.86002     0.57591
  86      0.8701     0.59352
  87     0.88007     0.61156
  88     0.89001     0.63037
  89     0.90018     0.65075
  90     0.91003     0.67144
  91     0.92008     0.69375
  92     0.93017     0.71747
  93     0.94021     0.74296
  94     0.95002     0.76994
  95     0.96009     0.80021
  96     0.97008     0.83378
  97     0.98011      0.8733
  98     0.99001     0.92024
  99           1           1
-----------------------------------------

----------------- PPP$ and local currency --------------
         PPP used in computation: 230.375
     Data mean in local currency: 39494.6
               Data mean in PPP$: 160.237
        Poverty line in PPP$/Day: 1.9
      Poverty line in PPP$/Month: 57.7917
  Poverty line in local currency: 14244.3
-------------------------------------------------------

----------------- Estimation result --------------
     Number of observation: 10302
          Total population: 2.15733E+07
              Total wealth: 3.69845E+09(PPP$)
                   Minimum: 8.29647(PPP$)
                   Maximum: 5997.09(PPP$)
             Headcount(HC): 0.239759
          Poverty gap (PG): 0.0765014
       Poverty gap squared: 0.0340569
                      Gini: 0.465441
                    Median: 108.68
                       MLD: 0.377195
                      Watt: 0.104787
--------------------------------------------------

-------------------------------- Income or Consumption share by deciles (%) -------------------------------------
     1.7281     2.8025     3.6995     4.7914     6.0961     7.6201     9.5449     12.085     16.671     34.961
-----------------------------------------------------------------------------------------------------------------


