

**********************************************************************************************
**                                   Basic Information                                      **
**********************************************************************************************

----------------- Dataset Information -----------------
                         Country: Cameroon
                    Country dode: CMR
                       Data Year: 2001
                        Coverage: National
             Welfare measurement: Consumption
                     Data format: Unit record
                     Data source: CMR_N2001X
                  Data time span: UnDefined
-------------------------------------------------------


----------- Distribution ------------
   i           P           L 
-------------------------------------
   0    0.010093   0.0012866
   1    0.020784   0.0033664
   2    0.030011   0.0053984
   3    0.040102   0.0078148
   4    0.050104    0.010331
   5    0.060061    0.012978
   6     0.07017    0.015815
   7    0.080098    0.018704
   8    0.090163    0.021755
   9     0.10077    0.025105
  10     0.11009     0.02815
  11     0.12016    0.031525
  12     0.13035    0.035059
  13     0.14007    0.038518
  14     0.15028    0.042237
  15     0.16025    0.045969
  16     0.17006    0.049722
  17     0.18041    0.053775
  18     0.19063    0.057846
  19     0.20011    0.061714
  20     0.21008    0.065878
  21     0.22012    0.070152
  22     0.23007     0.07447
  23     0.24003    0.078873
  24        0.25    0.083367
  25     0.26007    0.087984
  26     0.27008    0.092667
  27     0.28064    0.097699
  28      0.2901     0.10228
  29     0.30013     0.10722
  30     0.31013     0.11221
  31     0.32001     0.11724
  32     0.33002     0.12244
  33     0.34028     0.12787
  34     0.35003     0.13312
  35     0.36008     0.13863
  36     0.37009      0.1442
  37     0.38002     0.14985
  38     0.39003     0.15566
  39     0.40009      0.1616
  40     0.41044     0.16784
  41     0.42003     0.17373
  42     0.43003     0.17999
  43     0.44007     0.18637
  44     0.45004     0.19283
  45     0.46015      0.1995
  46     0.47004     0.20611
  47     0.48003     0.21288
  48     0.49022     0.21991
  49         0.5     0.22676
  50     0.51001      0.2339
  51        0.52     0.24115
  52     0.53003     0.24854
  53     0.54024     0.25621
  54     0.55001     0.26366
  55     0.56008     0.27146
  56     0.57002      0.2793
  57     0.58003     0.28735
  58     0.59008      0.2956
  59     0.60002     0.30389
  60     0.61009     0.31244
  61     0.62003     0.32103
  62     0.63017     0.32993
  63     0.64011      0.3388
  64     0.65004     0.34782
  65     0.66001     0.35704
  66     0.67014     0.36661
  67     0.68004     0.37616
  68     0.69009     0.38607
  69     0.70009     0.39612
  70     0.71004     0.40629
  71     0.72001     0.41672
  72     0.73003     0.42746
  73     0.74019     0.43859
  74        0.75     0.44957
  75     0.76003     0.46107
  76     0.77003     0.47282
  77     0.78008     0.48494
  78     0.79005     0.49727
  79     0.80002     0.50998
  80        0.81     0.52316
  81     0.82002     0.53682
  82     0.83002     0.55085
  83     0.84001      0.5653
  84     0.85007     0.58035
  85        0.86     0.59577
  86     0.87005      0.6119
  87     0.88005     0.62844
  88     0.89002      0.6456
  89     0.90009      0.6637
  90     0.91016     0.68276
  91     0.92001     0.70238
  92     0.93005     0.72364
  93     0.94002     0.74634
  94     0.95001     0.77088
  95     0.96009     0.79821
  96     0.97001     0.82818
  97      0.9801     0.86298
  98     0.99005     0.90501
  99           1           1
-----------------------------------------

----------------- PPP$ and local currency --------------
         PPP used in computation: 230.375
     Data mean in local currency: 23843
               Data mean in PPP$: 131.457
        Poverty line in PPP$/Day: 1.9
      Poverty line in PPP$/Month: 57.7917
  Poverty line in local currency: 10482
-------------------------------------------------------

----------------- Estimation result --------------
     Number of observation: 10991
          Total population: 1.54726E+07
              Total wealth: 1.60135E+09(PPP$)
                   Minimum: 6.35128(PPP$)
                   Maximum: 6187.34(PPP$)
             Headcount(HC): 0.231184
          Poverty gap (PG): 0.0606721
       Poverty gap squared: 0.0235027
                      Gini: 0.421368
                    Median: 92.8928
                       MLD: 0.297902
                      Watt: 0.0793327
--------------------------------------------------

-------------------------------- Income or Consumption share by deciles (%) -------------------------------------
     2.4863     3.6806     4.5486     5.4393     6.5211     7.7118     9.2151     11.393     15.359     33.646
-----------------------------------------------------------------------------------------------------------------


