

**********************************************************************************************
**                                   Basic Information                                      **
**********************************************************************************************

----------------- Dataset Information -----------------
                         Country: Congo, Republic of
                    Country dode: COG
                       Data Year: 2011
                        Coverage: National
             Welfare measurement: Consumption
                     Data format: Unit record
                     Data source: COG_N2011X
                  Data time span: UnDefined
-------------------------------------------------------


----------- Distribution ------------
   i           P           L 
-------------------------------------
   0    0.010129  0.00079772
   1    0.020189    0.001882
   2     0.03016   0.0031452
   3    0.040066   0.0045574
   4    0.050087   0.0061239
   5    0.060126   0.0078191
   6    0.070074   0.0096074
   7    0.080041    0.011498
   8     0.09001    0.013495
   9     0.10007    0.015618
  10     0.11013    0.017838
  11     0.12018    0.020158
  12        0.13    0.022521
  13     0.14003    0.025035
  14     0.15005    0.027633
  15     0.16003    0.030301
  16     0.17001    0.033058
  17     0.18001    0.035928
  18     0.19002    0.038899
  19     0.20003    0.041965
  20        0.21    0.045116
  21     0.22006    0.048379
  22     0.23002    0.051703
  23     0.24009    0.055142
  24     0.25007    0.058646
  25     0.26001    0.062227
  26     0.27002    0.065933
  27     0.28006    0.069753
  28     0.29033    0.073782
  29         0.3    0.077681
  30     0.31025    0.081917
  31     0.32026    0.086151
  32     0.33007    0.090411
  33     0.34006    0.094864
  34     0.35053    0.099653
  35     0.36002     0.10412
  36     0.37004     0.10898
  37     0.38005     0.11398
  38     0.39001     0.11903
  39     0.40077     0.12462
  40     0.41011     0.12956
  41     0.42014     0.13502
  42     0.43003     0.14055
  43     0.44005     0.14629
  44     0.45005     0.15216
  45     0.46077     0.15858
  46     0.47081     0.16471
  47     0.48023     0.17058
  48     0.49022     0.17692
  49     0.50014     0.18332
  50     0.51002     0.18981
  51        0.52     0.19651
  52        0.53     0.20337
  53     0.54002      0.2104
  54     0.55003     0.21756
  55     0.56004     0.22491
  56     0.57021     0.23254
  57     0.58004     0.24009
  58     0.59004     0.24794
  59     0.60008     0.25599
  60     0.61036     0.26438
  61     0.62037     0.27269
  62        0.63     0.28085
  63     0.64022      0.2897
  64     0.65007     0.29842
  65      0.6601     0.30752
  66     0.67018      0.3169
  67     0.68055     0.32681
  68      0.6906     0.33665
  69     0.70019     0.34623
  70     0.71027      0.3566
  71     0.72005      0.3669
  72        0.73     0.37767
  73     0.74036     0.38925
  74     0.75017     0.40058
  75     0.76023     0.41248
  76      0.7702     0.42456
  77     0.78045     0.43726
  78     0.79015     0.44963
  79     0.80008     0.46275
  80      0.8101     0.47635
  81     0.82002     0.49022
  82     0.83001     0.50457
  83     0.84005     0.51953
  84     0.85006     0.53498
  85     0.86013     0.55115
  86        0.87     0.56757
  87     0.88034      0.5853
  88     0.89003     0.60242
  89     0.90019     0.62107
  90     0.91029     0.64055
  91     0.92025     0.66106
  92     0.93004     0.68279
  93     0.94001     0.70677
  94     0.95042     0.73396
  95     0.96017     0.76254
  96     0.97026     0.79723
  97     0.98019     0.83854
  98     0.99015     0.89336
  99           1           1
-----------------------------------------

----------------- PPP$ and local currency --------------
         PPP used in computation: 296.5
     Data mean in local currency: 34813.2
               Data mean in PPP$: 117.414
        Poverty line in PPP$/Day: 1.9
      Poverty line in PPP$/Month: 57.7917
  Poverty line in local currency: 17135.2
-------------------------------------------------------

----------------- Estimation result --------------
     Number of observation: 10393
          Total population: 4.04883E+06
              Total wealth: 4.75389E+08(PPP$)
                   Minimum: 2.27467(PPP$)
                   Maximum: 5803.42(PPP$)
             Headcount(HC): 0.369654
          Poverty gap (PG): 0.148621
       Poverty gap squared: 0.0778238
                      Gini: 0.489388
                    Median: 76.2148
                       MLD: 0.422275
                      Watt: 0.221352
--------------------------------------------------

-------------------------------- Income or Consumption share by deciles (%) -------------------------------------
     1.5604     2.6351     3.5724     4.6539     5.9012      7.269     9.0122      11.66     15.807     37.929
-----------------------------------------------------------------------------------------------------------------


