

**********************************************************************************************
**                                   Basic Information                                      **
**********************************************************************************************

----------------- Dataset Information -----------------
                         Country: Colombia
                    Country dode: COL
                       Data Year: 2004
                        Coverage: National
             Welfare measurement: Income
                     Data format: Unit record
                     Data source: COL_N2004Y
                  Data time span: UnDefined
-------------------------------------------------------


----------- Distribution ------------
   i           P           L 
-------------------------------------
   0    0.010018  0.00023786
   1    0.020057  0.00087817
   2    0.030087   0.0017155
   3    0.040002   0.0027048
   4    0.050127   0.0038599
   5    0.060049   0.0051213
   6    0.070037    0.006504
   7    0.080015   0.0079858
   8    0.090017   0.0095683
   9     0.10006    0.011263
  10     0.11004    0.013049
  11        0.12    0.014922
  12     0.13003    0.016882
  13     0.14003    0.018942
  14     0.15006    0.021102
  15      0.1602    0.023363
  16     0.17005     0.02564
  17     0.18001    0.028023
  18     0.19001    0.030498
  19     0.20008    0.033076
  20     0.21001    0.035697
  21      0.2206     0.03857
  22     0.23035    0.041286
  23     0.24001    0.044052
  24     0.25003    0.047009
  25      0.2601    0.050055
  26        0.27    0.053131
  27        0.28    0.056332
  28     0.29001    0.059624
  29         0.3    0.062992
  30        0.31    0.066449
  31     0.32001    0.069993
  32     0.33001    0.073618
  33        0.34     0.07733
  34     0.35001    0.081116
  35        0.36    0.084976
  36     0.37001    0.088936
  37     0.38001    0.092985
  38     0.39001    0.097143
  39     0.40002     0.10141
  40      0.4103      0.1059
  41     0.42013     0.11028
  42     0.43005     0.11483
  43        0.44     0.11949
  44     0.45007     0.12429
  45     0.46003     0.12913
  46     0.47001     0.13409
  47     0.48015     0.13923
  48     0.49001     0.14432
  49     0.50001      0.1496
  50     0.51006     0.15502
  51     0.52003     0.16052
  52     0.53013     0.16624
  53     0.54008     0.17201
  54     0.55003     0.17792
  55     0.56001       0.184
  56     0.57004     0.19025
  57     0.58003     0.19663
  58     0.59018     0.20328
  59         0.6     0.20986
  60     0.61001     0.21673
  61     0.62001     0.22376
  62     0.63001     0.23098
  63      0.6406     0.23886
  64     0.65001     0.24602
  65      0.6602     0.25399
  66     0.67004     0.26184
  67     0.68001     0.27004
  68     0.69006     0.27854
  69     0.70014     0.28733
  70     0.71007     0.29623
  71     0.72003     0.30545
  72     0.73002     0.31495
  73     0.74001     0.32471
  74     0.75004     0.33479
  75        0.76     0.34511
  76     0.77006     0.35587
  77        0.78      0.3669
  78     0.79004     0.37842
  79     0.80005     0.39034
  80     0.81012     0.40284
  81     0.82001     0.41566
  82     0.83007     0.42929
  83     0.84005     0.44339
  84     0.85001      0.4581
  85     0.86003     0.47363
  86        0.87     0.48989
  87        0.88     0.50715
  88     0.89009     0.52563
  89     0.90003       0.545
  90     0.91001     0.56565
  91     0.92001     0.58798
  92     0.93002      0.6123
  93        0.94     0.63892
  94     0.95001     0.66883
  95     0.96009     0.70301
  96     0.97005     0.74319
  97     0.98003      0.7931
  98        0.99     0.86079
  99           1           1
-----------------------------------------

----------------- PPP$ and local currency --------------
         PPP used in computation: 1196.95
     Data mean in local currency: 263971
               Data mean in PPP$: 303.592
        Poverty line in PPP$/Day: 1.9
      Poverty line in PPP$/Month: 57.7917
  Poverty line in local currency: 50249.3
-------------------------------------------------------

----------------- Estimation result --------------
     Number of observation: 30072
          Total population: 4.0403E+07
              Total wealth: 8.91028E+09(PPP$)
                   Minimum: 0(PPP$)
                   Maximum: 15476.1(PPP$)
             Headcount(HC): 0.117865
          Poverty gap (PG): 0.04162
       Poverty gap squared: 0.0220509
                      Gini: 0.561132
                    Median: 162.052
                       MLD: 0.593578
                      Watt: 0.0614509
--------------------------------------------------

-------------------------------- Income or Consumption share by deciles (%) -------------------------------------
     1.1253     2.1801     2.9936     3.8406     4.8192     6.0267      7.736     10.307     15.465     45.507
-----------------------------------------------------------------------------------------------------------------


