

**********************************************************************************************
**                                   Basic Information                                      **
**********************************************************************************************

----------------- Dataset Information -----------------
                         Country: Colombia
                    Country dode: COL
                       Data Year: 1992
                        Coverage: National
             Welfare measurement: Income
                     Data format: Unit record
                     Data source: COL_N1992Y
                  Data time span: UnDefined
-------------------------------------------------------


----------- Distribution ------------
   i           P           L 
-------------------------------------
   0    0.027781           0
   1    0.027781           0
   2    0.030061  4.4742E-05
   3     0.04051   0.0007554
   4    0.050276   0.0018341
   5    0.060069   0.0031913
   6    0.079209   0.0064573
   7    0.080137   0.0066257
   8    0.090144    0.008557
   9     0.10545    0.011753
  10     0.11358    0.013557
  11     0.12038    0.015124
  12     0.13007    0.017416
  13     0.14019    0.019928
  14     0.15976     0.02509
  15     0.16002    0.025163
  16     0.17406    0.029129
  17     0.18172     0.03135
  18     0.19553    0.035426
  19     0.20071    0.036996
  20     0.21028    0.039981
  21     0.22044    0.043242
  22     0.23019    0.046478
  23     0.24009    0.049892
  24     0.26303    0.058083
  25     0.26303    0.058083
  26     0.27014    0.060683
  27     0.28032    0.064531
  28     0.29008    0.068301
  29      0.3052    0.074296
  30     0.31183    0.076999
  31     0.32037    0.080554
  32     0.33375    0.086268
  33     0.34033     0.08912
  34     0.36018    0.097966
  35     0.36018    0.097966
  36     0.37297     0.10383
  37     0.38039     0.10731
  38       0.392     0.11286
  39     0.40152     0.11751
  40      0.4101     0.12179
  41      0.4221     0.12793
  42     0.44704     0.14122
  43     0.44704     0.14122
  44        0.45     0.14283
  45     0.46004      0.1484
  46     0.47013     0.15414
  47     0.48007      0.1599
  48     0.49518     0.16884
  49      0.5036     0.17392
  50     0.51726      0.1824
  51     0.52126     0.18493
  52     0.53093     0.19112
  53     0.54187     0.19827
  54     0.55146     0.20467
  55      0.5602     0.21061
  56     0.58686      0.2295
  57     0.58686      0.2295
  58     0.59019      0.2319
  59     0.60004     0.23917
  60     0.61065      0.2472
  61     0.62014     0.25456
  62     0.63655     0.26763
  63     0.64054     0.27087
  64     0.65012     0.27881
  65      0.6604      0.2876
  66     0.68405     0.30864
  67     0.68405     0.30864
  68     0.69001     0.31406
  69     0.70057     0.32389
  70     0.71083     0.33369
  71     0.72022     0.34291
  72     0.73177      0.3546
  73     0.74892     0.37282
  74     0.75018     0.37417
  75     0.76034     0.38542
  76     0.77022     0.39675
  77     0.78011     0.40846
  78     0.79355     0.42503
  79     0.80009      0.4334
  80     0.81162      0.4487
  81     0.82008     0.46031
  82     0.83053     0.47526
  83     0.84132     0.49129
  84     0.85001     0.50478
  85     0.86003     0.52105
  86     0.87872     0.55383
  87     0.88006     0.55627
  88     0.89125     0.57756
  89     0.90037      0.5962
  90     0.91048     0.61832
  91     0.92012     0.64096
  92     0.93297     0.67446
  93     0.94002     0.69437
  94      0.9505     0.72664
  95     0.96063     0.76196
  96     0.97009     0.79897
  97     0.98002     0.84408
  98     0.99005     0.90213
  99           1           1
-----------------------------------------

----------------- PPP$ and local currency --------------
         PPP used in computation: 1196.95
     Data mean in local currency: 56015.3
               Data mean in PPP$: 308.307
        Poverty line in PPP$/Day: 1.9
      Poverty line in PPP$/Month: 57.7917
  Poverty line in local currency: 10500
-------------------------------------------------------

----------------- Estimation result --------------
     Number of observation: 2426
          Total population: 1.04012E+07
              Total wealth: 4.86755E+08(PPP$)
                   Minimum: 0(PPP$)
                   Maximum: 1670.9(PPP$)
             Headcount(HC): 0.0814414
          Poverty gap (PG): 0.0448107
       Poverty gap squared: 0.0364888
                      Gini: 0.514537
                    Median: 187.135
                       MLD: 0.701826
                      Watt: 0.0263354
--------------------------------------------------

-------------------------------- Income or Consumption share by deciles (%) -------------------------------------
     1.0615     2.6165     3.5453     4.4533      5.498     6.7389      8.422     10.993     16.216     40.456
-----------------------------------------------------------------------------------------------------------------


