

**********************************************************************************************
**                                   Basic Information                                      **
**********************************************************************************************

----------------- Dataset Information -----------------
                         Country: Colombia
                    Country dode: COL
                       Data Year: 2012
                        Coverage: National
             Welfare measurement: Income
                     Data format: Unit record
                     Data source: COL_N2012Y
                  Data time span: UnDefined
-------------------------------------------------------


----------- Distribution ------------
   i           P           L 
-------------------------------------
   0    0.010092  0.00011136
   1    0.020093  0.00057714
   2     0.03003   0.0012807
   3    0.040477   0.0022388
   4    0.050005   0.0032808
   5    0.060255   0.0045294
   6    0.070011   0.0058474
   7    0.080021   0.0073267
   8    0.090118   0.0089362
   9     0.10014    0.010649
  10     0.11008    0.012446
  11        0.12    0.014344
  12     0.13008    0.016357
  13     0.14008    0.018441
  14     0.15005    0.020614
  15     0.16012    0.022905
  16     0.17001     0.02524
  17     0.18001    0.027694
  18     0.19001    0.030246
  19     0.20005    0.032912
  20     0.21052    0.035787
  21     0.22008    0.038497
  22     0.23015    0.041458
  23        0.24    0.044415
  24        0.25    0.047513
  25     0.26004    0.050721
  26     0.27005     0.05401
  27     0.28007    0.057413
  28     0.29001    0.060871
  29     0.30009    0.064488
  30     0.31025    0.068232
  31     0.32001    0.071923
  32        0.33    0.075811
  33     0.34011     0.07983
  34     0.35018    0.083911
  35     0.36002    0.088009
  36     0.37002     0.09229
  37     0.38001     0.09668
  38     0.39001     0.10119
  39         0.4      0.1058
  40     0.41008     0.11056
  41     0.42013     0.11544
  42        0.43     0.12034
  43     0.44006     0.12544
  44     0.45002      0.1306
  45     0.46004     0.13592
  46     0.47011     0.14138
  47     0.48001     0.14688
  48     0.49003     0.15258
  49         0.5     0.15839
  50        0.51     0.16435
  51     0.52039     0.17066
  52     0.53036     0.17687
  53     0.54011     0.18311
  54     0.55053     0.18995
  55     0.56002     0.19632
  56     0.57094     0.20382
  57     0.58005     0.21023
  58        0.59     0.21739
  59     0.60057     0.22518
  60     0.61019     0.23242
  61     0.62002     0.24001
  62     0.63002     0.24793
  63     0.64002     0.25601
  64     0.65019     0.26446
  65     0.66008      0.2729
  66     0.67001     0.28159
  67        0.68     0.29059
  68     0.69001     0.29983
  69     0.70002     0.30934
  70     0.71001     0.31915
  71     0.72004     0.32921
  72     0.73001     0.33952
  73     0.74003     0.35021
  74        0.75     0.36114
  75     0.76002     0.37246
  76     0.77001     0.38414
  77     0.78002     0.39616
  78     0.79001     0.40855
  79     0.80001     0.42131
  80     0.81001     0.43449
  81     0.82004     0.44818
  82     0.83002     0.46223
  83     0.84038     0.47741
  84     0.85002     0.49215
  85     0.86001     0.50808
  86     0.87001     0.52477
  87     0.88006     0.54238
  88     0.89006     0.56081
  89     0.90002     0.58019
  90     0.91001     0.60084
  91     0.92007      0.6232
  92        0.93     0.64699
  93        0.94     0.67307
  94        0.95     0.70203
  95     0.96004     0.73476
  96     0.97004     0.77236
  97     0.98003     0.81827
  98     0.99001     0.87711
  99           1           1
-----------------------------------------

----------------- PPP$ and local currency --------------
         PPP used in computation: 1196.95
     Data mean in local currency: 504376
               Data mean in PPP$: 405.226
        Poverty line in PPP$/Day: 1.9
      Poverty line in PPP$/Month: 57.7917
  Poverty line in local currency: 71931.9
-------------------------------------------------------

----------------- Estimation result --------------
     Number of observation: 29694
          Total population: 4.43613E+07
              Total wealth: 1.86931E+10(PPP$)
                   Minimum: 0(PPP$)
                   Maximum: 43979.3(PPP$)
             Headcount(HC): 0.0709348
          Poverty gap (PG): 0.0290127
       Poverty gap squared: 0.0178907
                      Gini: 0.535405
                    Median: 239.187
                       MLD: 0.580611
                      Watt: 0.0418015
--------------------------------------------------

-------------------------------- Income or Consumption share by deciles (%) -------------------------------------
     1.0624     2.2273     3.1557     4.1341     5.2597     6.6364     8.4569     11.197     15.886     41.985
-----------------------------------------------------------------------------------------------------------------


