

**********************************************************************************************
**                                   Basic Information                                      **
**********************************************************************************************

----------------- Dataset Information -----------------
                         Country: Colombia
                    Country dode: COL
                       Data Year: 1999
                        Coverage: National
             Welfare measurement: Income
                     Data format: Unit record
                     Data source: COL_N1999Y
                  Data time span: UnDefined
-------------------------------------------------------


----------- Distribution ------------
   i           P           L 
-------------------------------------
   0    0.045241           0
   1    0.045241           0
   2    0.045241           0
   3    0.045241           0
   4    0.050169  8.3157E-05
   5    0.060064   0.0004091
   6    0.070033  0.00091624
   7    0.080131   0.0016104
   8    0.090037    0.002454
   9     0.10042   0.0034947
  10      0.1101   0.0045962
  11     0.12004   0.0058583
  12     0.13001   0.0072387
  13     0.14078   0.0088893
  14      0.1515    0.010679
  15     0.16022    0.012231
  16     0.17006    0.014101
  17      0.1827    0.016648
  18     0.19006    0.018197
  19     0.20014    0.020418
  20      0.2129    0.023394
  21     0.22003    0.025119
  22     0.23016    0.027649
  23        0.24    0.030206
  24     0.25138     0.03329
  25     0.26046    0.035851
  26      0.2702    0.038695
  27     0.28005    0.041677
  28     0.29009    0.044814
  29     0.30071    0.048215
  30     0.31041    0.051418
  31     0.32352    0.055907
  32     0.33002    0.058178
  33     0.34001    0.061768
  34     0.35537    0.067473
  35     0.36011     0.06927
  36     0.37599    0.075481
  37     0.38007    0.077111
  38     0.39215    0.082054
  39     0.40003     0.08535
  40     0.41005    0.089649
  41     0.42062    0.094314
  42     0.43017    0.098646
  43     0.44128     0.10383
  44     0.45247     0.10917
  45     0.46027     0.11298
  46     0.47009     0.11787
  47     0.48185     0.12388
  48     0.49001     0.12815
  49     0.50008     0.13355
  50     0.51008     0.13904
  51     0.52009     0.14463
  52     0.53001      0.1503
  53     0.54045     0.15642
  54     0.55005     0.16218
  55     0.56798     0.17331
  56     0.57001     0.17459
  57     0.58044     0.18126
  58        0.59     0.18758
  59      0.6061     0.19857
  60     0.61002      0.2013
  61     0.62124     0.20929
  62     0.63029      0.2159
  63     0.64123      0.2241
  64     0.65001     0.23085
  65     0.66016     0.23884
  66     0.67006     0.24684
  67     0.68009     0.25515
  68     0.69077     0.26423
  69     0.70002     0.27232
  70     0.71167     0.28285
  71     0.72092     0.29148
  72     0.73006      0.3002
  73     0.74045     0.31046
  74     0.75218     0.32246
  75     0.76049     0.33116
  76     0.77171     0.34332
  77     0.78006     0.35267
  78        0.79     0.36414
  79         0.8     0.37611
  80     0.81026     0.38885
  81     0.82027     0.40173
  82     0.83187     0.41746
  83     0.84026      0.4293
  84     0.85094     0.44512
  85     0.86084     0.46053
  86     0.87002     0.47558
  87     0.88003     0.49291
  88     0.89003     0.51141
  89     0.90006     0.53109
  90     0.91042     0.55297
  91        0.92     0.57484
  92     0.93006     0.60002
  93     0.94001     0.62754
  94      0.9502     0.65879
  95     0.96067     0.69579
  96     0.97015     0.73486
  97     0.98006     0.78433
  98     0.99001     0.84929
  99           1           1
-----------------------------------------

----------------- PPP$ and local currency --------------
         PPP used in computation: 1196.95
     Data mean in local currency: 159966
               Data mean in PPP$: 264.407
        Poverty line in PPP$/Day: 1.9
      Poverty line in PPP$/Month: 57.7917
  Poverty line in local currency: 34963.8
-------------------------------------------------------

----------------- Estimation result --------------
     Number of observation: 8304
          Total population: 3.6029E+07
              Total wealth: 4.81506E+09(PPP$)
                   Minimum: 0(PPP$)
                   Maximum: 12698.9(PPP$)
             Headcount(HC): 0.193167
          Poverty gap (PG): 0.106842
       Poverty gap squared: 0.0813986
                      Gini: 0.587396
                    Median: 143.31
                       MLD: 1.07781
                      Watt: 0.102859
--------------------------------------------------

-------------------------------- Income or Consumption share by deciles (%) -------------------------------------
    0.34523     1.6933       2.76      3.735     4.8173     6.0897     7.7892      10.38     15.488     46.902
-----------------------------------------------------------------------------------------------------------------


