

**********************************************************************************************
**                                   Basic Information                                      **
**********************************************************************************************

----------------- Dataset Information -----------------
                         Country: Colombia
                    Country dode: COL
                       Data Year: 2009
                        Coverage: National
             Welfare measurement: Income
                     Data format: Unit record
                     Data source: COL_N2009Y
                  Data time span: UnDefined
-------------------------------------------------------


----------- Distribution ------------
   i           P           L 
-------------------------------------
   0    0.010045  7.2084E-05
   1    0.020012  0.00050266
   2    0.030011   0.0011534
   3    0.040567   0.0020187
   4    0.050357   0.0029841
   5    0.060735   0.0041469
   6    0.070029   0.0052996
   7    0.080103   0.0066718
   8    0.090009    0.008118
   9     0.10004   0.0097042
  10     0.11024    0.011415
  11     0.12036    0.013197
  12     0.13216    0.015404
  13     0.14033    0.017005
  14     0.15052    0.019094
  15     0.16067    0.021273
  16        0.17    0.023355
  17     0.18196    0.026159
  18     0.19003    0.028092
  19      0.2002    0.030605
  20     0.21004    0.033116
  21        0.22    0.035757
  22     0.23025    0.038563
  23     0.24112    0.041626
  24        0.25    0.044204
  25     0.26003    0.047196
  26     0.27128    0.050646
  27     0.28009    0.053435
  28     0.29001    0.056662
  29     0.30008    0.060029
  30     0.31004    0.063449
  31        0.32    0.066962
  32     0.33014    0.070602
  33      0.3401    0.074266
  34     0.35112    0.078445
  35     0.36027    0.081993
  36        0.37    0.085863
  37     0.38122    0.090444
  38     0.39002    0.094127
  39     0.40001    0.098425
  40     0.41011     0.10289
  41     0.42002     0.10737
  42     0.43001       0.112
  43     0.44155     0.11751
  44     0.45007     0.12163
  45        0.46     0.12654
  46     0.47004     0.13163
  47     0.48002     0.13684
  48     0.49011     0.14224
  49         0.5     0.14765
  50     0.51001     0.15325
  51     0.52003     0.15899
  52      0.5312     0.16558
  53     0.54001     0.17086
  54     0.55061     0.17738
  55     0.56007     0.18333
  56     0.57007     0.18975
  57        0.58     0.19631
  58     0.59007     0.20312
  59     0.60008     0.21007
  60     0.61141     0.21816
  61     0.62001     0.22443
  62     0.63013       0.232
  63      0.6402     0.23974
  64     0.65018     0.24763
  65        0.66     0.25559
  66     0.67003     0.26393
  67      0.6802     0.27262
  68     0.69001     0.28126
  69     0.70001      0.2903
  70     0.71005     0.29967
  71     0.72004     0.30923
  72     0.73032     0.31932
  73     0.74003     0.32916
  74     0.75017     0.33978
  75        0.76     0.35043
  76      0.7704     0.36209
  77     0.78001     0.37321
  78     0.79001     0.38513
  79     0.80001     0.39747
  80     0.81024     0.41062
  81        0.82     0.42364
  82      0.8302     0.43777
  83        0.84     0.45186
  84     0.85012     0.46707
  85     0.86002     0.48265
  86     0.87002     0.49922
  87     0.88081     0.51811
  88     0.89001     0.53508
  89     0.90001     0.55454
  90     0.91012     0.57561
  91     0.92003     0.59783
  92     0.93003     0.62209
  93     0.94002     0.64848
  94     0.95002     0.67774
  95     0.96001     0.71065
  96     0.97008     0.74977
  97      0.9803     0.79863
  98        0.99     0.86107
  99           1           1
-----------------------------------------

----------------- PPP$ and local currency --------------
         PPP used in computation: 1196.95
     Data mean in local currency: 416825
               Data mean in PPP$: 370.971
        Poverty line in PPP$/Day: 1.9
      Poverty line in PPP$/Month: 57.7917
  Poverty line in local currency: 64935.2
-------------------------------------------------------

----------------- Estimation result --------------
     Number of observation: 25377
          Total population: 4.29229E+07
              Total wealth: 1.49474E+10(PPP$)
                   Minimum: 0(PPP$)
                   Maximum: 148375(PPP$)
             Headcount(HC): 0.0928254
          Poverty gap (PG): 0.0379389
       Poverty gap squared: 0.0229354
                      Gini: 0.55918
                    Median: 205.198
                       MLD: 0.645038
                      Watt: 0.0552375
--------------------------------------------------

-------------------------------- Income or Consumption share by deciles (%) -------------------------------------
    0.96976     2.0858     2.9446     3.8419     4.9231     6.2362     8.0279     10.717     15.707     44.547
-----------------------------------------------------------------------------------------------------------------


