

**********************************************************************************************
**                                   Basic Information                                      **
**********************************************************************************************

----------------- Dataset Information -----------------
                         Country: Colombia
                    Country dode: COL
                       Data Year: 2005
                        Coverage: National
             Welfare measurement: Income
                     Data format: Unit record
                     Data source: COL_N2005Y
                  Data time span: UnDefined
-------------------------------------------------------


----------- Distribution ------------
   i           P           L 
-------------------------------------
   0    0.010104  0.00026553
   1    0.020127  0.00089472
   2     0.03008   0.0017076
   3    0.040017   0.0026806
   4    0.050025   0.0038179
   5    0.060049   0.0050955
   6    0.070081   0.0064907
   7    0.080395   0.0080567
   8    0.090351   0.0096774
   9     0.10002    0.011339
  10        0.11    0.013147
  11     0.12004    0.015057
  12     0.13011    0.017076
  13     0.14026    0.019227
  14        0.15    0.021376
  15        0.16    0.023664
  16     0.17001    0.026045
  17     0.18049    0.028638
  18     0.19008    0.031092
  19     0.20031    0.033799
  20     0.21002    0.036448
  21     0.22003    0.039261
  22     0.23003    0.042162
  23     0.24016    0.045185
  24     0.25003    0.048199
  25     0.26012    0.051366
  26        0.27    0.054545
  27     0.28003    0.057873
  28     0.29012    0.061303
  29     0.30001    0.064747
  30     0.31001    0.068314
  31     0.32001    0.071978
  32        0.33    0.075736
  33     0.34004      0.0796
  34     0.35009    0.083568
  35     0.36002    0.087586
  36     0.37021    0.091794
  37     0.38005    0.095948
  38     0.39008     0.10029
  39     0.40006      0.1047
  40     0.41001     0.10919
  41     0.42005     0.11382
  42     0.43002     0.11853
  43     0.44002     0.12334
  44     0.45002     0.12826
  45     0.46009      0.1333
  46     0.47001     0.13836
  47     0.48012     0.14363
  48        0.49     0.14891
  49     0.50007     0.15442
  50     0.51007     0.16001
  51     0.52002     0.16571
  52     0.53003     0.17157
  53     0.54004     0.17757
  54     0.55008     0.18374
  55     0.56001     0.18997
  56     0.57011     0.19644
  57     0.58002     0.20295
  58     0.59009     0.20973
  59      0.6001     0.21662
  60     0.61005     0.22364
  61     0.62005     0.23085
  62     0.63002     0.23823
  63     0.64002     0.24582
  64     0.65007     0.25366
  65        0.66      0.2616
  66     0.67003     0.26984
  67        0.68     0.27823
  68     0.69002     0.28688
  69     0.70003     0.29576
  70     0.71004     0.30488
  71     0.72002     0.31424
  72        0.73     0.32387
  73        0.74      0.3338
  74     0.75003     0.34405
  75     0.76003     0.35457
  76     0.77008     0.36543
  77     0.78002     0.37656
  78     0.79001     0.38818
  79     0.80001     0.40029
  80        0.81     0.41294
  81        0.82     0.42616
  82        0.83     0.43996
  83        0.84     0.45437
  84     0.85011      0.4696
  85     0.86001     0.48521
  86     0.87028     0.50222
  87     0.88001     0.51924
  88     0.89002     0.53771
  89     0.90004     0.55746
  90     0.91001     0.57844
  91     0.92003     0.60133
  92     0.93001     0.62609
  93        0.94     0.65301
  94        0.95     0.68266
  95     0.96001      0.7164
  96     0.97001     0.75559
  97     0.98002     0.80383
  98     0.99002     0.86843
  99           1           1
-----------------------------------------

----------------- PPP$ and local currency --------------
         PPP used in computation: 1196.95
     Data mean in local currency: 294096
               Data mean in PPP$: 320.566
        Poverty line in PPP$/Day: 1.9
      Poverty line in PPP$/Month: 57.7917
  Poverty line in local currency: 53019.6
-------------------------------------------------------

----------------- Estimation result --------------
     Number of observation: 30068
          Total population: 4.08334E+07
              Total wealth: 1.00329E+10(PPP$)
                   Minimum: 0(PPP$)
                   Maximum: 38471.4(PPP$)
             Headcount(HC): 0.104006
          Poverty gap (PG): 0.0371682
       Poverty gap squared: 0.0199295
                      Gini: 0.550402
                    Median: 177.474
                       MLD: 0.569454
                      Watt: 0.0543428
--------------------------------------------------

-------------------------------- Income or Consumption share by deciles (%) -------------------------------------
     1.1336     2.2382     3.1025     3.9935       4.97     6.2174     7.9179     10.454     15.711     44.262
-----------------------------------------------------------------------------------------------------------------


