

**********************************************************************************************
**                                   Basic Information                                      **
**********************************************************************************************

----------------- Dataset Information -----------------
                         Country: Colombia
                    Country dode: COL
                       Data Year: 2011
                        Coverage: National
             Welfare measurement: Income
                     Data format: Unit record
                     Data source: COL_N2011Y
                  Data time span: UnDefined
-------------------------------------------------------


----------- Distribution ------------
   i           P           L 
-------------------------------------
   0    0.010045  0.00014515
   1    0.020007  0.00069807
   2     0.03004   0.0014907
   3    0.040008   0.0024634
   4     0.05048     0.00366
   5     0.06006   0.0048845
   6    0.070039   0.0062732
   7    0.080368   0.0078247
   8    0.090004   0.0093752
   9         0.1    0.011096
  10     0.11013    0.012949
  11     0.12003    0.014872
  12     0.13018    0.016919
  13        0.14    0.018973
  14     0.15012    0.021198
  15        0.16    0.023467
  16     0.17001    0.025847
  17     0.18007    0.028317
  18     0.19019      0.0309
  19         0.2      0.0335
  20     0.21005    0.036246
  21     0.22076    0.039295
  22     0.23008    0.042044
  23     0.24009    0.045068
  24      0.2501    0.048165
  25     0.26086    0.051591
  26     0.27001    0.054581
  27     0.28001    0.057947
  28     0.29007    0.061422
  29     0.30001    0.064936
  30     0.31001    0.068573
  31     0.32002    0.072303
  32     0.33014    0.076178
  33     0.34001    0.080065
  34     0.35084    0.084423
  35     0.36001    0.088171
  36     0.37009    0.092401
  37      0.3801    0.096714
  38     0.39005      0.1011
  39     0.40007     0.10564
  40     0.41005     0.11025
  41     0.42004     0.11496
  42     0.43003      0.1198
  43     0.44158     0.12555
  44     0.45007     0.12985
  45        0.46     0.13499
  46     0.47002     0.14029
  47     0.48003      0.1457
  48     0.49007     0.15126
  49     0.50001     0.15689
  50     0.51013     0.16275
  51     0.52005     0.16864
  52     0.53001     0.17467
  53     0.54008     0.18092
  54     0.55007     0.18729
  55     0.56021     0.19391
  56        0.57     0.20044
  57     0.58027     0.20746
  58     0.59006     0.21432
  59     0.60001     0.22144
  60     0.61003     0.22882
  61      0.6201     0.23643
  62        0.63     0.24408
  63     0.64111      0.2529
  64        0.65      0.2601
  65     0.66002     0.26841
  66     0.67003     0.27694
  67     0.68002     0.28573
  68     0.69011     0.29489
  69     0.70002     0.30411
  70     0.71003     0.31368
  71     0.72001     0.32347
  72     0.73011     0.33365
  73        0.74     0.34389
  74     0.75002     0.35456
  75     0.76005     0.36556
  76     0.77001     0.37682
  77        0.78     0.38852
  78     0.79002     0.40057
  79     0.80001     0.41296
  80     0.81013     0.42598
  81     0.82001     0.43917
  82     0.83001     0.45292
  83      0.8401     0.46732
  84        0.85     0.48211
  85     0.86002     0.49778
  86     0.87001     0.51416
  87        0.88     0.53143
  88     0.89004     0.54974
  89     0.90037     0.56988
  90        0.91     0.58979
  91     0.92002     0.61201
  92     0.93003     0.63605
  93     0.94001     0.66237
  94     0.95005     0.69174
  95     0.96003     0.72472
  96     0.97002     0.76319
  97        0.98     0.80966
  98     0.99001     0.87135
  99           1           1
-----------------------------------------

----------------- PPP$ and local currency --------------
         PPP used in computation: 1196.95
     Data mean in local currency: 501393
               Data mean in PPP$: 414.254
        Poverty line in PPP$/Day: 1.9
      Poverty line in PPP$/Month: 57.7917
  Poverty line in local currency: 69948.2
-------------------------------------------------------

----------------- Estimation result --------------
     Number of observation: 28927
          Total population: 4.39162E+07
              Total wealth: 1.83961E+10(PPP$)
                   Minimum: 0(PPP$)
                   Maximum: 55599.6(PPP$)
             Headcount(HC): 0.0657605
          Poverty gap (PG): 0.0251644
       Poverty gap squared: 0.0150589
                      Gini: 0.541757
                    Median: 237.693
                       MLD: 0.580866
                      Watt: 0.0360575
--------------------------------------------------

-------------------------------- Income or Consumption share by deciles (%) -------------------------------------
     1.1095     2.2404     3.1435     4.0674     5.1275     6.4553     8.2657     10.885     15.621     43.085
-----------------------------------------------------------------------------------------------------------------


