

**********************************************************************************************
**                                   Basic Information                                      **
**********************************************************************************************

----------------- Dataset Information -----------------
                         Country: Colombia
                    Country dode: COL
                       Data Year: 2008
                        Coverage: National
             Welfare measurement: Income
                     Data format: Unit record
                     Data source: COL_N2008Y
                  Data time span: UnDefined
-------------------------------------------------------


----------- Distribution ------------
   i           P           L 
-------------------------------------
   0    0.010047  4.0049E-05
   1    0.020004  0.00039463
   2    0.030023  0.00096895
   3    0.040017   0.0017282
   4    0.050044   0.0026521
   5    0.060041   0.0037045
   6        0.07   0.0048961
   7    0.080039    0.006199
   8    0.090222   0.0076488
   9     0.10008   0.0091428
  10     0.11002     0.01075
  11     0.12005    0.012463
  12     0.13012    0.014278
  13     0.14019    0.016191
  14     0.15003    0.018148
  15     0.16003    0.020219
  16     0.17001    0.022363
  17     0.18008    0.024613
  18     0.19006    0.026926
  19     0.20004    0.029338
  20     0.21001    0.031827
  21     0.22032     0.03449
  22     0.23012    0.037092
  23     0.24006    0.039823
  24     0.25002    0.042656
  25     0.26025    0.045674
  26     0.27002    0.048625
  27     0.28002    0.051731
  28     0.29001    0.054918
  29     0.30002    0.058205
  30        0.31     0.06158
  31     0.32005    0.065062
  32     0.33001    0.068616
  33     0.34001    0.072291
  34     0.35002    0.076069
  35     0.36026    0.080045
  36      0.3701    0.083966
  37     0.38001    0.088028
  38        0.39    0.092235
  39     0.40001     0.09656
  40     0.41031     0.10113
  41     0.42003     0.10554
  42     0.43021     0.11026
  43     0.44001     0.11492
  44     0.45004     0.11979
  45     0.46001     0.12474
  46     0.47002     0.12982
  47     0.48002     0.13503
  48     0.49004     0.14038
  49         0.5     0.14583
  50        0.51     0.15144
  51     0.52003      0.1572
  52     0.53001     0.16306
  53     0.54001     0.16908
  54     0.55004     0.17525
  55     0.56009     0.18159
  56        0.57     0.18801
  57      0.5801     0.19471
  58     0.59015     0.20155
  59     0.60002     0.20843
  60     0.61002     0.21557
  61        0.62      0.2229
  62     0.63008     0.23049
  63     0.64005     0.23819
  64     0.65002      0.2461
  65        0.66     0.25425
  66     0.67001     0.26259
  67        0.68     0.27117
  68     0.69006     0.28005
  69         0.7     0.28908
  70        0.71     0.29842
  71     0.72001     0.30804
  72     0.73001     0.31793
  73     0.74008      0.3282
  74     0.75001     0.33863
  75     0.76002     0.34952
  76     0.77005     0.36086
  77     0.78006     0.37263
  78     0.79001      0.3847
  79     0.80001      0.3972
  80     0.81007     0.41022
  81     0.82001     0.42361
  82     0.83001     0.43764
  83        0.84     0.45224
  84     0.85007     0.46757
  85     0.86005     0.48345
  86     0.87004     0.50012
  87     0.88001     0.51764
  88        0.89     0.53627
  89     0.90004      0.5562
  90     0.91002     0.57748
  91        0.92     0.60035
  92     0.93009     0.62523
  93        0.94     0.65204
  94     0.95001      0.6819
  95        0.96     0.71579
  96     0.97027     0.75646
  97     0.98002     0.80291
  98        0.99     0.86488
  99           1           1
-----------------------------------------

----------------- PPP$ and local currency --------------
         PPP used in computation: 1196.95
     Data mean in local currency: 386290
               Data mean in PPP$: 351.945
        Poverty line in PPP$/Day: 1.9
      Poverty line in PPP$/Month: 57.7917
  Poverty line in local currency: 63431.4
-------------------------------------------------------

----------------- Estimation result --------------
     Number of observation: 44242
          Total population: 4.23844E+07
              Total wealth: 1.36786E+10(PPP$)
                   Minimum: 0(PPP$)
                   Maximum: 54682(PPP$)
             Headcount(HC): 0.107067
          Poverty gap (PG): 0.0445695
       Poverty gap squared: 0.0275311
                      Gini: 0.560423
                    Median: 195.255
                       MLD: 0.668385
                      Watt: 0.0621834
--------------------------------------------------

-------------------------------- Income or Consumption share by deciles (%) -------------------------------------
    0.91305     2.0198     2.8872     3.8356      4.927     6.2595     8.0656     10.811     15.894     44.388
-----------------------------------------------------------------------------------------------------------------


