

**********************************************************************************************
**                                   Basic Information                                      **
**********************************************************************************************

----------------- Dataset Information -----------------
                         Country: Colombia
                    Country dode: COL
                       Data Year: 2013
                        Coverage: National
             Welfare measurement: Income
                     Data format: Unit record
                     Data source: COL_N2013Y
                  Data time span: UnDefined
-------------------------------------------------------


----------- Distribution ------------
   i           P           L 
-------------------------------------
   0    0.010093  0.00012623
   1    0.020024  0.00062566
   2     0.03002   0.0013839
   3    0.040002    0.002316
   4     0.05003   0.0034217
   5    0.060104   0.0046794
   6     0.07003   0.0060459
   7    0.080011   0.0075391
   8    0.090329   0.0092061
   9     0.10015    0.010897
  10     0.11002    0.012683
  11     0.12002    0.014584
  12     0.13113    0.016849
  13     0.14031    0.018808
  14     0.15005    0.020979
  15     0.16007    0.023307
  16     0.17003    0.025711
  17     0.18011    0.028243
  18     0.19001    0.030816
  19     0.20119    0.033823
  20     0.21002    0.036253
  21     0.22003    0.039115
  22     0.23021    0.042105
  23     0.24001    0.045064
  24     0.25001    0.048178
  25      0.2606    0.051567
  26     0.27009    0.054701
  27     0.28012    0.058102
  28     0.29001    0.061566
  29     0.30085     0.06547
  30     0.31002     0.06882
  31     0.32039    0.072713
  32     0.33016    0.076497
  33     0.34005    0.080424
  34     0.35001    0.084475
  35        0.36    0.088643
  36      0.3702    0.092998
  37     0.38004    0.097322
  38     0.39047     0.10203
  39     0.40006     0.10643
  40     0.41015     0.11119
  41     0.42004     0.11597
  42     0.43003     0.12091
  43     0.44004       0.126
  44     0.45002     0.13118
  45     0.46001     0.13649
  46     0.47011     0.14197
  47     0.48002     0.14744
  48     0.49001     0.15309
  49     0.50001     0.15889
  50     0.51011     0.16488
  51     0.52015     0.17096
  52     0.53015     0.17715
  53     0.54005     0.18342
  54     0.55006     0.18992
  55     0.56002     0.19655
  56        0.57     0.20334
  57     0.58005     0.21037
  58     0.59116     0.21836
  59         0.6     0.22485
  60        0.61     0.23237
  61        0.62     0.24007
  62     0.63021     0.24814
  63     0.64002     0.25606
  64     0.65001     0.26435
  65     0.66014     0.27297
  66     0.67006     0.28164
  67      0.6805     0.29103
  68     0.69001     0.29977
  69     0.70024     0.30944
  70        0.71     0.31892
  71     0.72003     0.32893
  72     0.73026     0.33943
  73     0.74001     0.34974
  74     0.75005     0.36065
  75     0.76003      0.3718
  76        0.77     0.38331
  77     0.78001     0.39525
  78     0.79001     0.40758
  79     0.80001     0.42033
  80        0.81     0.43352
  81        0.82     0.44719
  82     0.83055      0.4622
  83     0.84005      0.4762
  84        0.85     0.49154
  85        0.86     0.50766
  86     0.87001     0.52456
  87      0.8805     0.54327
  88     0.89001     0.56099
  89     0.90006     0.58074
  90     0.91005     0.60156
  91        0.92     0.62376
  92        0.93     0.64793
  93     0.94003     0.67448
  94     0.95001     0.70359
  95     0.96002     0.73638
  96     0.97002     0.77411
  97        0.98     0.81876
  98     0.99003     0.87715
  99           1           1
-----------------------------------------

----------------- PPP$ and local currency --------------
         PPP used in computation: 1196.95
     Data mean in local currency: 549853
               Data mean in PPP$: 435.546
        Poverty line in PPP$/Day: 1.9
      Poverty line in PPP$/Month: 57.7917
  Poverty line in local currency: 72958.9
-------------------------------------------------------

----------------- Estimation result --------------
     Number of observation: 29937
          Total population: 4.49381E+07
              Total wealth: 2.06435E+10(PPP$)
                   Minimum: 0(PPP$)
                   Maximum: 59581.6(PPP$)
             Headcount(HC): 0.0612173
          Poverty gap (PG): 0.0248492
       Poverty gap squared: 0.0153272
                      Gini: 0.534878
                    Median: 256.066
                       MLD: 0.579108
                      Watt: 0.0353934
--------------------------------------------------

-------------------------------- Income or Consumption share by deciles (%) -------------------------------------
     1.0871     2.2632      3.166     4.1243     5.2478     6.5968     8.4359     11.111      16.03     41.938
-----------------------------------------------------------------------------------------------------------------


