

**********************************************************************************************
**                                   Basic Information                                      **
**********************************************************************************************

----------------- Dataset Information -----------------
                         Country: Colombia
                    Country dode: COL
                       Data Year: 2003
                        Coverage: National
             Welfare measurement: Income
                     Data format: Unit record
                     Data source: COL_N2003Y
                  Data time span: UnDefined
-------------------------------------------------------


----------- Distribution ------------
   i           P           L 
-------------------------------------
   0    0.010007     0.00014
   1    0.020165  0.00065023
   2    0.030323    0.001434
   3     0.04127   0.0024911
   4    0.050046   0.0034368
   5    0.060123   0.0046356
   6    0.070034   0.0059487
   7    0.080305   0.0074315
   8    0.090008   0.0089379
   9     0.10121     0.01082
  10     0.11139    0.012641
  11     0.12001    0.014271
  12     0.13013    0.016291
  13     0.14023    0.018399
  14      0.1501    0.020535
  15     0.16005    0.022788
  16     0.17004    0.025167
  17     0.18047    0.027746
  18     0.19016    0.030251
  19     0.20028    0.032987
  20     0.21004    0.035732
  21     0.22007    0.038626
  22      0.2302    0.041626
  23     0.24001    0.044591
  24     0.25005    0.047739
  25     0.26057    0.051137
  26     0.27001    0.054255
  27     0.28002    0.057656
  28     0.29037    0.061256
  29     0.30007    0.064709
  30     0.31003    0.068348
  31     0.32017    0.072163
  32     0.33004    0.075966
  33     0.34005    0.079924
  34     0.35002    0.083973
  35     0.36001    0.088117
  36     0.37001     0.09236
  37     0.38002    0.096699
  38        0.39     0.10114
  39      0.4001     0.10573
  40     0.41002     0.11035
  41     0.42002      0.1151
  42     0.43001     0.11995
  43     0.44009     0.12496
  44     0.45001        0.13
  45     0.46014     0.13524
  46     0.47001     0.14045
  47     0.48055     0.14614
  48     0.49002     0.15135
  49     0.50009     0.15701
  50     0.51002     0.16271
  51     0.52026     0.16873
  52     0.53016     0.17468
  53     0.54015     0.18083
  54     0.55009     0.18709
  55     0.56015     0.19353
  56     0.57051     0.20034
  57     0.58009     0.20678
  58     0.59001     0.21361
  59         0.6     0.22064
  60     0.61003     0.22786
  61      0.6201     0.23527
  62     0.63001     0.24275
  63     0.64003     0.25053
  64     0.65013     0.25859
  65     0.66009     0.26673
  66     0.67028      0.2753
  67     0.68003     0.28366
  68     0.69001     0.29243
  69         0.7     0.30142
  70        0.71     0.31068
  71     0.72008     0.32031
  72     0.73002     0.33009
  73     0.74003     0.34016
  74     0.75009     0.35057
  75     0.76001     0.36117
  76     0.77007     0.37222
  77     0.78007     0.38358
  78        0.79     0.39527
  79     0.80002     0.40749
  80     0.81012     0.42034
  81        0.82     0.43342
  82     0.83025     0.44754
  83     0.84001     0.46156
  84     0.85001     0.47663
  85     0.86008     0.49264
  86     0.87002     0.50931
  87     0.88001     0.52691
  88        0.89     0.54544
  89         0.9      0.5652
  90     0.91001     0.58635
  91     0.92002     0.60903
  92     0.93017     0.63412
  93     0.94002     0.66101
  94     0.95001     0.69151
  95     0.96002     0.72608
  96     0.97001     0.76575
  97        0.98     0.81443
  98     0.99001     0.87919
  99           1           1
-----------------------------------------

----------------- PPP$ and local currency --------------
         PPP used in computation: 1196.95
     Data mean in local currency: 233981
               Data mean in PPP$: 285.265
        Poverty line in PPP$/Day: 1.9
      Poverty line in PPP$/Month: 57.7917
  Poverty line in local currency: 47402
-------------------------------------------------------

----------------- Estimation result --------------
     Number of observation: 26379
          Total population: 3.9789E+07
              Total wealth: 7.77796E+09(PPP$)
                   Minimum: 0(PPP$)
                   Maximum: 17340.3(PPP$)
             Headcount(HC): 0.127969
          Poverty gap (PG): 0.049725
       Poverty gap squared: 0.0281214
                      Gini: 0.544083
                    Median: 161.932
                       MLD: 0.585948
                      Watt: 0.072584
--------------------------------------------------

-------------------------------- Income or Consumption share by deciles (%) -------------------------------------
     1.0617     2.2295     3.1773     4.1005     5.1267     6.3681     8.0777     10.606     15.772     43.481
-----------------------------------------------------------------------------------------------------------------


