

**********************************************************************************************
**                                   Basic Information                                      **
**********************************************************************************************

----------------- Dataset Information -----------------
                         Country: Colombia
                    Country dode: COL
                       Data Year: 2002
                        Coverage: National
             Welfare measurement: Income
                     Data format: Unit record
                     Data source: COL_N2002Y
                  Data time span: UnDefined
-------------------------------------------------------


----------- Distribution ------------
   i           P           L 
-------------------------------------
   0    0.010127   0.0001032
   1    0.020016  0.00049481
   2    0.030038   0.0011006
   3    0.040111   0.0018535
   4    0.050262   0.0027384
   5    0.060025   0.0036968
   6    0.070055   0.0047904
   7    0.080001   0.0059982
   8    0.090009   0.0072981
   9     0.10004   0.0086895
  10     0.11004    0.010162
  11     0.12004    0.011713
  12     0.13017    0.013377
  13     0.14001    0.015082
  14     0.15001    0.016932
  15     0.16039    0.018951
  16     0.17007    0.020918
  17     0.18004    0.023036
  18     0.19005    0.025224
  19     0.20037    0.027576
  20     0.21017    0.029886
  21     0.22011    0.032309
  22        0.23    0.034804
  23     0.24004    0.037431
  24     0.25004    0.040151
  25     0.26012    0.042981
  26     0.27011    0.045878
  27     0.28005    0.048836
  28     0.29009     0.05189
  29     0.30007    0.054996
  30      0.3101    0.058196
  31     0.32041    0.061569
  32     0.33143    0.065235
  33     0.34005    0.068163
  34     0.35002    0.071626
  35     0.36001    0.075164
  36     0.37013    0.078842
  37      0.3801    0.082561
  38     0.39015    0.086416
  39     0.40006    0.090309
  40     0.41028     0.09444
  41      0.4209    0.098864
  42     0.43004     0.10275
  43     0.44001     0.10708
  44     0.45048     0.11175
  45     0.46017     0.11617
  46     0.47008      0.1208
  47     0.48006     0.12562
  48     0.49034      0.1307
  49         0.5     0.13556
  50     0.51002     0.14073
  51     0.52003     0.14603
  52        0.53     0.15144
  53     0.54003     0.15699
  54     0.55023     0.16277
  55     0.56009     0.16854
  56        0.57     0.17452
  57     0.58015     0.18084
  58     0.59006     0.18719
  59     0.60067     0.19418
  60     0.61002     0.20053
  61     0.62001     0.20752
  62     0.63002     0.21474
  63        0.64     0.22213
  64     0.65008     0.22976
  65     0.66018     0.23759
  66        0.67     0.24542
  67        0.68     0.25365
  68     0.69004     0.26216
  69     0.70007     0.27093
  70        0.71     0.27985
  71     0.72001     0.28915
  72     0.73018     0.29884
  73     0.74039     0.30882
  74     0.75009     0.31858
  75     0.76001     0.32888
  76     0.77012     0.33968
  77     0.78002     0.35063
  78     0.79009     0.36226
  79         0.8      0.3742
  80        0.81     0.38677
  81     0.82002     0.39995
  82     0.83001     0.41369
  83     0.84001     0.42807
  84        0.85     0.44308
  85     0.86014       0.459
  86     0.87009     0.47534
  87     0.88012     0.49269
  88     0.89002     0.51082
  89         0.9     0.53028
  90     0.91001      0.5515
  91     0.92016     0.57473
  92     0.93002     0.59922
  93     0.94005     0.62679
  94        0.95     0.65791
  95      0.9601      0.6943
  96        0.97     0.73549
  97     0.98001     0.78726
  98     0.99005     0.85709
  99           1           1
-----------------------------------------

----------------- PPP$ and local currency --------------
         PPP used in computation: 1196.95
     Data mean in local currency: 241382
               Data mean in PPP$: 310.417
        Poverty line in PPP$/Day: 1.9
      Poverty line in PPP$/Month: 57.7917
  Poverty line in local currency: 44939.2
-------------------------------------------------------

----------------- Estimation result --------------
     Number of observation: 19024
          Total population: 3.01778E+07
              Total wealth: 6.08577E+09(PPP$)
                   Minimum: 0(PPP$)
                   Maximum: 27236.1(PPP$)
             Headcount(HC): 0.146629
          Poverty gap (PG): 0.0591089
       Poverty gap squared: 0.033885
                      Gini: 0.582549
                    Median: 157.767
                       MLD: 0.685058
                      Watt: 0.0874267
--------------------------------------------------

-------------------------------- Income or Consumption share by deciles (%) -------------------------------------
    0.86843     1.8808      2.748     3.5314     4.5275     5.8182     7.7124     10.332     15.609     46.972
-----------------------------------------------------------------------------------------------------------------


