

**********************************************************************************************
**                                   Basic Information                                      **
**********************************************************************************************

----------------- Dataset Information -----------------
                         Country: Comoros
                    Country dode: COM
                       Data Year: 2004
                        Coverage: National
             Welfare measurement: Consumption
                     Data format: Unit record
                     Data source: COM_N2004X
                  Data time span: UnDefined
-------------------------------------------------------


----------- Distribution ------------
   i           P           L 
-------------------------------------
   0    0.010299  0.00078356
   1    0.020686    0.001998
   2    0.030289   0.0032876
   3    0.040528   0.0047769
   4    0.050209   0.0062963
   5    0.060386   0.0080048
   6    0.070087   0.0096956
   7    0.080709    0.011621
   8    0.090484    0.013481
   9     0.10034    0.015453
  10     0.11021    0.017501
  11     0.12003    0.019625
  12     0.13008    0.021899
  13     0.14019    0.024273
  14     0.15045    0.026787
  15     0.16014     0.02924
  16     0.17026    0.031875
  17     0.18012    0.034537
  18      0.1901    0.037292
  19     0.20036    0.040197
  20     0.21001    0.043004
  21      0.2201    0.046029
  22     0.23005    0.049072
  23     0.24063    0.052373
  24     0.25129     0.05579
  25     0.26015    0.058684
  26     0.27003    0.061986
  27     0.28007    0.065435
  28     0.29017    0.068986
  29     0.30016    0.072552
  30     0.31051    0.076319
  31     0.32006    0.079887
  32     0.33055    0.083918
  33     0.34039    0.087778
  34     0.35019    0.091702
  35     0.36004    0.095738
  36     0.37041     0.10005
  37     0.38021     0.10419
  38     0.39039     0.10856
  39     0.40017     0.11283
  40     0.41021     0.11728
  41     0.42039     0.12186
  42     0.43022     0.12635
  43     0.44056     0.13116
  44     0.45072     0.13602
  45     0.46032      0.1407
  46     0.47003     0.14551
  47     0.48001     0.15057
  48     0.49025     0.15589
  49     0.50023     0.16118
  50     0.51083      0.1669
  51     0.52013     0.17202
  52     0.53007     0.17767
  53     0.54003     0.18344
  54     0.55024     0.18946
  55     0.56008     0.19538
  56     0.57013     0.20151
  57     0.58007     0.20768
  58     0.59059     0.21435
  59     0.60041     0.22069
  60     0.61005     0.22701
  61     0.62061     0.23412
  62     0.63014     0.24068
  63     0.64003     0.24764
  64     0.65006     0.25486
  65     0.66104     0.26301
  66     0.67031     0.27001
  67     0.68009     0.27758
  68     0.69011      0.2855
  69      0.7001     0.29357
  70     0.71027     0.30194
  71     0.72007      0.3102
  72     0.73024     0.31902
  73      0.7401     0.32773
  74     0.75001      0.3367
  75     0.76012     0.34607
  76     0.77009     0.35558
  77     0.78007      0.3654
  78     0.79024     0.37574
  79     0.80008     0.38603
  80     0.81008     0.39684
  81     0.82014     0.40812
  82     0.83022     0.41991
  83        0.84     0.43184
  84     0.85039       0.445
  85     0.86003     0.45796
  86     0.87058     0.47292
  87     0.88005     0.48692
  88     0.89054     0.50331
  89     0.90011      0.5192
  90     0.91017     0.53715
  91     0.92033     0.55651
  92     0.93004     0.57667
  93     0.94003     0.59926
  94     0.95027     0.62601
  95     0.96019     0.65879
  96     0.97026      0.7006
  97     0.98013     0.75496
  98     0.99027     0.83353
  99           1           1
-----------------------------------------

----------------- PPP$ and local currency --------------
         PPP used in computation: 220.572
     Data mean in local currency: 43841.8
               Data mean in PPP$: 246.856
        Poverty line in PPP$/Day: 1.9
      Poverty line in PPP$/Month: 57.7917
  Poverty line in local currency: 10263.9
-------------------------------------------------------

----------------- Estimation result --------------
     Number of observation: 2987
          Total population: 585389
              Total wealth: 1.16354E+08(PPP$)
                   Minimum: 4.42894(PPP$)
                   Maximum: 22268.1(PPP$)
             Headcount(HC): 0.134682
          Poverty gap (PG): 0.0365706
       Poverty gap squared: 0.0144654
                      Gini: 0.559252
                    Median: 132.179
                       MLD: 0.546712
                      Watt: 0.0487803
--------------------------------------------------

-------------------------------- Income or Consumption share by deciles (%) -------------------------------------
     1.5385     2.4711       3.24     4.0256     4.8304     5.9369     7.3067     9.2455     13.307     48.098
-----------------------------------------------------------------------------------------------------------------


