

**********************************************************************************************
**                                   Basic Information                                      **
**********************************************************************************************

----------------- Dataset Information -----------------
                         Country: Cabo Verde
                    Country dode: CPV
                       Data Year: 2001
                        Coverage: National
             Welfare measurement: Consumption
                     Data format: Unit record
                     Data source: CPV_N2001X
                  Data time span: UnDefined
-------------------------------------------------------


----------- Distribution ------------
   i           P           L 
-------------------------------------
   0    0.010247    0.000758
   1    0.020047   0.0018397
   2    0.030409   0.0032144
   3    0.040235   0.0046751
   4    0.050127    0.006292
   5    0.060176   0.0080342
   6     0.07001   0.0098338
   7    0.080111    0.011778
   8    0.090056    0.013772
   9     0.10013    0.015895
  10     0.11012    0.018099
  11     0.12018    0.020413
  12     0.13011    0.022769
  13     0.14007    0.025212
  14     0.15021    0.027774
  15     0.16007    0.030338
  16     0.17021    0.033054
  17     0.18007    0.035779
  18      0.1901    0.038625
  19     0.20021    0.041565
  20     0.21029    0.044583
  21     0.22023    0.047637
  22     0.23024    0.050793
  23        0.24    0.053949
  24     0.25017    0.057304
  25     0.26007    0.060643
  26     0.27024     0.06414
  27     0.28023    0.067681
  28     0.29007     0.07127
  29     0.30028    0.075085
  30     0.31023    0.078902
  31     0.32017    0.082793
  32     0.33024    0.086831
  33     0.34002    0.090842
  34     0.35033    0.095172
  35     0.36031     0.09944
  36     0.37022     0.10377
  37     0.38028     0.10825
  38      0.3901     0.11272
  39     0.40033     0.11745
  40      0.4104     0.12224
  41     0.42008     0.12694
  42     0.43016     0.13195
  43     0.44017     0.13699
  44     0.45001     0.14205
  45     0.46025     0.14744
  46     0.47012     0.15274
  47     0.48012     0.15822
  48     0.49046     0.16401
  49     0.50034     0.16967
  50     0.51048     0.17559
  51     0.52022     0.18144
  52     0.53003     0.18746
  53     0.54008     0.19377
  54     0.55003     0.20016
  55     0.56032     0.20694
  56     0.57002     0.21346
  57     0.58021     0.22043
  58     0.59029     0.22745
  59     0.60022     0.23451
  60     0.61013     0.24172
  61     0.62003     0.24909
  62        0.63     0.25667
  63        0.64     0.26444
  64     0.65007     0.27245
  65     0.66023     0.28074
  66     0.67028      0.2892
  67     0.68005     0.29758
  68      0.6902     0.30649
  69     0.70013     0.31544
  70        0.71     0.32456
  71     0.72019     0.33418
  72     0.73017     0.34383
  73     0.74033      0.3539
  74     0.75011      0.3639
  75     0.76041     0.37474
  76     0.77002     0.38516
  77     0.78004     0.39638
  78     0.79033     0.40828
  79     0.80003     0.41994
  80        0.81     0.43234
  81     0.82017      0.4454
  82     0.83013     0.45871
  83     0.84019     0.47268
  84     0.85002     0.48694
  85      0.8603      0.5027
  86     0.87003     0.51844
  87     0.88019     0.53603
  88     0.89007      0.5542
  89     0.90002     0.57364
  90      0.9102     0.59478
  91     0.92008      0.6167
  92     0.93004     0.64046
  93     0.94002     0.66634
  94     0.95005      0.6954
  95     0.96003     0.72796
  96     0.97009     0.76606
  97     0.98013     0.81286
  98     0.99012     0.87441
  99           1           1
-----------------------------------------

----------------- PPP$ and local currency --------------
         PPP used in computation: 78.175
     Data mean in local currency: 5004.33
               Data mean in PPP$: 133.265
        Poverty line in PPP$/Day: 1.9
      Poverty line in PPP$/Month: 57.7917
  Poverty line in local currency: 3566.76
-------------------------------------------------------

----------------- Estimation result --------------
     Number of observation: 4572
          Total population: 470687
              Total wealth: 4.9521E+07(PPP$)
                   Minimum: 2.95503(PPP$)
                   Maximum: 10866.4(PPP$)
             Headcount(HC): 0.362198
          Poverty gap (PG): 0.131011
       Poverty gap squared: 0.0639404
                      Gini: 0.524963
                    Median: 126.624
                       MLD: 0.478627
                      Watt: 0.188395
--------------------------------------------------

-------------------------------- Income or Consumption share by deciles (%) -------------------------------------
     1.5868     2.5637     3.3477     4.2319     5.2171     6.4876     8.0977     10.458      15.37      42.64
-----------------------------------------------------------------------------------------------------------------


