

**********************************************************************************************
**                                   Basic Information                                      **
**********************************************************************************************

----------------- Dataset Information -----------------
                         Country: Costa Rica
                    Country dode: CRI
                       Data Year: 1991
                        Coverage: National
             Welfare measurement: Income
                     Data format: Unit record
                     Data source: CRI_N1991Y
                  Data time span: UnDefined
-------------------------------------------------------


----------- Distribution ------------
   i           P           L 
-------------------------------------
   0    0.023536           0
   1    0.023536           0
   2    0.030123  0.00021294
   3    0.040444  0.00088911
   4    0.050065   0.0018066
   5    0.060106   0.0030157
   6    0.072021   0.0047336
   7    0.080041   0.0060156
   8    0.090072   0.0077737
   9     0.10125   0.0099139
  10     0.11024    0.011761
  11     0.12064    0.014033
  12     0.13025    0.016258
  13     0.14012    0.018669
  14     0.15049    0.021345
  15     0.16103    0.024166
  16     0.17019    0.026773
  17     0.18003    0.029688
  18      0.1906    0.032937
  19     0.20011     0.03598
  20     0.21086    0.039569
  21        0.22    0.042729
  22     0.23002    0.046322
  23     0.24016    0.050106
  24     0.25027    0.054044
  25      0.2602    0.058025
  26     0.27003    0.062083
  27      0.2801    0.066344
  28     0.29009    0.070704
  29     0.30039    0.075335
  30     0.31072    0.080085
  31     0.32001    0.084494
  32     0.33006    0.089398
  33     0.34024    0.094502
  34     0.35097     0.10003
  35     0.36187     0.10571
  36     0.37039     0.11023
  37     0.38014     0.11554
  38     0.39001     0.12103
  39     0.40004     0.12674
  40     0.41048      0.1328
  41     0.42029     0.13862
  42     0.43004     0.14452
  43     0.44009     0.15075
  44     0.45029     0.15725
  45     0.46003     0.16359
  46     0.47111     0.17098
  47     0.48072     0.17752
  48     0.49017     0.18404
  49     0.50011     0.19107
  50     0.51024     0.19836
  51     0.52025      0.2057
  52     0.53129       0.214
  53      0.5405     0.22108
  54     0.55044     0.22885
  55     0.56007     0.23656
  56     0.57006     0.24478
  57      0.5804     0.25347
  58     0.59016     0.26184
  59     0.60017     0.27059
  60     0.61066        0.28
  61     0.62006     0.28858
  62      0.6302     0.29804
  63     0.64019     0.30756
  64     0.65002     0.31715
  65     0.66008     0.32717
  66     0.67002     0.33728
  67     0.68009     0.34769
  68     0.69015     0.35832
  69     0.70041      0.3694
  70     0.71036     0.38036
  71     0.72031     0.39155
  72     0.73052     0.40324
  73     0.74159     0.41625
  74     0.75014     0.42657
  75     0.76024     0.43905
  76     0.77005     0.45147
  77     0.78252     0.46767
  78     0.79015     0.47785
  79     0.80016     0.49157
  80     0.81002     0.50546
  81     0.82016     0.52012
  82     0.83019     0.53505
  83     0.84009     0.55028
  84     0.85001     0.56606
  85     0.86022      0.5832
  86     0.87003     0.60026
  87     0.88003      0.6184
  88     0.89015     0.63755
  89     0.90003     0.65709
  90     0.91011     0.67827
  91     0.92011     0.70057
  92     0.93005     0.72386
  93     0.94005     0.74875
  94     0.95013     0.77572
  95      0.9601     0.80513
  96     0.97008      0.8371
  97     0.98017     0.87378
  98     0.99014     0.91694
  99           1           1
-----------------------------------------

----------------- PPP$ and local currency --------------
         PPP used in computation: 343.786
     Data mean in local currency: 9637.26
               Data mean in PPP$: 262.534
        Poverty line in PPP$/Day: 1.9
      Poverty line in PPP$/Month: 57.7917
  Poverty line in local currency: 2121.45
-------------------------------------------------------

----------------- Estimation result --------------
     Number of observation: 4036
          Total population: 2.20436E+06
              Total wealth: 6.17942E+07(PPP$)
                   Minimum: 0(PPP$)
                   Maximum: 1672.68(PPP$)
             Headcount(HC): 0.116631
          Poverty gap (PG): 0.0569447
       Poverty gap squared: 0.0413399
                      Gini: 0.466479
                    Median: 187.433
                       MLD: 0.623435
                      Watt: 0.0521975
--------------------------------------------------

-------------------------------- Income or Consumption share by deciles (%) -------------------------------------
    0.96751      2.627     3.9216     5.1553     6.4282     7.9444      9.851      12.24     16.568     34.297
-----------------------------------------------------------------------------------------------------------------


