

**********************************************************************************************
**                                   Basic Information                                      **
**********************************************************************************************

----------------- Dataset Information -----------------
                         Country: Costa Rica
                    Country dode: CRI
                       Data Year: 1992
                        Coverage: National
             Welfare measurement: Income
                     Data format: Unit record
                     Data source: CRI_N1992Y
                  Data time span: UnDefined
-------------------------------------------------------


----------- Distribution ------------
   i           P           L 
-------------------------------------
   0    0.019325           0
   1    0.020078  1.0239E-05
   2    0.030056  0.00042555
   3    0.040334   0.0011845
   4    0.050004   0.0021871
   5    0.060043   0.0035117
   6    0.070008    0.005072
   7    0.080085   0.0068061
   8    0.092913   0.0092641
   9      0.1002    0.010787
  10     0.11001    0.013016
  11     0.12014    0.015469
  12     0.13054    0.018143
  13     0.14002    0.020706
  14     0.15058    0.023711
  15     0.16008    0.026545
  16     0.17012    0.029664
  17      0.1801    0.032883
  18     0.19035     0.03632
  19      0.2004    0.039801
  20     0.21018    0.043286
  21     0.22003    0.046929
  22     0.23006    0.050778
  23      0.2426    0.055775
  24      0.2503    0.058892
  25     0.26001    0.062928
  26     0.27028     0.06736
  27     0.28008    0.071688
  28     0.29016     0.07628
  29     0.30006    0.080886
  30     0.31074    0.085976
  31     0.32014    0.090543
  32     0.33014    0.095508
  33      0.3411     0.10105
  34     0.35104      0.1062
  35     0.36243     0.11225
  36     0.37018     0.11643
  37     0.38119     0.12252
  38     0.39013     0.12754
  39     0.40018     0.13332
  40      0.4102     0.13922
  41     0.42023     0.14528
  42     0.43029     0.15146
  43     0.44007     0.15758
  44     0.45003     0.16397
  45     0.46002     0.17053
  46     0.47029     0.17739
  47     0.48003     0.18402
  48     0.49061     0.19137
  49     0.50058      0.1984
  50     0.51022      0.2053
  51     0.52004     0.21251
  52     0.53006     0.22001
  53     0.54023     0.22782
  54     0.55022     0.23564
  55     0.56151     0.24469
  56     0.57007     0.25165
  57     0.58035      0.2602
  58     0.59022     0.26857
  59      0.6003     0.27727
  60     0.61122     0.28688
  61     0.62039     0.29511
  62     0.63131     0.30516
  63     0.64011     0.31342
  64     0.65019     0.32306
  65     0.66001     0.33274
  66     0.67115     0.34402
  67     0.68012     0.35324
  68     0.69008     0.36365
  69     0.70092     0.37523
  70     0.71024     0.38539
  71     0.72012     0.39644
  72     0.73019     0.40801
  73      0.7401     0.41967
  74     0.75003     0.43164
  75     0.76024     0.44426
  76     0.77034     0.45714
  77     0.78007     0.46993
  78     0.79006     0.48334
  79     0.80023     0.49739
  80     0.81009     0.51142
  81     0.82003     0.52598
  82      0.8303     0.54155
  83     0.84005      0.5568
  84     0.85014     0.57308
  85     0.86007     0.58956
  86      0.8703     0.60723
  87     0.88021     0.62497
  88     0.89014     0.64347
  89     0.90029     0.66322
  90     0.91003     0.68289
  91      0.9201     0.70441
  92     0.93016     0.72713
  93     0.94006     0.75079
  94     0.95002     0.77614
  95     0.96018      0.8047
  96     0.97013     0.83584
  97     0.98009     0.87198
  98     0.99006     0.91811
  99           1           1
-----------------------------------------

----------------- PPP$ and local currency --------------
         PPP used in computation: 343.786
     Data mean in local currency: 12399.2
               Data mean in PPP$: 278.945
        Poverty line in PPP$/Day: 1.9
      Poverty line in PPP$/Month: 57.7917
  Poverty line in local currency: 2568.87
-------------------------------------------------------

----------------- Estimation result --------------
     Number of observation: 4244
          Total population: 2.40073E+06
              Total wealth: 8.65865E+07(PPP$)
                   Minimum: 0(PPP$)
                   Maximum: 1751.67(PPP$)
             Headcount(HC): 0.0964108
          Poverty gap (PG): 0.0482516
       Poverty gap squared: 0.035412
                      Gini: 0.457124
                    Median: 197.778
                       MLD: 0.571154
                      Watt: 0.0461466
--------------------------------------------------

-------------------------------- Income or Consumption share by deciles (%) -------------------------------------
     1.0746     2.8918     4.1194     5.2355     6.4779     7.9014     9.7249     12.283     16.558     33.734
-----------------------------------------------------------------------------------------------------------------


