

**********************************************************************************************
**                                   Basic Information                                      **
**********************************************************************************************

----------------- Dataset Information -----------------
                         Country: Costa Rica
                    Country dode: CRI
                       Data Year: 2004
                        Coverage: National
             Welfare measurement: Income
                     Data format: Unit record
                     Data source: CRI_N2004Y
                  Data time span: UnDefined
-------------------------------------------------------


----------- Distribution ------------
   i           P           L 
-------------------------------------
   0    0.014302           0
   1     0.02003  0.00018317
   2    0.030046  0.00081771
   3    0.040147   0.0017156
   4    0.050744   0.0029076
   5    0.060695   0.0042226
   6    0.070001   0.0056374
   7    0.080176   0.0073471
   8    0.090103   0.0091915
   9     0.10134    0.011449
  10     0.11007      0.0133
  11     0.12007    0.015556
  12     0.13003    0.017935
  13        0.14    0.020441
  14     0.15005    0.023086
  15     0.16003    0.025809
  16     0.17005    0.028625
  17     0.18018    0.031596
  18     0.19008    0.034604
  19     0.20019    0.037789
  20     0.21015    0.040998
  21     0.22021    0.044365
  22     0.23311    0.048827
  23     0.24004    0.051265
  24     0.25009    0.054905
  25     0.26099    0.058985
  26     0.27002    0.062446
  27     0.28015    0.066453
  28     0.29013    0.070496
  29     0.30005    0.074602
  30     0.31012     0.07886
  31     0.32005    0.083192
  32      0.3305    0.087851
  33     0.34003    0.092189
  34     0.35005    0.096867
  35     0.36088     0.10205
  36     0.37009     0.10654
  37      0.3801     0.11155
  38     0.39007     0.11667
  39     0.40008     0.12196
  40     0.41041     0.12752
  41     0.42035     0.13298
  42     0.43018     0.13847
  43     0.44005     0.14409
  44     0.45006     0.14991
  45     0.46008     0.15587
  46     0.47009     0.16195
  47     0.48046     0.16837
  48     0.49182     0.17557
  49     0.50001     0.18087
  50     0.51044     0.18777
  51     0.52005     0.19427
  52      0.5349     0.20456
  53     0.54003     0.20814
  54      0.5501     0.21532
  55     0.56038     0.22283
  56     0.57002     0.23006
  57     0.58002     0.23767
  58     0.59009     0.24556
  59     0.60008     0.25356
  60     0.61208     0.26345
  61     0.62005     0.27015
  62     0.63008     0.27875
  63     0.64028     0.28767
  64     0.65003     0.29642
  65     0.66019     0.30575
  66     0.67004       0.315
  67     0.68002     0.32456
  68     0.69003      0.3344
  69     0.70005     0.34455
  70     0.71003     0.35496
  71     0.72017     0.36582
  72     0.73011     0.37679
  73     0.74024     0.38834
  74     0.75012     0.39992
  75     0.76018     0.41204
  76     0.77006     0.42424
  77     0.78013      0.4371
  78     0.79003     0.45011
  79     0.80004      0.4637
  80     0.81011     0.47775
  81     0.82006     0.49214
  82     0.83084      0.5083
  83     0.84008     0.52267
  84     0.85007     0.53875
  85     0.86018     0.55573
  86     0.87005     0.57305
  87     0.88011     0.59144
  88     0.89025     0.61083
  89      0.9018     0.63427
  90     0.91003     0.65176
  91     0.92108     0.67658
  92     0.93003     0.69797
  93     0.94001     0.72385
  94     0.95001      0.7522
  95     0.96005     0.78371
  96     0.97014     0.82013
  97     0.98004     0.86112
  98     0.99014     0.91364
  99           1           1
-----------------------------------------

----------------- PPP$ and local currency --------------
         PPP used in computation: 343.786
     Data mean in local currency: 79188.9
               Data mean in PPP$: 430.983
        Poverty line in PPP$/Day: 1.9
      Poverty line in PPP$/Month: 57.7917
  Poverty line in local currency: 10618.7
-------------------------------------------------------

----------------- Estimation result --------------
     Number of observation: 5536
          Total population: 3.70494E+06
              Total wealth: 8.53411E+08(PPP$)
                   Minimum: 0(PPP$)
                   Maximum: 6861.83(PPP$)
             Headcount(HC): 0.0558932
          Poverty gap (PG): 0.0293428
       Poverty gap squared: 0.0219713
                      Gini: 0.489198
                    Median: 281.669
                       MLD: 0.596322
                      Watt: 0.0223927
--------------------------------------------------

-------------------------------- Income or Consumption share by deciles (%) -------------------------------------
     1.1179     2.6549     3.6856      4.733     5.8947     7.2639     9.1001     11.914     16.697     36.939
-----------------------------------------------------------------------------------------------------------------


