

**********************************************************************************************
**                                   Basic Information                                      **
**********************************************************************************************

----------------- Dataset Information -----------------
                         Country: Costa Rica
                    Country dode: CRI
                       Data Year: 1999
                        Coverage: National
             Welfare measurement: Income
                     Data format: Unit record
                     Data source: CRI_N1999Y
                  Data time span: UnDefined
-------------------------------------------------------


----------- Distribution ------------
   i           P           L 
-------------------------------------
   0    0.012401           0
   1    0.020104  0.00029445
   2     0.03003  0.00099546
   3    0.040044   0.0020063
   4    0.050145   0.0032348
   5    0.060244   0.0046068
   6    0.070046   0.0061062
   7    0.080073   0.0077836
   8    0.090098   0.0096202
   9     0.10001    0.011636
  10     0.11017    0.013875
  11     0.12063    0.016348
  12     0.13016    0.018701
  13     0.14013    0.021307
  14     0.15013    0.024041
  15     0.16016    0.026881
  16      0.1704    0.029924
  17     0.18024     0.03295
  18     0.19008    0.036092
  19     0.20008    0.039373
  20      0.2101    0.042775
  21     0.22142    0.046754
  22      0.2301    0.049867
  23     0.24018    0.053576
  24     0.25004    0.057342
  25     0.26007    0.061274
  26     0.27219    0.066186
  27     0.28031    0.069546
  28     0.29017    0.073717
  29         0.3     0.07799
  30     0.31004    0.082461
  31     0.32015    0.087086
  32     0.33097    0.092164
  33     0.34026    0.096591
  34     0.35031     0.10146
  35      0.3601     0.10632
  36        0.37     0.11135
  37     0.38009     0.11658
  38     0.39065     0.12215
  39         0.4      0.1272
  40     0.41018     0.13279
  41     0.42013     0.13835
  42     0.43003     0.14403
  43     0.44109     0.15055
  44     0.45007     0.15593
  45     0.46013     0.16208
  46      0.4702     0.16836
  47     0.48003     0.17465
  48     0.49012     0.18125
  49     0.50017     0.18796
  50     0.51008     0.19471
  51     0.52068     0.20206
  52     0.53314     0.21091
  53     0.54004     0.21588
  54     0.55014      0.2233
  55     0.56007     0.23075
  56     0.57037     0.23866
  57     0.58007     0.24624
  58     0.59081     0.25477
  59     0.60222     0.26406
  60     0.61003     0.27054
  61        0.62     0.27896
  62     0.63006     0.28764
  63     0.64032     0.29674
  64     0.65013     0.30562
  65     0.66001     0.31474
  66     0.67003     0.32423
  67     0.68003     0.33401
  68     0.69028     0.34434
  69     0.70013     0.35451
  70     0.71084     0.36585
  71     0.72105     0.37693
  72     0.73028     0.38715
  73     0.74004     0.39824
  74     0.75147     0.41159
  75     0.76006     0.42185
  76     0.77006     0.43418
  77     0.78024     0.44718
  78     0.79004     0.46005
  79     0.80008     0.47364
  80     0.81018     0.48776
  81     0.82009     0.50205
  82     0.83004     0.51694
  83     0.84007     0.53253
  84     0.85003     0.54862
  85     0.86003     0.56546
  86      0.8701     0.58325
  87     0.88005     0.60165
  88     0.89005     0.62095
  89     0.90004      0.6413
  90     0.91009     0.66283
  91     0.92026     0.68601
  92     0.93005     0.70984
  93     0.94003      0.7361
  94     0.95007     0.76508
  95      0.9602     0.79714
  96     0.97006     0.83246
  97     0.98014     0.87342
  98     0.99001     0.92161
  99           1           1
-----------------------------------------

----------------- PPP$ and local currency --------------
         PPP used in computation: 343.786
     Data mean in local currency: 42014.1
               Data mean in PPP$: 381.175
        Poverty line in PPP$/Day: 1.9
      Poverty line in PPP$/Month: 57.7917
  Poverty line in local currency: 6369.95
-------------------------------------------------------

----------------- Estimation result --------------
     Number of observation: 5157
          Total population: 2.92902E+06
              Total wealth: 3.57956E+08(PPP$)
                   Minimum: 0(PPP$)
                   Maximum: 2223.5(PPP$)
             Headcount(HC): 0.0636978
          Poverty gap (PG): 0.0299462
       Poverty gap squared: 0.0212898
                      Gini: 0.476653
                    Median: 257.056
                       MLD: 0.545142
                      Watt: 0.0264015
--------------------------------------------------

-------------------------------- Income or Consumption share by deciles (%) -------------------------------------
     1.1634     2.7713     3.8641     4.9212     6.0643     7.4409     9.2124     11.916     16.769     35.877
-----------------------------------------------------------------------------------------------------------------


