

**********************************************************************************************
**                                   Basic Information                                      **
**********************************************************************************************

----------------- Dataset Information -----------------
                         Country: Costa Rica
                    Country dode: CRI
                       Data Year: 2009
                        Coverage: National
             Welfare measurement: Income
                     Data format: Unit record
                     Data source: CRI_N2009Y
                  Data time span: UnDefined
-------------------------------------------------------


----------- Distribution ------------
   i           P           L 
-------------------------------------
   0    0.010471           0
   1    0.020123  0.00035655
   2    0.030525   0.0011593
   3    0.040041   0.0021464
   4    0.050306   0.0034501
   5    0.060294   0.0049049
   6    0.070053   0.0064609
   7    0.080336   0.0082648
   8     0.09001    0.010101
   9     0.10006     0.01214
  10     0.11006    0.014267
  11     0.12012    0.016517
  12     0.13047     0.01894
  13     0.14005    0.021276
  14     0.15045    0.023931
  15      0.1601    0.026482
  16     0.17011     0.02921
  17        0.18    0.031985
  18     0.19003    0.034896
  19     0.20246    0.038627
  20     0.21007    0.040958
  21     0.22018    0.044149
  22     0.23093    0.047668
  23     0.24008     0.05075
  24     0.25012    0.054227
  25     0.26006    0.057749
  26     0.27004    0.061365
  27     0.28057    0.065304
  28     0.29047    0.069107
  29     0.30008    0.072891
  30     0.31001    0.076877
  31      0.3201    0.081022
  32     0.33062    0.085432
  33     0.34009    0.089515
  34      0.3501    0.093928
  35     0.36008    0.098427
  36     0.37111     0.10349
  37     0.38018     0.10773
  38     0.39006     0.11244
  39     0.40006     0.11731
  40     0.41018     0.12233
  41     0.42009     0.12736
  42     0.43005     0.13255
  43     0.44003     0.13785
  44     0.45001      0.1433
  45     0.46002     0.14887
  46     0.47009     0.15458
  47     0.48022     0.16044
  48     0.49027      0.1664
  49     0.50007     0.17232
  50     0.51002     0.17843
  51     0.52002     0.18475
  52     0.53007     0.19125
  53     0.54012     0.19789
  54     0.55021     0.20473
  55     0.56003     0.21155
  56     0.57017     0.21872
  57     0.58006     0.22586
  58     0.59012     0.23326
  59     0.60021     0.24084
  60      0.6101     0.24842
  61        0.62     0.25621
  62     0.63004     0.26429
  63     0.64003      0.2725
  64     0.65044     0.28129
  65     0.66003     0.28959
  66     0.67005     0.29846
  67      0.6801     0.30757
  68     0.69005     0.31678
  69     0.70003     0.32627
  70     0.71011      0.3361
  71     0.72027     0.34633
  72      0.7301     0.35656
  73     0.74002     0.36722
  74     0.75011      0.3784
  75     0.76014     0.38989
  76     0.77006     0.40161
  77     0.78008     0.41382
  78     0.79025     0.42667
  79     0.80008      0.4395
  80        0.81     0.45283
  81     0.82005     0.46677
  82     0.83005     0.48126
  83     0.84002     0.49629
  84     0.85007     0.51211
  85     0.86009     0.52874
  86     0.87007     0.54603
  87     0.88001     0.56401
  88     0.89017     0.58345
  89     0.90003     0.60355
  90     0.91001     0.62518
  91     0.92099     0.65085
  92     0.93014     0.67409
  93     0.94002     0.70137
  94     0.95009     0.73228
  95      0.9601     0.76663
  96     0.97006      0.8046
  97     0.98016     0.84888
  98     0.99005     0.90072
  99           1           1
-----------------------------------------

----------------- PPP$ and local currency --------------
         PPP used in computation: 343.786
     Data mean in local currency: 182081
               Data mean in PPP$: 585.898
        Poverty line in PPP$/Day: 1.9
      Poverty line in PPP$/Month: 57.7917
  Poverty line in local currency: 17960.1
-------------------------------------------------------

----------------- Estimation result --------------
     Number of observation: 6557
          Total population: 4.36381E+06
              Total wealth: 2.31123E+09(PPP$)
                   Minimum: 0(PPP$)
                   Maximum: 21609(PPP$)
             Headcount(HC): 0.0332895
          Poverty gap (PG): 0.0188915
       Poverty gap squared: 0.0150488
                      Gini: 0.509656
                    Median: 356.246
                       MLD: 0.592671
                      Watt: 0.0131525
--------------------------------------------------

-------------------------------- Income or Consumption share by deciles (%) -------------------------------------
     1.2128     2.5761     3.4969     4.4418     5.4995     6.8415     8.5549     11.316     16.408     39.652
-----------------------------------------------------------------------------------------------------------------


