

**********************************************************************************************
**                                   Basic Information                                      **
**********************************************************************************************

----------------- Dataset Information -----------------
                         Country: Costa Rica
                    Country dode: CRI
                       Data Year: 2007
                        Coverage: National
             Welfare measurement: Income
                     Data format: Unit record
                     Data source: CRI_N2007Y
                  Data time span: UnDefined
-------------------------------------------------------


----------- Distribution ------------
   i           P           L 
-------------------------------------
   0     0.01002  0.00011635
   1    0.020007  0.00087661
   2    0.030165   0.0019858
   3    0.040071   0.0033362
   4    0.051113   0.0050599
   5    0.060065   0.0065838
   6    0.070103   0.0084134
   7    0.080216    0.010377
   8    0.090012    0.012383
   9     0.10009    0.014572
  10     0.11008    0.016851
  11     0.12138    0.019555
  12     0.13001    0.021706
  13     0.14026    0.024392
  14     0.15013    0.027082
  15     0.16013    0.029887
  16     0.17037    0.032877
  17     0.18004    0.035794
  18     0.19017    0.038941
  19     0.20008    0.042118
  20     0.21009    0.045412
  21     0.22003    0.048793
  22     0.23011    0.052322
  23        0.24    0.055859
  24     0.25004     0.05953
  25     0.26008    0.063299
  26     0.27005     0.06714
  27     0.28003    0.071083
  28     0.29019    0.075184
  29     0.30034    0.079392
  30     0.31011    0.083533
  31     0.32006    0.087845
  32     0.33003    0.092264
  33     0.34055    0.097024
  34        0.35      0.1014
  35     0.36008     0.10617
  36     0.37011     0.11102
  37     0.38028     0.11603
  38     0.39006     0.12097
  39     0.40022     0.12621
  40     0.41006     0.13141
  41     0.42006      0.1368
  42     0.43001     0.14227
  43     0.44065     0.14821
  44     0.45005     0.15354
  45     0.46021      0.1594
  46      0.4701     0.16521
  47     0.48223      0.1725
  48     0.49002     0.17727
  49     0.50015      0.1836
  50     0.51009     0.18992
  51     0.52001     0.19634
  52     0.53006     0.20297
  53     0.54069     0.21013
  54     0.55003     0.21654
  55     0.56011     0.22361
  56     0.57003      0.2307
  57     0.58026     0.23817
  58     0.59003     0.24542
  59     0.60002     0.25302
  60     0.61016     0.26089
  61     0.62007     0.26876
  62     0.63004     0.27682
  63        0.64     0.28505
  64     0.65009     0.29359
  65      0.6601     0.30229
  66     0.67001     0.31109
  67     0.68002     0.32019
  68     0.69001     0.32944
  69     0.70007       0.339
  70      0.7101     0.34878
  71     0.72003     0.35873
  72     0.73095     0.37002
  73     0.74034     0.38003
  74     0.75015     0.39075
  75     0.76001      0.4018
  76     0.77005     0.41344
  77     0.78004     0.42544
  78     0.79004     0.43783
  79     0.80006     0.45064
  80     0.81008     0.46392
  81     0.82002      0.4776
  82     0.83085     0.49306
  83     0.84017     0.50688
  84        0.85     0.52204
  85     0.86016     0.53837
  86     0.87016     0.55524
  87     0.88076     0.57407
  88     0.89012     0.59145
  89     0.90131     0.61343
  90     0.91052     0.63277
  91     0.92013     0.65438
  92     0.93007     0.67833
  93     0.94008     0.70459
  94     0.95041     0.73452
  95     0.96017     0.76518
  96     0.97022      0.8007
  97     0.98048     0.84373
  98        0.99     0.89133
  99           1           1
-----------------------------------------

----------------- PPP$ and local currency --------------
         PPP used in computation: 343.786
     Data mean in local currency: 136148
               Data mean in PPP$: 534.712
        Poverty line in PPP$/Day: 1.9
      Poverty line in PPP$/Month: 57.7917
  Poverty line in local currency: 14714.9
-------------------------------------------------------

----------------- Estimation result --------------
     Number of observation: 6165
          Total population: 4.14832E+06
              Total wealth: 1.64285E+09(PPP$)
                   Minimum: 0(PPP$)
                   Maximum: 25251.5(PPP$)
             Headcount(HC): 0.023995
          Poverty gap (PG): 0.0121728
       Poverty gap squared: 0.00928108
                      Gini: 0.494891
                    Median: 337.862
                       MLD: 0.509943
                      Watt: 0.00804094
--------------------------------------------------

-------------------------------- Income or Consumption share by deciles (%) -------------------------------------
     1.4554     2.7539      3.716     4.6843     5.7406     6.9499     8.5929     11.164      16.03     38.914
-----------------------------------------------------------------------------------------------------------------


