

**********************************************************************************************
**                                   Basic Information                                      **
**********************************************************************************************

----------------- Dataset Information -----------------
                         Country: Costa Rica
                    Country dode: CRI
                       Data Year: 2010
                        Coverage: National
             Welfare measurement: Income
                     Data format: Unit record
                     Data source: CRI_N2010Y
                  Data time span: UnDefined
-------------------------------------------------------


----------- Distribution ------------
   i           P           L 
-------------------------------------
   0    0.010202  0.00033335
   1    0.020033   0.0012138
   2    0.030026   0.0024381
   3    0.040096   0.0038869
   4    0.050019   0.0055093
   5    0.060033   0.0072987
   6    0.070051   0.0092158
   7    0.080034    0.011259
   8    0.090002    0.013413
   9     0.10008    0.015723
  10     0.11004    0.018123
  11     0.12029    0.020693
  12     0.13003    0.023246
  13     0.14028    0.026042
  14     0.15004    0.028809
  15     0.16002    0.031745
  16     0.17028    0.034875
  17     0.18033    0.038038
  18     0.19017    0.041211
  19         0.2    0.044469
  20     0.21023    0.047966
  21     0.22041    0.051549
  22     0.23014    0.055068
  23     0.24015    0.058764
  24     0.25009     0.06253
  25     0.26003    0.066376
  26     0.27008    0.070347
  27     0.28001    0.074364
  28     0.29005    0.078515
  29     0.30001    0.082713
  30        0.31    0.087008
  31     0.32017     0.09147
  32     0.33003    0.095886
  33     0.34007      0.1005
  34      0.3502     0.10526
  35     0.36006     0.10999
  36     0.37002     0.11488
  37     0.38001     0.11988
  38     0.39016     0.12506
  39     0.40002     0.13018
  40     0.41011     0.13551
  41     0.42001     0.14084
  42     0.43002     0.14632
  43     0.44002     0.15193
  44     0.45017     0.15773
  45     0.46005      0.1635
  46     0.47009     0.16948
  47     0.48008     0.17555
  48     0.49005     0.18172
  49     0.50026     0.18817
  50     0.51002      0.1945
  51     0.52021     0.20125
  52     0.53029     0.20806
  53     0.54001     0.21476
  54     0.55011     0.22185
  55     0.56019     0.22906
  56     0.57007     0.23626
  57     0.58004     0.24372
  58     0.59018     0.25148
  59     0.60002     0.25918
  60     0.61001     0.26716
  61     0.62005     0.27536
  62     0.63003      0.2837
  63        0.64     0.29221
  64      0.6501     0.30099
  65     0.66001     0.30983
  66     0.67051     0.31943
  67     0.68003     0.32835
  68     0.69002     0.33792
  69     0.70017     0.34792
  70     0.71017     0.35798
  71     0.72001     0.36813
  72     0.73009     0.37887
  73     0.74013     0.38986
  74     0.75007     0.40104
  75     0.76022     0.41275
  76     0.77008     0.42446
  77     0.78009     0.43673
  78     0.79007     0.44934
  79     0.80003     0.46236
  80     0.81005     0.47599
  81     0.82001     0.49004
  82     0.83005     0.50472
  83     0.84008     0.52009
  84     0.85017     0.53635
  85     0.86027     0.55327
  86     0.87008      0.5706
  87     0.88003     0.58916
  88     0.89003     0.60869
  89     0.90004     0.62927
  90     0.91021     0.65151
  91     0.92005     0.67451
  92     0.93006     0.69953
  93     0.94014     0.72628
  94      0.9501      0.7543
  95     0.96006     0.78495
  96     0.97014     0.81947
  97     0.98002     0.85884
  98     0.99004     0.90741
  99           1           1
-----------------------------------------

----------------- PPP$ and local currency --------------
         PPP used in computation: 343.786
     Data mean in local currency: 203194
               Data mean in PPP$: 618.681
        Poverty line in PPP$/Day: 1.9
      Poverty line in PPP$/Month: 57.7917
  Poverty line in local currency: 18980.6
-------------------------------------------------------

----------------- Estimation result --------------
     Number of observation: 10788
          Total population: 4.53922E+06
              Total wealth: 2.68291E+09(PPP$)
                   Minimum: 0(PPP$)
                   Maximum: 19764.3(PPP$)
             Headcount(HC): 0.0160832
          Poverty gap (PG): 0.0073205
       Poverty gap squared: 0.00493739
                      Gini: 0.480961
                    Median: 396.24
                       MLD: 0.432672
                      Watt: 0.00815836
--------------------------------------------------

-------------------------------- Income or Consumption share by deciles (%) -------------------------------------
     1.5704     2.8765      3.824     4.7456     5.7841     7.1154     8.8589     11.457     16.687     37.081
-----------------------------------------------------------------------------------------------------------------


