

**********************************************************************************************
**                                   Basic Information                                      **
**********************************************************************************************

----------------- Dataset Information -----------------
                         Country: Costa Rica
                    Country dode: CRI
                       Data Year: 2012
                        Coverage: National
             Welfare measurement: Income
                     Data format: Unit record
                     Data source: CRI_N2012Y
                  Data time span: UnDefined
-------------------------------------------------------


----------- Distribution ------------
   i           P           L 
-------------------------------------
   0    0.010063  0.00035606
   1    0.020057    0.001169
   2    0.030204   0.0022674
   3    0.040011   0.0035507
   4    0.050094   0.0050619
   5    0.060019   0.0067181
   6    0.070226   0.0085741
   7    0.080123     0.01051
   8    0.090076    0.012566
   9     0.10008    0.014742
  10     0.11003    0.017022
  11        0.12    0.019411
  12     0.13011    0.021938
  13     0.14002    0.024515
  14     0.15001    0.027213
  15     0.16001    0.030009
  16     0.17009    0.032916
  17     0.18003    0.035876
  18      0.1901    0.038982
  19      0.2001    0.042165
  20     0.21009     0.04544
  21     0.22007    0.048805
  22     0.23033     0.05236
  23     0.24004    0.055813
  24     0.25019     0.05952
  25     0.26003    0.063198
  26     0.27001    0.067031
  27     0.28014    0.071015
  28     0.29002    0.074994
  29     0.30024    0.079199
  30     0.31012     0.08335
  31     0.32012    0.087624
  32     0.33018    0.092039
  33     0.34008    0.096487
  34     0.35019     0.10113
  35     0.36005     0.10579
  36     0.37024     0.11072
  37     0.38001     0.11554
  38      0.3901     0.12065
  39     0.40006     0.12582
  40     0.41001     0.13107
  41     0.42002     0.13647
  42     0.43005     0.14197
  43     0.44004     0.14755
  44     0.45005     0.15327
  45     0.46002     0.15908
  46      0.4703      0.1652
  47     0.48014     0.17119
  48     0.49009     0.17736
  49         0.5     0.18363
  50     0.51026     0.19024
  51     0.52002     0.19667
  52     0.53003     0.20339
  53     0.54002     0.21025
  54     0.55036     0.21751
  55     0.56002     0.22445
  56     0.57008     0.23184
  57     0.58001     0.23932
  58        0.59     0.24703
  59     0.60006     0.25496
  60     0.61003     0.26299
  61     0.62009      0.2713
  62      0.6301      0.2797
  63      0.6403     0.28847
  64     0.65006     0.29704
  65     0.66009     0.30603
  66     0.67003     0.31515
  67     0.68019     0.32469
  68     0.69005      0.3342
  69     0.70012     0.34419
  70     0.71011     0.35433
  71     0.72021     0.36486
  72     0.73007     0.37542
  73     0.74009     0.38643
  74        0.75     0.39768
  75     0.76004     0.40953
  76     0.77003     0.42175
  77     0.78003     0.43438
  78        0.79     0.44742
  79     0.80008     0.46103
  80     0.81014     0.47512
  81     0.82006     0.48959
  82     0.83003     0.50469
  83     0.84004     0.52043
  84     0.85005     0.53674
  85     0.86002     0.55363
  86     0.87009     0.57136
  87     0.88009     0.58978
  88     0.89014     0.60933
  89      0.9001     0.62971
  90     0.91015     0.65142
  91     0.92018     0.67429
  92     0.93012     0.69871
  93     0.94001     0.72463
  94     0.95002     0.75278
  95     0.96003     0.78315
  96     0.97003     0.81675
  97     0.98028     0.85746
  98     0.99002     0.90731
  99           1           1
-----------------------------------------

----------------- PPP$ and local currency --------------
         PPP used in computation: 343.786
     Data mean in local currency: 237495
               Data mean in PPP$: 661.305
        Poverty line in PPP$/Day: 1.9
      Poverty line in PPP$/Month: 57.7917
  Poverty line in local currency: 20754.8
-------------------------------------------------------

----------------- Estimation result --------------
     Number of observation: 10581
          Total population: 4.65732E+06
              Total wealth: 3.21739E+09(PPP$)
                   Minimum: 0(PPP$)
                   Maximum: 29157.5(PPP$)
             Headcount(HC): 0.0171523
          Poverty gap (PG): 0.00684546
       Poverty gap squared: 0.00424056
                      Gini: 0.486094
                    Median: 421.356
                       MLD: 0.438082
                      Watt: 0.00841632
--------------------------------------------------

-------------------------------- Income or Consumption share by deciles (%) -------------------------------------
     1.4723     2.7409     3.6968     4.6686     5.7838     7.1286     8.9159     11.686     16.858      37.05
-----------------------------------------------------------------------------------------------------------------


