

**********************************************************************************************
**                                   Basic Information                                      **
**********************************************************************************************

----------------- Dataset Information -----------------
                         Country: Costa Rica
                    Country dode: CRI
                       Data Year: 2003
                        Coverage: National
             Welfare measurement: Income
                     Data format: Unit record
                     Data source: CRI_N2003Y
                  Data time span: UnDefined
-------------------------------------------------------


----------- Distribution ------------
   i           P           L 
-------------------------------------
   0    0.014662           0
   1    0.020039  0.00013506
   2    0.030182  0.00065654
   3     0.04045    0.001429
   4    0.050034   0.0023431
   5    0.060043   0.0034806
   6    0.070198    0.004836
   7     0.08021   0.0063415
   8     0.09009   0.0079813
   9     0.10003   0.0097789
  10     0.11016    0.011744
  11     0.12031     0.01382
  12     0.13031    0.015992
  13     0.14019    0.018246
  14     0.15017    0.020644
  15     0.16018    0.023163
  16     0.17016    0.025797
  17      0.1801    0.028519
  18     0.19005    0.031363
  19     0.20001    0.034316
  20     0.21037      0.0375
  21      0.2203    0.040669
  22      0.2303    0.043978
  23     0.24022    0.047343
  24     0.25006      0.0508
  25     0.26012    0.054454
  26     0.27009    0.058137
  27     0.28038    0.062054
  28     0.29071    0.066102
  29     0.30079     0.07017
  30     0.31015     0.07404
  31     0.32013    0.078272
  32     0.33194    0.083429
  33     0.34005    0.087035
  34     0.35015    0.091637
  35     0.36001    0.096253
  36     0.37046     0.10126
  37     0.38002     0.10595
  38     0.39039     0.11116
  39     0.40032     0.11625
  40     0.41003     0.12134
  41     0.42032     0.12687
  42     0.43065     0.13257
  43     0.44008     0.13787
  44     0.45002     0.14359
  45     0.46004     0.14946
  46     0.47002     0.15541
  47     0.48021     0.16163
  48     0.49001     0.16771
  49     0.50002     0.17406
  50     0.51018     0.18063
  51     0.52011     0.18721
  52     0.53009     0.19395
  53     0.54006     0.20086
  54     0.55001     0.20792
  55     0.56421     0.21828
  56     0.57006     0.22261
  57     0.58002     0.23016
  58     0.59011       0.238
  59     0.60102     0.24672
  60     0.61002     0.25408
  61     0.62007     0.26251
  62     0.63015     0.27118
  63     0.64016     0.28002
  64     0.65005     0.28896
  65     0.66007     0.29822
  66     0.67001      0.3076
  67     0.68007     0.31737
  68     0.69003     0.32731
  69     0.70003     0.33754
  70     0.71001     0.34804
  71     0.72002     0.35887
  72     0.73028     0.37023
  73     0.74005      0.3814
  74      0.7501     0.39321
  75     0.76037     0.40558
  76     0.77011     0.41765
  77     0.78006      0.4304
  78     0.79022     0.44385
  79     0.80008      0.4573
  80     0.81009     0.47134
  81     0.82009     0.48591
  82        0.83     0.50087
  83     0.84003     0.51665
  84      0.8505     0.53364
  85     0.86026     0.55016
  86     0.87002      0.5673
  87     0.88004      0.5857
  88      0.8902      0.6052
  89     0.90012     0.62513
  90     0.91049      0.6473
  91     0.92085     0.67097
  92     0.93006     0.69352
  93     0.94011     0.71996
  94     0.95009     0.74852
  95     0.96028     0.78062
  96     0.97009     0.81544
  97     0.98003     0.85713
  98     0.99004     0.90856
  99           1           1
-----------------------------------------

----------------- PPP$ and local currency --------------
         PPP used in computation: 343.786
     Data mean in local currency: 74974.7
               Data mean in PPP$: 458.791
        Poverty line in PPP$/Day: 1.9
      Poverty line in PPP$/Month: 57.7917
  Poverty line in local currency: 9444.2
-------------------------------------------------------

----------------- Estimation result --------------
     Number of observation: 5657
          Total population: 3.56371E+06
              Total wealth: 7.77195E+08(PPP$)
                   Minimum: 0(PPP$)
                   Maximum: 9055.86(PPP$)
             Headcount(HC): 0.0610605
          Poverty gap (PG): 0.0324219
       Poverty gap squared: 0.0241096
                      Gini: 0.499292
                    Median: 293.011
                       MLD: 0.626497
                      Watt: 0.0272547
--------------------------------------------------

-------------------------------- Income or Consumption share by deciles (%) -------------------------------------
    0.97741     2.4539     3.5537     4.6234     5.7965     7.1855     9.1613     11.968      16.77      37.51
-----------------------------------------------------------------------------------------------------------------


