

**********************************************************************************************
**                                   Basic Information                                      **
**********************************************************************************************

----------------- Dataset Information -----------------
                         Country: Costa Rica
                    Country dode: CRI
                       Data Year: 1993
                        Coverage: National
             Welfare measurement: Income
                     Data format: Unit record
                     Data source: CRI_N1993Y
                  Data time span: UnDefined
-------------------------------------------------------


----------- Distribution ------------
   i           P           L 
-------------------------------------
   0    0.023821           0
   1    0.023821           0
   2    0.030114  0.00019316
   3    0.040359  0.00085067
   4    0.050122   0.0018054
   5    0.060085   0.0030399
   6    0.072499   0.0048946
   7    0.080074   0.0061566
   8    0.090365   0.0080738
   9     0.10017    0.010086
  10     0.11006    0.012252
  11     0.12047    0.014685
  12     0.13011    0.017115
  13        0.14    0.019764
  14     0.15096    0.022812
  15     0.16013    0.025484
  16     0.17396    0.029774
  17     0.18076    0.031943
  18        0.19     0.03504
  19     0.20002    0.038528
  20     0.21004    0.042122
  21     0.22009    0.045813
  22     0.23016    0.049632
  23      0.2401    0.053519
  24     0.25013    0.057533
  25     0.26013    0.061672
  26     0.27002    0.065848
  27      0.2815    0.070811
  28     0.29018    0.074648
  29     0.30013    0.079159
  30     0.31075    0.084118
  31     0.32189    0.089418
  32     0.33042    0.093542
  33     0.34017    0.098364
  34     0.35043     0.10359
  35      0.3607     0.10897
  36     0.37009     0.11399
  37     0.38002     0.11945
  38     0.39004     0.12504
  39     0.40005     0.13079
  40     0.41014     0.13673
  41     0.42096     0.14325
  42     0.43029     0.14895
  43     0.44077     0.15552
  44     0.45069     0.16183
  45     0.46027     0.16806
  46     0.47034     0.17475
  47     0.48035     0.18154
  48     0.49024     0.18838
  49     0.50105     0.19593
  50     0.51009     0.20236
  51     0.52026     0.20973
  52     0.53023     0.21712
  53     0.54016     0.22465
  54     0.55008     0.23229
  55     0.56198     0.24174
  56     0.57008      0.2483
  57     0.58002     0.25651
  58     0.59006     0.26496
  59     0.60007     0.27357
  60     0.61027     0.28253
  61     0.62055      0.2918
  62     0.63006     0.30058
  63      0.6404     0.31032
  64     0.65025     0.31976
  65     0.66014     0.32943
  66     0.67023     0.33955
  67     0.68003     0.34957
  68     0.69054     0.36055
  69     0.70014     0.37077
  70     0.71055     0.38208
  71     0.72001     0.39262
  72     0.73012     0.40421
  73     0.74004      0.4159
  74     0.75008     0.42803
  75     0.76117      0.4419
  76     0.77094     0.45454
  77     0.78013     0.46683
  78     0.79031     0.48081
  79     0.80004     0.49443
  80     0.81002     0.50884
  81     0.82014      0.5239
  82     0.83025     0.53958
  83     0.84019      0.5554
  84        0.85     0.57148
  85     0.86072     0.58967
  86     0.87001     0.60592
  87      0.8805      0.6251
  88     0.89027     0.64369
  89     0.90002     0.66298
  90        0.91     0.68368
  91     0.92032     0.70645
  92     0.93005     0.72912
  93     0.94014     0.75416
  94     0.95012     0.78118
  95        0.96     0.81065
  96     0.97027     0.84452
  97     0.98007     0.88141
  98      0.9901       0.926
  99           1           1
-----------------------------------------

----------------- PPP$ and local currency --------------
         PPP used in computation: 343.786
     Data mean in local currency: 15780.2
               Data mean in PPP$: 323.16
        Poverty line in PPP$/Day: 1.9
      Poverty line in PPP$/Month: 57.7917
  Poverty line in local currency: 2822.02
-------------------------------------------------------

----------------- Estimation result --------------
     Number of observation: 4144
          Total population: 2.33932E+06
              Total wealth: 1.07378E+08(PPP$)
                   Minimum: 0(PPP$)
                   Maximum: 2141.03(PPP$)
             Headcount(HC): 0.0800737
          Poverty gap (PG): 0.0456471
       Poverty gap squared: 0.0357941
                      Gini: 0.460032
                    Median: 227.761
                       MLD: 0.623498
                      Watt: 0.0347124
--------------------------------------------------

-------------------------------- Income or Consumption share by deciles (%) -------------------------------------
     1.0051     2.8471     4.0579     5.1665     6.4431     7.8312     9.7109     12.375     16.856     33.707
-----------------------------------------------------------------------------------------------------------------


