

**********************************************************************************************
**                                   Basic Information                                      **
**********************************************************************************************

----------------- Dataset Information -----------------
                         Country: Costa Rica
                    Country dode: CRI
                       Data Year: 1995
                        Coverage: National
             Welfare measurement: Income
                     Data format: Unit record
                     Data source: CRI_N1995Y
                  Data time span: UnDefined
-------------------------------------------------------


----------- Distribution ------------
   i           P           L 
-------------------------------------
   0    0.017613           0
   1    0.020227  4.5159E-05
   2    0.030064  0.00057918
   3    0.040287   0.0014708
   4     0.05148   0.0027184
   5    0.060055   0.0038622
   6    0.070866   0.0055671
   7    0.081361   0.0074476
   8    0.090109    0.009127
   9      0.1021    0.011636
  10     0.11014    0.013412
  11     0.12036    0.015855
  12     0.13005    0.018305
  13     0.14016    0.021029
  14     0.15011    0.023854
  15     0.16008    0.026797
  16     0.17178    0.030441
  17     0.18004    0.033117
  18     0.19051    0.036634
  19     0.20011    0.039961
  20     0.21002     0.04351
  21     0.22008     0.04723
  22     0.23015    0.051066
  23     0.24011    0.054969
  24     0.25005    0.058968
  25     0.26037    0.063228
  26     0.27012    0.067365
  27     0.28004    0.071666
  28     0.29018    0.076193
  29     0.30034    0.080839
  30     0.31019    0.085441
  31     0.32004    0.090146
  32     0.33022    0.095148
  33     0.34001     0.10012
  34     0.35004     0.10535
  35     0.36004     0.11068
  36     0.37005     0.11612
  37     0.38026     0.12179
  38     0.39005     0.12734
  39     0.40042     0.13338
  40     0.41018     0.13915
  41        0.42     0.14508
  42     0.43002     0.15126
  43     0.44081     0.15811
  44     0.45009     0.16407
  45     0.46022     0.17067
  46     0.47006     0.17721
  47     0.48067     0.18441
  48     0.49008     0.19091
  49     0.50005     0.19792
  50     0.51004     0.20505
  51     0.52088     0.21293
  52     0.53076     0.22028
  53     0.54006     0.22732
  54     0.55001     0.23502
  55     0.56027     0.24311
  56     0.57003     0.25099
  57     0.58007     0.25928
  58       0.592     0.26939
  59     0.60012     0.27638
  60     0.61001     0.28509
  61      0.6202     0.29427
  62     0.63034     0.30353
  63     0.64009     0.31263
  64     0.65019     0.32225
  65     0.66004     0.33189
  66     0.67008     0.34202
  67     0.68021     0.35252
  68     0.69017     0.36309
  69     0.70005     0.37378
  70     0.71004     0.38484
  71     0.72066     0.39685
  72      0.7301     0.40775
  73     0.74007     0.41951
  74     0.75003     0.43152
  75     0.76016     0.44398
  76     0.77063     0.45716
  77     0.78004     0.46929
  78     0.79012     0.48271
  79      0.8001     0.49644
  80     0.81001     0.51046
  81     0.82019      0.5254
  82     0.83041      0.5409
  83     0.84008     0.55597
  84     0.85004     0.57201
  85      0.8608        0.59
  86     0.87014     0.60615
  87     0.88002     0.62391
  88     0.89006     0.64279
  89     0.90003     0.66243
  90     0.91005      0.6831
  91     0.92015     0.70498
  92     0.93011     0.72774
  93     0.94005     0.75196
  94        0.95     0.77822
  95     0.96001     0.80691
  96      0.9701     0.83871
  97     0.98003     0.87524
  98     0.99015     0.92227
  99           1           1
-----------------------------------------

----------------- PPP$ and local currency --------------
         PPP used in computation: 343.786
     Data mean in local currency: 23439.1
               Data mean in PPP$: 348.32
        Poverty line in PPP$/Day: 1.9
      Poverty line in PPP$/Month: 57.7917
  Poverty line in local currency: 3888.9
-------------------------------------------------------

----------------- Estimation result --------------
     Number of observation: 4721
          Total population: 2.64963E+06
              Total wealth: 1.8065E+08(PPP$)
                   Minimum: 0(PPP$)
                   Maximum: 2676.76(PPP$)
             Headcount(HC): 0.0693776
          Poverty gap (PG): 0.0373423
       Poverty gap squared: 0.0281589
                      Gini: 0.457127
                    Median: 246.509
                       MLD: 0.564543
                      Watt: 0.0309966
--------------------------------------------------

-------------------------------- Income or Consumption share by deciles (%) -------------------------------------
     1.1197     2.8728     4.0759      5.245     6.4753      7.839     9.7443     12.259     16.605     33.764
-----------------------------------------------------------------------------------------------------------------


