

**********************************************************************************************
**                                   Basic Information                                      **
**********************************************************************************************

----------------- Dataset Information -----------------
                         Country: Costa Rica
                    Country dode: CRI
                       Data Year: 2005
                        Coverage: National
             Welfare measurement: Income
                     Data format: Unit record
                     Data source: CRI_N2005Y
                  Data time span: UnDefined
-------------------------------------------------------


----------- Distribution ------------
   i           P           L 
-------------------------------------
   0    0.010024  3.5162E-05
   1    0.020115  0.00057417
   2    0.030179   0.0014434
   3    0.040053   0.0025498
   4    0.050285   0.0039062
   5    0.060022   0.0053775
   6    0.070327   0.0071221
   7    0.080871   0.0090742
   8    0.090134    0.010935
   9     0.10008    0.013055
  10     0.11097    0.015492
  11     0.12013    0.017636
  12     0.13017    0.020094
  13     0.14087    0.022866
  14        0.15    0.025322
  15     0.16001    0.028152
  16     0.17018    0.031134
  17     0.18006    0.034123
  18     0.19019    0.037312
  19     0.20043    0.040624
  20     0.21023    0.043885
  21     0.22001    0.047256
  22     0.23002    0.050807
  23     0.24021    0.054552
  24     0.25002    0.058249
  25     0.26008    0.062143
  26      0.2702     0.06617
  27     0.28007    0.070185
  28     0.29033    0.074488
  29     0.30014    0.078692
  30     0.31039    0.083195
  31     0.32009    0.087547
  32     0.33003    0.092134
  33     0.34014    0.096897
  34     0.35135     0.10232
  35     0.36006     0.10665
  36     0.37055     0.11197
  37     0.38007     0.11691
  38     0.39015     0.12226
  39     0.40049     0.12784
  40     0.41003      0.1331
  41     0.42051     0.13899
  42     0.43001     0.14444
  43     0.44123     0.15099
  44     0.45015     0.15626
  45     0.46012     0.16228
  46     0.47003     0.16838
  47     0.48012     0.17474
  48     0.49076     0.18155
  49     0.50005      0.1876
  50     0.51151     0.19527
  51     0.52001     0.20104
  52     0.53007     0.20803
  53     0.54002     0.21507
  54      0.5508     0.22288
  55     0.56007     0.22971
  56     0.57025     0.23739
  57      0.5807     0.24545
  58     0.59002     0.25278
  59     0.60004     0.26082
  60     0.61009     0.26906
  61     0.62007     0.27746
  62     0.63015     0.28613
  63     0.64004     0.29483
  64     0.65052     0.30427
  65     0.66003     0.31303
  66     0.67033      0.3227
  67     0.68005      0.3321
  68     0.69004     0.34206
  69     0.70011     0.35233
  70      0.7103     0.36301
  71     0.72005     0.37347
  72      0.7302     0.38465
  73     0.74019     0.39604
  74     0.75006     0.40759
  75     0.76001     0.41958
  76     0.77002     0.43198
  77     0.78042     0.44523
  78     0.79026     0.45818
  79     0.80012     0.47159
  80     0.81014     0.48567
  81     0.82003      0.5001
  82     0.83008     0.51521
  83     0.84043     0.53146
  84     0.85004      0.5471
  85     0.86005      0.5641
  86     0.87012     0.58198
  87     0.88007     0.60043
  88     0.89003     0.61979
  89     0.90009     0.64035
  90     0.91001     0.66158
  91     0.92002     0.68442
  92     0.93004     0.70908
  93     0.94002     0.73539
  94     0.95048     0.76514
  95      0.9603     0.79533
  96        0.97     0.82842
  97      0.9804     0.86905
  98     0.99003     0.91482
  99           1           1
-----------------------------------------

----------------- PPP$ and local currency --------------
         PPP used in computation: 343.786
     Data mean in local currency: 94049.4
               Data mean in PPP$: 449.997
        Poverty line in PPP$/Day: 1.9
      Poverty line in PPP$/Month: 57.7917
  Poverty line in local currency: 12078.5
-------------------------------------------------------

----------------- Estimation result --------------
     Number of observation: 5747
          Total population: 3.94817E+06
              Total wealth: 1.0801E+09(PPP$)
                   Minimum: 0(PPP$)
                   Maximum: 13465.1(PPP$)
             Headcount(HC): 0.0437233
          Poverty gap (PG): 0.0202984
       Poverty gap squared: 0.0143425
                      Gini: 0.477741
                    Median: 296.496
                       MLD: 0.507624
                      Watt: 0.0175357
--------------------------------------------------

-------------------------------- Income or Consumption share by deciles (%) -------------------------------------
     1.3038     2.7446     3.8148     4.8946     5.9987     7.3224     9.1432      11.92     16.875     35.983
-----------------------------------------------------------------------------------------------------------------


