

**********************************************************************************************
**                                   Basic Information                                      **
**********************************************************************************************

----------------- Dataset Information -----------------
                         Country: Costa Rica
                    Country dode: CRI
                       Data Year: 1994
                        Coverage: National
             Welfare measurement: Income
                     Data format: Unit record
                     Data source: CRI_N1994Y
                  Data time span: UnDefined
-------------------------------------------------------


----------- Distribution ------------
   i           P           L 
-------------------------------------
   0    0.017591           0
   1    0.020013  5.7926E-05
   2    0.030017  0.00057647
   3    0.040375   0.0014701
   4     0.05037   0.0026297
   5    0.060172   0.0039775
   6    0.070168   0.0055239
   7    0.080301   0.0072771
   8    0.090671   0.0092822
   9     0.10162    0.011599
  10     0.11026     0.01354
  11     0.12275    0.016577
  12        0.13    0.018409
  13     0.14038    0.021153
  14     0.15007    0.023849
  15     0.16007    0.026758
  16     0.17002    0.029767
  17     0.18005    0.032947
  18     0.19025    0.036343
  19      0.2008    0.039998
  20     0.21016    0.043341
  21      0.2206    0.047189
  22     0.23009    0.050781
  23     0.24006    0.054637
  24     0.25019     0.05869
  25     0.26006    0.062733
  26     0.27014    0.066962
  27     0.28196     0.07205
  28     0.29002    0.075591
  29     0.30001    0.080089
  30     0.31003    0.084712
  31     0.32011    0.089494
  32     0.33005    0.094299
  33     0.34263     0.10053
  34     0.35013      0.1043
  35     0.36007     0.10936
  36     0.37026     0.11469
  37     0.38007     0.11997
  38     0.39254     0.12681
  39         0.4     0.13096
  40     0.41215      0.1379
  41     0.42002     0.14246
  42     0.43001     0.14838
  43     0.44002     0.15444
  44     0.45005     0.16067
  45     0.46023     0.16711
  46     0.47036     0.17365
  47     0.48056     0.18039
  48      0.4901     0.18684
  49     0.50023     0.19383
  50     0.51024     0.20087
  51     0.52017     0.20803
  52     0.53015     0.21535
  53     0.54167     0.22397
  54     0.55005     0.23033
  55     0.56013      0.2381
  56     0.57016     0.24605
  57     0.58033      0.2543
  58     0.59084     0.26302
  59     0.60102     0.27159
  60     0.61024     0.27953
  61        0.62     0.28807
  62     0.63005     0.29699
  63     0.64027     0.30625
  64     0.65011     0.31538
  65     0.66027     0.32505
  66     0.67001     0.33454
  67     0.68104     0.34558
  68     0.69013     0.35481
  69     0.70027     0.36536
  70     0.71006     0.37582
  71     0.72004     0.38676
  72     0.73004     0.39797
  73     0.74006     0.40946
  74     0.75019     0.42138
  75     0.76021     0.43353
  76      0.7703     0.44612
  77     0.78011     0.45856
  78     0.79007     0.47153
  79     0.80007     0.48487
  80     0.81006     0.49861
  81     0.82028     0.51317
  82     0.83024     0.52781
  83     0.84004     0.54268
  84     0.85056     0.55927
  85     0.86007     0.57488
  86     0.87001     0.59191
  87      0.8802     0.61001
  88     0.89012     0.62834
  89     0.90007     0.64762
  90     0.91008     0.66798
  91     0.92003     0.68949
  92     0.93009     0.71265
  93     0.94004     0.73748
  94     0.95002     0.76448
  95     0.96009     0.79466
  96     0.97039     0.83054
  97     0.98006     0.86831
  98     0.99002     0.91567
  99           1           1
-----------------------------------------

----------------- PPP$ and local currency --------------
         PPP used in computation: 343.786
     Data mean in local currency: 19935.2
               Data mean in PPP$: 365.056
        Poverty line in PPP$/Day: 1.9
      Poverty line in PPP$/Month: 57.7917
  Poverty line in local currency: 3155.92
-------------------------------------------------------

----------------- Estimation result --------------
     Number of observation: 4557
          Total population: 2.57568E+06
              Total wealth: 1.49357E+08(PPP$)
                   Minimum: 0(PPP$)
                   Maximum: 2030.63(PPP$)
             Headcount(HC): 0.0664528
          Poverty gap (PG): 0.0353564
       Poverty gap squared: 0.0270279
                      Gini: 0.467524
                    Median: 253.627
                       MLD: 0.574687
                      Watt: 0.0272934
--------------------------------------------------

-------------------------------- Income or Consumption share by deciles (%) -------------------------------------
     1.1257     2.8463     4.0365     5.0874      6.271     7.7066      9.434      11.97      16.27     35.252
-----------------------------------------------------------------------------------------------------------------


