

**********************************************************************************************
**                                   Basic Information                                      **
**********************************************************************************************

----------------- Dataset Information -----------------
                         Country: Costa Rica
                    Country dode: CRI
                       Data Year: 2000
                        Coverage: National
             Welfare measurement: Income
                     Data format: Unit record
                     Data source: CRI_N2000Y
                  Data time span: UnDefined
-------------------------------------------------------


----------- Distribution ------------
   i           P           L 
-------------------------------------
   0    0.013307           0
   1    0.020124  0.00018013
   2    0.030481  0.00087933
   3    0.041026   0.0019117
   4    0.051068   0.0030942
   5    0.060333   0.0043431
   6    0.072032    0.006148
   7    0.080044   0.0075057
   8    0.090239   0.0093836
   9      0.1002    0.011365
  10     0.11007    0.013471
  11     0.12036    0.015826
  12     0.13174    0.018621
  13      0.1405    0.020869
  14      0.1501     0.02345
  15       0.161    0.026515
  16     0.17008    0.029175
  17     0.18027    0.032277
  18     0.19152    0.035843
  19      0.2002    0.038673
  20     0.21021    0.042049
  21     0.22056      0.0457
  22     0.23255    0.050078
  23     0.24017    0.052934
  24     0.25017    0.056787
  25     0.26047    0.060863
  26     0.27006    0.064742
  27     0.28011    0.068923
  28     0.29083    0.073516
  29      0.3001    0.077567
  30      0.3101    0.082056
  31     0.32137    0.087266
  32     0.33006     0.09137
  33     0.34011    0.096206
  34     0.35408     0.10309
  35        0.36     0.10606
  36     0.37011     0.11124
  37     0.38006     0.11649
  38     0.39009     0.12186
  39     0.40013     0.12729
  40      0.4101     0.13276
  41     0.42007     0.13838
  42     0.43004     0.14415
  43     0.44011      0.1501
  44     0.45039     0.15632
  45     0.46063     0.16264
  46     0.47015     0.16862
  47     0.48033     0.17517
  48     0.49004     0.18154
  49         0.5     0.18823
  50     0.51111      0.1959
  51     0.52072     0.20268
  52     0.53007     0.20937
  53     0.54229     0.21837
  54     0.55002     0.22414
  55     0.56024     0.23192
  56     0.57039     0.23987
  57     0.58031     0.24781
  58     0.59023     0.25586
  59     0.60016     0.26407
  60     0.61017     0.27252
  61     0.62001     0.28102
  62     0.63005     0.28996
  63     0.64006     0.29912
  64     0.65022      0.3086
  65     0.66015      0.3181
  66     0.67055     0.32831
  67     0.68024     0.33805
  68     0.69018     0.34827
  69     0.70007      0.3587
  70     0.71002     0.36938
  71     0.72011     0.38039
  72     0.73011     0.39162
  73     0.74005     0.40305
  74     0.75025     0.41514
  75     0.76004     0.42705
  76     0.77002     0.43949
  77     0.78012     0.45243
  78     0.79011     0.46553
  79     0.80036     0.47931
  80     0.81034     0.49311
  81     0.82009     0.50701
  82      0.8304     0.52226
  83      0.8401     0.53713
  84     0.85008     0.55295
  85      0.8602     0.56967
  86        0.87     0.58662
  87     0.88003     0.60468
  88     0.89006     0.62356
  89     0.90009     0.64347
  90     0.91015     0.66473
  91     0.92005      0.6868
  92     0.93004     0.71096
  93     0.94047     0.73819
  94     0.95015     0.76553
  95     0.96056      0.7978
  96     0.97004     0.83018
  97     0.98047     0.87177
  98     0.99005      0.9187
  99           1           1
-----------------------------------------

----------------- PPP$ and local currency --------------
         PPP used in computation: 343.786
     Data mean in local currency: 46485.6
               Data mean in PPP$: 377.661
        Poverty line in PPP$/Day: 1.9
      Poverty line in PPP$/Month: 57.7917
  Poverty line in local currency: 7113.47
-------------------------------------------------------

----------------- Estimation result --------------
     Number of observation: 4707
          Total population: 3.07268E+06
              Total wealth: 4.15478E+08(PPP$)
                   Minimum: 0(PPP$)
                   Maximum: 3012.96(PPP$)
             Headcount(HC): 0.0647872
          Poverty gap (PG): 0.0320845
       Poverty gap squared: 0.0234183
                      Gini: 0.474416
                    Median: 256.874
                       MLD: 0.562004
                      Watt: 0.0349093
--------------------------------------------------

-------------------------------- Income or Consumption share by deciles (%) -------------------------------------
     1.1324     2.7282     3.8915     4.9698     6.1013     7.5705     9.4693      12.02     16.446     35.671
-----------------------------------------------------------------------------------------------------------------


