

**********************************************************************************************
**                                   Basic Information                                      **
**********************************************************************************************

----------------- Dataset Information -----------------
                         Country: Costa Rica
                    Country dode: CRI
                       Data Year: 1998
                        Coverage: National
             Welfare measurement: Income
                     Data format: Unit record
                     Data source: CRI_N1998Y
                  Data time span: UnDefined
-------------------------------------------------------


----------- Distribution ------------
   i           P           L 
-------------------------------------
   0    0.011235           0
   1    0.020002  0.00043454
   2    0.030044   0.0013382
   3    0.040939   0.0026123
   4    0.050059   0.0038736
   5    0.060071   0.0054537
   6    0.070164   0.0072399
   7    0.080061   0.0091849
   8    0.090024    0.011317
   9     0.10032    0.013691
  10     0.11381    0.017019
  11     0.12019    0.018658
  12     0.13077    0.021531
  13     0.14012    0.024183
  14     0.15018    0.027123
  15     0.16018     0.03017
  16     0.17013    0.033308
  17     0.18092    0.036802
  18     0.19022    0.039907
  19     0.20034    0.043409
  20     0.21147    0.047413
  21        0.22    0.050567
  22     0.23002    0.054356
  23     0.24004    0.058246
  24     0.25056    0.062477
  25      0.2601    0.066409
  26     0.27075      0.0709
  27     0.28245    0.075961
  28     0.29014    0.079341
  29      0.3002    0.083844
  30     0.31025    0.088484
  31     0.32067    0.093382
  32     0.33016    0.097946
  33     0.34007      0.1028
  34      0.3505     0.10803
  35     0.36003     0.11292
  36     0.37009     0.11824
  37        0.38     0.12364
  38     0.39011     0.12925
  39     0.40004     0.13488
  40      0.4121     0.14186
  41     0.42007     0.14653
  42     0.43015     0.15259
  43     0.44001     0.15869
  44     0.45147      0.1659
  45     0.46002     0.17136
  46     0.47024     0.17801
  47     0.48001     0.18451
  48     0.49101     0.19198
  49     0.50015     0.19829
  50     0.51027     0.20536
  51     0.52002     0.21234
  52     0.53007     0.21967
  53     0.54073     0.22762
  54     0.55017      0.2348
  55     0.56007      0.2425
  56     0.57008     0.25048
  57     0.58011     0.25865
  58     0.59008     0.26695
  59     0.60014     0.27549
  60     0.61056     0.28451
  61     0.62042     0.29318
  62     0.63015     0.30193
  63     0.64003     0.31104
  64     0.65006     0.32052
  65     0.66011      0.3302
  66     0.67012     0.34002
  67     0.68008     0.35002
  68      0.6901     0.36031
  69         0.7     0.37071
  70     0.71089     0.38243
  71     0.72004     0.39252
  72     0.73024     0.40402
  73     0.74013     0.41545
  74     0.75007     0.42722
  75     0.76013     0.43953
  76     0.77005     0.45202
  77     0.78001     0.46489
  78     0.79003     0.47821
  79     0.80033     0.49233
  80     0.81001     0.50597
  81     0.82019      0.5209
  82     0.83021     0.53614
  83     0.84006     0.55168
  84     0.85067     0.56899
  85     0.86007     0.58482
  86     0.87008     0.60238
  87     0.88072     0.62193
  88     0.89003     0.63986
  89     0.90021     0.66023
  90     0.91006     0.68098
  91     0.92008     0.70331
  92     0.93018     0.72738
  93     0.94015     0.75284
  94     0.95012     0.78001
  95     0.96011     0.80965
  96      0.9701     0.84286
  97     0.98009     0.88058
  98     0.99015     0.92624
  99           1           1
-----------------------------------------

----------------- PPP$ and local currency --------------
         PPP used in computation: 343.786
     Data mean in local currency: 39544.2
               Data mean in PPP$: 391.28
        Poverty line in PPP$/Day: 1.9
      Poverty line in PPP$/Month: 57.7917
  Poverty line in local currency: 5840.65
-------------------------------------------------------

----------------- Estimation result --------------
     Number of observation: 5058
          Total population: 2.83357E+06
              Total wealth: 3.25933E+08(PPP$)
                   Minimum: 0(PPP$)
                   Maximum: 2609.38(PPP$)
             Headcount(HC): 0.0506186
          Poverty gap (PG): 0.0238362
       Poverty gap squared: 0.0173343
                      Gini: 0.456672
                    Median: 271.01
                       MLD: 0.494171
                      Watt: 0.018338
--------------------------------------------------

-------------------------------- Income or Consumption share by deciles (%) -------------------------------------
     1.3616     2.9677     4.0462     5.1096     6.3333     7.7184     9.5345     12.117     16.793     34.019
-----------------------------------------------------------------------------------------------------------------


