

**********************************************************************************************
**                                   Basic Information                                      **
**********************************************************************************************

----------------- Dataset Information -----------------
                         Country: Costa Rica
                    Country dode: CRI
                       Data Year: 2006
                        Coverage: National
             Welfare measurement: Income
                     Data format: Unit record
                     Data source: CRI_N2006Y
                  Data time span: UnDefined
-------------------------------------------------------


----------- Distribution ------------
   i           P           L 
-------------------------------------
   0    0.010076  2.7294E-05
   1    0.020099  0.00049656
   2    0.030134   0.0013255
   3    0.040065   0.0023664
   4    0.050156   0.0036321
   5    0.060306   0.0051113
   6    0.070062   0.0067078
   7    0.080242   0.0085217
   8    0.090285    0.010444
   9     0.10028    0.012474
  10     0.11012    0.014618
  11     0.12001    0.016903
  12     0.13014    0.019376
  13     0.14033    0.021982
  14      0.1501    0.024584
  15     0.16009    0.027349
  16     0.17006    0.030225
  17     0.18049    0.033346
  18     0.19002    0.036284
  19     0.20016    0.039515
  20     0.21019    0.042815
  21     0.22048    0.046309
  22     0.23005    0.049622
  23     0.24013    0.053179
  24     0.25015    0.056831
  25     0.26008    0.060551
  26     0.27002    0.064364
  27     0.28052     0.06853
  28        0.29    0.072368
  29     0.30001    0.076529
  30     0.31001    0.080792
  31     0.32003    0.085168
  32     0.33121    0.090158
  33      0.3402    0.094264
  34     0.35005    0.098829
  35     0.36013     0.10362
  36     0.37011     0.10848
  37     0.38018     0.11349
  38     0.39113     0.11901
  39     0.40002     0.12357
  40     0.41034     0.12897
  41     0.42007     0.13418
  42     0.43054     0.13991
  43     0.44009     0.14524
  44     0.45027     0.15107
  45     0.46002     0.15678
  46      0.4707     0.16317
  47     0.48014     0.16893
  48        0.49     0.17506
  49     0.50018     0.18154
  50     0.51149     0.18888
  51     0.52005     0.19452
  52     0.53021     0.20133
  53     0.54027     0.20822
  54     0.55004     0.21504
  55     0.56009     0.22219
  56     0.57002     0.22941
  57     0.58032     0.23708
  58     0.59027     0.24463
  59     0.60025     0.25238
  60     0.61081     0.26084
  61     0.62041      0.2687
  62     0.63005     0.27678
  63     0.64002     0.28533
  64     0.65008     0.29411
  65     0.66018      0.3031
  66      0.6701     0.31215
  67      0.6801     0.32144
  68     0.69007       0.331
  69     0.70345     0.34432
  70     0.71004     0.35099
  71     0.72005     0.36131
  72     0.73032     0.37213
  73     0.74007     0.38271
  74     0.75036     0.39419
  75     0.76003     0.40525
  76     0.77029     0.41731
  77     0.78004     0.42926
  78     0.79007     0.44197
  79     0.80006     0.45509
  80     0.81004     0.46867
  81     0.82002     0.48274
  82     0.83188     0.50031
  83     0.84008     0.51287
  84     0.85008      0.5288
  85     0.86003     0.54529
  86     0.87003      0.5625
  87     0.88017     0.58073
  88     0.89012     0.59976
  89     0.90002     0.61992
  90     0.91025       0.642
  91     0.92009     0.66465
  92        0.93     0.68907
  93     0.94068     0.71761
  94     0.95074     0.74694
  95      0.9601     0.77723
  96     0.97006     0.81346
  97     0.98017      0.8559
  98     0.99001     0.90574
  99           1           1
-----------------------------------------

----------------- PPP$ and local currency --------------
         PPP used in computation: 343.786
     Data mean in local currency: 109569
               Data mean in PPP$: 467.974
        Poverty line in PPP$/Day: 1.9
      Poverty line in PPP$/Month: 57.7917
  Poverty line in local currency: 13531
-------------------------------------------------------

----------------- Estimation result --------------
     Number of observation: 5811
          Total population: 3.97742E+06
              Total wealth: 1.26765E+09(PPP$)
                   Minimum: 0(PPP$)
                   Maximum: 10285.3(PPP$)
             Headcount(HC): 0.0436731
          Poverty gap (PG): 0.0210374
       Poverty gap squared: 0.0150281
                      Gini: 0.493083
                    Median: 300.06
                       MLD: 0.54106
                      Watt: 0.0177279
--------------------------------------------------

-------------------------------- Income or Consumption share by deciles (%) -------------------------------------
     1.2417     2.7046     3.7064     4.7031     5.7867      7.076     8.8701     11.413     16.487     38.012
-----------------------------------------------------------------------------------------------------------------


