

**********************************************************************************************
**                                   Basic Information                                      **
**********************************************************************************************

----------------- Dataset Information -----------------
                         Country: Costa Rica
                    Country dode: CRI
                       Data Year: 1989
                        Coverage: National
             Welfare measurement: Income
                     Data format: Unit record
                     Data source: CRI_N1989Y
                  Data time span: UnDefined
-------------------------------------------------------


----------- Distribution ------------
   i           P           L 
-------------------------------------
   0    0.043192           0
   1    0.043192           0
   2    0.043192           0
   3    0.043192           0
   4    0.050035  0.00024752
   5    0.060019  0.00092236
   6    0.070203   0.0018877
   7    0.080714   0.0031079
   8    0.090132   0.0044474
   9     0.10001   0.0060554
  10      0.1109   0.0080651
  11     0.12005   0.0099488
  12     0.13001    0.012161
  13     0.14005    0.014543
  14      0.1503    0.017172
  15     0.16004    0.019814
  16     0.17053    0.022826
  17      0.1833    0.026745
  18     0.19024    0.028949
  19     0.20012    0.032184
  20     0.21038    0.035694
  21     0.22164    0.039711
  22     0.23033    0.042918
  23     0.24003    0.046629
  24     0.25009    0.050585
  25     0.26006    0.054585
  26     0.27005     0.05872
  27     0.28006    0.062998
  28     0.29048    0.067566
  29     0.30048    0.072077
  30      0.3109    0.076926
  31      0.3201    0.081296
  32     0.33013    0.086191
  33     0.34007    0.091176
  34      0.3501    0.096349
  35     0.36023     0.10169
  36     0.37137     0.10774
  37     0.38013     0.11261
  38     0.39004     0.11823
  39     0.40029     0.12416
  40     0.41024     0.13004
  41     0.42023     0.13607
  42     0.43009     0.14219
  43     0.44025     0.14863
  44     0.45028     0.15512
  45     0.46009     0.16161
  46     0.47026     0.16848
  47     0.48161     0.17634
  48      0.4904     0.18255
  49     0.50013     0.18957
  50     0.51006     0.19685
  51     0.52004     0.20435
  52     0.53015     0.21213
  53        0.54     0.21988
  54     0.55031     0.22809
  55     0.56028     0.23618
  56     0.57022     0.24445
  57     0.58005     0.25285
  58     0.59019      0.2617
  59     0.60012     0.27059
  60     0.61023     0.27982
  61     0.62019     0.28909
  62     0.63032     0.29869
  63     0.64012     0.30811
  64     0.65001     0.31779
  65     0.66006     0.32781
  66     0.67032     0.33822
  67     0.68107     0.34937
  68     0.69064     0.35952
  69     0.70005     0.36976
  70     0.71006     0.38093
  71     0.72011     0.39239
  72     0.73151     0.40569
  73     0.74023     0.41611
  74     0.75001     0.42806
  75     0.76008     0.44068
  76     0.77022     0.45376
  77     0.78006     0.46679
  78     0.79017     0.48061
  79     0.80005     0.49446
  80     0.81032     0.50923
  81      0.8201     0.52377
  82     0.83066     0.54007
  83      0.8402     0.55517
  84      0.8501     0.57127
  85     0.86007     0.58809
  86     0.87002     0.60558
  87      0.8801      0.6241
  88     0.89001     0.64308
  89     0.90012     0.66316
  90     0.91005     0.68391
  91     0.92006     0.70617
  92     0.93019     0.73017
  93     0.94006      0.7549
  94     0.95002     0.78146
  95     0.96004     0.81044
  96     0.97018     0.84287
  97     0.98007     0.87895
  98     0.99005      0.9232
  99           1           1
-----------------------------------------

----------------- PPP$ and local currency --------------
         PPP used in computation: 343.786
     Data mean in local currency: 6343.39
               Data mean in PPP$: 268.559
        Poverty line in PPP$/Day: 1.9
      Poverty line in PPP$/Month: 57.7917
  Poverty line in local currency: 1365.04
-------------------------------------------------------

----------------- Estimation result --------------
     Number of observation: 4084
          Total population: 2.31102E+06
              Total wealth: 4.2642E+07(PPP$)
                   Minimum: 0(PPP$)
                   Maximum: 717.744(PPP$)
             Headcount(HC): 0.119722
          Poverty gap (PG): 0.0738224
       Poverty gap squared: 0.0600486
                      Gini: 0.466882
                    Median: 194.933
                       MLD: 0.684212
                      Watt: 0.0479618
--------------------------------------------------

-------------------------------- Income or Consumption share by deciles (%) -------------------------------------
    0.60531     2.6092     3.9715     5.2131      6.548     8.1014     9.9223     12.469     16.851     33.709
-----------------------------------------------------------------------------------------------------------------


