

**********************************************************************************************
**                                   Basic Information                                      **
**********************************************************************************************

----------------- Dataset Information -----------------
                         Country: Costa Rica
                    Country dode: CRI
                       Data Year: 2008
                        Coverage: National
             Welfare measurement: Income
                     Data format: Unit record
                     Data source: CRI_N2008Y
                  Data time span: UnDefined
-------------------------------------------------------


----------- Distribution ------------
   i           P           L 
-------------------------------------
   0    0.010183  6.9242E-06
   1    0.020022  0.00055834
   2    0.030059   0.0015663
   3    0.040027   0.0028203
   4    0.050923   0.0044522
   5    0.060155   0.0060076
   6    0.070359   0.0078807
   7    0.080099   0.0098022
   8    0.090024    0.011901
   9     0.10002    0.014127
  10     0.11166    0.016866
  11     0.12004    0.018932
  12     0.13069    0.021654
  13     0.14011    0.024145
  14     0.15094    0.027124
  15     0.16001    0.029691
  16     0.17007    0.032637
  17     0.18006    0.035688
  18     0.19005    0.038825
  19     0.20027     0.04212
  20     0.21008    0.045377
  21        0.22    0.048788
  22     0.23009    0.052333
  23     0.24001    0.055918
  24     0.25032    0.059733
  25     0.26074    0.063685
  26     0.27012    0.067325
  27     0.28124    0.071757
  28     0.29078    0.075637
  29     0.30069    0.079759
  30     0.31017    0.083769
  31     0.32012    0.088071
  32     0.33002    0.092438
  33     0.34007    0.096976
  34     0.35009     0.10159
  35     0.36001     0.10625
  36     0.37004     0.11106
  37     0.38004     0.11595
  38     0.39052     0.12122
  39     0.40003     0.12608
  40      0.4103     0.13144
  41     0.42006     0.13663
  42     0.43017     0.14213
  43     0.44025     0.14771
  44     0.45008     0.15326
  45        0.46     0.15897
  46     0.47007     0.16488
  47        0.48     0.17084
  48     0.49009     0.17701
  49     0.50087     0.18377
  50     0.51015     0.18971
  51     0.52005     0.19617
  52     0.53007     0.20284
  53      0.5401     0.20968
  54     0.55193     0.21789
  55      0.5602     0.22371
  56     0.57002      0.2308
  57     0.58002     0.23821
  58     0.59003     0.24581
  59     0.60002     0.25356
  60     0.61033     0.26176
  61      0.6201     0.26973
  62     0.63018     0.27815
  63     0.64008     0.28654
  64     0.65022     0.29536
  65     0.66004     0.30408
  66     0.67008     0.31319
  67     0.68009     0.32253
  68     0.69004     0.33206
  69     0.70014     0.34198
  70     0.71009       0.352
  71     0.72041     0.36266
  72     0.73024       0.373
  73      0.7401     0.38365
  74     0.75049     0.39522
  75      0.7601     0.40626
  76     0.77021     0.41829
  77      0.7801     0.43035
  78        0.79     0.44278
  79     0.80004     0.45575
  80     0.81018      0.4693
  81     0.82004       0.483
  82     0.83016     0.49763
  83     0.84001     0.51247
  84     0.85103     0.52981
  85      0.8601     0.54464
  86      0.8709     0.56304
  87     0.88015     0.57958
  88     0.89003     0.59815
  89      0.9001      0.6181
  90     0.91025     0.63939
  91     0.92022     0.66166
  92     0.93009     0.68534
  93     0.94002     0.71112
  94     0.95033     0.74001
  95     0.96001     0.76994
  96      0.9702     0.80585
  97     0.98015     0.84613
  98     0.99004      0.8984
  99           1           1
-----------------------------------------

----------------- PPP$ and local currency --------------
         PPP used in computation: 343.786
     Data mean in local currency: 157765
               Data mean in PPP$: 542.706
        Poverty line in PPP$/Day: 1.9
      Poverty line in PPP$/Month: 57.7917
  Poverty line in local currency: 16800.1
-------------------------------------------------------

----------------- Estimation result --------------
     Number of observation: 5815
          Total population: 4.04679E+06
              Total wealth: 1.85709E+09(PPP$)
                   Minimum: 0(PPP$)
                   Maximum: 22876.1(PPP$)
             Headcount(HC): 0.0271255
          Poverty gap (PG): 0.0154608
       Poverty gap squared: 0.0126802
                      Gini: 0.491425
                    Median: 343.997
                       MLD: 0.541901
                      Watt: 0.00888068
--------------------------------------------------

-------------------------------- Income or Consumption share by deciles (%) -------------------------------------
     1.4123     2.7911     3.7438     4.6596     5.7157     7.0322     8.8304     11.385      16.22     38.209
-----------------------------------------------------------------------------------------------------------------


