

**********************************************************************************************
**                                   Basic Information                                      **
**********************************************************************************************

----------------- Dataset Information -----------------
                         Country: Costa Rica
                    Country dode: CRI
                       Data Year: 1997
                        Coverage: National
             Welfare measurement: Income
                     Data format: Unit record
                     Data source: CRI_N1997Y
                  Data time span: UnDefined
-------------------------------------------------------


----------- Distribution ------------
   i           P           L 
-------------------------------------
   0    0.013095           0
   1    0.020182   0.0002758
   2    0.030976   0.0010937
   3    0.040088   0.0020765
   4     0.05022   0.0034058
   5    0.060326   0.0049401
   6    0.070256   0.0066097
   7    0.080425   0.0085237
   8    0.090304      0.0106
   9     0.10029    0.012862
  10     0.11018     0.01523
  11     0.12008    0.017734
  12     0.13004    0.020365
  13     0.14009    0.023144
  14     0.15017    0.026056
  15     0.16007    0.029014
  16     0.17017    0.032177
  17      0.1801    0.035362
  18     0.19021    0.038729
  19     0.20028    0.042225
  20     0.21324    0.046901
  21        0.22    0.049396
  22     0.23016    0.053264
  23      0.2416    0.057773
  24     0.25032    0.061291
  25     0.26002    0.065309
  26     0.27058    0.069769
  27     0.28105    0.074314
  28      0.2906     0.07854
  29     0.30121    0.083337
  30     0.31017    0.087489
  31     0.32021    0.092252
  32     0.33008    0.097023
  33     0.34016     0.10202
  34     0.35012     0.10708
  35     0.36037     0.11242
  36     0.37017     0.11761
  37     0.38056     0.12327
  38     0.39005     0.12854
  39     0.40004     0.13423
  40     0.41048     0.14033
  41     0.42139     0.14683
  42     0.43004     0.15208
  43      0.4401     0.15833
  44     0.45026     0.16477
  45     0.46013     0.17114
  46     0.47026     0.17782
  47     0.48002     0.18436
  48     0.49008     0.19123
  49     0.50006     0.19819
  50     0.51011     0.20537
  51     0.52023     0.21274
  52     0.53015     0.22013
  53     0.54066     0.22815
  54     0.55348      0.2382
  55     0.56005     0.24342
  56       0.571     0.25223
  57     0.58003     0.25966
  58     0.59039     0.26837
  59     0.60019     0.27675
  60     0.61027     0.28554
  61     0.62025     0.29443
  62     0.63011     0.30341
  63     0.64001     0.31262
  64     0.65006     0.32218
  65     0.66001     0.33183
  66     0.67002     0.34178
  67     0.68049     0.35244
  68     0.69021     0.36257
  69     0.70007     0.37303
  70     0.71111     0.38501
  71     0.72028     0.39515
  72     0.73015     0.40636
  73     0.74006     0.41789
  74     0.75085     0.43079
  75     0.76015     0.44215
  76     0.77183     0.45684
  77      0.7802      0.4676
  78     0.79006      0.4806
  79     0.80002     0.49421
  80     0.81037     0.50882
  81     0.82002     0.52285
  82     0.83015     0.53809
  83     0.84211     0.55686
  84     0.85009     0.56976
  85     0.86003     0.58632
  86     0.87008     0.60375
  87     0.88006     0.62205
  88     0.89003     0.64127
  89     0.90029     0.66212
  90      0.9102     0.68305
  91     0.92002      0.7046
  92     0.93029     0.72849
  93     0.94003     0.75271
  94     0.95004     0.77936
  95     0.96002     0.80845
  96     0.97016     0.84125
  97     0.98004      0.8779
  98     0.99001     0.92336
  99           1           1
-----------------------------------------

----------------- PPP$ and local currency --------------
         PPP used in computation: 343.786
     Data mean in local currency: 31503.5
               Data mean in PPP$: 348.189
        Poverty line in PPP$/Day: 1.9
      Poverty line in PPP$/Month: 57.7917
  Poverty line in local currency: 5228.89
-------------------------------------------------------

----------------- Estimation result --------------
     Number of observation: 4690
          Total population: 2.7734E+06
              Total wealth: 2.54146E+08(PPP$)
                   Minimum: 0(PPP$)
                   Maximum: 3345.35(PPP$)
             Headcount(HC): 0.064694
          Poverty gap (PG): 0.0306993
       Poverty gap squared: 0.0221952
                      Gini: 0.456171
                    Median: 246.12
                       MLD: 0.514682
                      Watt: 0.0265395
--------------------------------------------------

-------------------------------- Income or Consumption share by deciles (%) -------------------------------------
     1.2797     2.9331     4.0663     5.1419     6.3943     7.8438     9.6357     12.123     16.736     33.846
-----------------------------------------------------------------------------------------------------------------


