

**********************************************************************************************
**                                   Basic Information                                      **
**********************************************************************************************

----------------- Dataset Information -----------------
                         Country: Costa Rica
                    Country dode: CRI
                       Data Year: 1996
                        Coverage: National
             Welfare measurement: Income
                     Data format: Unit record
                     Data source: CRI_N1996Y
                  Data time span: UnDefined
-------------------------------------------------------


----------- Distribution ------------
   i           P           L 
-------------------------------------
   0    0.019234           0
   1    0.020032  7.8691E-09
   2    0.030047  0.00043535
   3    0.040161   0.0012711
   4    0.050716   0.0023845
   5    0.060019   0.0035417
   6    0.070104   0.0049871
   7    0.080071   0.0066305
   8    0.090425   0.0085639
   9     0.10007    0.010498
  10     0.11009    0.012678
  11     0.12206    0.015441
  12     0.13003    0.017377
  13     0.14064    0.020101
  14     0.15004    0.022636
  15     0.16027    0.025514
  16     0.17004    0.028374
  17     0.18128    0.031844
  18     0.19021    0.034737
  19     0.20001    0.038025
  20     0.21004     0.04152
  21     0.22005    0.045124
  22     0.23018    0.048879
  23     0.24021    0.052681
  24     0.25023     0.05659
  25     0.26036    0.060687
  26     0.27006    0.064726
  27     0.28511    0.071228
  28     0.29002    0.073391
  29     0.30007      0.0779
  30     0.31007    0.082526
  31      0.3224    0.088391
  32     0.33009     0.09212
  33     0.34047    0.097252
  34     0.35042     0.10227
  35     0.36017     0.10729
  36     0.37004     0.11249
  37        0.38     0.11785
  38     0.39012     0.12341
  39     0.40222     0.13021
  40     0.41091     0.13518
  41     0.42006     0.14051
  42     0.43001     0.14644
  43     0.44001     0.15254
  44      0.4501     0.15883
  45      0.4602     0.16527
  46     0.47007      0.1717
  47     0.48009     0.17833
  48     0.49001     0.18503
  49     0.50017     0.19203
  50     0.51003     0.19897
  51     0.52022     0.20626
  52     0.53003     0.21341
  53     0.54025     0.22106
  54     0.55018     0.22862
  55     0.56018     0.23645
  56     0.57021     0.24447
  57     0.58003     0.25252
  58     0.59001     0.26085
  59     0.60009     0.26946
  60      0.6109     0.27891
  61     0.62039     0.28741
  62     0.63023     0.29636
  63     0.64008     0.30551
  64     0.65004     0.31493
  65     0.66014     0.32468
  66     0.67024     0.33467
  67     0.68004     0.34466
  68     0.69025     0.35529
  69         0.7     0.36573
  70     0.71004      0.3767
  71     0.72236     0.39059
  72     0.73023     0.39963
  73     0.74007     0.41115
  74     0.75008     0.42316
  75     0.76013     0.43554
  76     0.77012     0.44814
  77     0.78004     0.46102
  78      0.7901     0.47451
  79     0.80032     0.48874
  80     0.81053     0.50344
  81     0.82038     0.51799
  82     0.83019     0.53292
  83     0.84019     0.54859
  84     0.85008      0.5647
  85     0.86007     0.58154
  86     0.87017     0.59932
  87     0.88024      0.6179
  88     0.89054     0.63786
  89     0.90003     0.65706
  90     0.91014     0.67856
  91     0.92037     0.70169
  92     0.93008     0.72498
  93     0.94003      0.7506
  94     0.95015     0.77863
  95     0.96008     0.80871
  96     0.97012     0.84275
  97     0.98007     0.88067
  98     0.99006     0.92734
  99           1           1
-----------------------------------------

----------------- PPP$ and local currency --------------
         PPP used in computation: 343.786
     Data mean in local currency: 26357.8
               Data mean in PPP$: 329.99
        Poverty line in PPP$/Day: 1.9
      Poverty line in PPP$/Month: 57.7917
  Poverty line in local currency: 4616.08
-------------------------------------------------------

----------------- Estimation result --------------
     Number of observation: 4640
          Total population: 2.75778E+06
              Total wealth: 2.11437E+08(PPP$)
                   Minimum: 0(PPP$)
                   Maximum: 1598.24(PPP$)
             Headcount(HC): 0.0796086
          Poverty gap (PG): 0.0422127
       Poverty gap squared: 0.0314753
                      Gini: 0.465417
                    Median: 229.872
                       MLD: 0.602945
                      Watt: 0.0420674
--------------------------------------------------

-------------------------------- Income or Consumption share by deciles (%) -------------------------------------
     1.0483     2.7537     3.9846     5.1094      6.296     7.7461     9.6343     12.256     16.871       34.3
-----------------------------------------------------------------------------------------------------------------


