

**********************************************************************************************
**                                   Basic Information                                      **
**********************************************************************************************

----------------- Dataset Information -----------------
                         Country: Costa Rica
                    Country dode: CRI
                       Data Year: 2001
                        Coverage: National
             Welfare measurement: Income
                     Data format: Unit record
                     Data source: CRI_N2001Y
                  Data time span: UnDefined
-------------------------------------------------------


----------- Distribution ------------
   i           P           L 
-------------------------------------
   0    0.020007           0
   1    0.020007           0
   2        0.03  0.00035566
   3    0.040078   0.0010549
   4    0.050029   0.0019832
   5    0.060027   0.0031082
   6     0.07009   0.0043904
   7    0.080102   0.0058248
   8    0.090097    0.007419
   9     0.10019   0.0091741
  10     0.11012     0.01102
  11     0.12216    0.013416
  12     0.13025    0.015133
  13     0.14007    0.017327
  14     0.15001    0.019649
  15     0.16003    0.022093
  16     0.17001    0.024665
  17     0.18002    0.027362
  18     0.19057    0.030338
  19     0.20044    0.033221
  20     0.21204    0.036732
  21     0.22018    0.039271
  22     0.23007    0.042442
  23     0.24008    0.045744
  24      0.2501    0.049173
  25     0.26013     0.05271
  26     0.27006    0.056282
  27     0.28037    0.060117
  28     0.29005    0.063823
  29     0.30008    0.067745
  30     0.31004    0.071734
  31     0.32003    0.075822
  32     0.33022     0.08012
  33     0.34004    0.084371
  34     0.35122     0.08932
  35     0.36009    0.093323
  36     0.37018    0.098002
  37     0.38011     0.10272
  38     0.39008     0.10756
  39     0.40001      0.1125
  40     0.41011     0.11765
  41     0.42022      0.1229
  42     0.43006     0.12815
  43     0.44064     0.13393
  44     0.45008     0.13922
  45     0.46013     0.14499
  46     0.47023     0.15092
  47     0.48008     0.15682
  48     0.49002     0.16294
  49      0.5001     0.16926
  50     0.51042      0.1759
  51     0.52023     0.18232
  52     0.53005     0.18885
  53     0.54019     0.19574
  54     0.55002     0.20257
  55     0.56021     0.20981
  56     0.57006     0.21695
  57     0.58006     0.22437
  58     0.59011     0.23202
  59     0.60005     0.23976
  60     0.61011     0.24778
  61        0.62     0.25585
  62      0.6301     0.26433
  63     0.64006     0.27293
  64     0.65304     0.28443
  65      0.6601     0.29079
  66      0.6701         0.3
  67     0.68003     0.30938
  68     0.69023     0.31926
  69     0.70013     0.32909
  70     0.71035     0.33949
  71     0.72005     0.34958
  72     0.73002     0.36021
  73     0.74022     0.37146
  74     0.75099     0.38372
  75     0.76005     0.39429
  76     0.77003     0.40624
  77        0.78     0.41859
  78     0.79001     0.43143
  79     0.80023     0.44498
  80     0.81012     0.45851
  81     0.82015     0.47272
  82     0.83008     0.48739
  83     0.84032     0.50314
  84     0.85003     0.51858
  85     0.86005     0.53513
  86     0.87318     0.55812
  87     0.88003     0.57062
  88      0.8902     0.59023
  89     0.90002     0.61032
  90     0.91001     0.63205
  91     0.92002     0.65531
  92     0.93001     0.68001
  93     0.94001      0.7066
  94     0.95029     0.73648
  95     0.96002     0.76779
  96     0.97003     0.80468
  97     0.98036     0.84882
  98     0.99009     0.90331
  99           1           1
-----------------------------------------

----------------- PPP$ and local currency --------------
         PPP used in computation: 343.786
     Data mean in local currency: 61786.5
               Data mean in PPP$: 451.09
        Poverty line in PPP$/Day: 1.9
      Poverty line in PPP$/Month: 57.7917
  Poverty line in local currency: 7915.81
-------------------------------------------------------

----------------- Estimation result --------------
     Number of observation: 5247
          Total population: 3.22961E+06
              Total wealth: 5.80439E+08(PPP$)
                   Minimum: 0(PPP$)
                   Maximum: 6053.43(PPP$)
             Headcount(HC): 0.0654373
          Poverty gap (PG): 0.0359408
       Poverty gap squared: 0.0284269
                      Gini: 0.511002
                    Median: 287.505
                       MLD: 0.700151
                      Watt: 0.0250858
--------------------------------------------------

-------------------------------- Income or Consumption share by deciles (%) -------------------------------------
    0.91403     2.3954     3.4619     4.4784     5.6705     7.0522     8.9234     11.572     16.561     38.971
-----------------------------------------------------------------------------------------------------------------


