

**********************************************************************************************
**                                   Basic Information                                      **
**********************************************************************************************

----------------- Dataset Information -----------------
                         Country: Costa Rica
                    Country dode: CRI
                       Data Year: 2013
                        Coverage: National
             Welfare measurement: Income
                     Data format: Unit record
                     Data source: CRI_N2013Y
                  Data time span: UnDefined
-------------------------------------------------------


----------- Distribution ------------
   i           P           L 
-------------------------------------
   0     0.01002  0.00039291
   1     0.02004    0.001215
   2    0.030085   0.0022726
   3    0.040323   0.0036008
   4    0.050038   0.0050456
   5    0.060033   0.0066846
   6    0.070072   0.0084797
   7        0.08    0.010373
   8    0.090077    0.012399
   9     0.10013    0.014528
  10     0.11009    0.016741
  11     0.12005    0.019052
  12      0.1303    0.021555
  13     0.14002    0.024025
  14     0.15001    0.026644
  15     0.16023    0.029425
  16     0.17001    0.032185
  17     0.18008    0.035116
  18     0.19012    0.038132
  19     0.20007     0.04123
  20     0.21021     0.04449
  21     0.22002     0.04774
  22     0.23001    0.051145
  23     0.24011    0.054686
  24     0.25002    0.058251
  25     0.26019     0.06201
  26     0.27006    0.065753
  27     0.28017     0.06968
  28     0.29003    0.073596
  29     0.30014    0.077696
  30        0.31     0.08178
  31     0.32005    0.086019
  32     0.33009    0.090364
  33     0.34005    0.094771
  34     0.35013    0.099326
  35     0.36002      0.1039
  36     0.37022      0.1087
  37     0.38007     0.11344
  38     0.39012     0.11838
  39     0.40005     0.12336
  40     0.41004     0.12847
  41     0.42005      0.1337
  42     0.43009     0.13906
  43     0.44045     0.14471
  44     0.45008     0.15006
  45     0.46001      0.1557
  46     0.47009     0.16154
  47     0.48002     0.16743
  48     0.49009     0.17352
  49     0.50021     0.17975
  50        0.51     0.18589
  51     0.52008     0.19234
  52     0.53005     0.19884
  53     0.54006     0.20552
  54        0.55     0.21231
  55     0.56022     0.21946
  56     0.57022     0.22663
  57     0.58002     0.23377
  58     0.59005     0.24127
  59     0.60019     0.24904
  60     0.61002     0.25674
  61        0.62     0.26479
  62     0.63002     0.27307
  63     0.64005     0.28155
  64     0.65036      0.2905
  65        0.66     0.29909
  66     0.67011      0.3083
  67      0.6802     0.31777
  68        0.69      0.3272
  69     0.70002     0.33712
  70      0.7101     0.34742
  71     0.72012     0.35796
  72     0.73006     0.36872
  73     0.74001     0.37984
  74     0.75005     0.39146
  75     0.76013     0.40359
  76     0.77021     0.41622
  77     0.78023     0.42918
  78     0.79031     0.44264
  79      0.8001     0.45611
  80     0.81011     0.47037
  81     0.82006       0.485
  82     0.83016     0.50056
  83     0.84016     0.51655
  84     0.85002     0.53289
  85     0.86017     0.55043
  86     0.87002     0.56813
  87     0.88033     0.58751
  88     0.89003     0.60657
  89         0.9     0.62718
  90     0.91003     0.64914
  91     0.92017     0.67289
  92     0.93006     0.69751
  93     0.94013     0.72431
  94     0.95006     0.75288
  95     0.96006     0.78429
  96     0.97001     0.81888
  97     0.98003     0.85822
  98      0.9901     0.90876
  99           1           1
-----------------------------------------

----------------- PPP$ and local currency --------------
         PPP used in computation: 343.786
     Data mean in local currency: 258014
               Data mean in PPP$: 678.961
        Poverty line in PPP$/Day: 1.9
      Poverty line in PPP$/Month: 57.7917
  Poverty line in local currency: 21961.6
-------------------------------------------------------

----------------- Estimation result --------------
     Number of observation: 10412
          Total population: 4.7082E+06
              Total wealth: 3.53355E+09(PPP$)
                   Minimum: 0(PPP$)
                   Maximum: 31378.6(PPP$)
             Headcount(HC): 0.0168419
          Poverty gap (PG): 0.00598542
       Poverty gap squared: 0.0035108
                      Gini: 0.491757
                    Median: 421.148
                       MLD: 0.439627
                      Watt: 0.00835444
--------------------------------------------------

-------------------------------- Income or Consumption share by deciles (%) -------------------------------------
     1.4501     2.6707      3.643     4.5696     5.6285     6.9271     8.8209     11.888      17.12     37.282
-----------------------------------------------------------------------------------------------------------------


