

**********************************************************************************************
**                                   Basic Information                                      **
**********************************************************************************************

----------------- Dataset Information -----------------
                         Country: Cyprus
                    Country dode: CYP
                       Data Year: 2012
                        Coverage: National
             Welfare measurement: Income
                     Data format: Unit record
                     Data source: CYP_N2012Y
                  Data time span: UnDefined
-------------------------------------------------------


----------- Distribution ------------
   i           P           L 
-------------------------------------
   0     0.01008   0.0019813
   1    0.020045   0.0045212
   2    0.030092    0.007377
   3    0.040067    0.010449
   4    0.050568    0.013954
   5    0.060208    0.017352
   6    0.070073    0.021001
   7    0.080447    0.024998
   8     0.09009    0.028821
   9      0.1001    0.032926
  10     0.11012    0.037158
  11     0.12012    0.041502
  12     0.13022    0.045974
  13     0.14001    0.050422
  14     0.15023     0.05518
  15     0.16003     0.05986
  16     0.17003    0.064741
  17     0.18004    0.069709
  18     0.19008    0.074788
  19     0.20003    0.079919
  20     0.21013    0.085245
  21     0.22021    0.090658
  22     0.23003    0.096023
  23     0.24025     0.10167
  24     0.25037     0.10732
  25     0.26016     0.11287
  26     0.27026      0.1187
  27     0.28056     0.12474
  28     0.29011     0.13041
  29     0.30017     0.13648
  30     0.31002     0.14251
  31     0.32039     0.14893
  32     0.33002     0.15496
  33     0.34001      0.1613
  34      0.3501     0.16779
  35     0.36005     0.17425
  36      0.3703       0.181
  37     0.38001     0.18746
  38     0.39013     0.19426
  39      0.4004     0.20126
  40     0.41009     0.20795
  41     0.42007     0.21491
  42     0.43002     0.22196
  43     0.44005     0.22915
  44     0.45007     0.23646
  45        0.46     0.24384
  46     0.47003     0.25138
  47     0.48016      0.2591
  48     0.49006     0.26675
  49     0.50001     0.27456
  50     0.51004     0.28254
  51     0.52009     0.29064
  52     0.53008     0.29879
  53     0.54039     0.30732
  54     0.55022     0.31554
  55     0.56008      0.3239
  56     0.57017     0.33258
  57     0.58004     0.34121
  58     0.59009     0.35013
  59     0.60027     0.35929
  60     0.61001     0.36819
  61     0.62026     0.37771
  62      0.6301     0.38698
  63      0.6402     0.39661
  64     0.65043     0.40652
  65     0.66012     0.41606
  66     0.67013     0.42604
  67        0.68       0.436
  68     0.69019     0.44642
  69     0.70042     0.45708
  70        0.71      0.4672
  71     0.72005       0.478
  72     0.73009     0.48906
  73     0.74013     0.50032
  74     0.75014      0.5118
  75     0.76008     0.52342
  76     0.77014     0.53543
  77     0.78007     0.54753
  78     0.79003     0.55994
  79     0.80015     0.57279
  80     0.81043     0.58612
  81     0.82025     0.59912
  82     0.83001     0.61239
  83        0.84     0.62636
  84     0.85004     0.64084
  85      0.8601     0.65575
  86     0.87012     0.67104
  87     0.88001     0.68653
  88     0.89005      0.7028
  89     0.90013     0.71978
  90     0.91007     0.73699
  91     0.92008     0.75508
  92     0.93006     0.77401
  93     0.94002     0.79401
  94     0.95005     0.81553
  95     0.96001     0.83854
  96      0.9703     0.86457
  97     0.98006     0.89213
  98      0.9902     0.92667
  99           1           1
-----------------------------------------

----------------- PPP$ and local currency --------------
         PPP used in computation: 0.711553
     Data mean in local currency: 608.438
               Data mean in PPP$: 835.127
        Poverty line in PPP$/Day: 1.9
      Poverty line in PPP$/Month: 57.7917
  Poverty line in local currency: 42.1045
-------------------------------------------------------

----------------- Estimation result --------------
     Number of observation: 4559
          Total population: 1
              Total wealth: 855.087(PPP$)
                   Minimum: 32.4221(PPP$)
                   Maximum: 35708.8(PPP$)
             Headcount(HC): 0.000207699
          Poverty gap (PG): 2.46429E-05
       Poverty gap squared: 8.84678E-06
                      Gini: 0.343123
                    Median: 659.687
                       MLD: 0.196822
                      Watt: 3.10763E-05
--------------------------------------------------

-------------------------------- Income or Consumption share by deciles (%) -------------------------------------
     3.2884      4.702     5.6471     6.4616     7.3554     8.4505     9.7587     11.597     14.696     28.044
-----------------------------------------------------------------------------------------------------------------


