

**********************************************************************************************
**                                   Basic Information                                      **
**********************************************************************************************

----------------- Dataset Information -----------------
                         Country: Cyprus
                    Country dode: CYP
                       Data Year: 2004
                        Coverage: National
             Welfare measurement: Income
                     Data format: Unit record
                     Data source: CYP_N2004Y
                  Data time span: UnDefined
-------------------------------------------------------


----------- Distribution ------------
   i           P           L 
-------------------------------------
   0    0.010054   0.0018515
   1    0.020208   0.0047125
   2    0.030147   0.0079228
   3    0.040142    0.011416
   4    0.050082    0.015121
   5    0.060105    0.019091
   6    0.070126    0.023231
   7    0.080264    0.027615
   8    0.090295    0.032067
   9      0.1001    0.036546
  10     0.11005    0.041212
  11     0.12016    0.046045
  12     0.13001    0.050836
  13     0.14016    0.055893
  14     0.15005    0.060921
  15     0.16004    0.066104
  16      0.1701     0.07142
  17     0.18019    0.076849
  18      0.1901    0.082273
  19     0.20036    0.087975
  20     0.21018    0.093515
  21     0.22038    0.099362
  22     0.23002     0.10497
  23     0.24004     0.11087
  24     0.25006     0.11685
  25     0.26011     0.12295
  26     0.27043     0.12933
  27     0.28009     0.13538
  28     0.29013     0.14174
  29     0.30019      0.1482
  30     0.31001     0.15462
  31     0.32018     0.16133
  32     0.33026     0.16809
  33     0.34008     0.17474
  34     0.35003     0.18157
  35     0.36003     0.18854
  36     0.37002      0.1956
  37      0.3802     0.20293
  38     0.39037      0.2104
  39     0.40009     0.21764
  40     0.41037     0.22539
  41     0.42016     0.23286
  42     0.43043      0.2408
  43        0.44     0.24826
  44     0.45005     0.25617
  45     0.46002     0.26412
  46     0.47012     0.27232
  47     0.48029     0.28067
  48     0.49014     0.28884
  49     0.50011     0.29723
  50      0.5101     0.30575
  51     0.52002     0.31429
  52     0.53016     0.32313
  53     0.54025     0.33203
  54     0.55033     0.34105
  55     0.56005     0.34985
  56     0.57006     0.35906
  57     0.58008     0.36842
  58     0.59035     0.37813
  59     0.60016     0.38753
  60     0.61025     0.39732
  61     0.62048     0.40734
  62      0.6301     0.41686
  63     0.64023     0.42701
  64     0.65041     0.43732
  65     0.66001      0.4472
  66     0.67014     0.45775
  67      0.6802     0.46841
  68     0.69011      0.4791
  69     0.70023     0.49023
  70      0.7101     0.50126
  71     0.72002     0.51251
  72     0.73018     0.52422
  73     0.74022     0.53599
  74     0.75005     0.54772
  75     0.76012     0.55994
  76      0.7701     0.57224
  77     0.78009     0.58481
  78     0.79013      0.5976
  79     0.80003     0.61041
  80     0.81018     0.62379
  81     0.82027     0.63736
  82     0.83005     0.65079
  83     0.84001     0.66475
  84     0.85011     0.67925
  85     0.86042     0.69456
  86     0.87026     0.70952
  87     0.88021     0.72503
  88     0.89016     0.74098
  89     0.90003     0.75713
  90     0.91006       0.774
  91     0.92007     0.79156
  92     0.93013     0.80976
  93     0.94007     0.82853
  94     0.95002     0.84828
  95     0.96012     0.86959
  96     0.97017     0.89243
  97     0.98009     0.91716
  98     0.99048     0.94688
  99           1           1
-----------------------------------------

----------------- PPP$ and local currency --------------
         PPP used in computation: 0.711553
     Data mean in local currency: 458.795
               Data mean in PPP$: 770.884
        Poverty line in PPP$/Day: 1.9
      Poverty line in PPP$/Month: 57.7917
  Poverty line in local currency: 34.3949
-------------------------------------------------------

----------------- Estimation result --------------
     Number of observation: 3627
          Total population: 0.999999
              Total wealth: 644.779(PPP$)
                   Minimum: 0(PPP$)
                   Maximum: 17714.8(PPP$)
             Headcount(HC): 0.0009406
          Poverty gap (PG): 0.000757568
       Poverty gap squared: 0.000649109
                      Gini: 0.300894
                    Median: 653.545
                       MLD: 0.153835
                      Watt: 0.000446294
--------------------------------------------------

-------------------------------- Income or Consumption share by deciles (%) -------------------------------------
     3.6499     5.1277     6.0309     6.9486     7.9566      9.024     10.259     12.041     14.672     24.291
-----------------------------------------------------------------------------------------------------------------


