

**********************************************************************************************
**                                   Basic Information                                      **
**********************************************************************************************

----------------- Dataset Information -----------------
                         Country: Cyprus
                    Country dode: CYP
                       Data Year: 2008
                        Coverage: National
             Welfare measurement: Income
                     Data format: Unit record
                     Data source: CYP_N2008Y
                  Data time span: UnDefined
-------------------------------------------------------


----------- Distribution ------------
   i           P           L 
-------------------------------------
   0    0.010265   0.0025608
   1    0.020823   0.0057416
   2    0.030164   0.0088432
   3    0.041202    0.012729
   4    0.050085    0.016029
   5    0.060315    0.020013
   6    0.072962    0.025107
   7    0.080249     0.02811
   8    0.090146    0.032338
   9      0.1002    0.036786
  10     0.11006    0.041304
  11     0.12106    0.046453
  12     0.13037    0.050893
  13      0.1403    0.055707
  14     0.15005    0.060528
  15     0.16013    0.065595
  16     0.17072    0.071007
  17     0.18011     0.07589
  18     0.19067    0.081469
  19     0.20014    0.086547
  20      0.2101    0.091973
  21     0.22096    0.097996
  22     0.23011     0.10314
  23     0.24112     0.10941
  24     0.25023     0.11466
  25     0.26016     0.12047
  26     0.27022     0.12645
  27     0.28032     0.13256
  28     0.29004     0.13851
  29     0.30029     0.14487
  30     0.31003     0.15101
  31     0.32029     0.15756
  32      0.3305      0.1642
  33     0.34031     0.17066
  34     0.35042     0.17742
  35     0.36021     0.18406
  36     0.37002     0.19078
  37     0.38005     0.19774
  38     0.39016     0.20486
  39     0.40002     0.21193
  40      0.4102      0.2193
  41      0.4201     0.22657
  42     0.43007     0.23394
  43     0.44006     0.24145
  44     0.45012     0.24912
  45     0.46016     0.25693
  46     0.47006     0.26475
  47     0.48027     0.27292
  48     0.49006     0.28089
  49     0.50079     0.28971
  50     0.51016     0.29751
  51     0.52053     0.30626
  52     0.53042     0.31473
  53     0.54067     0.32367
  54     0.55151     0.33321
  55     0.56088     0.34157
  56     0.57051     0.35028
  57     0.58046     0.35936
  58     0.59042     0.36858
  59     0.60001     0.37759
  60      0.6103     0.38739
  61     0.62001     0.39673
  62     0.63048     0.40693
  63     0.64023     0.41654
  64     0.65017     0.42642
  65     0.66001     0.43631
  66     0.67017     0.44665
  67     0.68033     0.45715
  68     0.69112     0.46845
  69     0.70007     0.47798
  70     0.71019     0.48895
  71     0.72013     0.49987
  72      0.7301     0.51097
  73     0.74014     0.52237
  74     0.75012     0.53388
  75     0.76029     0.54576
  76     0.77005     0.55734
  77     0.78029      0.5697
  78     0.79036     0.58203
  79     0.80002     0.59401
  80     0.81006     0.60667
  81     0.82036     0.61995
  82     0.83017       0.633
  83     0.84013      0.6467
  84     0.85021     0.66094
  85     0.86023     0.67548
  86     0.87008     0.69016
  87      0.8805     0.70615
  88        0.89     0.72128
  89     0.90012     0.73812
  90     0.91009      0.7553
  91     0.92016     0.77319
  92     0.93025     0.79209
  93     0.94001     0.81143
  94     0.95077     0.83391
  95     0.96009      0.8545
  96     0.97033     0.87891
  97     0.98007     0.90384
  98     0.99004     0.93449
  99           1           1
-----------------------------------------

----------------- PPP$ and local currency --------------
         PPP used in computation: 0.711553
     Data mean in local currency: 592.776
               Data mean in PPP$: 884.263
        Poverty line in PPP$/Day: 1.9
      Poverty line in PPP$/Month: 57.7917
  Poverty line in local currency: 38.7413
-------------------------------------------------------

----------------- Estimation result --------------
     Number of observation: 3102
          Total population: 0.999998
              Total wealth: 833.072(PPP$)
                   Minimum: 0(PPP$)
                   Maximum: 27245(PPP$)
             Headcount(HC): 8.47001E-05
          Poverty gap (PG): 8.47001E-05
       Poverty gap squared: 8.47001E-05
                      Gini: 0.317085
                    Median: 732.948
                       MLD: 0.167012
                      Watt: 0
--------------------------------------------------

-------------------------------- Income or Consumption share by deciles (%) -------------------------------------
     3.6697     4.9775     5.8223     6.7223     7.7146     8.8515     10.033     11.608     14.393     26.208
-----------------------------------------------------------------------------------------------------------------


