

**********************************************************************************************
**                                   Basic Information                                      **
**********************************************************************************************

----------------- Dataset Information -----------------
                         Country: Cyprus
                    Country dode: CYP
                       Data Year: 2005
                        Coverage: National
             Welfare measurement: Income
                     Data format: Unit record
                     Data source: CYP_N2005Y
                  Data time span: UnDefined
-------------------------------------------------------


----------- Distribution ------------
   i           P           L 
-------------------------------------
   0    0.010271   0.0022091
   1    0.020033   0.0051255
   2    0.030164    0.008522
   3    0.040037    0.012103
   4    0.050063    0.015983
   5    0.060009    0.020089
   6    0.070247    0.024462
   7    0.080014    0.028759
   8        0.09    0.033292
   9     0.10005     0.03797
  10     0.11048    0.042918
  11     0.12027    0.047665
  12     0.13014    0.052527
  13     0.14047    0.057709
  14     0.15032    0.062737
  15     0.16009    0.067809
  16     0.17035    0.073202
  17     0.18001    0.078359
  18     0.19008    0.083846
  19     0.20009    0.089379
  20     0.21005    0.094962
  21      0.2203     0.10081
  22     0.23016     0.10652
  23      0.2401     0.11238
  24     0.25009     0.11836
  25     0.26032     0.12455
  26     0.27009     0.13056
  27     0.28066     0.13715
  28     0.29011      0.1431
  29     0.30047     0.14972
  30        0.31      0.1559
  31     0.32008      0.1625
  32     0.33019     0.16921
  33     0.34027     0.17597
  34     0.35017     0.18269
  35     0.36033      0.1897
  36     0.37021     0.19663
  37     0.38011     0.20369
  38     0.39021     0.21098
  39     0.40052     0.21853
  40     0.41036     0.22585
  41     0.42041     0.23342
  42     0.43014     0.24083
  43     0.44004     0.24846
  44     0.45066     0.25679
  45     0.46006     0.26426
  46     0.47025     0.27248
  47     0.48027     0.28067
  48     0.49025     0.28893
  49     0.50027      0.2973
  50     0.51003     0.30558
  51     0.52001     0.31416
  52     0.53002     0.32288
  53     0.54019     0.33186
  54     0.55005     0.34067
  55     0.56009     0.34975
  56     0.57013     0.35896
  57     0.58044     0.36855
  58     0.59049     0.37802
  59     0.60011     0.38718
  60     0.61002     0.39672
  61     0.62048      0.4069
  62     0.63007     0.41635
  63     0.64016     0.42641
  64     0.65028     0.43661
  65     0.66026     0.44681
  66     0.67019     0.45709
  67     0.68023     0.46761
  68     0.69004     0.47805
  69     0.70018     0.48902
  70      0.7105     0.50038
  71      0.7204     0.51145
  72     0.73038     0.52276
  73     0.74022     0.53407
  74     0.75025     0.54577
  75     0.76046     0.55784
  76     0.77041     0.56983
  77     0.78052     0.58219
  78     0.79058      0.5947
  79     0.80004     0.60667
  80     0.81016      0.6198
  81     0.82022     0.63318
  82     0.83025     0.64677
  83     0.84012     0.66036
  84     0.85014     0.67455
  85     0.86011       0.689
  86     0.87015     0.70399
  87      0.8804     0.71981
  88     0.89026     0.73542
  89     0.90056     0.75226
  90     0.91015     0.76834
  91     0.92037     0.78604
  92     0.93032      0.8039
  93      0.9401     0.82232
  94     0.95036     0.84259
  95     0.96002     0.86303
  96     0.97007     0.88601
  97     0.98018     0.91124
  98     0.99007     0.94146
  99           1           1
-----------------------------------------

----------------- PPP$ and local currency --------------
         PPP used in computation: 0.711553
     Data mean in local currency: 502.406
               Data mean in PPP$: 823.104
        Poverty line in PPP$/Day: 1.9
      Poverty line in PPP$/Month: 57.7917
  Poverty line in local currency: 35.2749
-------------------------------------------------------

----------------- Estimation result --------------
     Number of observation: 3513
          Total population: 1
              Total wealth: 706.072(PPP$)
                   Minimum: 0(PPP$)
                   Maximum: 15332.7(PPP$)
             Headcount(HC): 0.000541299
          Poverty gap (PG): 0.000202673
       Poverty gap squared: 0.000104038
                      Gini: 0.302595
                    Median: 692.158
                       MLD: 0.153109
                      Watt: 0.000164504
--------------------------------------------------

-------------------------------- Income or Consumption share by deciles (%) -------------------------------------
     3.7947     5.1384     6.0092     6.8732     7.8927     8.9987     10.175     11.779     14.474     24.865
-----------------------------------------------------------------------------------------------------------------


