

**********************************************************************************************
**                                   Basic Information                                      **
**********************************************************************************************

----------------- Dataset Information -----------------
                         Country: Cyprus
                    Country dode: CYP
                       Data Year: 2011
                        Coverage: National
             Welfare measurement: Income
                     Data format: Unit record
                     Data source: CYP_N2011Y
                  Data time span: UnDefined
-------------------------------------------------------


----------- Distribution ------------
   i           P           L 
-------------------------------------
   0    0.010041   0.0017345
   1     0.02055   0.0044713
   2    0.030319   0.0073233
   3    0.040061    0.010456
   4    0.050047    0.013914
   5    0.060091    0.017596
   6    0.070007    0.021435
   7    0.080142    0.025597
   8    0.090226    0.029875
   9     0.10017     0.03422
  10      0.1101    0.038693
  11     0.12009    0.043279
  12     0.13067    0.048267
  13     0.14005    0.052802
  14     0.15044    0.057936
  15     0.16029    0.062901
  16     0.17002     0.06792
  17     0.18024    0.073278
  18     0.19032    0.078645
  19     0.20005    0.083913
  20     0.21031    0.089556
  21      0.2201    0.095019
  22     0.23015      0.1007
  23     0.24026     0.10649
  24     0.25002     0.11217
  25     0.26028      0.1182
  26     0.27003     0.12399
  27     0.28033     0.13018
  28     0.29016     0.13617
  29     0.30036     0.14248
  30     0.31008     0.14857
  31     0.32002     0.15489
  32     0.33022     0.16145
  33     0.34006     0.16785
  34     0.35016      0.1745
  35     0.36027     0.18123
  36     0.37032     0.18801
  37     0.38011     0.19471
  38     0.39032     0.20177
  39     0.40007     0.20859
  40     0.41013     0.21572
  41     0.42004     0.22283
  42     0.43018      0.2302
  43     0.44016     0.23756
  44     0.45022      0.2451
  45     0.46043     0.25285
  46     0.47041     0.26053
  47     0.48003     0.26801
  48     0.49009     0.27595
  49     0.50086     0.28459
  50     0.51007     0.29206
  51     0.52018     0.30037
  52     0.53013     0.30867
  53     0.54002     0.31702
  54     0.55022     0.32576
  55     0.56008     0.33433
  56     0.57001      0.3431
  57     0.58003     0.35205
  58     0.59001     0.36112
  59     0.60015     0.37043
  60     0.61061     0.38015
  61     0.62009     0.38909
  62     0.63024     0.39884
  63     0.64007     0.40844
  64     0.65003     0.41829
  65     0.66007     0.42838
  66     0.67002     0.43849
  67     0.68003      0.4488
  68     0.69047     0.45974
  69     0.70018      0.4701
  70     0.71011     0.48083
  71     0.72006     0.49177
  72     0.73022     0.50314
  73     0.74008     0.51437
  74     0.75004     0.52585
  75     0.76027      0.5378
  76     0.77005     0.54948
  77     0.78041     0.56209
  78     0.79008     0.57414
  79     0.80001     0.58678
  80     0.81017     0.60001
  81     0.82027     0.61345
  82     0.83072     0.62766
  83     0.84009     0.64065
  84     0.85011     0.65495
  85     0.86015     0.66964
  86     0.87023      0.6848
  87     0.88035     0.70066
  88     0.89001     0.71635
  89     0.90007     0.73313
  90     0.91007     0.75051
  91     0.92034     0.76895
  92     0.93005     0.78704
  93     0.94001     0.80654
  94     0.95011     0.82761
  95     0.96004     0.84972
  96     0.97012     0.87406
  97     0.98014     0.90092
  98     0.99011     0.93278
  99           1           1
-----------------------------------------

----------------- PPP$ and local currency --------------
         PPP used in computation: 0.711553
     Data mean in local currency: 629.207
               Data mean in PPP$: 884.273
        Poverty line in PPP$/Day: 1.9
      Poverty line in PPP$/Month: 57.7917
  Poverty line in local currency: 41.1218
-------------------------------------------------------

----------------- Estimation result --------------
     Number of observation: 4539
          Total population: 1
              Total wealth: 884.275(PPP$)
                   Minimum: 0(PPP$)
                   Maximum: 19977.4(PPP$)
             Headcount(HC): 0.000320699
          Poverty gap (PG): 0.000134427
       Poverty gap squared: 7.68804E-05
                      Gini: 0.326254
                    Median: 713.215
                       MLD: 0.179098
                      Watt: 0.000120544
--------------------------------------------------

-------------------------------- Income or Consumption share by deciles (%) -------------------------------------
     3.4144     4.9745     5.8366     6.6291     7.5353     8.6388     9.9614     11.687     14.625     26.699
-----------------------------------------------------------------------------------------------------------------


