

**********************************************************************************************
**                                   Basic Information                                      **
**********************************************************************************************

----------------- Dataset Information -----------------
                         Country: Cyprus
                    Country dode: CYP
                       Data Year: 2010
                        Coverage: National
             Welfare measurement: Income
                     Data format: Unit record
                     Data source: CYP_N2010Y
                  Data time span: UnDefined
-------------------------------------------------------


----------- Distribution ------------
   i           P           L 
-------------------------------------
   0    0.010034   0.0017538
   1     0.02041   0.0046769
   2    0.030044   0.0077172
   3    0.040325    0.011247
   4    0.050027    0.014791
   5    0.060206    0.018725
   6    0.070041    0.022686
   7    0.080159    0.026919
   8    0.090581    0.031415
   9     0.10051    0.035811
  10     0.11001    0.040141
  11     0.12022    0.044896
  12     0.13012    0.049609
  13     0.14005    0.054441
  14     0.15069    0.059736
  15     0.16051    0.064748
  16     0.17034    0.069902
  17     0.18008    0.075095
  18     0.19039     0.08068
  19     0.20001    0.085978
  20     0.21024    0.091718
  21     0.22066    0.097673
  22     0.23011     0.10314
  23     0.24045     0.10921
  24     0.25003      0.1149
  25     0.26001     0.12093
  26     0.27041      0.1273
  27     0.28105      0.1339
  28     0.29013     0.13961
  29     0.30098     0.14654
  30     0.31082     0.15289
  31     0.32015     0.15896
  32     0.33069     0.16589
  33     0.34022     0.17224
  34     0.35009     0.17888
  35     0.36053     0.18599
  36     0.37004     0.19255
  37     0.38012     0.19957
  38     0.39003     0.20656
  39     0.40077     0.21425
  40     0.41045     0.22126
  41     0.42062      0.2287
  42     0.43099     0.23641
  43     0.44103     0.24398
  44     0.45008     0.25087
  45     0.46008     0.25859
  46     0.47002     0.26633
  47     0.48047     0.27458
  48     0.49006     0.28225
  49     0.50035     0.29064
  50     0.51101      0.2995
  51     0.52036     0.30735
  52     0.53003     0.31554
  53     0.54045     0.32446
  54     0.55003     0.33275
  55     0.56019     0.34167
  56     0.57037     0.35072
  57     0.58007     0.35946
  58      0.5906     0.36911
  59      0.6001     0.37796
  60     0.61019     0.38746
  61        0.62     0.39684
  62     0.63009     0.40662
  63     0.64057     0.41693
  64     0.65006      0.4264
  65     0.66033     0.43675
  66     0.67028     0.44692
  67     0.68011      0.4571
  68     0.69007      0.4676
  69     0.70001      0.4782
  70      0.7102     0.48924
  71     0.72005      0.5001
  72     0.73017     0.51144
  73     0.74001     0.52263
  74     0.75004     0.53422
  75     0.76003     0.54595
  76     0.77019     0.55813
  77     0.78007     0.57023
  78     0.79016     0.58287
  79     0.80003     0.59557
  80     0.81027     0.60905
  81     0.82027     0.62251
  82     0.83014     0.63617
  83     0.84029     0.65061
  84      0.8501     0.66488
  85     0.86013     0.67976
  86      0.8702     0.69502
  87     0.88015     0.71051
  88     0.89013     0.72658
  89     0.90017     0.74332
  90     0.91054     0.76121
  91        0.92     0.77828
  92     0.93015     0.79734
  93     0.94042     0.81759
  94     0.95001     0.83748
  95      0.9601     0.85976
  96     0.97018     0.88384
  97     0.98002     0.91012
  98     0.99006      0.9425
  99           1           1
-----------------------------------------

----------------- PPP$ and local currency --------------
         PPP used in computation: 0.711553
     Data mean in local currency: 611.982
               Data mean in PPP$: 888.358
        Poverty line in PPP$/Day: 1.9
      Poverty line in PPP$/Month: 57.7917
  Poverty line in local currency: 39.8122
-------------------------------------------------------

----------------- Estimation result --------------
     Number of observation: 3851
          Total population: 1
              Total wealth: 860.067(PPP$)
                   Minimum: 0(PPP$)
                   Maximum: 38852.8(PPP$)
             Headcount(HC): 0.000977699
          Poverty gap (PG): 0.000349796
       Poverty gap squared: 0.000258872
                      Gini: 0.314578
                    Median: 730.913
                       MLD: 0.166327
                      Watt: 0.000152434
--------------------------------------------------

-------------------------------- Income or Consumption share by deciles (%) -------------------------------------
     3.5586     5.0389     5.9937     6.7788     7.6656     8.7505     10.032     11.735     14.751     25.696
-----------------------------------------------------------------------------------------------------------------


