

**********************************************************************************************
**                                   Basic Information                                      **
**********************************************************************************************

----------------- Dataset Information -----------------
                         Country: Cyprus
                    Country dode: CYP
                       Data Year: 2007
                        Coverage: National
             Welfare measurement: Income
                     Data format: Unit record
                     Data source: CYP_N2007Y
                  Data time span: UnDefined
-------------------------------------------------------


----------- Distribution ------------
   i           P           L 
-------------------------------------
   0    0.011187   0.0026781
   1     0.02004   0.0053343
   2    0.032241   0.0094607
   3    0.040464    0.012401
   4     0.05012    0.015989
   5    0.060239    0.019902
   6    0.070068    0.023887
   7    0.080268    0.028167
   8    0.090025    0.032473
   9     0.10002    0.037021
  10     0.11006    0.041667
  11      0.1206    0.046629
  12     0.13032    0.051286
  13     0.14015     0.05612
  14      0.1501     0.06112
  15     0.16009    0.066243
  16      0.1714    0.072114
  17     0.18003     0.07665
  18     0.19021    0.082072
  19     0.20006    0.087396
  20     0.21009    0.092916
  21     0.22047    0.098712
  22     0.23016      0.1042
  23     0.24087     0.11037
  24     0.25011     0.11578
  25     0.26055     0.12196
  26     0.27016     0.12772
  27     0.28017     0.13379
  28     0.29114     0.14052
  29     0.30071      0.1465
  30     0.31069      0.1528
  31     0.32009     0.15883
  32     0.33076     0.16578
  33     0.34083     0.17243
  34     0.35036     0.17879
  35      0.3602     0.18544
  36     0.37002      0.1922
  37      0.3803     0.19938
  38     0.39031     0.20651
  39     0.40011     0.21358
  40     0.41006     0.22084
  41     0.42072     0.22873
  42     0.43088     0.23633
  43     0.44031      0.2435
  44     0.45069     0.25152
  45     0.46037     0.25913
  46      0.4703     0.26709
  47     0.48015     0.27509
  48     0.49023     0.28339
  49     0.50009     0.29157
  50     0.51033     0.30017
  51     0.52028     0.30861
  52     0.53006     0.31706
  53     0.54003      0.3258
  54     0.55049     0.33511
  55     0.56022     0.34387
  56     0.57018     0.35295
  57     0.58029     0.36227
  58     0.59015     0.37151
  59      0.6001     0.38099
  60     0.61001     0.39053
  61     0.62004     0.40027
  62     0.63019     0.41022
  63     0.64037     0.42034
  64     0.65008     0.43013
  65     0.66056     0.44083
  66     0.67007     0.45067
  67     0.68066      0.4618
  68     0.69018      0.4719
  69       0.701     0.48356
  70     0.71004     0.49345
  71     0.72016     0.50468
  72     0.73031     0.51612
  73     0.74007     0.52728
  74     0.75009     0.53893
  75     0.76081     0.55156
  76     0.77043     0.56308
  77     0.78004     0.57481
  78     0.79013     0.58739
  79     0.80019     0.60017
  80     0.81034     0.61341
  81     0.82009     0.62631
  82     0.83002     0.63974
  83     0.84036     0.65408
  84     0.85017     0.66803
  85     0.86004     0.68239
  86     0.87016     0.69763
  87     0.88004     0.71303
  88     0.89016     0.72918
  89     0.90009     0.74548
  90     0.91037     0.76297
  91     0.92011     0.78023
  92     0.93038     0.79931
  93     0.94011     0.81832
  94     0.95018     0.83885
  95      0.9601     0.86025
  96     0.97009     0.88344
  97     0.98016     0.90855
  98     0.99101     0.94172
  99           1           1
-----------------------------------------

----------------- PPP$ and local currency --------------
         PPP used in computation: 0.711553
     Data mean in local currency: 579.089
               Data mean in PPP$: 904.18
        Poverty line in PPP$/Day: 1.9
      Poverty line in PPP$/Month: 57.7917
  Poverty line in local currency: 37.0131
-------------------------------------------------------

----------------- Estimation result --------------
     Number of observation: 3278
          Total population: 1
              Total wealth: 813.841(PPP$)
                   Minimum: 15.2202(PPP$)
                   Maximum: 28031.4(PPP$)
             Headcount(HC): 0.000251599
          Poverty gap (PG): 0.000177981
       Poverty gap squared: 0.000125904
                      Gini: 0.311134
                    Median: 754.508
                       MLD: 0.161207
                      Watt: 0.000309203
--------------------------------------------------

-------------------------------- Income or Consumption share by deciles (%) -------------------------------------
     3.7011     5.0355     5.8691     6.7438     7.7997       8.94      10.16     11.745      14.54     25.466
-----------------------------------------------------------------------------------------------------------------


