

**********************************************************************************************
**                                   Basic Information                                      **
**********************************************************************************************

----------------- Dataset Information -----------------
                         Country: Czech Republic
                    Country dode: CZE
                       Data Year: 2004
                        Coverage: National
             Welfare measurement: Income
                     Data format: Unit record
                     Data source: CZE_N2004Y
                  Data time span: UnDefined
-------------------------------------------------------


----------- Distribution ------------
   i           P           L 
-------------------------------------
   0    0.011456   0.0022467
   1    0.020628   0.0046441
   2    0.030001   0.0074425
   3    0.040796    0.011106
   4    0.050415     0.01459
   5    0.060355    0.018383
   6     0.07028    0.022426
   7    0.080106    0.026661
   8    0.090011    0.031152
   9     0.10028    0.035964
  10     0.11014    0.040737
  11     0.12002    0.045678
  12     0.13005    0.050849
  13     0.14065     0.05647
  14     0.15004    0.061579
  15     0.16041     0.06737
  16     0.17054    0.073132
  17     0.18093    0.079141
  18        0.19    0.084467
  19      0.2002    0.090581
  20     0.21017    0.096672
  21     0.22015     0.10286
  22     0.23113     0.10984
  23     0.24041     0.11585
  24     0.25017     0.12233
  25     0.26007     0.12899
  26     0.27001     0.13576
  27      0.2801     0.14274
  28     0.29004     0.14972
  29     0.30063     0.15724
  30      0.3109     0.16464
  31     0.32001     0.17127
  32     0.33057     0.17908
  33     0.34033     0.18645
  34     0.35078     0.19443
  35     0.36021     0.20173
  36     0.37017     0.20951
  37     0.38023     0.21746
  38     0.39007      0.2253
  39     0.40025     0.23349
  40     0.41008     0.24149
  41     0.42003     0.24965
  42     0.43006     0.25795
  43     0.44009     0.26633
  44     0.45023     0.27487
  45      0.4601     0.28327
  46     0.47017     0.29191
  47     0.48038     0.30074
  48     0.49005     0.30916
  49     0.50014     0.31803
  50     0.51047     0.32718
  51      0.5201      0.3358
  52     0.53008     0.34485
  53     0.54006     0.35397
  54     0.55015     0.36329
  55     0.56014     0.37261
  56     0.57062     0.38248
  57     0.58002     0.39137
  58     0.59012     0.40102
  59     0.60035      0.4109
  60     0.61015     0.42044
  61      0.6201     0.43023
  62     0.63002     0.44009
  63      0.6402     0.45036
  64     0.65011     0.46046
  65     0.66088     0.47155
  66     0.67016     0.48124
  67        0.68     0.49164
  68     0.69035     0.50271
  69     0.70018     0.51333
  70     0.71035     0.52446
  71     0.72003     0.53517
  72     0.73036      0.5468
  73     0.74015     0.55798
  74     0.75008     0.56951
  75     0.76012      0.5813
  76     0.77029     0.59344
  77     0.78013     0.60537
  78     0.79011     0.61764
  79     0.80051     0.63062
  80     0.81005     0.64272
  81     0.82022     0.65582
  82     0.83035     0.66908
  83     0.84002     0.68203
  84     0.85004     0.69567
  85     0.86001     0.70949
  86     0.87025     0.72409
  87     0.88031     0.73881
  88     0.89014     0.75358
  89     0.90016     0.76918
  90     0.91006       0.785
  91     0.92032     0.80201
  92     0.93007     0.81885
  93     0.94018     0.83733
  94     0.95004     0.85633
  95     0.96031     0.87751
  96     0.97022      0.8994
  97     0.98064     0.92443
  98     0.99011     0.95087
  99           1           1
-----------------------------------------

----------------- PPP$ and local currency --------------
         PPP used in computation: 14.901
     Data mean in local currency: 8594.96
               Data mean in PPP$: 688.665
        Poverty line in PPP$/Day: 1.9
      Poverty line in PPP$/Month: 57.7917
  Poverty line in local currency: 721.275
-------------------------------------------------------

----------------- Estimation result --------------
     Number of observation: 3953
          Total population: 1.01285E+07
              Total wealth: 5.84218E+09(PPP$)
                   Minimum: 50.3323(PPP$)
                   Maximum: 17002.1(PPP$)
             Headcount(HC): 0
          Poverty gap (PG): 0
       Poverty gap squared: 0
                      Gini: 0.275332
                    Median: 607.1
                       MLD: 0.131694
                      Watt: 0
--------------------------------------------------

-------------------------------- Income or Consumption share by deciles (%) -------------------------------------
     3.5833     5.4628     6.6332     7.6503     8.4609     9.2657     10.258     11.684     13.895     23.106
-----------------------------------------------------------------------------------------------------------------


