

**********************************************************************************************
**                                   Basic Information                                      **
**********************************************************************************************

----------------- Dataset Information -----------------
                         Country: Czech Republic
                    Country dode: CZE
                       Data Year: 2012
                        Coverage: National
             Welfare measurement: Income
                     Data format: Unit record
                     Data source: CZE_N2012Y
                  Data time span: UnDefined
-------------------------------------------------------


----------- Distribution ------------
   i           P           L 
-------------------------------------
   0    0.010452   0.0016909
   1    0.020075   0.0042245
   2    0.030054   0.0074866
   3    0.040152    0.011333
   4    0.050305    0.015447
   5    0.060032    0.019592
   6    0.070207     0.02418
   7    0.080215    0.028901
   8    0.091317    0.034307
   9     0.10035    0.038839
  10     0.11011    0.043858
  11     0.12009    0.049097
  12     0.13012    0.054475
  13     0.14004    0.059911
  14     0.15073    0.065907
  15     0.16013    0.071282
  16     0.17009    0.077101
  17     0.18004    0.083082
  18     0.19007    0.089245
  19     0.20009    0.095515
  20      0.2101     0.10186
  21     0.22018     0.10835
  22     0.23001     0.11477
  23     0.24011     0.12144
  24     0.25001     0.12809
  25     0.26017     0.13503
  26     0.27021       0.142
  27     0.28003      0.1489
  28     0.29009     0.15607
  29     0.30024      0.1634
  30     0.31013     0.17064
  31     0.32017      0.1781
  32     0.33015      0.1856
  33     0.34002     0.19312
  34     0.35012      0.2009
  35     0.36035     0.20887
  36      0.3702     0.21663
  37     0.38011     0.22453
  38     0.39002     0.23251
  39     0.40005     0.24068
  40     0.41006     0.24889
  41     0.42004     0.25716
  42     0.43004     0.26551
  43     0.44017     0.27407
  44     0.45001     0.28245
  45     0.46003     0.29105
  46     0.47012      0.2998
  47     0.48003     0.30847
  48     0.49015     0.31742
  49     0.50012      0.3263
  50     0.51015      0.3353
  51     0.52017     0.34437
  52     0.53007      0.3534
  53     0.54007      0.3626
  54     0.55024     0.37206
  55     0.56009     0.38129
  56     0.57023     0.39089
  57     0.58003     0.40025
  58        0.59     0.40986
  59     0.60003     0.41961
  60     0.61016     0.42955
  61     0.62006     0.43936
  62     0.63004     0.44934
  63     0.64004     0.45944
  64     0.65009     0.46969
  65     0.66008        0.48
  66     0.67004     0.49039
  67     0.68022     0.50112
  68     0.69003     0.51157
  69     0.70008     0.52239
  70     0.71003     0.53321
  71     0.72016     0.54444
  72     0.73025     0.55576
  73     0.74003      0.5669
  74     0.75006      0.5785
  75     0.76003     0.59019
  76     0.77008     0.60216
  77     0.78003     0.61418
  78      0.7901     0.62649
  79     0.80041     0.63931
  80     0.81003     0.65148
  81     0.82005     0.66439
  82     0.83006     0.67753
  83     0.84012     0.69104
  84      0.8501     0.70472
  85     0.86039     0.71912
  86     0.87002     0.73291
  87     0.88018     0.74782
  88     0.89028     0.76311
  89     0.90023     0.77863
  90     0.91012     0.79451
  91     0.92007     0.81106
  92     0.93006     0.82829
  93     0.94015     0.84648
  94     0.95001     0.86521
  95     0.96013     0.88557
  96     0.97001     0.90671
  97     0.98008      0.9305
  98     0.99011     0.95904
  99           1           1
-----------------------------------------

----------------- PPP$ and local currency --------------
         PPP used in computation: 14.901
     Data mean in local currency: 12312.4
               Data mean in PPP$: 799.894
        Poverty line in PPP$/Day: 1.9
      Poverty line in PPP$/Month: 57.7917
  Poverty line in local currency: 889.562
-------------------------------------------------------

----------------- Estimation result --------------
     Number of observation: 7927
          Total population: 1.03068E+07
              Total wealth: 8.51634E+09(PPP$)
                   Minimum: -55.6302(PPP$)
                   Maximum: 10066.5(PPP$)
             Headcount(HC): 0.00062453
          Poverty gap (PG): 0.000790929
       Poverty gap squared: 0.00118598
                      Gini: 0.261344
                    Median: 715.118
                       MLD: 0.121684
                      Watt: 0.00064999
--------------------------------------------------

-------------------------------- Income or Consumption share by deciles (%) -------------------------------------
     3.8664     5.6793     6.7765     7.7414     8.5561     9.3383     10.273     11.649     13.946     22.174
-----------------------------------------------------------------------------------------------------------------


