

**********************************************************************************************
**                                   Basic Information                                      **
**********************************************************************************************

----------------- Dataset Information -----------------
                         Country: Czech Republic
                    Country dode: CZE
                       Data Year: 2010
                        Coverage: National
             Welfare measurement: Income
                     Data format: Unit record
                     Data source: CZE_N2010Y
                  Data time span: UnDefined
-------------------------------------------------------


----------- Distribution ------------
   i           P           L 
-------------------------------------
   0    0.010266   0.0017775
   1    0.020011   0.0043073
   2    0.030138   0.0074656
   3    0.040141    0.010965
   4    0.050054    0.014743
   5    0.060089    0.018807
   6     0.07075    0.023397
   7    0.080093    0.027595
   8    0.090037    0.032241
   9     0.10009    0.037153
  10     0.11005    0.042148
  11     0.12008    0.047318
  12        0.13    0.052579
  13     0.14036    0.058256
  14     0.15008    0.063715
  15      0.1602    0.069522
  16     0.17001    0.075308
  17      0.1803    0.081509
  18     0.19016    0.087572
  19     0.20013     0.09382
  20     0.21013     0.10021
  21     0.22001     0.10662
  22     0.23022     0.11333
  23     0.24007      0.1199
  24        0.25     0.12661
  25     0.26004     0.13347
  26     0.27018      0.1405
  27     0.28015     0.14753
  28     0.29019      0.1547
  29     0.30001      0.1618
  30     0.31027     0.16933
  31     0.32008     0.17662
  32     0.33004      0.1841
  33     0.34037     0.19192
  34     0.35007     0.19935
  35     0.36008     0.20709
  36     0.37012      0.2149
  37     0.38003     0.22268
  38     0.39009     0.23066
  39     0.40005     0.23863
  40     0.41002      0.2467
  41     0.42015     0.25496
  42     0.43002     0.26309
  43     0.44003     0.27142
  44     0.45005     0.27984
  45     0.46002     0.28829
  46     0.47008     0.29688
  47      0.4801     0.30554
  48     0.49008     0.31425
  49     0.50026     0.32322
  50     0.51004     0.33192
  51     0.52002     0.34089
  52     0.53005     0.35001
  53     0.54005      0.3592
  54        0.55     0.36839
  55     0.56009     0.37779
  56     0.57001     0.38712
  57     0.58005     0.39667
  58     0.59008     0.40628
  59     0.60003      0.4159
  60     0.61015     0.42578
  61     0.62014     0.43564
  62     0.63007     0.44555
  63     0.64005     0.45562
  64        0.65     0.46577
  65     0.66012     0.47621
  66     0.67016     0.48669
  67     0.68011     0.49719
  68     0.69025     0.50803
  69     0.70027     0.51887
  70     0.71012     0.52963
  71     0.72014     0.54074
  72     0.73011     0.55195
  73     0.74007     0.56335
  74     0.75003     0.57493
  75     0.76015     0.58684
  76     0.77003     0.59866
  77     0.78003      0.6108
  78      0.7901     0.62319
  79     0.80016      0.6358
  80     0.81012     0.64848
  81        0.82     0.66128
  82     0.83002     0.67452
  83        0.84     0.68795
  84        0.85     0.70168
  85     0.86004     0.71573
  86     0.87006     0.73008
  87     0.88001      0.7447
  88     0.89005     0.75992
  89     0.90009     0.77565
  90     0.91011     0.79178
  91     0.92001     0.80821
  92     0.93006     0.82549
  93     0.94005     0.84343
  94     0.95006     0.86235
  95     0.96008     0.88253
  96     0.97017     0.90444
  97     0.98011     0.92819
  98     0.99013     0.95602
  99           1           1
-----------------------------------------

----------------- PPP$ and local currency --------------
         PPP used in computation: 14.901
     Data mean in local currency: 11912.8
               Data mean in PPP$: 814.943
        Poverty line in PPP$/Day: 1.9
      Poverty line in PPP$/Month: 57.7917
  Poverty line in local currency: 844.793
-------------------------------------------------------

----------------- Estimation result --------------
     Number of observation: 8265
          Total population: 1.04346E+07
              Total wealth: 8.34203E+09(PPP$)
                   Minimum: -38.0288(PPP$)
                   Maximum: 14549.6(PPP$)
             Headcount(HC): 0.00039368
          Poverty gap (PG): 0.00017294
       Poverty gap squared: 0.000132399
                      Gini: 0.26626
                    Median: 722.339
                       MLD: 0.123538
                      Watt: 0.00015001
--------------------------------------------------

-------------------------------- Income or Consumption share by deciles (%) -------------------------------------
     3.7107      5.663     6.8056     7.6793     8.4406      9.288     10.271     11.702     13.991     22.449
-----------------------------------------------------------------------------------------------------------------


