

**********************************************************************************************
**                                   Basic Information                                      **
**********************************************************************************************

----------------- Dataset Information -----------------
                         Country: Czech Republic
                    Country dode: CZE
                       Data Year: 2005
                        Coverage: National
             Welfare measurement: Income
                     Data format: Unit record
                     Data source: CZE_N2005Y
                  Data time span: UnDefined
-------------------------------------------------------


----------- Distribution ------------
   i           P           L 
-------------------------------------
   0    0.010218   0.0021522
   1    0.020134    0.005027
   2    0.030044   0.0082929
   3    0.040039    0.011846
   4    0.050137    0.015722
   5    0.060098    0.019751
   6    0.070122    0.024023
   7    0.080353    0.028546
   8    0.090033    0.032977
   9     0.10009    0.037731
  10     0.11036    0.042759
  11     0.12003    0.047686
  12     0.13016    0.052993
  13     0.14019    0.058365
  14     0.15015    0.063812
  15     0.16014    0.069382
  16     0.17016    0.075085
  17     0.18026    0.080974
  18     0.19001    0.086774
  19     0.20007    0.092862
  20     0.21011    0.099055
  21     0.22007     0.10535
  22     0.23006      0.1118
  23     0.24002     0.11835
  24     0.25001     0.12503
  25     0.26019     0.13196
  26     0.27024     0.13891
  27     0.28014     0.14586
  28     0.29009     0.15294
  29     0.30003     0.16009
  30     0.31017     0.16751
  31     0.32001     0.17482
  32     0.33013     0.18242
  33     0.34003     0.18995
  34     0.35002     0.19765
  35     0.36005     0.20548
  36     0.37006     0.21337
  37     0.38007     0.22134
  38     0.39008     0.22939
  39     0.40018     0.23759
  40     0.41012     0.24574
  41     0.42001     0.25392
  42     0.43008     0.26231
  43     0.44015     0.27077
  44     0.45018     0.27926
  45      0.4601     0.28774
  46     0.47038     0.29661
  47     0.48006     0.30504
  48     0.49019     0.31395
  49     0.50017     0.32278
  50     0.51016     0.33168
  51     0.52005     0.34055
  52     0.53011     0.34967
  53        0.54     0.35871
  54     0.55009       0.368
  55     0.56035     0.37752
  56     0.57006     0.38661
  57      0.5802     0.39619
  58     0.59007     0.40561
  59     0.60001     0.41519
  60     0.61014     0.42504
  61     0.62004     0.43477
  62     0.63012     0.44479
  63     0.64006     0.45475
  64     0.65017     0.46501
  65     0.66004     0.47512
  66     0.67013     0.48559
  67     0.68006     0.49597
  68     0.69001     0.50648
  69     0.70038     0.51757
  70     0.71035     0.52835
  71     0.72012     0.53906
  72     0.73029     0.55038
  73     0.74008     0.56142
  74     0.75002     0.57278
  75     0.76017     0.58454
  76     0.77005     0.59615
  77     0.78009     0.60813
  78     0.79015     0.62035
  79     0.80014     0.63271
  80     0.81003     0.64515
  81     0.82003     0.65798
  82     0.83006      0.6711
  83     0.84008     0.68443
  84     0.85037     0.69839
  85     0.86027     0.71209
  86     0.87011     0.72601
  87     0.88014     0.74053
  88     0.89012     0.75542
  89     0.90009     0.77075
  90     0.91005     0.78655
  91     0.92005       0.803
  92     0.93008     0.82018
  93     0.94013     0.83817
  94        0.95     0.85678
  95     0.96008     0.87668
  96     0.97016     0.89818
  97     0.98031     0.92237
  98     0.99007     0.95026
  99           1           1
-----------------------------------------

----------------- PPP$ and local currency --------------
         PPP used in computation: 14.901
     Data mean in local currency: 8988.88
               Data mean in PPP$: 707.172
        Poverty line in PPP$/Day: 1.9
      Poverty line in PPP$/Month: 57.7917
  Poverty line in local currency: 734.591
-------------------------------------------------------

----------------- Estimation result --------------
     Number of observation: 6923
          Total population: 1.01605E+07
              Total wealth: 6.12926E+09(PPP$)
                   Minimum: 0(PPP$)
                   Maximum: 15500.9(PPP$)
             Headcount(HC): 4.93299E-05
          Poverty gap (PG): 2.54293E-05
       Poverty gap squared: 2.32193E-05
                      Gini: 0.26946
                    Median: 628.038
                       MLD: 0.125732
                      Watt: 2.55519E-06
--------------------------------------------------

-------------------------------- Income or Consumption share by deciles (%) -------------------------------------
     3.7688     5.5133     6.7255      7.737     8.5186     9.2548     10.198     11.538     13.807     22.939
-----------------------------------------------------------------------------------------------------------------


