

**********************************************************************************************
**                                   Basic Information                                      **
**********************************************************************************************

----------------- Dataset Information -----------------
                         Country: Czech Republic
                    Country dode: CZE
                       Data Year: 2006
                        Coverage: National
             Welfare measurement: Income
                     Data format: Unit record
                     Data source: CZE_N2006Y
                  Data time span: UnDefined
-------------------------------------------------------


----------- Distribution ------------
   i           P           L 
-------------------------------------
   0    0.010126   0.0019843
   1    0.020062   0.0047161
   2    0.030313   0.0079135
   3     0.04014     0.01127
   4    0.050042    0.014941
   5    0.060005    0.018933
   6    0.070021    0.023216
   7    0.080161    0.027801
   8    0.090207    0.032505
   9      0.1001    0.037302
  10     0.11016    0.042301
  11     0.12027    0.047541
  12     0.13009    0.052759
  13     0.14007     0.05816
  14     0.15015    0.063757
  15     0.16008    0.069384
  16     0.17001    0.075123
  17     0.18011    0.081097
  18     0.19017    0.087149
  19     0.20015    0.093267
  20     0.21014    0.099528
  21     0.22013     0.10592
  22     0.23004     0.11237
  23     0.24012     0.11905
  24     0.25007     0.12574
  25     0.26012      0.1326
  26      0.2701     0.13952
  27     0.28011     0.14655
  28     0.29008     0.15367
  29     0.30027     0.16104
  30     0.31005     0.16821
  31     0.32002      0.1756
  32     0.33008     0.18315
  33     0.34006     0.19074
  34     0.35007     0.19845
  35      0.3601     0.20625
  36     0.37001     0.21405
  37     0.38024     0.22217
  38     0.39021     0.23015
  39     0.40009     0.23814
  40      0.4102      0.2464
  41     0.42001     0.25448
  42     0.43043     0.26313
  43     0.44001     0.27117
  44     0.45013     0.27974
  45     0.46005      0.2882
  46     0.47005     0.29681
  47     0.48021     0.30563
  48     0.49003     0.31423
  49     0.50014     0.32314
  50     0.51003     0.33193
  51     0.52005      0.3409
  52     0.53002      0.3499
  53     0.54006     0.35907
  54     0.55084       0.369
  55     0.56011     0.37762
  56     0.57011     0.38699
  57     0.58017      0.3965
  58     0.59005     0.40594
  59      0.6001     0.41565
  60     0.61001     0.42534
  61        0.62     0.43521
  62     0.63006     0.44527
  63     0.64002     0.45533
  64     0.65006     0.46558
  65     0.66005     0.47589
  66     0.67008     0.48635
  67     0.68002     0.49682
  68     0.69001     0.50749
  69     0.70008     0.51839
  70     0.71001     0.52923
  71     0.72012      0.5404
  72        0.73     0.55145
  73     0.74009     0.56291
  74     0.75015     0.57449
  75     0.76011     0.58609
  76     0.77007     0.59788
  77     0.78014     0.61003
  78      0.7902     0.62238
  79      0.8001     0.63469
  80     0.81017     0.64742
  81        0.82     0.66006
  82     0.83004      0.6732
  83     0.84014     0.68669
  84      0.8501     0.70028
  85     0.86002     0.71413
  86     0.87007     0.72854
  87     0.88014     0.74337
  88      0.8901      0.7584
  89     0.90003     0.77384
  90     0.91004     0.78995
  91     0.92017      0.8068
  92        0.93      0.8238
  93     0.94007     0.84199
  94     0.95006     0.86091
  95     0.96006     0.88085
  96     0.97009     0.90246
  97     0.98002     0.92611
  98     0.99007     0.95394
  99           1           1
-----------------------------------------

----------------- PPP$ and local currency --------------
         PPP used in computation: 14.901
     Data mean in local currency: 9724.94
               Data mean in PPP$: 746.214
        Poverty line in PPP$/Day: 1.9
      Poverty line in PPP$/Month: 57.7917
  Poverty line in local currency: 753.162
-------------------------------------------------------

----------------- Estimation result --------------
     Number of observation: 8978
          Total population: 1.01951E+07
              Total wealth: 6.65371E+09(PPP$)
                   Minimum: 0(PPP$)
                   Maximum: 12328.1(PPP$)
             Headcount(HC): 0.000658107
          Poverty gap (PG): 0.000260557
       Poverty gap squared: 0.000120805
                      Gini: 0.267442
                    Median: 660.308
                       MLD: 0.124438
                      Watt: 0.000285145
--------------------------------------------------

-------------------------------- Income or Consumption share by deciles (%) -------------------------------------
     3.7251     5.5923     6.7677     7.7219     8.4947     9.2544     10.274     11.626     13.924      22.62
-----------------------------------------------------------------------------------------------------------------


