

**********************************************************************************************
**                                   Basic Information                                      **
**********************************************************************************************

----------------- Dataset Information -----------------
                         Country: Czech Republic
                    Country dode: CZE
                       Data Year: 2009
                        Coverage: National
             Welfare measurement: Income
                     Data format: Unit record
                     Data source: CZE_N2009Y
                  Data time span: UnDefined
-------------------------------------------------------


----------- Distribution ------------
   i           P           L 
-------------------------------------
   0    0.010019   0.0017563
   1    0.020102   0.0043386
   2    0.030233   0.0074112
   3    0.040201    0.010923
   4    0.050041    0.014752
   5     0.06003    0.018965
   6    0.070198    0.023557
   7    0.080071    0.028246
   8    0.090062    0.033157
   9     0.10002    0.038203
  10     0.11012    0.043478
  11     0.12002    0.048775
  12     0.13001    0.054251
  13     0.14005     0.05989
  14      0.1502    0.065722
  15     0.16022    0.071614
  16     0.17006    0.077517
  17     0.18018    0.083696
  18     0.19018    0.089907
  19      0.2001    0.096167
  20     0.21004     0.10254
  21     0.22026     0.10921
  22     0.23013     0.11577
  23     0.24002     0.12242
  24     0.25005     0.12927
  25     0.26016     0.13626
  26     0.27007     0.14321
  27     0.28001     0.15029
  28     0.29001     0.15753
  29     0.30013     0.16493
  30     0.31011     0.17232
  31     0.32002     0.17973
  32      0.3303      0.1875
  33     0.34044     0.19522
  34     0.35002     0.20257
  35     0.36003     0.21034
  36     0.37004      0.2182
  37     0.38018      0.2262
  38     0.39018     0.23417
  39     0.40014     0.24218
  40        0.41     0.25017
  41        0.42     0.25835
  42     0.43015     0.26672
  43     0.44007     0.27498
  44     0.45001     0.28336
  45     0.46015     0.29198
  46     0.47015     0.30056
  47     0.48001     0.30907
  48     0.49005     0.31784
  49     0.50014     0.32674
  50     0.51011      0.3356
  51     0.52015      0.3446
  52     0.53002     0.35356
  53     0.54002     0.36273
  54     0.55005     0.37202
  55        0.56     0.38131
  56        0.57     0.39073
  57     0.58001     0.40023
  58        0.59     0.40981
  59      0.6004     0.41987
  60     0.61017     0.42941
  61        0.62      0.4391
  62     0.63016     0.44922
  63     0.64003     0.45917
  64     0.65012     0.46946
  65     0.66002     0.47965
  66     0.67002     0.49007
  67     0.68009     0.50068
  68     0.69004     0.51129
  69     0.70005     0.52208
  70     0.71013      0.5331
  71     0.72007     0.54409
  72     0.73018     0.55541
  73     0.74005     0.56659
  74     0.75008     0.57811
  75     0.76001      0.5897
  76     0.77003     0.60155
  77     0.78007     0.61362
  78     0.79016     0.62597
  79     0.80001     0.63819
  80     0.81002     0.65082
  81     0.82009     0.66371
  82     0.83009     0.67676
  83     0.84016     0.69013
  84     0.85004     0.70358
  85     0.86014     0.71763
  86     0.87001     0.73167
  87     0.88003     0.74623
  88     0.89013     0.76125
  89     0.90001     0.77629
  90     0.91011     0.79213
  91        0.92     0.80815
  92     0.93024     0.82538
  93     0.94011     0.84273
  94     0.95012     0.86124
  95     0.96026      0.8811
  96     0.97014     0.90194
  97     0.98021     0.92553
  98     0.99003      0.9524
  99           1           1
-----------------------------------------

----------------- PPP$ and local currency --------------
         PPP used in computation: 14.901
     Data mean in local currency: 11758.2
               Data mean in PPP$: 815.7
        Poverty line in PPP$/Day: 1.9
      Poverty line in PPP$/Month: 57.7917
  Poverty line in local currency: 833.058
-------------------------------------------------------

----------------- Estimation result --------------
     Number of observation: 8593
          Total population: 1.04028E+07
              Total wealth: 8.20876E+09(PPP$)
                   Minimum: -166.706(PPP$)
                   Maximum: 13324(PPP$)
             Headcount(HC): 0.000686018
          Poverty gap (PG): 0.000790686
       Poverty gap squared: 0.00280657
                      Gini: 0.261778
                    Median: 721.571
                       MLD: 0.122265
                      Watt: 6.29267E-05
--------------------------------------------------

-------------------------------- Income or Consumption share by deciles (%) -------------------------------------
     3.8194     5.7907     6.8733     7.7235     8.4543     9.2866     10.255     11.615      13.81     22.372
-----------------------------------------------------------------------------------------------------------------


