

**********************************************************************************************
**                                   Basic Information                                      **
**********************************************************************************************

----------------- Dataset Information -----------------
                         Country: Czech Republic
                    Country dode: CZE
                       Data Year: 2011
                        Coverage: National
             Welfare measurement: Income
                     Data format: Unit record
                     Data source: CZE_N2011Y
                  Data time span: UnDefined
-------------------------------------------------------


----------- Distribution ------------
   i           P           L 
-------------------------------------
   0    0.010147   0.0018188
   1    0.020084   0.0043475
   2    0.030123   0.0074624
   3    0.040025     0.01092
   4    0.050249    0.014793
   5    0.060027    0.018715
   6    0.070074    0.022983
   7    0.080162    0.027478
   8    0.090072    0.032092
   9     0.10002    0.036916
  10     0.11013     0.04198
  11     0.12004    0.047082
  12     0.13028      0.0525
  13     0.14012    0.057845
  14     0.15001    0.063369
  15     0.16008    0.069146
  16     0.17017    0.075062
  17     0.18019    0.081063
  18     0.19001    0.087085
  19     0.20023    0.093464
  20     0.21005    0.099715
  21     0.22018     0.10627
  22     0.23024      0.1129
  23     0.24007     0.11949
  24     0.25007     0.12631
  25     0.26005      0.1332
  26     0.27019      0.1403
  27     0.28012     0.14734
  28     0.29018     0.15457
  29      0.3002     0.16188
  30     0.31015     0.16923
  31     0.32007     0.17663
  32     0.33064     0.18462
  33      0.3403     0.19199
  34     0.35004      0.1995
  35     0.36023     0.20744
  36     0.37022     0.21531
  37     0.38037     0.22338
  38     0.39021     0.23128
  39     0.40001     0.23923
  40     0.41006     0.24747
  41     0.42009     0.25578
  42     0.43012     0.26415
  43      0.4401     0.27256
  44     0.45002     0.28099
  45     0.46012     0.28965
  46     0.47007     0.29827
  47     0.48003     0.30699
  48     0.49009     0.31589
  49     0.50024     0.32494
  50     0.51002     0.33375
  51     0.52001      0.3428
  52     0.53007       0.352
  53     0.54003     0.36119
  54     0.55008     0.37056
  55     0.56006     0.37995
  56        0.57     0.38936
  57     0.58006     0.39898
  58     0.59006     0.40863
  59      0.6001      0.4184
  60     0.61002     0.42815
  61     0.62005      0.4381
  62     0.63007     0.44814
  63     0.64018     0.45836
  64     0.65001      0.4684
  65     0.66004     0.47874
  66     0.67002      0.4892
  67        0.68     0.49979
  68     0.69008      0.5106
  69     0.70008     0.52144
  70     0.71014     0.53248
  71     0.72023     0.54368
  72     0.73028     0.55496
  73     0.74053     0.56663
  74     0.75007     0.57766
  75     0.76024     0.58959
  76      0.7701     0.60134
  77     0.78017     0.61352
  78      0.7901     0.62575
  79     0.80011     0.63823
  80     0.81011     0.65092
  81     0.82007      0.6638
  82     0.83015     0.67707
  83     0.84012     0.69046
  84     0.85005     0.70409
  85     0.86002     0.71809
  86        0.87     0.73242
  87     0.88002     0.74714
  88     0.89003     0.76221
  89     0.90015     0.77782
  90     0.91003     0.79349
  91     0.92009     0.81008
  92     0.93009     0.82717
  93     0.94006     0.84499
  94     0.95006     0.86385
  95     0.96008     0.88389
  96     0.97006     0.90517
  97     0.98004     0.92851
  98     0.99007     0.95601
  99           1           1
-----------------------------------------

----------------- PPP$ and local currency --------------
         PPP used in computation: 14.901
     Data mean in local currency: 12127.3
               Data mean in PPP$: 813.86
        Poverty line in PPP$/Day: 1.9
      Poverty line in PPP$/Month: 57.7917
  Poverty line in local currency: 861.152
-------------------------------------------------------

----------------- Estimation result --------------
     Number of observation: 8357
          Total population: 1.0293E+07
              Total wealth: 8.37708E+09(PPP$)
                   Minimum: -209.707(PPP$)
                   Maximum: 17405.5(PPP$)
             Headcount(HC): 0.000549435
          Poverty gap (PG): 0.00060666
       Poverty gap squared: 0.00183143
                      Gini: 0.263905
                    Median: 729.156
                       MLD: 0.122691
                      Watt: 0.000522482
--------------------------------------------------

-------------------------------- Income or Consumption share by deciles (%) -------------------------------------
     3.6904     5.6417     6.8412     7.7486     8.5509     9.3575     10.305     11.674      13.95     22.241
-----------------------------------------------------------------------------------------------------------------


