

**********************************************************************************************
**                                   Basic Information                                      **
**********************************************************************************************

----------------- Dataset Information -----------------
                         Country: Germany
                    Country dode: DEU
                       Data Year: 2008
                        Coverage: National
             Welfare measurement: Income
                     Data format: Unit record
                     Data source: DEU_N2008Y
                  Data time span: UnDefined
-------------------------------------------------------


----------- Distribution ------------
   i           P           L 
-------------------------------------
   0    0.010143  0.00061627
   1    0.020057   0.0027758
   2    0.030054   0.0054808
   3    0.040006   0.0085705
   4    0.050045    0.011969
   5    0.060042    0.015591
   6    0.070011    0.019409
   7    0.080061    0.023434
   8    0.090449    0.027768
   9     0.10018    0.031945
  10     0.11007    0.036309
  11     0.12001    0.040818
  12     0.13043    0.045677
  13     0.14001    0.050266
  14     0.15003    0.055167
  15     0.16014    0.060225
  16      0.1701    0.065293
  17     0.18017    0.070518
  18     0.19006    0.075741
  19     0.20017    0.081195
  20     0.21005    0.086625
  21     0.22007    0.092222
  22     0.23003    0.097906
  23     0.24002     0.10371
  24     0.25003     0.10962
  25     0.26004     0.11562
  26     0.27007     0.12171
  27     0.28002     0.12787
  28     0.29013     0.13423
  29         0.3     0.14053
  30     0.31003     0.14702
  31     0.32009     0.15365
  32     0.33004      0.1603
  33     0.34007      0.1671
  34     0.35004     0.17395
  35     0.36009     0.18095
  36     0.37005     0.18798
  37     0.38005     0.19513
  38     0.39004     0.20239
  39     0.40014     0.20984
  40     0.41019     0.21735
  41     0.42001     0.22477
  42     0.43012     0.23252
  43     0.44003     0.24021
  44     0.45001     0.24808
  45     0.46002     0.25606
  46        0.47     0.26412
  47     0.48002     0.27229
  48     0.49012     0.28066
  49     0.50004     0.28897
  50     0.51005     0.29748
  51     0.52001     0.30604
  52     0.53004     0.31477
  53     0.54004     0.32362
  54     0.55001     0.33255
  55     0.56004     0.34165
  56     0.57005     0.35085
  57     0.58035     0.36045
  58     0.59004      0.3696
  59     0.60006     0.37921
  60     0.61001     0.38886
  61     0.62004     0.39874
  62     0.63005     0.40874
  63     0.64004     0.41886
  64     0.65006     0.42912
  65     0.66006      0.4395
  66     0.67007     0.45006
  67     0.68003     0.46071
  68     0.69002     0.47155
  69     0.70011     0.48266
  70     0.71008     0.49381
  71     0.72004     0.50513
  72     0.73001     0.51669
  73     0.74015     0.52866
  74     0.75003     0.54054
  75     0.76008     0.55282
  76     0.77005     0.56525
  77     0.78004     0.57793
  78     0.79003     0.59086
  79     0.80001     0.60404
  80     0.81004     0.61754
  81     0.82005     0.63133
  82     0.83002     0.64533
  83     0.84004     0.65971
  84     0.85001     0.67432
  85     0.86004     0.68939
  86     0.87005      0.7048
  87        0.88     0.72054
  88     0.89006     0.73692
  89     0.90006     0.75372
  90     0.91002     0.77102
  91     0.92002     0.78905
  92     0.93008     0.80799
  93     0.94003     0.82754
  94     0.95013     0.84826
  95     0.96005     0.86987
  96     0.97002     0.89317
  97     0.98004     0.91899
  98     0.99007     0.94873
  99           1           1
-----------------------------------------

----------------- PPP$ and local currency --------------
         PPP used in computation: 0.818029
     Data mean in local currency: 1260.7
               Data mean in PPP$: 1595.46
        Poverty line in PPP$/Day: 1.9
      Poverty line in PPP$/Month: 57.7917
  Poverty line in local currency: 45.6657
-------------------------------------------------------

----------------- Estimation result --------------
     Number of observation: 12276
          Total population: 0.999994
              Total wealth: 1541.13(PPP$)
                   Minimum: -2485.24(PPP$)
                   Maximum: 46326.8(PPP$)
             Headcount(HC): 0.00268472
          Poverty gap (PG): 0.0122164
       Poverty gap squared: 0.233446
                      Gini: 0.312867
                    Median: 1345.92
                       MLD: 0.176099
                      Watt: 0.0016507
--------------------------------------------------

-------------------------------- Income or Consumption share by deciles (%) -------------------------------------
     3.1868     4.9235     5.9422     6.9214     7.9202     9.0205      10.34     12.148      14.96     24.638
-----------------------------------------------------------------------------------------------------------------


