

**********************************************************************************************
**                                   Basic Information                                      **
**********************************************************************************************

----------------- Dataset Information -----------------
                         Country: Germany
                    Country dode: DEU
                       Data Year: 2007
                        Coverage: National
             Welfare measurement: Income
                     Data format: Unit record
                     Data source: DEU_N2007Y
                  Data time span: UnDefined
-------------------------------------------------------


----------- Distribution ------------
   i           P           L 
-------------------------------------
   0    0.010044  -0.0014865
   1    0.020093  0.00041373
   2     0.03008   0.0029481
   3    0.040101   0.0058495
   4    0.050086   0.0090942
   5    0.060095    0.012608
   6    0.070098    0.016332
   7     0.08015    0.020265
   8    0.090081    0.024299
   9      0.1001    0.028509
  10     0.11004    0.032847
  11     0.12008    0.037369
  12     0.13002    0.041967
  13     0.14006    0.046741
  14     0.15007    0.051612
  15     0.16008    0.056594
  16     0.17004    0.061647
  17     0.18006    0.066835
  18     0.19002    0.072094
  19     0.20005    0.077504
  20     0.21001    0.082969
  21     0.22008    0.088579
  22     0.23002    0.094216
  23     0.24002    0.099991
  24      0.2501      0.1059
  25     0.26001      0.1118
  26     0.27026     0.11799
  27     0.28009     0.12405
  28     0.29005     0.13028
  29         0.3     0.13658
  30     0.31005     0.14305
  31     0.32011     0.14963
  32     0.33002     0.15621
  33     0.34007       0.163
  34     0.35008     0.16986
  35     0.36001     0.17678
  36     0.37002     0.18383
  37        0.38     0.19095
  38     0.39004     0.19821
  39     0.40001     0.20551
  40     0.41003     0.21295
  41     0.42044     0.22077
  42     0.43017     0.22816
  43     0.44002     0.23574
  44     0.45013     0.24361
  45     0.46002     0.25141
  46     0.47003     0.25941
  47     0.48008     0.26754
  48     0.49014     0.27578
  49     0.50001     0.28395
  50     0.51003     0.29235
  51     0.52005     0.30088
  52     0.53003      0.3095
  53     0.54007     0.31831
  54     0.55007     0.32719
  55     0.56002     0.33613
  56     0.57015     0.34535
  57     0.58002     0.35447
  58     0.59003     0.36385
  59     0.60003     0.37334
  60     0.61009     0.38303
  61     0.62008     0.39278
  62     0.63003     0.40262
  63     0.64005     0.41266
  64     0.65003     0.42283
  65     0.66003     0.43315
  66     0.67001     0.44359
  67     0.68005     0.45428
  68     0.69005     0.46508
  69     0.70002     0.47601
  70     0.71002     0.48717
  71     0.72011     0.49859
  72     0.73001     0.50995
  73     0.74005     0.52166
  74     0.75003     0.53349
  75     0.76001     0.54551
  76     0.77001     0.55778
  77     0.78004     0.57034
  78     0.79001     0.58307
  79     0.80003      0.5961
  80     0.81002     0.60936
  81     0.82002     0.62292
  82     0.83012     0.63692
  83     0.84001     0.65096
  84     0.85006     0.66561
  85     0.86007     0.68056
  86     0.87001     0.69577
  87     0.88003     0.71153
  88     0.89009     0.72781
  89     0.90004      0.7444
  90     0.91008     0.76164
  91     0.92008      0.7794
  92     0.93005     0.79785
  93     0.94004     0.81723
  94     0.95013     0.83792
  95     0.96005     0.85956
  96        0.97     0.88296
  97        0.98     0.90926
  98     0.99003     0.94066
  99           1           1
-----------------------------------------

----------------- PPP$ and local currency --------------
         PPP used in computation: 0.818029
     Data mean in local currency: 1250.77
               Data mean in PPP$: 1624.51
        Poverty line in PPP$/Day: 1.9
      Poverty line in PPP$/Month: 57.7917
  Poverty line in local currency: 44.4962
-------------------------------------------------------

----------------- Estimation result --------------
     Number of observation: 12522
          Total population: 0.99995
              Total wealth: 1528.93(PPP$)
                   Minimum: -8527.2(PPP$)
                   Maximum: 35810.5(PPP$)
             Headcount(HC): 0.00514386
          Poverty gap (PG): 0.0587557
       Poverty gap squared: 2.95495
                      Gini: 0.324006
                    Median: 1354.3
                       MLD: 0.200172
                      Watt: 0.0012659
--------------------------------------------------

-------------------------------- Income or Consumption share by deciles (%) -------------------------------------
     2.8466      4.901     5.9104     6.8925      7.843     8.9376     10.269     12.007     14.826     25.567
-----------------------------------------------------------------------------------------------------------------


