

**********************************************************************************************
**                                   Basic Information                                      **
**********************************************************************************************

----------------- Dataset Information -----------------
                         Country: Germany
                    Country dode: DEU
                       Data Year: 2010
                        Coverage: National
             Welfare measurement: Income
                     Data format: Unit record
                     Data source: DEU_N2010Y
                  Data time span: UnDefined
-------------------------------------------------------


----------- Distribution ------------
   i           P           L 
-------------------------------------
   0    0.010055 -0.00095133
   1    0.020165   0.0013926
   2    0.030079   0.0042411
   3    0.040024   0.0074449
   4    0.050011    0.010953
   5    0.060078    0.014673
   6    0.070134    0.018563
   7    0.080094    0.022544
   8    0.090094    0.026678
   9     0.10027    0.031043
  10     0.11007    0.035382
  11     0.12003    0.039895
  12     0.13004    0.044551
  13     0.14012    0.049339
  14     0.15001    0.054151
  15     0.16006    0.059155
  16     0.17013    0.064286
  17     0.18002     0.06943
  18     0.19001    0.074731
  19     0.20001    0.080143
  20     0.21018    0.085746
  21     0.22009    0.091315
  22     0.23017    0.097087
  23     0.24005     0.10285
  24     0.25003     0.10876
  25     0.26012     0.11486
  26     0.27006     0.12095
  27     0.28006     0.12717
  28     0.29015     0.13354
  29     0.30008     0.13991
  30     0.31007     0.14644
  31     0.32011     0.15308
  32     0.33014     0.15983
  33     0.34004     0.16659
  34     0.35013     0.17357
  35        0.36     0.18049
  36     0.37005     0.18764
  37     0.38002     0.19485
  38     0.39003      0.2022
  39     0.40005     0.20967
  40     0.41004      0.2172
  41     0.42002     0.22485
  42     0.43005     0.23264
  43     0.44005     0.24052
  44     0.45003     0.24847
  45     0.46001     0.25653
  46     0.47003     0.26471
  47     0.48005       0.273
  48     0.49006     0.28138
  49     0.50007     0.28988
  50     0.51001     0.29841
  51     0.52011     0.30719
  52     0.53001      0.3159
  53     0.54006     0.32487
  54     0.55002     0.33387
  55     0.56004     0.34305
  56     0.57003     0.35233
  57        0.58     0.36171
  58     0.59002     0.37125
  59      0.6001     0.38097
  60        0.61     0.39066
  61     0.62008     0.40069
  62     0.63005     0.41075
  63     0.64003     0.42096
  64     0.65002     0.43134
  65     0.66001     0.44187
  66      0.6701     0.45266
  67     0.68011     0.46352
  68     0.69003     0.47446
  69     0.70004     0.48563
  70     0.71001      0.4969
  71     0.72002     0.50838
  72     0.73011     0.52013
  73     0.74006     0.53189
  74     0.75006     0.54389
  75     0.76001     0.55604
  76     0.77012     0.56862
  77     0.78002     0.58115
  78     0.79001     0.59401
  79     0.80003     0.60715
  80     0.81007      0.6206
  81     0.82004     0.63425
  82      0.8301     0.64839
  83     0.84002     0.66262
  84     0.85003     0.67731
  85        0.86     0.69229
  86     0.87005     0.70776
  87     0.88008     0.72361
  88     0.89005     0.73974
  89     0.90008     0.75653
  90     0.91005      0.7737
  91     0.92002     0.79144
  92     0.93001     0.80978
  93     0.94002     0.82889
  94     0.95003     0.84892
  95     0.96001     0.87002
  96     0.97001     0.89269
  97        0.98     0.91738
  98     0.99001     0.94611
  99           1           1
-----------------------------------------

----------------- PPP$ and local currency --------------
         PPP used in computation: 0.818029
     Data mean in local currency: 1285.27
               Data mean in PPP$: 1603.79
        Poverty line in PPP$/Day: 1.9
      Poverty line in PPP$/Month: 57.7917
  Poverty line in local currency: 46.3142
-------------------------------------------------------

----------------- Estimation result --------------
     Number of observation: 12566
          Total population: 1.00002
              Total wealth: 1571.21(PPP$)
                   Minimum: -28736.7(PPP$)
                   Maximum: 44923.1(PPP$)
             Headcount(HC): 0.00398653
          Poverty gap (PG): 0.0525467
       Poverty gap squared: 10.5706
                      Gini: 0.311389
                    Median: 1368.42
                       MLD: 0.177295
                      Watt: 0.00122976
--------------------------------------------------

-------------------------------- Income or Consumption share by deciles (%) -------------------------------------
     3.0928     4.9208     5.9727     6.9765     8.0193      9.105     10.472     12.153     14.928     24.361
-----------------------------------------------------------------------------------------------------------------


