

**********************************************************************************************
**                                   Basic Information                                      **
**********************************************************************************************

----------------- Dataset Information -----------------
                         Country: Germany
                    Country dode: DEU
                       Data Year: 2006
                        Coverage: National
             Welfare measurement: Income
                     Data format: Unit record
                     Data source: DEU_N2006Y
                  Data time span: UnDefined
-------------------------------------------------------


----------- Distribution ------------
   i           P           L 
-------------------------------------
   0    0.010014   -0.004271
   1    0.020034  -0.0027487
   2    0.030016 -0.00032951
   3    0.040065   0.0025453
   4    0.050211   0.0057373
   5    0.060092   0.0090966
   6     0.07012    0.012753
   7    0.080018     0.01657
   8    0.090054    0.020622
   9     0.10005    0.024817
  10     0.11007    0.029182
  11     0.12011    0.033682
  12     0.13003    0.038262
  13     0.14005    0.042998
  14     0.15007    0.047875
  15     0.16004    0.052849
  16     0.17009    0.057973
  17     0.18005    0.063176
  18     0.19002    0.068463
  19     0.20002    0.073866
  20     0.21002    0.079364
  21        0.22    0.084965
  22     0.23004    0.090681
  23     0.24002    0.096455
  24     0.25002     0.10234
  25     0.26003     0.10832
  26     0.27005     0.11441
  27     0.28002     0.12057
  28     0.29011     0.12692
  29     0.30019     0.13336
  30     0.31005     0.13975
  31     0.32005     0.14632
  32     0.33009     0.15302
  33     0.34004     0.15974
  34     0.35001     0.16658
  35     0.36003     0.17355
  36     0.37002     0.18059
  37     0.38005     0.18776
  38     0.39005     0.19501
  39     0.40004     0.20236
  40     0.41007     0.20983
  41     0.42001     0.21733
  42     0.43003     0.22499
  43        0.44     0.23271
  44     0.45001     0.24056
  45        0.46     0.24848
  46     0.47003     0.25654
  47     0.48003     0.26469
  48     0.49002     0.27294
  49     0.50004     0.28132
  50     0.51004     0.28979
  51     0.52002     0.29836
  52     0.53002     0.30707
  53     0.54002     0.31589
  54     0.55003     0.32484
  55     0.56003     0.33388
  56     0.57005     0.34306
  57     0.58005     0.35235
  58        0.59     0.36173
  59     0.60002      0.3713
  60     0.61003       0.381
  61     0.62008     0.39089
  62        0.63     0.40081
  63     0.64005       0.411
  64     0.65004     0.42126
  65     0.66013     0.43176
  66     0.67013     0.44232
  67     0.68003     0.45292
  68     0.69001     0.46374
  69     0.70013     0.47487
  70     0.71009     0.48601
  71     0.72008     0.49735
  72     0.73003     0.50885
  73     0.74004     0.52061
  74     0.75002     0.53258
  75     0.76002     0.54482
  76     0.77038     0.55776
  77     0.78011     0.57012
  78     0.79002     0.58294
  79     0.80001     0.59614
  80     0.81001     0.60964
  81     0.82001     0.62339
  82        0.83     0.63741
  83     0.84005     0.65181
  84     0.85001      0.6664
  85     0.86003     0.68144
  86     0.87001     0.69681
  87     0.88001     0.71259
  88     0.89015     0.72906
  89     0.90003     0.74549
  90     0.91002     0.76266
  91     0.92001     0.78046
  92     0.93002     0.79903
  93     0.94003     0.81849
  94     0.95004      0.8391
  95     0.96003     0.86096
  96     0.97001     0.88461
  97        0.98     0.91109
  98     0.99002     0.94264
  99           1           1
-----------------------------------------

----------------- PPP$ and local currency --------------
         PPP used in computation: 0.818029
     Data mean in local currency: 1199.86
               Data mean in PPP$: 1594.19
        Poverty line in PPP$/Day: 1.9
      Poverty line in PPP$/Month: 57.7917
  Poverty line in local currency: 43.4965
-------------------------------------------------------

----------------- Estimation result --------------
     Number of observation: 13287
          Total population: 1.00003
              Total wealth: 1466.81(PPP$)
                   Minimum: -17732.5(PPP$)
                   Maximum: 55158.5(PPP$)
             Headcount(HC): 0.00839234
          Poverty gap (PG): 0.128563
       Poverty gap squared: 11.6456
                      Gini: 0.327835
                    Median: 1343.47
                       MLD: 0.213353
                      Watt: 0.00192179
--------------------------------------------------

-------------------------------- Income or Consumption share by deciles (%) -------------------------------------
     2.4796     4.9059     5.9382     6.9091     7.8959     8.9997     10.344      12.14     14.931     25.456
-----------------------------------------------------------------------------------------------------------------


