

**********************************************************************************************
**                                   Basic Information                                      **
**********************************************************************************************

----------------- Dataset Information -----------------
                         Country: Germany
                    Country dode: DEU
                       Data Year: 2009
                        Coverage: National
             Welfare measurement: Income
                     Data format: Unit record
                     Data source: DEU_N2009Y
                  Data time span: UnDefined
-------------------------------------------------------


----------- Distribution ------------
   i           P           L 
-------------------------------------
   0    0.010028 -6.5572E-05
   1    0.020006   0.0023779
   2    0.030162    0.005266
   3     0.04012   0.0084094
   4     0.05004    0.011789
   5    0.060044    0.015406
   6     0.07001    0.019198
   7    0.080156    0.023236
   8     0.09007    0.027322
   9     0.10005     0.03158
  10     0.11007    0.035998
  11        0.12    0.040503
  12     0.13009    0.045208
  13     0.14005    0.049963
  14     0.15003    0.054824
  15     0.16008    0.059849
  16     0.17005    0.064963
  17        0.18    0.070185
  18     0.19016    0.075625
  19         0.2    0.081001
  20     0.21009    0.086608
  21     0.22006    0.092248
  22      0.2301     0.09801
  23     0.24013     0.10387
  24     0.25007     0.10979
  25     0.26055     0.11612
  26     0.27003     0.12194
  27     0.28016     0.12824
  28     0.29001     0.13447
  29     0.30001     0.14087
  30     0.31001     0.14738
  31     0.32006     0.15402
  32        0.33     0.16066
  33     0.34009      0.1675
  34     0.35004     0.17433
  35     0.36006     0.18129
  36     0.37005     0.18833
  37     0.38002     0.19545
  38     0.39008     0.20274
  39     0.40016     0.21014
  40     0.41006     0.21751
  41     0.42008     0.22505
  42     0.43003     0.23265
  43     0.44004     0.24038
  44     0.45004     0.24819
  45     0.46004      0.2561
  46     0.47008     0.26416
  47     0.48011     0.27232
  48     0.49004     0.28049
  49     0.50003     0.28882
  50     0.51002     0.29725
  51     0.52011     0.30587
  52     0.53003     0.31445
  53     0.54003     0.32322
  54     0.55005     0.33213
  55     0.56002     0.34112
  56     0.57007      0.3503
  57     0.58007     0.35956
  58     0.59008     0.36894
  59     0.60002      0.3784
  60     0.61002     0.38804
  61        0.62     0.39779
  62     0.63008     0.40776
  63     0.64005     0.41777
  64     0.65005     0.42793
  65     0.66002     0.43823
  66     0.67009     0.44878
  67        0.68     0.45933
  68     0.69008     0.47022
  69     0.70007     0.48116
  70     0.71005     0.49225
  71     0.72006     0.50353
  72     0.73001     0.51497
  73     0.74008     0.52674
  74     0.75013     0.53869
  75     0.76005     0.55068
  76     0.77007     0.56301
  77     0.78011     0.57559
  78     0.79002     0.58823
  79     0.80004      0.6013
  80     0.81003     0.61461
  81     0.82009     0.62828
  82      0.8301     0.64222
  83     0.84007     0.65644
  84     0.85003     0.67099
  85     0.86011     0.68612
  86        0.87     0.70134
  87     0.88007     0.71726
  88     0.89001     0.73344
  89     0.90003     0.75022
  90     0.91004     0.76754
  91     0.92002     0.78541
  92     0.93004     0.80406
  93     0.94004     0.82337
  94        0.95      0.8436
  95     0.96002     0.86509
  96     0.97003     0.88821
  97     0.98002     0.91355
  98     0.99003     0.94331
  99           1           1
-----------------------------------------

----------------- PPP$ and local currency --------------
         PPP used in computation: 0.818029
     Data mean in local currency: 1283.57
               Data mean in PPP$: 1619.34
        Poverty line in PPP$/Day: 1.9
      Poverty line in PPP$/Month: 57.7917
  Poverty line in local currency: 45.8085
-------------------------------------------------------

----------------- Estimation result --------------
     Number of observation: 12264
          Total population: 1.00001
              Total wealth: 1569.1(PPP$)
                   Minimum: -5366.79(PPP$)
                   Maximum: 85453.6(PPP$)
             Headcount(HC): 0.00176079
          Poverty gap (PG): 0.03989
       Poverty gap squared: 2.87549
                      Gini: 0.315123
                    Median: 1357.47
                       MLD: 0.17357
                      Watt: 0.000452749
--------------------------------------------------

-------------------------------- Income or Consumption share by deciles (%) -------------------------------------
     3.1561      4.944     5.9868     6.9153     7.8775     8.9585      10.27     12.016     14.893     24.982
-----------------------------------------------------------------------------------------------------------------


