

**********************************************************************************************
**                                   Basic Information                                      **
**********************************************************************************************

----------------- Dataset Information -----------------
                         Country: Djibouti
                    Country dode: DJI
                       Data Year: 2002
                        Coverage: National
             Welfare measurement: Consumption
                     Data format: Unit record
                     Data source: DJI_N2002X
                  Data time span: UnDefined
-------------------------------------------------------


----------- Distribution ------------
   i           P           L 
-------------------------------------
   0    0.010031   0.0010547
   1    0.020063   0.0026786
   2    0.030039   0.0046328
   3    0.040494   0.0068902
   4    0.050003   0.0091162
   5     0.06005    0.011641
   6    0.070008    0.014286
   7    0.080008    0.017092
   8    0.090038    0.020051
   9     0.10002    0.023136
  10     0.11004     0.02636
  11     0.12009    0.029704
  12      0.1301    0.033138
  13      0.1407    0.036882
  14     0.15003    0.040282
  15     0.16012    0.044084
  16     0.17001    0.047922
  17     0.18002    0.051899
  18      0.1902    0.056062
  19     0.20042    0.060356
  20     0.21008    0.064511
  21     0.22013    0.068951
  22     0.23007    0.073468
  23     0.24009    0.078115
  24     0.25003    0.082821
  25     0.26014    0.087705
  26     0.27029    0.092708
  27     0.28013    0.097658
  28     0.29006     0.10275
  29     0.30013     0.10802
  30     0.31011     0.11335
  31     0.32003     0.11874
  32     0.33003     0.12428
  33     0.34001      0.1299
  34     0.35021     0.13577
  35     0.36001      0.1415
  36     0.37004     0.14749
  37     0.38002     0.15354
  38     0.39006     0.15974
  39         0.4     0.16599
  40        0.41      0.1724
  41     0.42006     0.17894
  42     0.43001     0.18551
  43     0.44006     0.19227
  44     0.45009     0.19913
  45     0.46012      0.2061
  46     0.47006     0.21314
  47      0.4801     0.22039
  48     0.49006     0.22769
  49     0.50018     0.23522
  50     0.51004     0.24269
  51      0.5201     0.25044
  52     0.53008     0.25826
  53     0.54001     0.26618
  54     0.55002      0.2743
  55     0.56002     0.28254
  56     0.57003     0.29093
  57     0.58042     0.29983
  58        0.59      0.3082
  59      0.6001     0.31717
  60      0.6101      0.3262
  61        0.62     0.33533
  62     0.63004     0.34475
  63     0.64005     0.35429
  64     0.65006       0.364
  65     0.66012      0.3739
  66     0.67005     0.38386
  67     0.68007     0.39411
  68        0.69     0.40446
  69     0.70011     0.41522
  70     0.71002     0.42598
  71     0.72012     0.43718
  72     0.73008     0.44843
  73     0.74004     0.45994
  74     0.75013     0.47185
  75      0.7601     0.48387
  76      0.7701     0.49618
  77     0.78017     0.50886
  78     0.79007     0.52169
  79     0.80002     0.53493
  80      0.8101      0.5487
  81     0.82002     0.56266
  82     0.83002     0.57713
  83     0.84004     0.59206
  84     0.85008     0.60743
  85     0.86018     0.62334
  86     0.87005     0.63948
  87     0.88004     0.65643
  88     0.89006     0.67406
  89     0.90007      0.6924
  90     0.91009     0.71157
  91     0.92004     0.73142
  92     0.93005      0.7524
  93     0.94007     0.77454
  94     0.95009     0.79815
  95     0.96002     0.82362
  96     0.97002     0.85209
  97     0.98006     0.88535
  98        0.99     0.92571
  99           1           1
-----------------------------------------

----------------- PPP$ and local currency --------------
         PPP used in computation: 101.481
     Data mean in local currency: 9297.84
               Data mean in PPP$: 134.167
        Poverty line in PPP$/Day: 1.9
      Poverty line in PPP$/Month: 57.7917
  Poverty line in local currency: 4004.99
-------------------------------------------------------

----------------- Estimation result --------------
     Number of observation: 10355
          Total population: 261520
              Total wealth: 2.3961E+07(PPP$)
                   Minimum: 2.62766(PPP$)
                   Maximum: 3122.8(PPP$)
             Headcount(HC): 0.20628
          Poverty gap (PG): 0.060332
       Poverty gap squared: 0.0259514
                      Gini: 0.399978
                    Median: 100.645
                       MLD: 0.273394
                      Watt: 0.0823608
--------------------------------------------------

-------------------------------- Income or Consumption share by deciles (%) -------------------------------------
      2.313      3.705     4.7771     5.8043     6.9099     8.1986      9.802     11.981     15.735     30.774
-----------------------------------------------------------------------------------------------------------------


