

**********************************************************************************************
**                                   Basic Information                                      **
**********************************************************************************************

----------------- Dataset Information -----------------
                         Country: Djibouti
                    Country dode: DJI
                       Data Year: 2013
                        Coverage: National
             Welfare measurement: Consumption
                     Data format: Unit record
                     Data source: DJI_N2013X
                  Data time span: UnDefined
-------------------------------------------------------


----------- Distribution ------------
   i           P           L 
-------------------------------------
   0    0.010012  0.00043854
   1    0.020095   0.0012987
   2    0.030307   0.0025729
   3    0.040266   0.0041268
   4    0.050052   0.0058549
   5    0.060151   0.0078111
   6    0.070308    0.009913
   7     0.08007    0.012105
   8    0.090176    0.014557
   9     0.10071    0.017309
  10      0.1102    0.019929
  11     0.12108    0.023077
  12     0.13015    0.025808
  13     0.14037    0.028975
  14     0.15003     0.03203
  15     0.16093    0.035546
  16     0.17056    0.038748
  17     0.18009    0.042024
  18      0.1911    0.045948
  19     0.20081    0.049509
  20     0.21115    0.053373
  21     0.22001    0.056741
  22     0.23005    0.060654
  23     0.24036     0.06478
  24     0.25001    0.068735
  25     0.26024    0.073117
  26     0.27011    0.077454
  27     0.28024    0.082053
  28     0.29003    0.086596
  29     0.30137    0.091987
  30     0.31025    0.096331
  31     0.32082     0.10168
  32      0.3301      0.1065
  33     0.34055     0.11208
  34     0.35021     0.11734
  35     0.36024     0.12291
  36     0.37029      0.1286
  37     0.38012     0.13428
  38     0.39008     0.14012
  39     0.40037     0.14629
  40     0.41066     0.15255
  41     0.42019     0.15846
  42     0.43049     0.16498
  43     0.44038     0.17136
  44     0.45041     0.17797
  45     0.46058     0.18478
  46     0.47019     0.19137
  47     0.48024     0.19841
  48     0.49023     0.20549
  49     0.50005     0.21254
  50     0.51004     0.21983
  51     0.52159     0.22846
  52     0.53033     0.23509
  53     0.54023     0.24278
  54     0.55107     0.25131
  55     0.56019     0.25858
  56     0.57024     0.26669
  57     0.58081     0.27537
  58     0.59115     0.28406
  59     0.60022     0.29182
  60     0.61049     0.30076
  61     0.62079      0.3099
  62     0.63236     0.32038
  63     0.64153     0.32885
  64     0.65019     0.33697
  65     0.66075     0.34702
  66     0.67075     0.35665
  67     0.68001      0.3657
  68     0.69109     0.37677
  69     0.70027     0.38605
  70     0.71004     0.39613
  71     0.72022     0.40682
  72        0.73     0.41736
  73     0.74002      0.4284
  74     0.75023     0.43987
  75     0.76076       0.452
  76     0.77001     0.46293
  77     0.78038     0.47549
  78     0.79009     0.48768
  79     0.80027     0.50071
  80     0.81004     0.51355
  81     0.82035     0.52776
  82     0.83003     0.54166
  83     0.84046      0.5572
  84     0.85053     0.57271
  85     0.86002     0.58793
  86     0.87023     0.60502
  87     0.88049     0.62305
  88     0.89053     0.64118
  89     0.90058      0.6601
  90      0.9108     0.68029
  91     0.92017     0.69943
  92     0.93014      0.7208
  93     0.94026     0.74507
  94     0.95001     0.77151
  95     0.96055     0.80304
  96     0.97075      0.8365
  97     0.98013     0.87129
  98      0.9901     0.91816
  99           1           1
-----------------------------------------

----------------- PPP$ and local currency --------------
         PPP used in computation: 101.481
     Data mean in local currency: 15920.7
               Data mean in PPP$: 147.667
        Poverty line in PPP$/Day: 1.9
      Poverty line in PPP$/Month: 57.7917
  Poverty line in local currency: 6230.82
-------------------------------------------------------

----------------- Estimation result --------------
     Number of observation: 3372
          Total population: 462203
              Total wealth: 7.25126E+07(PPP$)
                   Minimum: 1.39874(PPP$)
                   Maximum: 4286.01(PPP$)
             Headcount(HC): 0.225196
          Poverty gap (PG): 0.075088
       Poverty gap squared: 0.0383255
                      Gini: 0.441271
                    Median: 106.695
                       MLD: 0.349546
                      Watt: 0.115646
--------------------------------------------------

-------------------------------- Income or Consumption share by deciles (%) -------------------------------------
     1.7124     3.2087     4.2125     5.4725      6.644     7.9128     9.4155     11.457     15.866     34.099
-----------------------------------------------------------------------------------------------------------------


