

**********************************************************************************************
**                                   Basic Information                                      **
**********************************************************************************************

----------------- Dataset Information -----------------
                         Country: Djibouti
                    Country dode: DJI
                       Data Year: 2012
                        Coverage: National
             Welfare measurement: Consumption
                     Data format: Unit record
                     Data source: DJI_N2012X
                  Data time span: UnDefined
-------------------------------------------------------


----------- Distribution ------------
   i           P           L 
-------------------------------------
   0    0.010102  0.00023803
   1     0.02026  0.00074161
   2    0.030192   0.0015004
   3    0.040182   0.0025125
   4    0.050004   0.0037284
   5    0.060038   0.0051603
   6    0.070119    0.006777
   7    0.080224   0.0085774
   8    0.090052    0.010488
   9     0.10039    0.012698
  10     0.11009    0.014932
  11     0.12001     0.01739
  12     0.13013    0.020083
  13     0.14006    0.022902
  14     0.15001    0.025859
  15     0.16002    0.028975
  16        0.17    0.032218
  17     0.18016    0.035631
  18     0.19027    0.039191
  19     0.20007    0.042785
  20     0.21004    0.046592
  21     0.22002    0.050529
  22     0.23055    0.054801
  23     0.24043    0.058919
  24     0.25001    0.063015
  25     0.26001    0.067385
  26     0.27015    0.071938
  27      0.2801    0.076505
  28     0.29016    0.081211
  29     0.30014    0.085979
  30     0.31001    0.090793
  31     0.32026    0.095926
  32     0.33027     0.10106
  33     0.34007     0.10621
  34     0.35005     0.11157
  35        0.36     0.11705
  36     0.37021     0.12283
  37     0.38023     0.12862
  38     0.39014     0.13446
  39      0.4004     0.14062
  40     0.41028     0.14666
  41     0.42001     0.15268
  42     0.43001       0.159
  43     0.44012      0.1655
  44     0.45038      0.1722
  45     0.46033     0.17878
  46     0.47041     0.18557
  47      0.4803     0.19232
  48     0.49024     0.19925
  49      0.5002     0.20631
  50     0.51025     0.21359
  51     0.52008     0.22081
  52     0.53015     0.22837
  53     0.54015     0.23597
  54     0.55007     0.24365
  55     0.56033     0.25176
  56     0.57007     0.25959
  57     0.58002     0.26777
  58      0.5903     0.27642
  59     0.60017     0.28492
  60     0.61043     0.29391
  61     0.62005     0.30248
  62     0.63043     0.31198
  63     0.64026     0.32109
  64     0.65005     0.33032
  65     0.66002      0.3399
  66     0.67016     0.34982
  67     0.68001     0.35964
  68     0.69004      0.3698
  69     0.70006     0.38011
  70     0.71011     0.39064
  71     0.72018     0.40143
  72     0.73019     0.41241
  73        0.74      0.4234
  74     0.75003     0.43487
  75     0.76018     0.44675
  76     0.77013     0.45869
  77     0.78025     0.47124
  78     0.79026     0.48394
  79     0.80073     0.49763
  80      0.8102     0.51048
  81     0.82004     0.52422
  82     0.83021     0.53898
  83     0.84001     0.55374
  84     0.85014     0.56946
  85     0.86002     0.58542
  86     0.87009     0.60226
  87     0.88005     0.61959
  88     0.89006     0.63759
  89     0.90004     0.65621
  90      0.9102       0.676
  91     0.92005     0.69637
  92     0.93006     0.71833
  93     0.94011     0.74186
  94     0.95009      0.7671
  95     0.96003     0.79502
  96     0.97005     0.82656
  97     0.98008     0.86473
  98     0.99003     0.91344
  99           1           1
-----------------------------------------

----------------- PPP$ and local currency --------------
         PPP used in computation: 101.481
     Data mean in local currency: 17355.4
               Data mean in PPP$: 164.871
        Poverty line in PPP$/Day: 1.9
      Poverty line in PPP$/Month: 57.7917
  Poverty line in local currency: 6083.56
-------------------------------------------------------

----------------- Estimation result --------------
     Number of observation: 5846
          Total population: 428510
              Total wealth: 7.32848E+07(PPP$)
                   Minimum: 0.577169(PPP$)
                   Maximum: 3341.65(PPP$)
             Headcount(HC): 0.183224
          Poverty gap (PG): 0.0785417
       Poverty gap squared: 0.0473854
                      Gini: 0.451343
                    Median: 118.085
                       MLD: 0.389801
                      Watt: 0.137055
--------------------------------------------------

-------------------------------- Income or Consumption share by deciles (%) -------------------------------------
     1.2614     3.0145     4.3151     5.4469      6.579     7.8607     9.5269     11.662     15.947     34.386
-----------------------------------------------------------------------------------------------------------------


