

**********************************************************************************************
**                                   Basic Information                                      **
**********************************************************************************************

----------------- Dataset Information -----------------
                         Country: Denmark
                    Country dode: DNK
                       Data Year: 2009
                        Coverage: National
             Welfare measurement: Income
                     Data format: Unit record
                     Data source: DNK_N2009Y
                  Data time span: UnDefined
-------------------------------------------------------


----------- Distribution ------------
   i           P           L 
-------------------------------------
   0    0.010822   -0.012187
   1    0.020151   -0.011383
   2    0.030664  -0.0090337
   3    0.040017  -0.0062655
   4    0.050218  -0.0026366
   5    0.060115   0.0012104
   6    0.070085   0.0054256
   7    0.080092   0.0099419
   8    0.090038    0.014647
   9     0.10018    0.019644
  10     0.11006     0.02468
  11     0.12006    0.029955
  12     0.13014    0.035404
  13     0.14006    0.040933
  14     0.15019    0.046709
  15     0.16011    0.052486
  16     0.17014    0.058454
  17     0.18001    0.064469
  18     0.19019    0.070783
  19     0.20009    0.077008
  20     0.21018    0.083461
  21     0.22008    0.089881
  22     0.23001    0.096395
  23        0.24     0.10306
  24     0.25016     0.10995
  25     0.26006     0.11675
  26     0.27015     0.12377
  27     0.28029     0.13093
  28     0.29026     0.13806
  29     0.30008     0.14517
  30     0.31009      0.1525
  31     0.32002     0.15984
  32     0.33012     0.16738
  33     0.34029     0.17508
  34     0.35001     0.18253
  35     0.36002     0.19028
  36     0.37001      0.1981
  37     0.38009     0.20606
  38     0.39031     0.21425
  39     0.40015     0.22222
  40     0.41016     0.23041
  41     0.42021     0.23875
  42        0.43     0.24695
  43      0.4403     0.25567
  44     0.45007     0.26402
  45     0.46011     0.27269
  46     0.47016     0.28147
  47     0.48004      0.2902
  48     0.49007     0.29916
  49     0.50004     0.30817
  50        0.51     0.31727
  51     0.52029     0.32678
  52     0.53027     0.33608
  53     0.54006      0.3453
  54     0.55012     0.35488
  55     0.56024     0.36461
  56     0.57001     0.37411
  57     0.58007     0.38399
  58     0.59005     0.39388
  59     0.60035     0.40419
  60     0.61002     0.41396
  61     0.62012     0.42425
  62     0.63014     0.43457
  63     0.64009     0.44496
  64     0.65019     0.45565
  65     0.66015     0.46634
  66     0.67019     0.47724
  67     0.68004     0.48805
  68      0.6901     0.49924
  69     0.70028     0.51073
  70     0.71011     0.52198
  71      0.7201     0.53356
  72     0.73003     0.54527
  73     0.74006     0.55727
  74     0.75002     0.56935
  75      0.7601     0.58176
  76     0.77015     0.59429
  77     0.78009     0.60689
  78     0.79012     0.61983
  79     0.80004     0.63286
  80     0.81004     0.64621
  81     0.82008     0.65985
  82     0.83005     0.67367
  83     0.84008     0.68781
  84     0.85007     0.70215
  85     0.86003     0.71671
  86     0.87009     0.73168
  87     0.88012     0.74692
  88      0.8901     0.76247
  89     0.90008     0.77839
  90     0.91005     0.79469
  91     0.92009     0.81153
  92     0.93006     0.82877
  93     0.94003     0.84657
  94     0.95007     0.86521
  95     0.96014      0.8847
  96      0.9701     0.90498
  97     0.98005      0.9269
  98     0.99004     0.95197
  99           1           1
-----------------------------------------

----------------- PPP$ and local currency --------------
         PPP used in computation: 8.52389
     Data mean in local currency: 11810.4
               Data mean in PPP$: 1456.47
        Poverty line in PPP$/Day: 1.9
      Poverty line in PPP$/Month: 57.7917
  Poverty line in local currency: 468.627
-------------------------------------------------------

----------------- Estimation result --------------
     Number of observation: 5855
          Total population: 0.999997
              Total wealth: 1385.56(PPP$)
                   Minimum: -15208.2(PPP$)
                   Maximum: 28331.5(PPP$)
             Headcount(HC): 0.0128527
          Poverty gap (PG): 0.318082
       Poverty gap squared: 39.9168
                      Gini: 0.2884
                    Median: 1322.27
                       MLD: 0.194167
                      Watt: 0.00483131
--------------------------------------------------

-------------------------------- Income or Consumption share by deciles (%) -------------------------------------
     1.9556     5.7397     6.8157     7.6986     8.6035     9.5707     10.657     12.241     14.544     22.175
-----------------------------------------------------------------------------------------------------------------


