

**********************************************************************************************
**                                   Basic Information                                      **
**********************************************************************************************

----------------- Dataset Information -----------------
                         Country: Denmark
                    Country dode: DNK
                       Data Year: 2011
                        Coverage: National
             Welfare measurement: Income
                     Data format: Unit record
                     Data source: DNK_N2011Y
                  Data time span: UnDefined
-------------------------------------------------------


----------- Distribution ------------
   i           P           L 
-------------------------------------
   0    0.010054  -0.0089115
   1      0.0204  -0.0080793
   2     0.03016   -0.006098
   3    0.041039  -0.0026421
   4    0.050584  0.00090055
   5    0.060564   0.0048477
   6    0.070048   0.0087898
   7    0.080313    0.013289
   8    0.090387    0.017973
   9     0.10038    0.022833
  10     0.11014    0.027745
  11     0.12028    0.033016
  12     0.13012    0.038272
  13     0.14032    0.043841
  14     0.15006    0.049259
  15      0.1605    0.055193
  16     0.17012    0.060786
  17     0.18063    0.067009
  18     0.19002    0.072666
  19     0.20012    0.078869
  20     0.21015    0.085096
  21      0.2204     0.09158
  22     0.23014    0.097848
  23     0.24024     0.10442
  24     0.25025     0.11103
  25     0.26002     0.11757
  26     0.27002     0.12434
  27     0.28022     0.13135
  28     0.29001     0.13815
  29      0.3001     0.14522
  30     0.31004     0.15228
  31     0.32007     0.15951
  32     0.33005     0.16676
  33     0.34035     0.17434
  34     0.35015     0.18165
  35        0.36     0.18908
  36     0.37039     0.19703
  37     0.38032     0.20473
  38     0.39018     0.21244
  39     0.40003     0.22023
  40     0.41009     0.22828
  41     0.42017     0.23643
  42     0.43008     0.24453
  43     0.44002     0.25272
  44     0.45017     0.26117
  45     0.46002     0.26944
  46     0.47018     0.27809
  47     0.48005     0.28658
  48     0.49004     0.29527
  49     0.50003     0.30406
  50        0.51     0.31291
  51      0.5201     0.32199
  52     0.53001       0.331
  53     0.54009     0.34026
  54     0.55026     0.34973
  55     0.56007     0.35898
  56      0.5701     0.36857
  57     0.58013     0.37828
  58     0.59012     0.38807
  59     0.60003     0.39789
  60        0.61     0.40785
  61     0.62012     0.41809
  62     0.63006     0.42827
  63     0.64028     0.43886
  64     0.65006     0.44913
  65     0.66008     0.45975
  66     0.67016     0.47059
  67     0.68011      0.4814
  68        0.69     0.49232
  69         0.7     0.50348
  70     0.71035     0.51519
  71     0.72015     0.52643
  72     0.73012     0.53801
  73     0.74017     0.54984
  74     0.75016     0.56178
  75     0.76003     0.57375
  76     0.77005     0.58611
  77     0.78013      0.5987
  78     0.79002     0.61127
  79     0.80006     0.62424
  80     0.81014     0.63745
  81     0.82022     0.65091
  82     0.83008     0.66432
  83     0.84008     0.67818
  84        0.85     0.69216
  85     0.86014     0.70677
  86     0.87014     0.72149
  87        0.88     0.73635
  88     0.89013     0.75198
  89     0.90005     0.76778
  90      0.9101     0.78423
  91     0.92005     0.80096
  92     0.93002     0.81821
  93     0.94018     0.83641
  94      0.9501     0.85509
  95        0.96     0.87478
  96     0.97003     0.89629
  97     0.98006     0.92018
  98        0.99     0.94809
  99           1           1
-----------------------------------------

----------------- PPP$ and local currency --------------
         PPP used in computation: 8.52389
     Data mean in local currency: 12679.8
               Data mean in PPP$: 1487.56
        Poverty line in PPP$/Day: 1.9
      Poverty line in PPP$/Month: 57.7917
  Poverty line in local currency: 492.61
-------------------------------------------------------

----------------- Estimation result --------------
     Number of observation: 5348
          Total population: 1
              Total wealth: 1487.56(PPP$)
                   Minimum: -15301.8(PPP$)
                   Maximum: 20546.6(PPP$)
             Headcount(HC): 0.0122336
          Poverty gap (PG): 0.241717
       Poverty gap squared: 34.3941
                      Gini: 0.295371
                    Median: 1315.15
                       MLD: 0.227722
                      Watt: 0
--------------------------------------------------

-------------------------------- Income or Consumption share by deciles (%) -------------------------------------
     2.2648     5.6144     6.6356     7.5057     8.3829      9.382     10.563     12.067     14.354     23.231
-----------------------------------------------------------------------------------------------------------------


