

**********************************************************************************************
**                                   Basic Information                                      **
**********************************************************************************************

----------------- Dataset Information -----------------
                         Country: Denmark
                    Country dode: DNK
                       Data Year: 2012
                        Coverage: National
             Welfare measurement: Income
                     Data format: Unit record
                     Data source: DNK_N2012Y
                  Data time span: UnDefined
-------------------------------------------------------


----------- Distribution ------------
   i           P           L 
-------------------------------------
   0    0.010533  -0.0043212
   1    0.020433  -0.0032992
   2     0.03076 -0.00071186
   3    0.040859   0.0027616
   4    0.050094   0.0061977
   5    0.060281    0.010255
   6    0.070049    0.014339
   7    0.080567     0.01907
   8    0.090701    0.023863
   9     0.10002    0.028393
  10     0.11015    0.033489
  11     0.12004    0.038644
  12     0.13045    0.044186
  13      0.1405    0.049683
  14     0.15009     0.05507
  15     0.16007      0.0608
  16     0.17001    0.066614
  17     0.18001    0.072559
  18     0.19009    0.078659
  19     0.20003    0.084756
  20        0.21    0.090962
  21     0.22008     0.09732
  22     0.23046     0.10397
  23     0.24005     0.11019
  24        0.25     0.11673
  25     0.26001     0.12339
  26     0.27013     0.13023
  27     0.28031      0.1372
  28     0.29024     0.14409
  29     0.30004     0.15095
  30     0.31001     0.15799
  31     0.32004     0.16516
  32      0.3301     0.17242
  33     0.34002     0.17966
  34     0.35016     0.18713
  35     0.36032     0.19471
  36     0.37019     0.20214
  37      0.3802     0.20973
  38      0.3901     0.21732
  39     0.40002       0.225
  40     0.41004     0.23284
  41     0.42012     0.24083
  42     0.43007     0.24882
  43     0.44014       0.257
  44     0.45023     0.26528
  45     0.46039     0.27371
  46        0.47     0.28178
  47     0.48003     0.29029
  48     0.49014     0.29898
  49     0.50011     0.30763
  50      0.5103     0.31659
  51     0.52011     0.32531
  52     0.53014     0.33431
  53     0.54004      0.3433
  54     0.55007     0.35252
  55      0.5603     0.36201
  56     0.57006     0.37116
  57     0.58013     0.38071
  58     0.59004     0.39022
  59     0.60007     0.39994
  60     0.61007     0.40974
  61     0.62004     0.41963
  62     0.63009     0.42969
  63     0.64008     0.43978
  64     0.65009     0.45001
  65     0.66028     0.46058
  66        0.67      0.4708
  67     0.68001     0.48146
  68     0.69001     0.49223
  69     0.70011     0.50327
  70     0.71007     0.51439
  71     0.72003     0.52569
  72     0.73001     0.53716
  73     0.74001     0.54882
  74      0.7501     0.56075
  75      0.7601     0.57272
  76     0.77001     0.58476
  77     0.78001     0.59713
  78     0.79025     0.61002
  79     0.80004     0.62254
  80     0.81004     0.63557
  81     0.82015     0.64896
  82     0.83003     0.66227
  83     0.84001     0.67596
  84     0.85001     0.68995
  85     0.86006     0.70433
  86      0.8701     0.71909
  87     0.88003     0.73409
  88     0.89009     0.74965
  89     0.90022     0.76568
  90     0.91001     0.78158
  91     0.92002     0.79825
  92     0.93005     0.81548
  93     0.94008     0.83333
  94     0.95019     0.85202
  95        0.96     0.87116
  96        0.97     0.89179
  97     0.98017     0.91481
  98     0.99013      0.9405
  99           1           1
-----------------------------------------

----------------- PPP$ and local currency --------------
         PPP used in computation: 8.52389
     Data mean in local currency: 13024.5
               Data mean in PPP$: 1492.02
        Poverty line in PPP$/Day: 1.9
      Poverty line in PPP$/Month: 57.7917
  Poverty line in local currency: 504.487
-------------------------------------------------------

----------------- Estimation result --------------
     Number of observation: 5416
          Total population: 0.999996
              Total wealth: 1527.99(PPP$)
                   Minimum: -8251.09(PPP$)
                   Maximum: 153637(PPP$)
             Headcount(HC): 0.0105328
          Poverty gap (PG): 0.122093
       Poverty gap squared: 6.3173
                      Gini: 0.290815
                    Median: 1301.06
                       MLD: 0.224889
                      Watt: 0
--------------------------------------------------

-------------------------------- Income or Consumption share by deciles (%) -------------------------------------
     2.8384     5.6355     6.6185     7.4064     8.2548     9.2343     10.327     11.934     14.284     23.467
-----------------------------------------------------------------------------------------------------------------


