

**********************************************************************************************
**                                   Basic Information                                      **
**********************************************************************************************

----------------- Dataset Information -----------------
                         Country: Denmark
                    Country dode: DNK
                       Data Year: 2006
                        Coverage: National
             Welfare measurement: Income
                     Data format: Unit record
                     Data source: DNK_N2006Y
                  Data time span: UnDefined
-------------------------------------------------------


----------- Distribution ------------
   i           P           L 
-------------------------------------
   0    0.010121  -0.0053397
   1    0.020197  -0.0031457
   2    0.030205  1.5749E-05
   3    0.040114   0.0036464
   4    0.050079   0.0076578
   5    0.060088    0.011954
   6    0.070339     0.01664
   7    0.080329    0.021518
   8    0.090085    0.026472
   9     0.10021    0.031767
  10     0.11018    0.037092
  11     0.12007    0.042467
  12     0.13009    0.048081
  13     0.14027    0.053907
  14      0.1502    0.059722
  15     0.16017    0.065656
  16     0.17002    0.071611
  17     0.18026    0.077895
  18     0.19042      0.0842
  19     0.20001    0.090247
  20     0.21002    0.096651
  21        0.22     0.10313
  22     0.23015      0.1098
  23     0.24027     0.11653
  24      0.2502     0.12322
  25      0.2602     0.13005
  26     0.27008     0.13689
  27     0.28003     0.14388
  28     0.29006     0.15103
  29     0.30006     0.15823
  30      0.3101     0.16555
  31        0.32     0.17284
  32     0.33018     0.18042
  33      0.3401     0.18788
  34     0.35009     0.19545
  35     0.36008     0.20311
  36     0.37002     0.21081
  37     0.38002     0.21865
  38     0.39017      0.2267
  39     0.40008     0.23463
  40      0.4101     0.24275
  41     0.42011     0.25094
  42     0.43006     0.25915
  43     0.44019     0.26759
  44     0.45002     0.27586
  45     0.46005     0.28437
  46     0.47008     0.29299
  47     0.48015     0.30175
  48     0.49004     0.31044
  49     0.50009     0.31934
  50     0.51006     0.32827
  51     0.52002     0.33728
  52     0.53012      0.3465
  53     0.54013     0.35575
  54        0.55     0.36497
  55     0.56017     0.37457
  56      0.5701     0.38404
  57     0.58004     0.39362
  58     0.59009      0.4034
  59     0.60005      0.4132
  60     0.61007     0.42315
  61     0.62002     0.43312
  62     0.63009     0.44333
  63     0.64011     0.45361
  64     0.65014     0.46404
  65     0.66007     0.47449
  66     0.67005     0.48513
  67     0.68007     0.49595
  68     0.69014     0.50701
  69     0.70008     0.51806
  70     0.71012     0.52939
  71     0.72002     0.54073
  72     0.73009     0.55242
  73     0.74014     0.56424
  74     0.75012     0.57614
  75     0.76024     0.58836
  76     0.77005     0.60038
  77     0.78006     0.61283
  78        0.79     0.62538
  79     0.80007     0.63828
  80     0.81001     0.65127
  81     0.82011     0.66473
  82     0.83018     0.67836
  83     0.84008     0.69203
  84     0.85002     0.70599
  85     0.86005     0.72033
  86     0.87003     0.73484
  87     0.88018     0.74987
  88     0.89007     0.76486
  89     0.90004      0.7803
  90     0.91013     0.79625
  91     0.92019      0.8126
  92        0.93     0.82893
  93     0.94006     0.84618
  94     0.95014      0.8641
  95     0.96001     0.88238
  96     0.97008     0.90197
  97     0.98007     0.92289
  98     0.99002     0.94669
  99           1           1
-----------------------------------------

----------------- PPP$ and local currency --------------
         PPP used in computation: 8.52389
     Data mean in local currency: 10934.2
               Data mean in PPP$: 1436.96
        Poverty line in PPP$/Day: 1.9
      Poverty line in PPP$/Month: 57.7917
  Poverty line in local currency: 439.75
-------------------------------------------------------

----------------- Estimation result --------------
     Number of observation: 5777
          Total population: 0.999998
              Total wealth: 1282.77(PPP$)
                   Minimum: -11269(PPP$)
                   Maximum: 54160.4(PPP$)
             Headcount(HC): 0.00781438
          Poverty gap (PG): 0.14685
       Poverty gap squared: 14.8853
                      Gini: 0.270756
                    Median: 1279.01
                       MLD: 0.165813
                      Watt: 0.000492826
--------------------------------------------------

-------------------------------- Income or Consumption share by deciles (%) -------------------------------------
     3.1659     5.8584     6.7944      7.638     8.4699     9.3884     10.483     12.022     14.203     21.977
-----------------------------------------------------------------------------------------------------------------


