

**********************************************************************************************
**                                   Basic Information                                      **
**********************************************************************************************

----------------- Dataset Information -----------------
                         Country: Denmark
                    Country dode: DNK
                       Data Year: 2010
                        Coverage: National
             Welfare measurement: Income
                     Data format: Unit record
                     Data source: DNK_N2010Y
                  Data time span: UnDefined
-------------------------------------------------------


----------- Distribution ------------
   i           P           L 
-------------------------------------
   0     0.01048  -0.0083394
   1    0.020208  -0.0071059
   2    0.030257  -0.0046119
   3    0.040319  -0.0012776
   4     0.05012   0.0023564
   5    0.061174   0.0066775
   6    0.070097    0.010334
   7    0.080369    0.014738
   8    0.090328    0.019261
   9     0.10035    0.024029
  10     0.11044     0.02904
  11     0.12018    0.034098
  12     0.13018    0.039444
  13      0.1403    0.044971
  14     0.15016    0.050459
  15     0.16031    0.056247
  16     0.17039    0.062088
  17     0.18007    0.067765
  18     0.19017    0.073796
  19     0.20035    0.079993
  20     0.21012    0.086046
  21      0.2202    0.092393
  22     0.23003    0.098687
  23     0.24014     0.10528
  24     0.25024     0.11196
  25     0.26012     0.11858
  26     0.27011     0.12535
  27     0.28008     0.13221
  28     0.29018     0.13927
  29     0.30031     0.14647
  30     0.31004     0.15349
  31     0.32002     0.16078
  32     0.33027     0.16836
  33     0.34013     0.17575
  34     0.35017     0.18336
  35      0.3601     0.19099
  36     0.37004     0.19871
  37     0.38001     0.20654
  38     0.39011     0.21456
  39     0.40023     0.22266
  40     0.41026     0.23077
  41     0.42007     0.23879
  42     0.43012      0.2471
  43     0.44003     0.25537
  44     0.45018     0.26394
  45        0.46      0.2723
  46     0.47003     0.28094
  47     0.48017     0.28977
  48     0.49008     0.29848
  49     0.50028     0.30752
  50     0.51001     0.31624
  51     0.52001     0.32529
  52     0.53032     0.33472
  53     0.54008     0.34374
  54     0.55013     0.35314
  55     0.56006     0.36253
  56     0.57025     0.37227
  57     0.58014     0.38185
  58     0.59022     0.39172
  59     0.60002     0.40139
  60     0.61008     0.41146
  61     0.62002     0.42152
  62     0.63005     0.43179
  63     0.64006     0.44215
  64     0.65012     0.45267
  65     0.66001     0.46315
  66     0.67007     0.47396
  67      0.6802     0.48499
  68      0.6901     0.49591
  69     0.70013     0.50712
  70     0.71011     0.51839
  71     0.72003     0.52975
  72     0.73008      0.5414
  73     0.74004     0.55315
  74     0.75009     0.56519
  75     0.76012     0.57742
  76     0.77006     0.58972
  77     0.78002     0.60226
  78     0.79003     0.61505
  79     0.80018     0.62823
  80        0.81     0.64119
  81     0.82004      0.6547
  82     0.83008     0.66845
  83     0.84003     0.68232
  84     0.85016     0.69671
  85     0.86007     0.71109
  86     0.87014     0.72601
  87     0.88011     0.74108
  88     0.89007     0.75646
  89     0.90006     0.77221
  90     0.91003     0.78833
  91     0.92007     0.80503
  92     0.93007     0.82214
  93     0.94016     0.83998
  94     0.95001     0.85818
  95     0.96006     0.87803
  96     0.97014     0.89936
  97     0.98018     0.92295
  98     0.99003     0.95022
  99           1           1
-----------------------------------------

----------------- PPP$ and local currency --------------
         PPP used in computation: 8.52389
     Data mean in local currency: 12514.9
               Data mean in PPP$: 1508.69
        Poverty line in PPP$/Day: 1.9
      Poverty line in PPP$/Month: 57.7917
  Poverty line in local currency: 479.395
-------------------------------------------------------

----------------- Estimation result --------------
     Number of observation: 5326
          Total population: 1
              Total wealth: 1468.22(PPP$)
                   Minimum: -9045.31(PPP$)
                   Maximum: 16506.4(PPP$)
             Headcount(HC): 0.0113077
          Poverty gap (PG): 0.228627
       Poverty gap squared: 13.7711
                      Gini: 0.29017
                    Median: 1343.55
                       MLD: 0.21205
                      Watt: 0.00876023
--------------------------------------------------

-------------------------------- Income or Consumption share by deciles (%) -------------------------------------
      2.386      5.592     6.6469     7.6226     8.4801     9.4103     10.559     12.101     14.412     22.789
-----------------------------------------------------------------------------------------------------------------


