

**********************************************************************************************
**                                   Basic Information                                      **
**********************************************************************************************

----------------- Dataset Information -----------------
                         Country: Denmark
                    Country dode: DNK
                       Data Year: 2005
                        Coverage: National
             Welfare measurement: Income
                     Data format: Unit record
                     Data source: DNK_N2005Y
                  Data time span: UnDefined
-------------------------------------------------------


----------- Distribution ------------
   i           P           L 
-------------------------------------
   0    0.010213  -0.0029167
   1    0.020169 -0.00070128
   2    0.030074   0.0024627
   3     0.04002   0.0061637
   4    0.050102    0.010239
   5    0.060107    0.014541
   6    0.070397    0.019242
   7    0.080242    0.023978
   8    0.090122    0.028966
   9     0.10005    0.034171
  10     0.11012    0.039588
  11     0.12013    0.045068
  12      0.1301    0.050647
  13     0.14013    0.056391
  14     0.15028    0.062326
  15     0.16004    0.068138
  16     0.17024    0.074354
  17     0.18013    0.080458
  18     0.19007    0.086695
  19     0.20009    0.093081
  20     0.21053    0.099863
  21     0.22017     0.10625
  22     0.23006      0.1129
  23     0.24005      0.1197
  24        0.25     0.12655
  25     0.26025     0.13369
  26     0.27013     0.14066
  27     0.28034     0.14794
  28     0.29011     0.15497
  29     0.30002     0.16218
  30     0.31018     0.16967
  31     0.32017     0.17709
  32      0.3301     0.18457
  33     0.34007     0.19217
  34      0.3501     0.19989
  35     0.36007     0.20766
  36      0.3702     0.21561
  37     0.38009     0.22345
  38     0.39011     0.23147
  39     0.40019     0.23963
  40     0.41008      0.2477
  41     0.42015     0.25601
  42     0.43009     0.26428
  43     0.44013     0.27272
  44     0.45004     0.28114
  45     0.46003     0.28971
  46     0.47013     0.29848
  47     0.48004     0.30717
  48     0.49019     0.31617
  49     0.50001     0.32497
  50        0.51     0.33398
  51     0.52012     0.34323
  52     0.53002     0.35237
  53     0.54003      0.3617
  54     0.55007     0.37115
  55     0.56003     0.38063
  56     0.57005     0.39026
  57      0.5801     0.40003
  58     0.59005     0.40982
  59     0.60023     0.41996
  60     0.61002      0.4298
  61     0.62002     0.43992
  62     0.63001     0.45015
  63     0.64008     0.46058
  64     0.65006     0.47106
  65     0.66011     0.48172
  66     0.67009     0.49247
  67     0.68008     0.50334
  68     0.69017     0.51444
  69      0.7001     0.52549
  70     0.71008     0.53675
  71     0.72017     0.54832
  72     0.73011     0.55986
  73     0.74001     0.57152
  74     0.75013      0.5836
  75      0.7601     0.59567
  76     0.77004     0.60791
  77     0.78009     0.62052
  78     0.79005     0.63321
  79     0.80011     0.64621
  80     0.81005     0.65926
  81     0.82014     0.67276
  82     0.83014     0.68638
  83        0.84     0.70007
  84     0.85008     0.71432
  85     0.86014     0.72885
  86     0.87021     0.74365
  87      0.8801     0.75842
  88     0.89021     0.77377
  89     0.90007     0.78908
  90     0.91001     0.80485
  91     0.92006      0.8212
  92     0.93001     0.83785
  93     0.94001      0.8551
  94     0.95005     0.87311
  95     0.96005     0.89188
  96     0.97007      0.9116
  97     0.98007     0.93298
  98     0.99005     0.95756
  99           1           1
-----------------------------------------

----------------- PPP$ and local currency --------------
         PPP used in computation: 8.52389
     Data mean in local currency: 10440.2
               Data mean in PPP$: 1397.97
        Poverty line in PPP$/Day: 1.9
      Poverty line in PPP$/Month: 57.7917
  Poverty line in local currency: 431.592
-------------------------------------------------------

----------------- Estimation result --------------
     Number of observation: 5692
          Total population: 1.00001
              Total wealth: 1224.82(PPP$)
                   Minimum: -4322.87(PPP$)
                   Maximum: 12459.7(PPP$)
             Headcount(HC): 0.00710745
          Poverty gap (PG): 0.0860028
       Poverty gap squared: 4.32258
                      Gini: 0.259433
                    Median: 1256.78
                       MLD: 0.153168
                      Watt: 0.00151889
--------------------------------------------------

-------------------------------- Income or Consumption share by deciles (%) -------------------------------------
     3.4142      5.888     6.9143     7.7305     8.5483     9.4776     10.564      12.07     14.289     21.104
-----------------------------------------------------------------------------------------------------------------


