

**********************************************************************************************
**                                   Basic Information                                      **
**********************************************************************************************

----------------- Dataset Information -----------------
                         Country: Denmark
                    Country dode: DNK
                       Data Year: 2004
                        Coverage: National
             Welfare measurement: Income
                     Data format: Unit record
                     Data source: DNK_N2004Y
                  Data time span: UnDefined
-------------------------------------------------------


----------- Distribution ------------
   i           P           L 
-------------------------------------
   0    0.010059  -0.0045184
   1    0.020039  -0.0020824
   2        0.03   0.0011664
   3    0.040443   0.0050411
   4    0.050016   0.0089382
   5    0.060083    0.013346
   6    0.070247     0.01805
   7    0.080323     0.02296
   8    0.090224     0.02796
   9     0.10038    0.033246
  10     0.11006    0.038442
  11     0.12009    0.043958
  12     0.13024    0.049657
  13        0.14    0.055286
  14     0.15011    0.061269
  15     0.16008    0.067283
  16     0.17013    0.073481
  17     0.18001    0.079671
  18     0.19002    0.086017
  19     0.20002    0.092449
  20     0.21016    0.099066
  21     0.22009     0.10562
  22     0.23015     0.11234
  23     0.24008     0.11906
  24     0.25018     0.12598
  25      0.2601     0.13287
  26     0.27017     0.13996
  27     0.28012     0.14706
  28      0.2902     0.15432
  29     0.30009     0.16152
  30     0.31012     0.16889
  31     0.32008      0.1763
  32     0.33008     0.18381
  33     0.34013     0.19145
  34      0.3501     0.19911
  35     0.36023     0.20698
  36     0.37019     0.21478
  37     0.38006     0.22259
  38     0.39015     0.23066
  39     0.40006     0.23867
  40     0.41018     0.24693
  41     0.42003     0.25508
  42     0.43022     0.26359
  43     0.44012     0.27194
  44     0.45004      0.2804
  45     0.46003     0.28899
  46     0.47014     0.29781
  47     0.48011     0.30659
  48      0.4901     0.31551
  49     0.50011     0.32454
  50      0.5101     0.33365
  51     0.52008     0.34284
  52     0.53002     0.35211
  53     0.54015     0.36163
  54     0.55013      0.3711
  55     0.56002     0.38058
  56     0.57008      0.3903
  57     0.58007     0.40006
  58     0.59003     0.40987
  59     0.60014     0.41996
  60     0.61018     0.43009
  61     0.62011     0.44023
  62     0.63002     0.45045
  63     0.64009     0.46098
  64     0.65012      0.4716
  65     0.66004     0.48221
  66     0.67006     0.49308
  67      0.6801      0.5041
  68     0.69004     0.51512
  69     0.70001     0.52633
  70     0.71001     0.53772
  71     0.72015      0.5494
  72     0.73003     0.56095
  73     0.74008      0.5729
  74     0.75021      0.5851
  75     0.76015     0.59726
  76        0.77      0.6095
  77     0.78006      0.6222
  78     0.79001     0.63497
  79     0.80002     0.64803
  80     0.81008     0.66137
  81     0.82005     0.67483
  82     0.83012     0.68864
  83     0.84021     0.70271
  84     0.85008     0.71671
  85     0.86003      0.7311
  86     0.87004     0.74583
  87     0.88006     0.76086
  88      0.8901     0.77621
  89     0.90009     0.79182
  90     0.91011     0.80782
  91      0.9201     0.82416
  92     0.93006     0.84091
  93     0.94012     0.85835
  94     0.95005     0.87621
  95     0.96001     0.89485
  96     0.97006     0.91463
  97     0.98002     0.93566
  98     0.99004     0.95969
  99           1           1
-----------------------------------------

----------------- PPP$ and local currency --------------
         PPP used in computation: 8.52389
     Data mean in local currency: 10116.9
               Data mean in PPP$: 1379.19
        Poverty line in PPP$/Day: 1.9
      Poverty line in PPP$/Month: 57.7917
  Poverty line in local currency: 423.924
-------------------------------------------------------

----------------- Estimation result --------------
     Number of observation: 5948
          Total population: 0.999998
              Total wealth: 1186.89(PPP$)
                   Minimum: -7896.14(PPP$)
                   Maximum: 16996.8(PPP$)
             Headcount(HC): 0.00821971
          Poverty gap (PG): 0.121345
       Poverty gap squared: 7.1998
                      Gini: 0.258926
                    Median: 1252.27
                       MLD: 0.157228
                      Watt: 0.00299467
--------------------------------------------------

-------------------------------- Income or Consumption share by deciles (%) -------------------------------------
     3.3049     5.9388     6.9019     7.7161     8.5826     9.5379      10.65     12.168     14.368     20.832
-----------------------------------------------------------------------------------------------------------------


