

**********************************************************************************************
**                                   Basic Information                                      **
**********************************************************************************************

----------------- Dataset Information -----------------
                         Country: Dominican Republic
                    Country dode: DOM
                       Data Year: 2011
                        Coverage: National
             Welfare measurement: Income
                     Data format: Unit record
                     Data source: DOM_N2011Y
                  Data time span: UnDefined
-------------------------------------------------------


----------- Distribution ------------
   i           P           L 
-------------------------------------
   0    0.010023  0.00078484
   1    0.020206   0.0020491
   2    0.030012   0.0034775
   3    0.040022   0.0050939
   4    0.050142   0.0068778
   5    0.060454   0.0088654
   6    0.070249    0.010891
   7    0.080217    0.013079
   8    0.090355    0.015447
   9     0.10016    0.017835
  10     0.11005    0.020354
  11     0.12006    0.023013
  12     0.13012    0.025787
  13     0.14008    0.028654
  14     0.15001    0.031601
  15     0.16024    0.034736
  16     0.17009    0.037841
  17     0.18024    0.041127
  18     0.19026    0.044453
  19     0.20012    0.047795
  20     0.21005    0.051265
  21     0.22023    0.054912
  22     0.23013    0.058524
  23     0.24002    0.062215
  24     0.25047    0.066192
  25     0.26009    0.069948
  26     0.27002    0.073916
  27     0.28021    0.078085
  28      0.2901    0.082224
  29      0.3005    0.086683
  30     0.31008    0.090887
  31     0.32009    0.095381
  32     0.33016    0.099991
  33     0.34001      0.1046
  34     0.35011      0.1094
  35     0.36001     0.11421
  36     0.37005      0.1192
  37        0.38     0.12421
  38      0.3901     0.12939
  39     0.40005     0.13462
  40     0.41006     0.13998
  41     0.42011     0.14547
  42     0.43004     0.15103
  43     0.44006     0.15674
  44     0.45009      0.1626
  45     0.46004     0.16853
  46     0.47027     0.17474
  47     0.48033     0.18097
  48     0.49007     0.18711
  49     0.50003     0.19353
  50     0.51016      0.2002
  51     0.52031     0.20699
  52      0.5302     0.21373
  53     0.54007     0.22056
  54     0.55006     0.22763
  55     0.56002     0.23483
  56     0.57016     0.24233
  57     0.58029     0.24997
  58     0.59005     0.25747
  59     0.60013     0.26539
  60     0.61011     0.27343
  61     0.62043     0.28196
  62      0.6303     0.29031
  63     0.64024     0.29894
  64     0.65017     0.30779
  65     0.66021     0.31694
  66        0.67     0.32603
  67     0.68006     0.33558
  68     0.69006     0.34533
  69     0.70001     0.35527
  70     0.71002      0.3655
  71     0.72004     0.37603
  72     0.73003     0.38672
  73     0.74025     0.39789
  74     0.75021     0.40905
  75     0.76107     0.42166
  76     0.77015      0.4326
  77     0.78024     0.44513
  78     0.79002     0.45753
  79     0.80063     0.47131
  80     0.81021     0.48409
  81     0.82012     0.49762
  82     0.83012     0.51171
  83     0.84003     0.52615
  84     0.85013      0.5414
  85        0.86     0.55693
  86        0.87     0.57335
  87     0.88005     0.59058
  88     0.89003     0.60841
  89     0.90013     0.62728
  90     0.91006     0.64709
  91     0.92007     0.66834
  92     0.93015     0.69141
  93     0.94001     0.71568
  94     0.95002     0.74321
  95     0.96023     0.77546
  96     0.97005     0.81068
  97     0.98051     0.85521
  98     0.99005     0.90614
  99           1           1
-----------------------------------------

----------------- PPP$ and local currency --------------
         PPP used in computation: 20.741
     Data mean in local currency: 7997.42
               Data mean in PPP$: 378.678
        Poverty line in PPP$/Day: 1.9
      Poverty line in PPP$/Month: 57.7917
  Poverty line in local currency: 1220.52
-------------------------------------------------------

----------------- Estimation result --------------
     Number of observation: 6462
          Total population: 9.9164E+06
              Total wealth: 3.82361E+09(PPP$)
                   Minimum: 7.45704(PPP$)
                   Maximum: 10773.9(PPP$)
             Headcount(HC): 0.0290305
          Poverty gap (PG): 0.00723011
       Poverty gap squared: 0.00300661
                      Gini: 0.473951
                    Median: 247.009
                       MLD: 0.387697
                      Watt: 0.0098293
--------------------------------------------------

-------------------------------- Income or Consumption share by deciles (%) -------------------------------------
     1.7796     2.9959     3.8713     4.8122     5.8923     7.1775     8.9971     11.523     15.656     37.295
-----------------------------------------------------------------------------------------------------------------


