

**********************************************************************************************
**                                   Basic Information                                      **
**********************************************************************************************

----------------- Dataset Information -----------------
                         Country: Dominican Republic
                    Country dode: DOM
                       Data Year: 1997
                        Coverage: National
             Welfare measurement: Income
                     Data format: Unit record
                     Data source: DOM_N1997Y
                  Data time span: UnDefined
-------------------------------------------------------


----------- Distribution ------------
   i           P           L 
-------------------------------------
   0    0.010182  6.5294E-05
   1    0.020163   0.0007592
   2    0.030137   0.0017767
   3    0.040446   0.0030121
   4    0.050163   0.0043048
   5     0.06037   0.0058145
   6    0.070085    0.007376
   7    0.080291   0.0091807
   8     0.09084     0.01121
   9     0.10012    0.013099
  10     0.11036     0.01531
  11     0.12047    0.017641
  12     0.13048    0.020062
  13     0.14012    0.022487
  14     0.15019    0.025125
  15     0.16039    0.027919
  16     0.17143    0.031067
  17     0.18008    0.033606
  18     0.19056     0.03676
  19     0.20017    0.039735
  20     0.21004    0.042923
  21     0.22038    0.046379
  22     0.23026    0.049795
  23     0.24009    0.053266
  24     0.25001    0.056875
  25     0.26043    0.060787
  26     0.27034    0.064618
  27      0.2802    0.068521
  28     0.29047    0.072694
  29     0.30005    0.076689
  30     0.31068    0.081253
  31     0.32023    0.085478
  32        0.33    0.089897
  33     0.34021    0.094619
  34     0.35003    0.099266
  35     0.36019     0.10418
  36     0.37005     0.10906
  37     0.38005     0.11411
  38     0.39003     0.11926
  39     0.40001     0.12453
  40     0.41011     0.12999
  41     0.42024     0.13558
  42     0.43016     0.14119
  43      0.4406     0.14724
  44     0.45003     0.15281
  45     0.46028     0.15899
  46     0.47013     0.16507
  47     0.48024     0.17144
  48     0.49011      0.1778
  49      0.5001     0.18437
  50     0.51025     0.19119
  51      0.5203     0.19807
  52     0.53011      0.2049
  53     0.54027     0.21211
  54     0.55009     0.21917
  55     0.56023      0.2266
  56     0.57024     0.23408
  57     0.58006     0.24159
  58     0.59008     0.24943
  59     0.60029     0.25755
  60     0.61054     0.26592
  61     0.62012     0.27389
  62        0.63     0.28227
  63     0.64015     0.29104
  64     0.65035      0.3001
  65     0.66008     0.30894
  66     0.67007     0.31823
  67     0.68019     0.32785
  68     0.69033     0.33773
  69     0.70002     0.34743
  70     0.71023       0.358
  71     0.72013     0.36856
  72     0.73016     0.37954
  73     0.74038     0.39093
  74     0.75042     0.40233
  75     0.76008     0.41353
  76     0.77004     0.42535
  77     0.78011     0.43766
  78      0.7901     0.45023
  79     0.80001     0.46316
  80        0.81     0.47662
  81     0.82002     0.49054
  82     0.83014      0.5051
  83     0.84011     0.51994
  84     0.85009     0.53533
  85     0.86025     0.55149
  86     0.87002     0.56768
  87     0.88038     0.58542
  88     0.89015     0.60277
  89     0.90002     0.62141
  90      0.9101     0.64145
  91     0.92028     0.66296
  92     0.93018     0.68565
  93     0.94069     0.71192
  94     0.95002     0.73726
  95     0.96006      0.7671
  96     0.97018     0.80117
  97     0.98001     0.83968
  98     0.99003     0.88902
  99           1           1
-----------------------------------------

----------------- PPP$ and local currency --------------
         PPP used in computation: 20.741
     Data mean in local currency: 1997.21
               Data mean in PPP$: 401.055
        Poverty line in PPP$/Day: 1.9
      Poverty line in PPP$/Month: 57.7917
  Poverty line in local currency: 287.796
-------------------------------------------------------

----------------- Estimation result --------------
     Number of observation: 3472
          Total population: 7.50386E+06
              Total wealth: 7.22567E+08(PPP$)
                   Minimum: 0(PPP$)
                   Maximum: 3823.35(PPP$)
             Headcount(HC): 0.0518455
          Poverty gap (PG): 0.0203221
       Poverty gap squared: 0.0133735
                      Gini: 0.489239
                    Median: 265.44
                       MLD: 0.487949
                      Watt: 0.0187967
--------------------------------------------------

-------------------------------- Income or Consumption share by deciles (%) -------------------------------------
     1.3074     2.6608     3.6985      4.786     5.9777     7.3011     9.0101     11.573     15.822     37.863
-----------------------------------------------------------------------------------------------------------------


