

**********************************************************************************************
**                                   Basic Information                                      **
**********************************************************************************************

----------------- Dataset Information -----------------
                         Country: Dominican Republic
                    Country dode: DOM
                       Data Year: 2006
                        Coverage: National
             Welfare measurement: Income
                     Data format: Unit record
                     Data source: DOM_N2006Y
                  Data time span: UnDefined
-------------------------------------------------------


----------- Distribution ------------
   i           P           L 
-------------------------------------
   0    0.010101  0.00060653
   1    0.020083   0.0015914
   2    0.030241   0.0027679
   3    0.040122   0.0040588
   4    0.050017   0.0055033
   5    0.060536   0.0071875
   6    0.070156   0.0088219
   7    0.080656    0.010706
   8    0.091485    0.012769
   9     0.10056    0.014586
  10     0.11092    0.016748
  11     0.12011    0.018794
  12     0.13011    0.021113
  13     0.14037    0.023586
  14     0.15013    0.026034
  15     0.16012    0.028621
  16        0.17    0.031252
  17     0.18013    0.034027
  18     0.19055    0.036977
  19     0.20001     0.03973
  20     0.21062    0.042891
  21     0.22001    0.045765
  22     0.23004    0.048916
  23      0.2402    0.052201
  24      0.2504    0.055594
  25     0.26014    0.058921
  26        0.27    0.062398
  27     0.28012    0.066064
  28     0.29002    0.069719
  29     0.30015    0.073565
  30     0.31007    0.077433
  31     0.32004    0.081377
  32     0.33035    0.085566
  33     0.34004    0.089605
  34     0.35013    0.093897
  35     0.36039    0.098363
  36     0.37013     0.10269
  37     0.38015     0.10723
  38     0.39001      0.1118
  39     0.40014     0.11658
  40     0.41037     0.12152
  41     0.42022     0.12637
  42     0.43001     0.13129
  43     0.44003     0.13639
  44     0.45021     0.14171
  45     0.46065     0.14731
  46     0.47014     0.15251
  47     0.48017     0.15811
  48     0.49015     0.16383
  49     0.50015      0.1697
  50     0.51009     0.17568
  51     0.52006     0.18185
  52     0.53024     0.18829
  53     0.54005     0.19463
  54     0.55011      0.2013
  55     0.56002     0.20804
  56     0.57005     0.21502
  57     0.58003     0.22213
  58     0.59019     0.22951
  59     0.60019     0.23688
  60        0.61     0.24428
  61     0.62019     0.25215
  62     0.63021     0.26008
  63     0.64042     0.26833
  64     0.65001      0.2763
  65      0.6601     0.28487
  66     0.67009     0.29357
  67     0.68012      0.3025
  68     0.69007     0.31161
  69     0.70005     0.32096
  70     0.71032     0.33084
  71     0.72021      0.3406
  72     0.73004     0.35054
  73      0.7401     0.36102
  74     0.75046     0.37208
  75     0.76021     0.38277
  76     0.77006     0.39389
  77     0.78002     0.40556
  78     0.79015     0.41797
  79     0.80021     0.43072
  80      0.8101     0.44368
  81     0.82016     0.45731
  82     0.83009     0.47123
  83     0.84003     0.48577
  84     0.85082     0.50221
  85     0.86002     0.51679
  86     0.87001     0.53324
  87     0.88024     0.55099
  88     0.89005     0.56889
  89     0.90005     0.58817
  90     0.91018     0.60892
  91     0.92003     0.63023
  92     0.93038     0.65442
  93      0.9401      0.6794
  94     0.95029      0.7083
  95     0.96001     0.73875
  96     0.97005     0.77403
  97     0.98006     0.81589
  98     0.99019     0.87105
  99           1           1
-----------------------------------------

----------------- PPP$ and local currency --------------
         PPP used in computation: 20.741
     Data mean in local currency: 5903.54
               Data mean in PPP$: 389.988
        Poverty line in PPP$/Day: 1.9
      Poverty line in PPP$/Month: 57.7917
  Poverty line in local currency: 874.837
-------------------------------------------------------

----------------- Estimation result --------------
     Number of observation: 5926
          Total population: 9.15268E+06
              Total wealth: 2.60514E+09(PPP$)
                   Minimum: 0(PPP$)
                   Maximum: 10839.9(PPP$)
             Headcount(HC): 0.045529
          Poverty gap (PG): 0.0129405
       Poverty gap squared: 0.00562185
                      Gini: 0.519001
                    Median: 231.406
                       MLD: 0.479824
                      Watt: 0.0171018
--------------------------------------------------

-------------------------------- Income or Consumption share by deciles (%) -------------------------------------
     1.4473     2.5254     3.3784     4.3002     5.3102     6.7127     8.4175     10.954     15.763     41.192
-----------------------------------------------------------------------------------------------------------------


