

**********************************************************************************************
**                                   Basic Information                                      **
**********************************************************************************************

----------------- Dataset Information -----------------
                         Country: Dominican Republic
                    Country dode: DOM
                       Data Year: 2002
                        Coverage: National
             Welfare measurement: Income
                     Data format: Unit record
                     Data source: DOM_N2002Y
                  Data time span: UnDefined
-------------------------------------------------------


----------- Distribution ------------
   i           P           L 
-------------------------------------
   0    0.010097    0.000327
   1    0.020116   0.0010466
   2     0.03034   0.0020267
   3    0.040079   0.0031489
   4    0.050094   0.0044656
   5    0.060096   0.0058806
   6    0.070047   0.0073932
   7    0.080019   0.0090148
   8    0.090381    0.010839
   9     0.10002    0.012649
  10     0.11038    0.014728
  11     0.12045    0.016852
  12     0.13009    0.018996
  13     0.14034    0.021402
  14     0.15041    0.023873
  15     0.16031    0.026392
  16     0.17004    0.028967
  17     0.18053    0.031858
  18     0.19001    0.034575
  19     0.20001     0.03755
  20     0.21001    0.040631
  21      0.2202    0.043864
  22     0.23001    0.047076
  23     0.24015      0.0505
  24     0.25533    0.055858
  25     0.26015    0.057585
  26     0.27004    0.061212
  27     0.28138    0.065502
  28     0.29017    0.068918
  29     0.30049    0.073064
  30     0.31015    0.077047
  31     0.32009    0.081246
  32     0.33007    0.085587
  33     0.34004     0.09003
  34     0.35014    0.094619
  35     0.36003    0.099221
  36     0.37014     0.10403
  37     0.38006     0.10886
  38     0.39073     0.11419
  39     0.40017     0.11902
  40     0.41037     0.12435
  41     0.42001     0.12949
  42     0.43036     0.13508
  43     0.44015     0.14048
  44     0.45004     0.14609
  45     0.46031     0.15202
  46     0.47001     0.15775
  47     0.48041     0.16403
  48     0.49015     0.17002
  49     0.50049      0.1765
  50      0.5102     0.18269
  51     0.52026     0.18926
  52       0.532     0.19711
  53     0.54001      0.2026
  54     0.55384     0.21233
  55     0.56012     0.21683
  56     0.57017     0.22419
  57     0.58003     0.23158
  58     0.59003     0.23927
  59     0.60012     0.24722
  60     0.61002      0.2552
  61     0.62036     0.26371
  62     0.63009     0.27189
  63        0.64     0.28043
  64     0.65094      0.2901
  65     0.66015      0.2984
  66     0.67013     0.30759
  67     0.68009     0.31696
  68     0.69101     0.32748
  69     0.70027     0.33665
  70     0.71069     0.34728
  71     0.72011     0.35715
  72     0.73024     0.36799
  73     0.74005     0.37877
  74     0.75002     0.39001
  75     0.76001     0.40157
  76     0.77012     0.41366
  77        0.78     0.42588
  78     0.79011     0.43876
  79     0.80125     0.45341
  80     0.81003     0.46527
  81     0.82248     0.48271
  82     0.83007     0.49366
  83     0.84011     0.50864
  84     0.85007     0.52403
  85     0.86001     0.53992
  86     0.87007     0.55672
  87     0.88001     0.57418
  88     0.89055     0.59372
  89     0.90022     0.61251
  90     0.91082     0.63446
  91     0.92053      0.6561
  92     0.93072     0.68067
  93     0.94012     0.70513
  94     0.95009      0.7337
  95     0.96012      0.7655
  96     0.97003     0.80099
  97     0.98015     0.84446
  98     0.99005      0.9015
  99           1           1
-----------------------------------------

----------------- PPP$ and local currency --------------
         PPP used in computation: 20.741
     Data mean in local currency: 2812.13
               Data mean in PPP$: 399.238
        Poverty line in PPP$/Day: 1.9
      Poverty line in PPP$/Month: 57.7917
  Poverty line in local currency: 407.069
-------------------------------------------------------

----------------- Estimation result --------------
     Number of observation: 3563
          Total population: 8.54164E+06
              Total wealth: 1.1581E+09(PPP$)
                   Minimum: 0(PPP$)
                   Maximum: 5785.63(PPP$)
             Headcount(HC): 0.0583555
          Poverty gap (PG): 0.0194977
       Poverty gap squared: 0.0105475
                      Gini: 0.501168
                    Median: 252.707
                       MLD: 0.470211
                      Watt: 0.0259275
--------------------------------------------------

-------------------------------- Income or Consumption share by deciles (%) -------------------------------------
     1.2646     2.4901     3.5321     4.6063      5.726     7.0937     8.9255     11.538     16.032     38.792
-----------------------------------------------------------------------------------------------------------------


