

**********************************************************************************************
**                                   Basic Information                                      **
**********************************************************************************************

----------------- Dataset Information -----------------
                         Country: Dominican Republic
                    Country dode: DOM
                       Data Year: 2008
                        Coverage: National
             Welfare measurement: Income
                     Data format: Unit record
                     Data source: DOM_N2008Y
                  Data time span: UnDefined
-------------------------------------------------------


----------- Distribution ------------
   i           P           L 
-------------------------------------
   0    0.010503  0.00083361
   1    0.020068   0.0019534
   2    0.030122   0.0033559
   3    0.040153   0.0049324
   4    0.050083   0.0066321
   5    0.060408   0.0085365
   6    0.070004    0.010432
   7    0.080055    0.012531
   8    0.090071    0.014719
   9     0.10028     0.01706
  10     0.11007    0.019409
  11     0.12007     0.02189
  12     0.13103    0.024711
  13     0.14051    0.027246
  14     0.15025    0.029929
  15     0.16012    0.032732
  16     0.17031    0.035713
  17     0.18008    0.038649
  18     0.19008    0.041749
  19     0.20021    0.044995
  20     0.21052    0.048379
  21     0.22009    0.051625
  22     0.23024    0.055151
  23     0.24018    0.058688
  24     0.25004    0.062292
  25     0.26003     0.06605
  26     0.27055    0.070102
  27     0.28009    0.073859
  28     0.29041    0.078015
  29     0.30008    0.081995
  30     0.31008    0.086213
  31     0.32001      0.0905
  32     0.33014     0.09498
  33     0.34007    0.099479
  34     0.35052     0.10431
  35     0.36004      0.1088
  36     0.37014     0.11367
  37     0.38034     0.11868
  38     0.39003     0.12352
  39     0.40006     0.12863
  40     0.41004     0.13384
  41     0.42033     0.13934
  42      0.4301     0.14467
  43     0.44002      0.1502
  44     0.45001     0.15589
  45     0.46001      0.1617
  46     0.47005     0.16766
  47     0.48025     0.17382
  48     0.49002     0.17986
  49     0.50016     0.18623
  50     0.51025      0.1927
  51     0.52026     0.19923
  52     0.53016     0.20582
  53     0.54029     0.21269
  54     0.55031     0.21962
  55      0.5601     0.22657
  56     0.57007     0.23381
  57     0.58011     0.24125
  58     0.59013     0.24883
  59     0.60008     0.25648
  60     0.61004     0.26435
  61     0.62033      0.2727
  62     0.63009     0.28078
  63     0.64004      0.2892
  64     0.65016     0.29792
  65     0.66017     0.30672
  66     0.67033     0.31585
  67     0.68014     0.32483
  68     0.69008     0.33417
  69     0.70056     0.34432
  70     0.71055     0.35425
  71     0.72009     0.36396
  72     0.73021     0.37455
  73     0.74004     0.38511
  74     0.75039     0.39659
  75     0.76006     0.40755
  76     0.77009     0.41923
  77     0.78132     0.43265
  78     0.79007     0.44338
  79      0.8001     0.45607
  80     0.81002     0.46904
  81     0.82007     0.48255
  82        0.83     0.49635
  83     0.84003     0.51074
  84     0.85002     0.52561
  85      0.8602     0.54137
  86     0.87035     0.55792
  87     0.88021     0.57489
  88     0.89025     0.59309
  89     0.90001     0.61172
  90     0.91032     0.63246
  91     0.92015     0.65364
  92     0.93027     0.67688
  93     0.94039     0.70192
  94      0.9501     0.72808
  95     0.96028     0.75905
  96     0.97037     0.79416
  97     0.98011     0.83475
  98     0.99012     0.88704
  99           1           1
-----------------------------------------

----------------- PPP$ and local currency --------------
         PPP used in computation: 20.741
     Data mean in local currency: 6625.4
               Data mean in PPP$: 357.622
        Poverty line in PPP$/Day: 1.9
      Poverty line in PPP$/Month: 57.7917
  Poverty line in local currency: 1070.66
-------------------------------------------------------

----------------- Estimation result --------------
     Number of observation: 6061
          Total population: 9.52527E+06
              Total wealth: 3.0427E+09(PPP$)
                   Minimum: 0(PPP$)
                   Maximum: 16722.1(PPP$)
             Headcount(HC): 0.0376408
          Poverty gap (PG): 0.00966046
       Poverty gap squared: 0.00389672
                      Gini: 0.489999
                    Median: 226.855
                       MLD: 0.41837
                      Watt: 0.0125138
--------------------------------------------------

-------------------------------- Income or Consumption share by deciles (%) -------------------------------------
     1.6995     2.7932     3.7036     4.6639     5.7534     7.0284     8.7353     11.217     15.577     38.829
-----------------------------------------------------------------------------------------------------------------


