

**********************************************************************************************
**                                   Basic Information                                      **
**********************************************************************************************

----------------- Dataset Information -----------------
                         Country: Dominican Republic
                    Country dode: DOM
                       Data Year: 2007
                        Coverage: National
             Welfare measurement: Income
                     Data format: Unit record
                     Data source: DOM_N2007Y
                  Data time span: UnDefined
-------------------------------------------------------


----------- Distribution ------------
   i           P           L 
-------------------------------------
   0    0.010433  0.00069367
   1    0.020095   0.0017666
   2    0.030251    0.003087
   3    0.040049   0.0045276
   4    0.050281   0.0061895
   5    0.060132    0.007919
   6      0.0701   0.0097898
   7    0.080077     0.01179
   8    0.090135    0.013917
   9     0.10011    0.016147
  10     0.11012    0.018494
  11     0.12005     0.02093
  12     0.13007    0.023493
  13      0.1409     0.02639
  14      0.1501    0.028935
  15     0.16026    0.031827
  16     0.17008    0.034696
  17     0.18011    0.037706
  18     0.19006     0.04081
  19      0.2002    0.044074
  20     0.21012    0.047349
  21     0.22004    0.050724
  22     0.23017    0.054256
  23     0.24025    0.057873
  24     0.25012    0.061501
  25     0.26004    0.065228
  26     0.27098    0.069466
  27     0.28019     0.07313
  28     0.29016    0.077195
  29     0.30009    0.081338
  30     0.31002    0.085562
  31     0.32029    0.090019
  32     0.33018    0.094415
  33     0.34035     0.09904
  34     0.35016     0.10361
  35     0.36036     0.10849
  36     0.37006     0.11322
  37     0.38008     0.11823
  38     0.39032     0.12346
  39     0.40007     0.12855
  40      0.4104     0.13405
  41      0.4201     0.13934
  42     0.43002     0.14485
  43     0.44009     0.15055
  44     0.45013     0.15638
  45     0.46007     0.16227
  46     0.47004     0.16829
  47     0.48007     0.17447
  48     0.49006     0.18075
  49     0.50004     0.18715
  50     0.51014     0.19372
  51     0.52021     0.20043
  52     0.53016      0.2072
  53     0.54016     0.21414
  54     0.55005     0.22113
  55     0.56006     0.22835
  56     0.57005     0.23567
  57     0.58003      0.2431
  58     0.59012     0.25074
  59     0.60015      0.2585
  60     0.61026     0.26649
  61     0.62006     0.27438
  62     0.63022     0.28272
  63     0.64164     0.29234
  64     0.65016     0.29968
  65     0.66008     0.30841
  66     0.67011     0.31747
  67     0.68017     0.32681
  68     0.69016     0.33633
  69     0.70044     0.34633
  70     0.71009     0.35593
  71     0.72024     0.36626
  72     0.73003     0.37645
  73     0.74027     0.38738
  74     0.75019     0.39824
  75     0.76009     0.40939
  76     0.77001     0.42085
  77     0.78001     0.43276
  78     0.79004     0.44504
  79     0.80017     0.45788
  80     0.81024     0.47113
  81     0.82025     0.48475
  82     0.83012     0.49867
  83     0.84022      0.5135
  84     0.85005      0.5285
  85     0.86008     0.54449
  86     0.87001     0.56118
  87     0.88008     0.57889
  88     0.89031     0.59769
  89     0.90007     0.61652
  90      0.9101     0.63731
  91      0.9201     0.65937
  92     0.93038     0.68381
  93     0.94008     0.70919
  94     0.95001      0.7377
  95     0.96001     0.76906
  96     0.97011     0.80547
  97      0.9801     0.84853
  98     0.99002     0.90239
  99           1           1
-----------------------------------------

----------------- PPP$ and local currency --------------
         PPP used in computation: 20.741
     Data mean in local currency: 5869.46
               Data mean in PPP$: 363.006
        Poverty line in PPP$/Day: 1.9
      Poverty line in PPP$/Month: 57.7917
  Poverty line in local currency: 934.437
-------------------------------------------------------

----------------- Estimation result --------------
     Number of observation: 5627
          Total population: 9.32524E+06
              Total wealth: 2.63893E+09(PPP$)
                   Minimum: 0(PPP$)
                   Maximum: 12053.4(PPP$)
             Headcount(HC): 0.0433891
          Poverty gap (PG): 0.0116624
       Poverty gap squared: 0.00520485
                      Gini: 0.486852
                    Median: 234.305
                       MLD: 0.419131
                      Watt: 0.0159155
--------------------------------------------------

-------------------------------- Income or Consumption share by deciles (%) -------------------------------------
     1.6123     2.7886     3.7292     4.7209     5.8611     7.1263     8.7518     11.176     15.872     38.361
-----------------------------------------------------------------------------------------------------------------


