

**********************************************************************************************
**                                   Basic Information                                      **
**********************************************************************************************

----------------- Dataset Information -----------------
                         Country: Dominican Republic
                    Country dode: DOM
                       Data Year: 2003
                        Coverage: National
             Welfare measurement: Income
                     Data format: Unit record
                     Data source: DOM_N2003Y
                  Data time span: UnDefined
-------------------------------------------------------


----------- Distribution ------------
   i           P           L 
-------------------------------------
   0    0.010306  0.00036752
   1    0.020456   0.0011709
   2    0.030226   0.0021724
   3     0.04056   0.0034194
   4    0.050226   0.0047254
   5    0.060647     0.00627
   6    0.070152   0.0077887
   7    0.080085   0.0095101
   8    0.090346    0.011403
   9     0.10014    0.013327
  10     0.11003    0.015366
  11     0.12003     0.01753
  12     0.13016    0.019825
  13     0.14266    0.022786
  14     0.15065     0.02477
  15     0.16253    0.027834
  16     0.17001    0.029825
  17     0.18145    0.032978
  18     0.19084    0.035672
  19     0.20003    0.038381
  20     0.21004     0.04142
  21     0.22021    0.044595
  22     0.23006     0.04777
  23      0.2401    0.051096
  24     0.25008    0.054492
  25     0.26005    0.057961
  26     0.27002    0.061502
  27     0.28037    0.065271
  28     0.29323     0.07009
  29     0.30012    0.072725
  30     0.31005    0.076601
  31     0.32188    0.081328
  32     0.33049    0.084844
  33     0.34009    0.088848
  34     0.35002    0.093058
  35     0.36014    0.097429
  36     0.37017     0.10188
  37     0.38004     0.10636
  38     0.39035     0.11117
  39      0.4025       0.117
  40     0.41002     0.12068
  41     0.42088     0.12611
  42     0.43017     0.13087
  43     0.44022     0.13612
  44     0.45001     0.14137
  45     0.46006     0.14689
  46     0.47004     0.15248
  47     0.48039     0.15838
  48     0.49001       0.164
  49     0.50024      0.1701
  50      0.5112     0.17675
  51     0.52007     0.18223
  52     0.53033      0.1887
  53     0.54001     0.19493
  54     0.55004     0.20153
  55     0.56245      0.2099
  56     0.57008     0.21516
  57     0.58004     0.22216
  58     0.59018     0.22948
  59     0.60003     0.23677
  60     0.61005      0.2444
  61     0.62005     0.25218
  62     0.63167     0.26146
  63     0.64017     0.26841
  64     0.65016     0.27674
  65     0.66016     0.28526
  66     0.67114     0.29482
  67     0.68001     0.30273
  68     0.69011     0.31195
  69     0.70011      0.3213
  70     0.71054      0.3313
  71     0.72011     0.34072
  72     0.73013     0.35081
  73     0.74002     0.36103
  74     0.75011     0.37172
  75     0.76028     0.38277
  76     0.77004     0.39375
  77     0.78009     0.40534
  78     0.79004     0.41716
  79     0.80087     0.43039
  80     0.81049      0.4426
  81     0.82009      0.4552
  82     0.83009     0.46877
  83     0.84011     0.48283
  84     0.85024      0.4977
  85     0.86023     0.51293
  86     0.87017     0.52885
  87     0.88008     0.54574
  88     0.89009     0.56369
  89      0.9004     0.58336
  90     0.91046     0.60376
  91     0.92017     0.62486
  92     0.93007     0.64796
  93     0.94012     0.67365
  94      0.9504     0.70295
  95     0.96013     0.73476
  96     0.97018     0.77229
  97     0.98019      0.8174
  98     0.99014     0.87942
  99           1           1
-----------------------------------------

----------------- PPP$ and local currency --------------
         PPP used in computation: 20.741
     Data mean in local currency: 3298.68
               Data mean in PPP$: 351.742
        Poverty line in PPP$/Day: 1.9
      Poverty line in PPP$/Month: 57.7917
  Poverty line in local currency: 541.977
-------------------------------------------------------

----------------- Estimation result --------------
     Number of observation: 4438
          Total population: 8.69763E+06
              Total wealth: 1.38328E+09(PPP$)
                   Minimum: 0(PPP$)
                   Maximum: 5792.02(PPP$)
             Headcount(HC): 0.0679153
          Poverty gap (PG): 0.0227594
       Poverty gap squared: 0.0118272
                      Gini: 0.520936
                    Median: 213.029
                       MLD: 0.5
                      Watt: 0.0302948
--------------------------------------------------

-------------------------------- Income or Consumption share by deciles (%) -------------------------------------
       1.33     2.5074     3.4306     4.3122     5.4152     6.6795     8.4448     10.813     15.327     41.741
-----------------------------------------------------------------------------------------------------------------


