

**********************************************************************************************
**                                   Basic Information                                      **
**********************************************************************************************

----------------- Dataset Information -----------------
                         Country: Dominican Republic
                    Country dode: DOM
                       Data Year: 2005
                        Coverage: National
             Welfare measurement: Income
                     Data format: Unit record
                     Data source: DOM_N2005Y
                  Data time span: UnDefined
-------------------------------------------------------


----------- Distribution ------------
   i           P           L 
-------------------------------------
   0    0.010032  0.00059554
   1    0.020073   0.0015902
   2    0.030463   0.0028049
   3    0.040052   0.0040869
   4    0.050061   0.0055854
   5    0.060315   0.0072633
   6    0.070122   0.0090164
   7    0.080036    0.010909
   8    0.090161    0.012928
   9      0.1001    0.015002
  10     0.11021    0.017193
  11     0.12038    0.019517
  12     0.13021    0.021867
  13     0.14051    0.024434
  14     0.15004    0.026897
  15     0.16001    0.029568
  16     0.17006    0.032359
  17     0.18012    0.035253
  18     0.19094    0.038472
  19         0.2    0.041242
  20     0.21018    0.044443
  21      0.2201    0.047653
  22     0.23002    0.050943
  23      0.2402    0.054395
  24     0.25047    0.057998
  25     0.26022    0.061536
  26     0.27021    0.065256
  27     0.28003    0.069015
  28     0.29014    0.072991
  29     0.30008     0.07699
  30     0.31061    0.081303
  31     0.32017    0.085328
  32     0.33009    0.089619
  33     0.34012     0.09405
  34     0.35013    0.098574
  35     0.36013     0.10319
  36      0.3701     0.10791
  37     0.38003     0.11269
  38     0.39022     0.11772
  39     0.40013     0.12268
  40     0.41001     0.12775
  41     0.42042     0.13322
  42     0.43005      0.1384
  43     0.44005     0.14389
  44        0.45     0.14945
  45     0.46013     0.15521
  46     0.47017     0.16104
  47     0.48139     0.16771
  48     0.49022     0.17306
  49     0.50068     0.17951
  50     0.51022      0.1855
  51     0.52003     0.19175
  52     0.53004     0.19828
  53     0.54002     0.20496
  54     0.55066     0.21225
  55     0.56003      0.2188
  56     0.57033     0.22616
  57     0.58031     0.23345
  58     0.59026     0.24088
  59     0.60013     0.24842
  60     0.61011     0.25622
  61     0.62003     0.26415
  62     0.63003     0.27229
  63     0.64015     0.28074
  64     0.65062     0.28966
  65     0.66003     0.29788
  66     0.67021     0.30702
  67     0.68007     0.31613
  68     0.69002     0.32555
  69     0.70009     0.33531
  70     0.71003      0.3452
  71     0.72008     0.35542
  72     0.73009     0.36584
  73     0.74012     0.37653
  74      0.7501     0.38744
  75     0.76003     0.39858
  76        0.77     0.41012
  77     0.78022      0.4223
  78     0.79008      0.4344
  79     0.80001     0.44705
  80     0.81006     0.46032
  81     0.82004     0.47402
  82     0.83001     0.48826
  83     0.84012     0.50335
  84     0.85002     0.51876
  85     0.86002     0.53507
  86     0.87019     0.55241
  87     0.88018     0.57043
  88     0.89001     0.58923
  89     0.90008     0.60962
  90     0.91002       0.631
  91     0.92005     0.65409
  92     0.93004     0.67848
  93     0.94004     0.70459
  94     0.95006     0.73313
  95     0.96003     0.76396
  96     0.97005     0.79893
  97     0.98002     0.83988
  98     0.99013     0.89611
  99           1           1
-----------------------------------------

----------------- PPP$ and local currency --------------
         PPP used in computation: 20.741
     Data mean in local currency: 4992.12
               Data mean in PPP$: 345.376
        Poverty line in PPP$/Day: 1.9
      Poverty line in PPP$/Month: 57.7917
  Poverty line in local currency: 835.33
-------------------------------------------------------

----------------- Estimation result --------------
     Number of observation: 5914
          Total population: 8.94825E+06
              Total wealth: 2.15374E+09(PPP$)
                   Minimum: 0(PPP$)
                   Maximum: 16280.7(PPP$)
             Headcount(HC): 0.0584272
          Poverty gap (PG): 0.016928
       Poverty gap squared: 0.00753247
                      Gini: 0.49959
                    Median: 214.833
                       MLD: 0.445202
                      Watt: 0.022533
--------------------------------------------------

-------------------------------- Income or Consumption share by deciles (%) -------------------------------------
     1.4981      2.626     3.5717     4.5659     5.6472     6.9232     8.6904     11.181     16.242     39.055
-----------------------------------------------------------------------------------------------------------------


