

**********************************************************************************************
**                                   Basic Information                                      **
**********************************************************************************************

----------------- Dataset Information -----------------
                         Country: Dominican Republic
                    Country dode: DOM
                       Data Year: 1996
                        Coverage: National
             Welfare measurement: Income
                     Data format: Unit record
                     Data source: DOM_N1996Y
                  Data time span: UnDefined
-------------------------------------------------------


----------- Distribution ------------
   i           P           L 
-------------------------------------
   0    0.010256  0.00022898
   1    0.020166   0.0010568
   2    0.030071   0.0021622
   3    0.040005   0.0034655
   4    0.050061   0.0049651
   5    0.060023   0.0066098
   6    0.070144   0.0084623
   7    0.080062     0.01042
   8    0.090332     0.01259
   9     0.10025    0.014786
  10     0.11043    0.017169
  11     0.12031    0.019596
  12     0.13022    0.022133
  13     0.14017    0.024785
  14     0.15002    0.027535
  15     0.16005    0.030442
  16     0.17008    0.033441
  17     0.18022    0.036576
  18     0.19035    0.039827
  19     0.20028    0.043108
  20     0.21001    0.046452
  21     0.22005    0.050003
  22     0.23003    0.053646
  23     0.24008    0.057411
  24     0.25006    0.061216
  25        0.26    0.065078
  26     0.27012    0.069105
  27      0.2801    0.073182
  28     0.29016      0.0774
  29     0.30003    0.081632
  30     0.31043    0.086227
  31      0.3201    0.090607
  32     0.33084    0.095577
  33     0.34005    0.099935
  34     0.35213     0.10578
  35     0.36023     0.10976
  36     0.37025     0.11485
  37     0.38017     0.11998
  38      0.3902     0.12525
  39     0.40004     0.13054
  40     0.41127     0.13676
  41     0.42033     0.14191
  42     0.43001     0.14754
  43     0.44003     0.15345
  44     0.45007     0.15948
  45     0.46015      0.1657
  46     0.47027     0.17206
  47     0.48147     0.17926
  48     0.49053     0.18515
  49     0.50008     0.19147
  50     0.51042     0.19848
  51     0.52021     0.20521
  52     0.53062     0.21251
  53     0.54001     0.21922
  54      0.5508     0.22708
  55     0.56018     0.23407
  56     0.57004     0.24159
  57     0.58001     0.24938
  58     0.59013     0.25743
  59     0.60002     0.26542
  60     0.61003     0.27366
  61     0.62014     0.28218
  62     0.63005     0.29069
  63     0.64024     0.29967
  64        0.65     0.30845
  65     0.66012     0.31776
  66     0.67005     0.32708
  67     0.68021     0.33683
  68     0.69014     0.34652
  69     0.70022     0.35658
  70     0.71008     0.36665
  71     0.72039     0.37749
  72     0.73011     0.38797
  73     0.74081     0.39984
  74     0.75011     0.41045
  75     0.76037     0.42258
  76     0.77009     0.43434
  77     0.78001     0.44671
  78     0.79016     0.45981
  79     0.80035     0.47328
  80     0.81015     0.48667
  81     0.82007     0.50064
  82     0.83005     0.51515
  83     0.84038      0.5307
  84     0.85008     0.54596
  85     0.86005     0.56215
  86      0.8701     0.57909
  87     0.88011     0.59678
  88     0.89013     0.61548
  89     0.90008     0.63516
  90     0.91004     0.65607
  91     0.92011     0.67867
  92     0.93002      0.7024
  93     0.94005     0.72833
  94     0.95012     0.75668
  95     0.96039     0.78835
  96      0.9702     0.82262
  97     0.98004     0.86285
  98     0.99005     0.91398
  99           1           1
-----------------------------------------

----------------- PPP$ and local currency --------------
         PPP used in computation: 20.741
     Data mean in local currency: 1692.41
               Data mean in PPP$: 366.205
        Poverty line in PPP$/Day: 1.9
      Poverty line in PPP$/Month: 57.7917
  Poverty line in local currency: 267.083
-------------------------------------------------------

----------------- Estimation result --------------
     Number of observation: 4407
          Total population: 7.40799E+06
              Total wealth: 6.04472E+08(PPP$)
                   Minimum: 0(PPP$)
                   Maximum: 1865.47(PPP$)
             Headcount(HC): 0.0493033
          Poverty gap (PG): 0.0186095
       Poverty gap squared: 0.0112363
                      Gini: 0.474344
                    Median: 245.944
                       MLD: 0.433272
                      Watt: 0.0222325
--------------------------------------------------

-------------------------------- Income or Consumption share by deciles (%) -------------------------------------
      1.473     2.8286     3.8604     4.8901     6.0901     7.3984     9.0949     11.646      16.22     36.499
-----------------------------------------------------------------------------------------------------------------


