

**********************************************************************************************
**                                   Basic Information                                      **
**********************************************************************************************

----------------- Dataset Information -----------------
                         Country: Dominican Republic
                    Country dode: DOM
                       Data Year: 2000
                        Coverage: National
             Welfare measurement: Income
                     Data format: Unit record
                     Data source: DOM_N2000Y
                  Data time span: UnDefined
-------------------------------------------------------


----------- Distribution ------------
   i           P           L 
-------------------------------------
   0    0.010121  0.00031856
   1    0.020406   0.0011069
   2    0.030145   0.0020066
   3    0.040062    0.003047
   4    0.050041   0.0042125
   5    0.060094   0.0055542
   6    0.070184   0.0070632
   7    0.080147   0.0086799
   8    0.090377     0.01047
   9      0.1003    0.012299
  10     0.11028     0.01426
  11     0.12037     0.01638
  12     0.13018    0.018538
  13     0.14025    0.020843
  14     0.15001    0.023186
  15     0.16191    0.026191
  16     0.17032    0.028379
  17     0.18147    0.031388
  18     0.19022    0.033822
  19     0.20252    0.037351
  20     0.21006    0.039573
  21     0.22019    0.042644
  22     0.23068    0.045912
  23     0.24139    0.049374
  24     0.25041    0.052378
  25     0.26001    0.055643
  26     0.27006    0.059133
  27     0.28113    0.063086
  28     0.29009    0.066357
  29     0.30032    0.070192
  30     0.31027     0.07401
  31     0.32041    0.078015
  32     0.33009    0.081931
  33     0.34007    0.086082
  34     0.35028    0.090408
  35        0.36    0.094602
  36     0.37003    0.099007
  37     0.38031     0.10363
  38     0.39039     0.10825
  39     0.40032     0.11288
  40     0.41014     0.11756
  41     0.42022      0.1225
  42     0.43115     0.12801
  43     0.44003     0.13259
  44     0.45015     0.13793
  45      0.4603     0.14345
  46     0.47016     0.14892
  47     0.48005     0.15455
  48     0.49004     0.16036
  49     0.50026     0.16644
  50     0.51016     0.17245
  51     0.52006     0.17863
  52     0.53016     0.18507
  53     0.54003     0.19153
  54     0.55066     0.19866
  55     0.56187     0.20637
  56     0.57066     0.21256
  57     0.58441      0.2225
  58     0.59003     0.22662
  59     0.60044     0.23442
  60      0.6102     0.24195
  61      0.6202     0.24987
  62     0.63011     0.25792
  63     0.64009     0.26621
  64     0.65037     0.27498
  65     0.66027     0.28363
  66     0.67031     0.29261
  67     0.68002     0.30147
  68     0.69001     0.31077
  69     0.70099     0.32128
  70     0.71009      0.3303
  71     0.72035     0.34081
  72     0.73009     0.35109
  73     0.74012     0.36199
  74      0.7501     0.37307
  75     0.76065     0.38506
  76     0.77075     0.39686
  77     0.78007     0.40808
  78     0.79036     0.42084
  79     0.80041     0.43372
  80        0.81     0.44648
  81     0.82001     0.46023
  82     0.83046     0.47519
  83      0.8401     0.48953
  84     0.85004     0.50495
  85     0.86021     0.52146
  86     0.87003     0.53799
  87     0.88002     0.55543
  88        0.89     0.57355
  89     0.90012     0.59305
  90     0.91012     0.61366
  91     0.92003     0.63564
  92     0.93007     0.65988
  93     0.94013     0.68652
  94     0.95023     0.71593
  95     0.96008     0.74811
  96     0.97028     0.78582
  97     0.98016     0.82909
  98     0.99001     0.88475
  99           1           1
-----------------------------------------

----------------- PPP$ and local currency --------------
         PPP used in computation: 20.741
     Data mean in local currency: 2742.88
               Data mean in PPP$: 434.615
        Poverty line in PPP$/Day: 1.9
      Poverty line in PPP$/Month: 57.7917
  Poverty line in local currency: 364.726
-------------------------------------------------------

----------------- Estimation result --------------
     Number of observation: 3605
          Total population: 8.24137E+06
              Total wealth: 1.08987E+09(PPP$)
                   Minimum: 0(PPP$)
                   Maximum: 13938.3(PPP$)
             Headcount(HC): 0.0545687
          Poverty gap (PG): 0.018541
       Poverty gap squared: 0.00952812
                      Gini: 0.520089
                    Median: 261.202
                       MLD: 0.503183
                      Watt: 0.0248239
--------------------------------------------------

-------------------------------- Income or Consumption share by deciles (%) -------------------------------------
     1.2244     2.4385     3.3445     4.2659     5.3552     6.7801     8.6247     11.286     15.963     40.718
-----------------------------------------------------------------------------------------------------------------


