

**********************************************************************************************
**                                   Basic Information                                      **
**********************************************************************************************

----------------- Dataset Information -----------------
                         Country: Dominican Republic
                    Country dode: DOM
                       Data Year: 2013
                        Coverage: National
             Welfare measurement: Income
                     Data format: Unit record
                     Data source: DOM_N2013Y
                  Data time span: UnDefined
-------------------------------------------------------


----------- Distribution ------------
   i           P           L 
-------------------------------------
   0    0.010937   0.0010128
   1    0.020003   0.0022162
   2     0.03007   0.0038031
   3    0.040222   0.0056186
   4     0.05005   0.0075059
   5    0.060039   0.0095529
   6    0.070042    0.011747
   7    0.080065    0.014073
   8    0.090013    0.016505
   9      0.1009    0.019261
  10     0.11027    0.021718
  11     0.12002    0.024354
  12     0.13004    0.027164
  13     0.14003    0.030057
  14     0.15026    0.033099
  15     0.16006    0.036116
  16     0.17013    0.039307
  17     0.18008    0.042548
  18     0.19009    0.045911
  19     0.20196    0.050026
  20     0.21007     0.05289
  21        0.22    0.056467
  22     0.23003    0.060169
  23     0.24006    0.063981
  24     0.25004    0.067863
  25     0.26009     0.07188
  26     0.27004    0.075942
  27     0.28003     0.08011
  28     0.29029    0.084476
  29         0.3      0.0887
  30     0.31002    0.093149
  31     0.32004    0.097693
  32     0.33051     0.10256
  33     0.34013     0.10713
  34     0.35004     0.11192
  35     0.36008     0.11688
  36     0.37023     0.12198
  37      0.3801     0.12701
  38     0.39152     0.13296
  39         0.4     0.13745
  40     0.41005      0.1429
  41     0.42031      0.1486
  42     0.43019     0.15422
  43     0.44044     0.16017
  44     0.45004     0.16585
  45     0.46002     0.17186
  46     0.47001       0.178
  47     0.48012     0.18433
  48     0.49064     0.19104
  49     0.50023     0.19724
  50     0.51018     0.20381
  51     0.52058     0.21078
  52     0.53002     0.21724
  53     0.54004     0.22423
  54     0.55021     0.23148
  55     0.56007     0.23865
  56      0.5701     0.24611
  57     0.58004     0.25364
  58     0.59001     0.26136
  59     0.60004     0.26931
  60     0.61015     0.27746
  61     0.62005      0.2856
  62      0.6305     0.29435
  63        0.64     0.30246
  64     0.65012     0.31127
  65     0.66006      0.3201
  66     0.67012     0.32923
  67     0.68004     0.33845
  68     0.69015     0.34799
  69     0.70002     0.35751
  70     0.71001     0.36739
  71     0.72074     0.37822
  72     0.73032     0.38809
  73      0.7403     0.39863
  74     0.75032     0.40956
  75     0.76026     0.42075
  76     0.77004      0.4321
  77     0.78019      0.4442
  78     0.79019     0.45646
  79     0.80002     0.46893
  80     0.81011     0.48217
  81      0.8201     0.49572
  82     0.83008      0.5097
  83     0.84002     0.52418
  84     0.85007     0.53943
  85     0.86025     0.55549
  86     0.87004     0.57163
  87     0.88002     0.58881
  88     0.89053     0.60773
  89     0.90004     0.62593
  90     0.91166     0.64967
  91     0.92036     0.66852
  92     0.93001     0.69104
  93     0.94007     0.71668
  94     0.95005     0.74498
  95     0.96021     0.77704
  96     0.97033     0.81357
  97     0.98088     0.85894
  98     0.99014     0.90777
  99           1           1
-----------------------------------------

----------------- PPP$ and local currency --------------
         PPP used in computation: 20.741
     Data mean in local currency: 8589.27
               Data mean in PPP$: 377.033
        Poverty line in PPP$/Day: 1.9
      Poverty line in PPP$/Month: 57.7917
  Poverty line in local currency: 1316.56
-------------------------------------------------------

----------------- Estimation result --------------
     Number of observation: 6510
          Total population: 1.01805E+07
              Total wealth: 4.21593E+09(PPP$)
                   Minimum: 11.2169(PPP$)
                   Maximum: 13889.5(PPP$)
             Headcount(HC): 0.0232419
          Poverty gap (PG): 0.00561801
       Poverty gap squared: 0.00206906
                      Gini: 0.470716
                    Median: 246.305
                       MLD: 0.37829
                      Watt: 0.00719203
--------------------------------------------------

-------------------------------- Income or Consumption share by deciles (%) -------------------------------------
     1.9033     3.0314     3.9352     4.8755     5.9636     7.2183     8.8222     11.141     15.695     37.415
-----------------------------------------------------------------------------------------------------------------


