

**********************************************************************************************
**                                   Basic Information                                      **
**********************************************************************************************

----------------- Dataset Information -----------------
                         Country: Ecuador
                    Country dode: ECU
                       Data Year: 1995
                        Coverage: Urban
             Welfare measurement: Income
                     Data format: Unit record
                     Data source: ECU_U1995Y
                  Data time span: UnDefined
-------------------------------------------------------


----------- Distribution ------------
   i           P           L 
-------------------------------------
   0    0.030147           0
   1    0.030147           0
   2    0.030147           0
   3    0.042423  0.00070084
   4    0.050366   0.0014733
   5    0.064042   0.0032413
   6    0.071507   0.0043916
   7    0.080098    0.005851
   8    0.090147   0.0077238
   9     0.10135    0.010029
  10      0.1264    0.015839
  11      0.1264    0.015839
  12     0.13015    0.016752
  13     0.14147    0.019664
  14     0.16471    0.026091
  15     0.16471    0.026091
  16     0.17122    0.027975
  17     0.18069    0.030807
  18      0.1937    0.034855
  19     0.20774    0.039398
  20     0.21163    0.040693
  21     0.23757    0.049705
  22     0.23757    0.049705
  23     0.24023    0.050647
  24     0.27107    0.062094
  25     0.27107    0.062094
  26     0.27107    0.062094
  27     0.28326    0.066804
  28     0.29232    0.070395
  29      0.3007     0.07381
  30     0.31361    0.079202
  31     0.32035    0.082103
  32     0.33042    0.086557
  33     0.38098      0.1101
  34     0.38098      0.1101
  35     0.38098      0.1101
  36     0.38098      0.1101
  37     0.38098      0.1101
  38     0.39272     0.11578
  39     0.40054     0.11967
  40     0.41097     0.12504
  41     0.42006     0.12983
  42     0.43335     0.13699
  43     0.45368     0.14837
  44     0.45368     0.14837
  45     0.46107     0.15261
  46     0.47452     0.16046
  47     0.48003     0.16372
  48     0.49154     0.17068
  49     0.50911     0.18161
  50     0.51032     0.18236
  51     0.52153     0.18949
  52     0.53371     0.19743
  53     0.54016     0.20173
  54     0.55024     0.20858
  55      0.5786     0.22842
  56      0.5786     0.22842
  57     0.58047     0.22975
  58      0.5904     0.23696
  59     0.60318     0.24651
  60     0.61845      0.2583
  61     0.62392     0.26263
  62     0.63049     0.26792
  63     0.64051     0.27611
  64     0.65046     0.28444
  65     0.66117     0.29362
  66     0.67026     0.30164
  67     0.68003     0.31049
  68     0.70749     0.33614
  69     0.70749     0.33614
  70     0.71041     0.33892
  71     0.72006      0.3484
  72     0.73008     0.35861
  73     0.74046     0.36959
  74     0.75002     0.38001
  75     0.76061     0.39186
  76     0.77987     0.41427
  77     0.78036     0.41485
  78     0.79488     0.43263
  79     0.80038     0.43963
  80     0.81223     0.45527
  81     0.82955     0.47942
  82     0.83016     0.48028
  83     0.84013     0.49496
  84     0.85014      0.5104
  85     0.86249     0.53063
  86     0.87148     0.54616
  87     0.89076      0.5816
  88     0.89076      0.5816
  89      0.9002     0.60011
  90     0.91057     0.62231
  91     0.92345     0.65226
  92     0.93014     0.66868
  93     0.94341     0.70494
  94     0.95013     0.72489
  95     0.96005     0.75688
  96     0.97066     0.79555
  97     0.98207     0.84551
  98     0.99036     0.89177
  99           1           1
-----------------------------------------

----------------- PPP$ and local currency --------------
         PPP used in computation: 0.547234
     Data mean in local currency: 214058
               Data mean in PPP$: 220.742
        Poverty line in PPP$/Day: 1.9
      Poverty line in PPP$/Month: 57.7917
  Poverty line in local currency: 56041.9
-------------------------------------------------------

----------------- Estimation result --------------
     Number of observation: 1101
          Total population: 6.53497E+06
              Total wealth: 2.55624E+12(PPP$)
                   Minimum: 0(PPP$)
                   Maximum: 2.46695E+07(PPP$)
             Headcount(HC): 0.138088
          Poverty gap (PG): 0.066391
       Poverty gap squared: 0.0484399
                      Gini: 0.509651
                    Median: 137.496
                       MLD: 0.831584
                      Watt: 0.054656
--------------------------------------------------

-------------------------------- Income or Consumption share by deciles (%) -------------------------------------
    0.97507     2.7144      3.663     4.5881     5.6534     6.8192     8.5018         11     16.058     40.028
-----------------------------------------------------------------------------------------------------------------


