

**********************************************************************************************
**                                   Basic Information                                      **
**********************************************************************************************

----------------- Dataset Information -----------------
                         Country: Ecuador
                    Country dode: ECU
                       Data Year: 2014
                        Coverage: National
             Welfare measurement: Income
                     Data format: Unit record
                     Data source: ECU_N2014Y
                  Data time span: UnDefined
-------------------------------------------------------


----------- Distribution ------------
   i           P           L 
-------------------------------------
   0    0.010003  0.00031682
   1    0.020073   0.0013051
   2    0.030728    0.002695
   3    0.040769   0.0042382
   4    0.050118   0.0058679
   5    0.060595   0.0078721
   6    0.070017   0.0098394
   7    0.080452      0.0122
   8     0.09172    0.014924
   9     0.10007    0.017041
  10     0.11027    0.019743
  11     0.12335    0.023382
  12     0.13008    0.025322
  13      0.1404    0.028382
  14     0.15014     0.03139
  15     0.16153    0.035057
  16     0.17047    0.038031
  17        0.18    0.041281
  18     0.19168    0.045405
  19     0.20306    0.049559
  20     0.21003    0.052171
  21     0.22001    0.055987
  22     0.23092    0.060278
  23     0.24013    0.063977
  24     0.25008    0.068077
  25     0.26085    0.072654
  26      0.2736    0.078231
  27     0.28003    0.081103
  28     0.29038      0.0858
  29     0.30032    0.090421
  30     0.31026    0.095139
  31     0.32603     0.10283
  32     0.33016     0.10488
  33        0.34     0.10985
  34     0.35089     0.11547
  35     0.36034     0.12044
  36     0.37124     0.12629
  37     0.38088     0.13158
  38     0.39401     0.13895
  39     0.40173     0.14336
  40     0.41027     0.14829
  41        0.42     0.15404
  42     0.43042     0.16028
  43     0.44128     0.16691
  44     0.45098     0.17294
  45     0.46008      0.1787
  46     0.47224     0.18659
  47     0.48003     0.19173
  48     0.49026      0.1986
  49     0.50041     0.20554
  50     0.51002     0.21222
  51     0.52042     0.21959
  52     0.53027      0.2267
  53     0.54075      0.2344
  54     0.55063     0.24179
  55     0.56029     0.24916
  56     0.57003     0.25673
  57     0.58005     0.26467
  58     0.59104     0.27357
  59     0.60154     0.28227
  60     0.61065     0.28996
  61     0.62021     0.29821
  62     0.63193     0.30859
  63     0.64017     0.31603
  64     0.65044     0.32549
  65     0.66002     0.33448
  66     0.67002     0.34405
  67     0.68105     0.35484
  68     0.69007     0.36382
  69      0.7011     0.37508
  70     0.71063     0.38506
  71     0.72007     0.39513
  72     0.73016     0.40611
  73     0.74117     0.41841
  74     0.75005     0.42854
  75     0.76012     0.44033
  76      0.7707     0.45301
  77     0.78013     0.46461
  78     0.79006     0.47713
  79     0.80003     0.49009
  80     0.81035     0.50391
  81     0.82017     0.51747
  82     0.83046     0.53216
  83     0.84023     0.54655
  84     0.85014     0.56163
  85     0.86006     0.57733
  86     0.87005      0.5938
  87     0.88018      0.6112
  88      0.8901     0.62898
  89         0.9     0.64762
  90     0.91005      0.6676
  91     0.92005     0.68866
  92     0.93002     0.71105
  93     0.94001     0.73498
  94     0.95001     0.76074
  95     0.96003     0.78907
  96     0.97002     0.82075
  97     0.98037     0.85942
  98     0.99003     0.90562
  99           1           1
-----------------------------------------

----------------- PPP$ and local currency --------------
         PPP used in computation: 0.547234
     Data mean in local currency: 223.846
               Data mean in PPP$: 361.213
        Poverty line in PPP$/Day: 1.9
      Poverty line in PPP$/Month: 57.7917
  Poverty line in local currency: 35.8138
-------------------------------------------------------

----------------- Estimation result --------------
     Number of observation: 7561
          Total population: 1.60073E+07
              Total wealth: 6.54779E+09(PPP$)
                   Minimum: 0(PPP$)
                   Maximum: 46494.8(PPP$)
             Headcount(HC): 0.0382188
          Poverty gap (PG): 0.0143135
       Poverty gap squared: 0.00873226
                      Gini: 0.453794
                    Median: 248.505
                       MLD: 0.383466
                      Watt: 0.0153295
--------------------------------------------------

-------------------------------- Income or Consumption share by deciles (%) -------------------------------------
     1.7025     3.1418     4.1829     5.2097      6.289      7.573     9.2972      11.61     15.756     35.238
-----------------------------------------------------------------------------------------------------------------


