

**********************************************************************************************
**                                   Basic Information                                      **
**********************************************************************************************

----------------- Dataset Information -----------------
                         Country: Ecuador
                    Country dode: ECU
                       Data Year: 2005
                        Coverage: National
             Welfare measurement: Income
                     Data format: Unit record
                     Data source: ECU_N2005Y
                  Data time span: UnDefined
-------------------------------------------------------


----------- Distribution ------------
   i           P           L 
-------------------------------------
   0    0.012159           0
   1    0.020006   0.0002068
   2    0.030248  0.00077016
   3    0.040225   0.0015369
   4    0.050237   0.0024841
   5    0.060078   0.0035611
   6     0.07041   0.0048561
   7    0.080156   0.0062033
   8    0.090444   0.0077537
   9     0.10027    0.009357
  10     0.11005    0.011055
  11     0.12005    0.012882
  12      0.1301    0.014813
  13     0.14041    0.016893
  14        0.15    0.018911
  15     0.16275    0.021734
  16     0.17016    0.023451
  17     0.18011    0.025848
  18     0.19005    0.028342
  19     0.20001     0.03094
  20     0.21045    0.033767
  21     0.22077    0.036657
  22     0.23035    0.039435
  23     0.24005    0.042337
  24     0.25251    0.046178
  25     0.26002    0.048564
  26     0.27071    0.052062
  27     0.28033    0.055296
  28     0.29023    0.058722
  29     0.30193    0.062911
  30     0.31007    0.065909
  31     0.32002    0.069689
  32     0.33023    0.073704
  33     0.34002     0.07766
  34     0.35386    0.083383
  35     0.36016    0.086043
  36     0.37054    0.090522
  37     0.38017    0.094789
  38     0.39031    0.099382
  39     0.40194     0.10476
  40        0.41     0.10858
  41     0.42037      0.1136
  42     0.43055     0.11863
  43      0.4401     0.12346
  44     0.45006     0.12862
  45     0.46007     0.13393
  46      0.4701     0.13937
  47     0.48006     0.14489
  48     0.49009     0.15058
  49     0.50022     0.15647
  50     0.51108     0.16296
  51     0.52414     0.17097
  52     0.53103     0.17526
  53     0.54021     0.18106
  54     0.55006     0.18746
  55        0.56     0.19405
  56     0.57013     0.20094
  57     0.58017     0.20792
  58      0.5901     0.21499
  59         0.6     0.22218
  60      0.6119     0.23104
  61     0.62007     0.23728
  62      0.6301     0.24512
  63     0.64018     0.25325
  64     0.65176     0.26281
  65     0.66002     0.26979
  66     0.67031     0.27868
  67     0.68002     0.28731
  68     0.69016     0.29649
  69     0.70001      0.3056
  70     0.71059     0.31567
  71      0.7215     0.32641
  72     0.73012     0.33512
  73     0.74082     0.34625
  74     0.75036     0.35652
  75      0.7623     0.36986
  76      0.7701     0.37882
  77     0.78007     0.39066
  78     0.79007     0.40296
  79      0.8003     0.41592
  80     0.81023     0.42891
  81     0.82034     0.44262
  82     0.83144     0.45828
  83     0.84003     0.47084
  84     0.85001     0.48602
  85     0.86176     0.50481
  86        0.87     0.51866
  87     0.88389     0.54329
  88     0.89027     0.55513
  89     0.90023     0.57451
  90     0.91007     0.59491
  91     0.92014     0.61738
  92      0.9301      0.6415
  93     0.94013      0.6682
  94     0.95067     0.69908
  95     0.96087     0.73319
  96     0.97006     0.76938
  97     0.98015     0.81645
  98     0.99032     0.87959
  99           1           1
-----------------------------------------

----------------- PPP$ and local currency --------------
         PPP used in computation: 0.547234
     Data mean in local currency: 121.51
               Data mean in PPP$: 286.264
        Poverty line in PPP$/Day: 1.9
      Poverty line in PPP$/Month: 57.7917
  Poverty line in local currency: 24.5308
-------------------------------------------------------

----------------- Estimation result --------------
     Number of observation: 4600
          Total population: 1.30822E+07
              Total wealth: 2.90483E+09(PPP$)
                   Minimum: 0(PPP$)
                   Maximum: 15909(PPP$)
             Headcount(HC): 0.135992
          Poverty gap (PG): 0.0567917
       Poverty gap squared: 0.0360801
                      Gini: 0.541192
                    Median: 168.446
                       MLD: 0.597819
                      Watt: 0.0701798
--------------------------------------------------

-------------------------------- Income or Consumption share by deciles (%) -------------------------------------
    0.93132     2.1625     3.1282     4.1645     5.2474     6.5834     8.3411     10.995     15.854     42.593
-----------------------------------------------------------------------------------------------------------------


