

**********************************************************************************************
**                                   Basic Information                                      **
**********************************************************************************************

----------------- Dataset Information -----------------
                         Country: Ecuador
                    Country dode: ECU
                       Data Year: 2013
                        Coverage: National
             Welfare measurement: Income
                     Data format: Unit record
                     Data source: ECU_N2013Y
                  Data time span: UnDefined
-------------------------------------------------------


----------- Distribution ------------
   i           P           L 
-------------------------------------
   0    0.010152   0.0002622
   1    0.020335   0.0011324
   2    0.030267   0.0022996
   3    0.040067   0.0036936
   4     0.05016   0.0053281
   5    0.060066   0.0071236
   6    0.071435   0.0093772
   7    0.080448    0.011308
   8    0.092415    0.014062
   9     0.10028    0.015963
  10      0.1124    0.019022
  11     0.12001    0.021012
  12     0.13118    0.024061
  13     0.14031    0.026666
  14     0.15083     0.02976
  15     0.16123    0.032915
  16     0.17022    0.035721
  17     0.18003    0.038876
  18     0.19066    0.042407
  19     0.20016    0.045639
  20     0.21007     0.04911
  21     0.22158    0.053275
  22     0.23051    0.056591
  23     0.24224    0.061046
  24      0.2502    0.064136
  25     0.26016    0.068079
  26     0.27069    0.072363
  27     0.28106     0.07666
  28     0.29002    0.080463
  29     0.30161     0.08551
  30     0.31003    0.089259
  31     0.32196      0.0947
  32     0.33012    0.098485
  33     0.34034     0.10331
  34     0.35007       0.108
  35     0.36013     0.11295
  36        0.37     0.11791
  37     0.38183     0.12396
  38     0.39027     0.12837
  39     0.40012     0.13362
  40     0.41022     0.13913
  41     0.42104     0.14517
  42     0.43007      0.1503
  43     0.44001     0.15606
  44     0.45002     0.16196
  45     0.46005     0.16798
  46     0.47117     0.17482
  47     0.48005     0.18038
  48        0.49     0.18675
  49     0.50073     0.19377
  50      0.5101     0.20002
  51     0.52028     0.20696
  52     0.53011      0.2138
  53     0.54026     0.22101
  54     0.55002     0.22809
  55     0.56028     0.23569
  56     0.57405     0.24616
  57     0.58002     0.25079
  58     0.59024     0.25884
  59     0.60001     0.26672
  60     0.61028     0.27517
  61     0.62028     0.28357
  62     0.63012       0.292
  63     0.64002     0.30068
  64     0.65011     0.30972
  65     0.66004     0.31883
  66     0.67004     0.32818
  67     0.68025     0.33792
  68     0.69004     0.34749
  69     0.70007     0.35756
  70     0.71007     0.36779
  71     0.72019     0.37835
  72     0.73017     0.38905
  73     0.74031     0.40019
  74     0.75013     0.41128
  75      0.7601     0.42288
  76     0.77008     0.43484
  77     0.78015     0.44729
  78        0.79     0.45985
  79     0.80008     0.47303
  80     0.81083     0.48765
  81     0.82001     0.50052
  82     0.83016     0.51529
  83     0.84183     0.53298
  84     0.85002     0.54582
  85        0.86     0.56209
  86     0.87054     0.58006
  87     0.88005     0.59694
  88     0.89002     0.61539
  89     0.90007     0.63486
  90      0.9103     0.65563
  91     0.92016     0.67645
  92     0.93028     0.69927
  93     0.94122      0.7261
  94      0.9503     0.75014
  95     0.96046     0.77952
  96     0.97103     0.81477
  97     0.98009     0.85047
  98     0.99001     0.89922
  99           1           1
-----------------------------------------

----------------- PPP$ and local currency --------------
         PPP used in computation: 0.547234
     Data mean in local currency: 215.223
               Data mean in PPP$: 360.362
        Poverty line in PPP$/Day: 1.9
      Poverty line in PPP$/Month: 57.7917
  Poverty line in local currency: 34.5156
-------------------------------------------------------

----------------- Estimation result --------------
     Number of observation: 5491
          Total population: 1.56912E+07
              Total wealth: 6.17122E+09(PPP$)
                   Minimum: 0(PPP$)
                   Maximum: 22840.6(PPP$)
             Headcount(HC): 0.0442767
          Poverty gap (PG): 0.0171704
       Poverty gap squared: 0.0105393
                      Gini: 0.47289
                    Median: 238.301
                       MLD: 0.418448
                      Watt: 0.018298
--------------------------------------------------

-------------------------------- Income or Consumption share by deciles (%) -------------------------------------
     1.5895      2.969     3.9224     4.8752     5.9731     7.3425     9.0773     11.544      16.18     36.528
-----------------------------------------------------------------------------------------------------------------


