

**********************************************************************************************
**                                   Basic Information                                      **
**********************************************************************************************

----------------- Dataset Information -----------------
                         Country: Ecuador
                    Country dode: ECU
                       Data Year: 2011
                        Coverage: National
             Welfare measurement: Income
                     Data format: Unit record
                     Data source: ECU_N2011Y
                  Data time span: UnDefined
-------------------------------------------------------


----------- Distribution ------------
   i           P           L 
-------------------------------------
   0    0.010556   7.418E-05
   1    0.020421  0.00066444
   2    0.030142   0.0016167
   3    0.040338   0.0029032
   4    0.050001   0.0043351
   5    0.060031   0.0060445
   6    0.070715   0.0080559
   7    0.081598    0.010281
   8    0.090153    0.012138
   9     0.10023    0.014449
  10     0.11099    0.017039
  11      0.1204    0.019407
  12      0.1307    0.022144
  13     0.14027    0.024793
  14     0.15012    0.027633
  15     0.16008    0.030625
  16     0.17042     0.03386
  17     0.18053    0.037152
  18     0.19009    0.040363
  19     0.20026    0.043916
  20     0.21071    0.047682
  21     0.22014    0.051147
  22      0.2307     0.05514
  23     0.24026    0.058836
  24     0.25052    0.062904
  25     0.26095    0.067158
  26     0.27101    0.071372
  27     0.28003    0.075222
  28     0.29132    0.080154
  29      0.3001    0.084062
  30     0.31011    0.088614
  31     0.32048    0.093437
  32     0.33011    0.098024
  33     0.34012     0.10289
  34     0.35023     0.10791
  35      0.3603     0.11302
  36        0.37     0.11808
  37     0.38011     0.12346
  38     0.39302     0.13052
  39     0.40223     0.13564
  40     0.41035     0.14022
  41     0.42005     0.14581
  42     0.43014     0.15176
  43     0.44369     0.15994
  44     0.45001      0.1638
  45     0.46034     0.17022
  46     0.47005     0.17638
  47      0.4819     0.18412
  48        0.49     0.18952
  49     0.50045     0.19662
  50     0.51004      0.2033
  51     0.52007     0.21042
  52     0.53028     0.21782
  53     0.54016      0.2251
  54     0.55017     0.23263
  55     0.56025     0.24036
  56     0.57004     0.24804
  57     0.58025     0.25623
  58     0.59107     0.26509
  59     0.60007     0.27257
  60     0.61001     0.28099
  61     0.62016     0.28979
  62     0.63014     0.29866
  63       0.641     0.30853
  64     0.65045     0.31729
  65     0.66011     0.32642
  66     0.67008     0.33605
  67     0.68033     0.34622
  68     0.69182      0.3579
  69     0.70006     0.36648
  70        0.71     0.37705
  71     0.72236     0.39053
  72     0.73012     0.39916
  73     0.74006     0.41049
  74     0.75005     0.42227
  75     0.76001     0.43437
  76     0.77003     0.44685
  77     0.78025        0.46
  78     0.79011     0.47305
  79     0.80196     0.48921
  80     0.81113     0.50199
  81      0.8201     0.51487
  82      0.8332     0.53438
  83     0.84012     0.54502
  84     0.85003     0.56082
  85     0.86064     0.57848
  86     0.87014     0.59505
  87     0.88006     0.61307
  88      0.8909     0.63365
  89     0.90006      0.6518
  90     0.91045     0.67349
  91     0.92006     0.69472
  92     0.93264     0.72438
  93     0.94001     0.74285
  94     0.95013     0.76987
  95     0.96001      0.7988
  96     0.97002     0.83151
  97     0.98015      0.8696
  98     0.99015     0.91585
  99           1           1
-----------------------------------------

----------------- PPP$ and local currency --------------
         PPP used in computation: 0.547234
     Data mean in local currency: 181.887
               Data mean in PPP$: 326.426
        Poverty line in PPP$/Day: 1.9
      Poverty line in PPP$/Month: 57.7917
  Poverty line in local currency: 32.202
-------------------------------------------------------

----------------- Estimation result --------------
     Number of observation: 4987
          Total population: 1.42654E+07
              Total wealth: 4.74145E+09(PPP$)
                   Minimum: 0(PPP$)
                   Maximum: 27505(PPP$)
             Headcount(HC): 0.0585531
          Poverty gap (PG): 0.0259022
       Poverty gap squared: 0.0172823
                      Gini: 0.462092
                    Median: 224.333
                       MLD: 0.423844
                      Watt: 0.0285113
--------------------------------------------------

-------------------------------- Income or Consumption share by deciles (%) -------------------------------------
     1.4396     2.9429     4.0193     5.0382     6.1914     7.6204     9.3903     12.012     16.514     34.832
-----------------------------------------------------------------------------------------------------------------


