

**********************************************************************************************
**                                   Basic Information                                      **
**********************************************************************************************

----------------- Dataset Information -----------------
                         Country: Ecuador
                    Country dode: ECU
                       Data Year: 2010
                        Coverage: National
             Welfare measurement: Income
                     Data format: Unit record
                     Data source: ECU_N2010Y
                  Data time span: UnDefined
-------------------------------------------------------


----------- Distribution ------------
   i           P           L 
-------------------------------------
   0    0.010055  7.0819E-05
   1    0.020035  0.00064857
   2    0.030143   0.0016081
   3    0.040429   0.0028424
   4    0.050125   0.0041999
   5    0.060088   0.0057787
   6    0.070195   0.0075499
   7    0.081379   0.0096658
   8    0.091153    0.011648
   9     0.10005    0.013564
  10     0.11009    0.015842
  11     0.12049    0.018315
  12     0.13024    0.020755
  13     0.14099    0.023561
  14     0.15043    0.026097
  15     0.16016    0.028819
  16     0.17002    0.031691
  17     0.18011    0.034708
  18     0.19001    0.037769
  19     0.20586    0.042882
  20      0.2101    0.044284
  21     0.22006    0.047643
  22      0.2301    0.051122
  23     0.24028    0.054738
  24     0.25004    0.058284
  25     0.26004    0.062025
  26      0.2752    0.067904
  27     0.28008    0.069834
  28     0.29037    0.073995
  29     0.30008     0.07803
  30     0.31004     0.08227
  31      0.3204    0.086791
  32     0.33183    0.091898
  33     0.34013     0.09568
  34     0.35049     0.10052
  35     0.36006     0.10508
  36     0.37019     0.11003
  37     0.38036     0.11511
  38     0.39031     0.12019
  39     0.40002     0.12523
  40     0.41004     0.13055
  41     0.42025      0.1361
  42     0.43034     0.14171
  43     0.44003     0.14721
  44     0.45014     0.15306
  45     0.46033      0.1591
  46     0.47006     0.16493
  47     0.48016     0.17108
  48     0.49067     0.17762
  49     0.50053     0.18388
  50     0.51315      0.1921
  51     0.52004     0.19666
  52     0.53021     0.20355
  53     0.54011     0.21039
  54      0.5515     0.21844
  55     0.56002     0.22458
  56     0.57002     0.23194
  57     0.58005     0.23949
  58     0.59001     0.24714
  59     0.60041     0.25531
  60     0.61005     0.26305
  61     0.62104     0.27206
  62     0.63009      0.2796
  63     0.64009     0.28812
  64     0.65013     0.29688
  65     0.66032     0.30596
  66     0.67006     0.31482
  67     0.68002     0.32407
  68      0.6903     0.33387
  69     0.70007     0.34342
  70      0.7101     0.35341
  71     0.72002     0.36356
  72     0.73003     0.37403
  73     0.74143     0.38631
  74     0.75001     0.39579
  75     0.76035     0.40755
  76     0.77033     0.41926
  77     0.78006     0.43104
  78     0.79006     0.44359
  79     0.80432     0.46209
  80     0.81007     0.46971
  81        0.82     0.48335
  82     0.83008     0.49773
  83     0.84002     0.51246
  84     0.85033     0.52841
  85     0.86012     0.54426
  86        0.87     0.56091
  87     0.88036     0.57912
  88     0.89003     0.59701
  89     0.90003     0.61653
  90     0.91007     0.63717
  91     0.92014     0.65914
  92     0.93002     0.68225
  93      0.9418     0.71209
  94     0.95016     0.73479
  95     0.96019     0.76462
  96      0.9706     0.79951
  97     0.98007     0.83747
  98     0.99003     0.88931
  99           1           1
-----------------------------------------

----------------- PPP$ and local currency --------------
         PPP used in computation: 0.547234
     Data mean in local currency: 168.358
               Data mean in PPP$: 318.861
        Poverty line in PPP$/Day: 1.9
      Poverty line in PPP$/Month: 57.7917
  Poverty line in local currency: 30.5138
-------------------------------------------------------

----------------- Estimation result --------------
     Number of observation: 5343
          Total population: 1.40068E+07
              Total wealth: 4.30921E+09(PPP$)
                   Minimum: 0(PPP$)
                   Maximum: 35601.7(PPP$)
             Headcount(HC): 0.0705245
          Poverty gap (PG): 0.0285401
       Poverty gap squared: 0.0181951
                      Gini: 0.492545
                    Median: 204.862
                       MLD: 0.470997
                      Watt: 0.0336691
--------------------------------------------------

-------------------------------- Income or Consumption share by deciles (%) -------------------------------------
     1.3552      2.744     3.7006     4.7222     5.8323     7.1437     8.8362     11.314     15.999     38.353
-----------------------------------------------------------------------------------------------------------------


