

**********************************************************************************************
**                                   Basic Information                                      **
**********************************************************************************************

----------------- Dataset Information -----------------
                         Country: Ecuador
                    Country dode: ECU
                       Data Year: 2006
                        Coverage: National
             Welfare measurement: Income
                     Data format: Unit record
                     Data source: ECU_N2006Y
                  Data time span: UnDefined
-------------------------------------------------------


----------- Distribution ------------
   i           P           L 
-------------------------------------
   0    0.010029  7.1998E-05
   1     0.02032  0.00061724
   2     0.03009   0.0014211
   3     0.04003   0.0024337
   4    0.050265   0.0036496
   5    0.060008   0.0049652
   6    0.070172    0.006473
   7    0.080045   0.0080722
   8    0.093072    0.010376
   9     0.10016    0.011706
  10     0.11007    0.013662
  11      0.1203    0.015783
  12     0.13017    0.017925
  13     0.14006    0.020169
  14        0.15    0.022522
  15     0.16049    0.025102
  16     0.17022    0.027585
  17     0.18039    0.030276
  18     0.19097    0.033166
  19     0.20012    0.035742
  20     0.21002     0.03862
  21      0.2203     0.04172
  22     0.23141    0.045186
  23     0.24014    0.047991
  24     0.25041    0.051382
  25     0.26003     0.05464
  26     0.27017    0.058152
  27     0.28185    0.062314
  28     0.29001    0.065281
  29     0.30002    0.069015
  30     0.31024    0.072927
  31     0.32269    0.077828
  32     0.33001    0.080761
  33     0.34101    0.085283
  34     0.35039    0.089221
  35     0.36033    0.093484
  36     0.37004    0.097729
  37     0.38225     0.10322
  38     0.39009     0.10683
  39      0.4016     0.11225
  40     0.41043     0.11649
  41     0.42006     0.12121
  42     0.43004      0.1262
  43     0.44048     0.13154
  44     0.45009     0.13658
  45      0.4601     0.14194
  46     0.47053     0.14765
  47     0.48067     0.15334
  48     0.49045     0.15896
  49     0.50089     0.16511
  50      0.5106     0.17094
  51     0.52015     0.17681
  52     0.53113     0.18371
  53     0.54079      0.1899
  54     0.55014     0.19602
  55     0.56005     0.20263
  56     0.57005     0.20947
  57     0.58034     0.21665
  58     0.59076      0.2241
  59     0.60151     0.23193
  60     0.61008     0.23833
  61     0.62015     0.24602
  62     0.63532     0.25793
  63     0.64017     0.26179
  64     0.65004     0.26986
  65     0.66002     0.27821
  66      0.6704     0.28715
  67      0.6801     0.29572
  68     0.69086     0.30547
  69     0.70003     0.31398
  70     0.71001     0.32346
  71     0.72153      0.3347
  72     0.73001     0.34321
  73     0.74016     0.35363
  74     0.75002     0.36404
  75     0.76007     0.37494
  76     0.77035     0.38644
  77     0.78007     0.39762
  78     0.79006     0.40948
  79     0.80082     0.42272
  80     0.81076      0.4354
  81     0.82168     0.44985
  82     0.83011     0.46141
  83     0.84012     0.47567
  84     0.85021      0.4906
  85     0.86371     0.51157
  86     0.87005     0.52182
  87     0.88033      0.5392
  88      0.8901     0.55669
  89     0.90002     0.57546
  90     0.91011     0.59567
  91     0.92128     0.61962
  92     0.93186     0.64412
  93     0.94002      0.6645
  94      0.9502     0.69263
  95     0.96002     0.72304
  96     0.97015     0.75889
  97     0.98002     0.79919
  98     0.99008     0.85244
  99           1           1
-----------------------------------------

----------------- PPP$ and local currency --------------
         PPP used in computation: 0.547234
     Data mean in local currency: 139.244
               Data mean in PPP$: 317.869
        Poverty line in PPP$/Day: 1.9
      Poverty line in PPP$/Month: 57.7917
  Poverty line in local currency: 25.316
-------------------------------------------------------

----------------- Estimation result --------------
     Number of observation: 5116
          Total population: 1.32718E+07
              Total wealth: 3.37702E+09(PPP$)
                   Minimum: 0(PPP$)
                   Maximum: 658908(PPP$)
             Headcount(HC): 0.093072
          Poverty gap (PG): 0.0359996
       Poverty gap squared: 0.0217292
                      Gini: 0.532033
                    Median: 188.332
                       MLD: 0.546792
                      Watt: 0.0455902
--------------------------------------------------

-------------------------------- Income or Consumption share by deciles (%) -------------------------------------
     1.1675     2.4032     3.3301     4.2488     5.3088     6.6245      8.312     10.776     15.371     42.458
-----------------------------------------------------------------------------------------------------------------


