

**********************************************************************************************
**                                   Basic Information                                      **
**********************************************************************************************

----------------- Dataset Information -----------------
                         Country: Ecuador
                    Country dode: ECU
                       Data Year: 2007
                        Coverage: National
             Welfare measurement: Income
                     Data format: Unit record
                     Data source: ECU_N2007Y
                  Data time span: UnDefined
-------------------------------------------------------


----------- Distribution ------------
   i           P           L 
-------------------------------------
   0     0.01008  8.5261E-06
   1    0.020058  0.00037281
   2    0.030659   0.0010398
   3     0.04011   0.0018337
   4    0.050598   0.0029291
   5    0.060023   0.0040598
   6    0.070229   0.0054167
   7     0.08002   0.0068539
   8    0.090564   0.0085136
   9     0.10005    0.010136
  10     0.11112    0.012175
  11     0.12034    0.013973
  12     0.13016    0.015981
  13     0.14006     0.01812
  14     0.15012    0.020393
  15     0.16018    0.022765
  16     0.17003    0.025192
  17     0.18083    0.027957
  18     0.19309    0.031235
  19     0.20072    0.033342
  20     0.21021    0.036044
  21     0.22005    0.038926
  22     0.23023    0.041985
  23     0.24004    0.045028
  24     0.25071    0.048439
  25     0.26015     0.05155
  26      0.2704    0.055022
  27     0.28026    0.058427
  28     0.29004    0.061904
  29     0.30057    0.065728
  30     0.31129    0.069723
  31     0.32008    0.073059
  32        0.33    0.076918
  33     0.34063    0.081161
  34     0.35002    0.084996
  35     0.36004    0.089177
  36     0.37021    0.093534
  37     0.38018      0.0979
  38     0.39021     0.10239
  39      0.4001     0.10689
  40     0.41008     0.11155
  41        0.42     0.11628
  42     0.43001     0.12115
  43     0.44017      0.1262
  44     0.45346     0.13298
  45     0.46089     0.13686
  46     0.47014     0.14177
  47     0.48042     0.14736
  48     0.49387     0.15486
  49     0.50024     0.15847
  50     0.51007     0.16416
  51     0.52332     0.17202
  52     0.53008      0.1761
  53     0.54084     0.18273
  54     0.55015      0.1886
  55     0.56011     0.19502
  56     0.57022     0.20166
  57     0.58209     0.20968
  58     0.59004     0.21515
  59     0.60085     0.22279
  60     0.61022     0.22957
  61     0.62224     0.23853
  62     0.63036     0.24469
  63     0.64079     0.25278
  64     0.65012     0.26021
  65        0.66      0.2683
  66     0.67015     0.27684
  67     0.68045     0.28572
  68     0.69071     0.29484
  69     0.70008     0.30337
  70     0.71004     0.31266
  71     0.72014     0.32229
  72     0.73003     0.33199
  73     0.74024      0.3423
  74     0.75021     0.35269
  75     0.76027     0.36352
  76     0.77015     0.37452
  77     0.78015       0.386
  78     0.79004     0.39779
  79      0.8003     0.41046
  80      0.8114     0.42478
  81     0.82249     0.43966
  82     0.83086     0.45123
  83     0.84022     0.46468
  84     0.85008     0.47953
  85     0.86011     0.49531
  86     0.87065     0.51278
  87     0.88005     0.52917
  88     0.89059     0.54848
  89     0.90015     0.56696
  90     0.91007     0.58744
  91     0.92007     0.60946
  92     0.93025     0.63371
  93     0.94006     0.65898
  94     0.95068     0.68917
  95     0.96021     0.71985
  96     0.97002     0.75619
  97        0.98     0.80118
  98     0.99001     0.86129
  99           1           1
-----------------------------------------

----------------- PPP$ and local currency --------------
         PPP used in computation: 0.547234
     Data mean in local currency: 147.031
               Data mean in PPP$: 326.808
        Poverty line in PPP$/Day: 1.9
      Poverty line in PPP$/Month: 57.7917
  Poverty line in local currency: 26.0004
-------------------------------------------------------

----------------- Estimation result --------------
     Number of observation: 4873
          Total population: 1.33436E+07
              Total wealth: 3.58515E+09(PPP$)
                   Minimum: 0(PPP$)
                   Maximum: 57852.7(PPP$)
             Headcount(HC): 0.100509
          Poverty gap (PG): 0.0427372
       Poverty gap squared: 0.0271389
                      Gini: 0.543278
                    Median: 186.708
                       MLD: 0.584451
                      Watt: 0.0522689
--------------------------------------------------

-------------------------------- Income or Consumption share by deciles (%) -------------------------------------
     1.0127     2.3017     3.2376     4.1329     5.1486     6.3853     8.1112     10.679     15.657     43.334
-----------------------------------------------------------------------------------------------------------------


