

**********************************************************************************************
**                                   Basic Information                                      **
**********************************************************************************************

----------------- Dataset Information -----------------
                         Country: Ecuador
                    Country dode: ECU
                       Data Year: 2004
                        Coverage: National
             Welfare measurement: Income
                     Data format: Unit record
                     Data source: ECU_N2004Y
                  Data time span: UnDefined
-------------------------------------------------------


----------- Distribution ------------
   i           P           L 
-------------------------------------
   0    0.010154           0
   1    0.020271   0.0003152
   2    0.030032  0.00088732
   3    0.040853   0.0017626
   4    0.050129   0.0026767
   5    0.060213   0.0038135
   6    0.070232   0.0050878
   7    0.080498   0.0065289
   8    0.090606   0.0080756
   9     0.10026    0.009667
  10      0.1102    0.011418
  11     0.12084    0.013396
  12     0.13006      0.0152
  13     0.14008    0.017275
  14     0.15009    0.019448
  15      0.1655    0.022987
  16     0.17028    0.024126
  17     0.18083    0.026722
  18       0.191    0.029316
  19     0.20264    0.032409
  20     0.21076    0.034648
  21      0.2205    0.037408
  22     0.23005     0.04021
  23     0.24165    0.043743
  24     0.25037     0.04647
  25     0.26023    0.049641
  26     0.27026    0.052942
  27     0.28088    0.056543
  28     0.29179    0.060351
  29     0.30005    0.063296
  30     0.31003    0.066934
  31     0.32395    0.072161
  32     0.33013    0.074534
  33     0.34064    0.078671
  34     0.35012    0.082512
  35     0.36332     0.08802
  36     0.37273    0.092056
  37     0.38015    0.095295
  38      0.3906    0.099973
  39     0.40051     0.10453
  40     0.41229     0.11005
  41     0.42066     0.11403
  42     0.43003     0.11861
  43     0.44008     0.12364
  44     0.45079     0.12912
  45     0.46014     0.13402
  46     0.47001     0.13934
  47     0.48022     0.14497
  48     0.49001     0.15048
  49     0.50005     0.15627
  50     0.51027     0.16229
  51     0.52178     0.16925
  52     0.53411     0.17689
  53     0.54032     0.18081
  54     0.55013     0.18713
  55     0.56007     0.19367
  56     0.57004     0.20041
  57     0.58018     0.20744
  58     0.59017     0.21449
  59     0.60019     0.22175
  60     0.61001     0.22908
  61     0.62094     0.23742
  62     0.63113     0.24542
  63     0.64011     0.25267
  64     0.65002     0.26085
  65     0.66005     0.26936
  66     0.67063     0.27856
  67        0.68     0.28695
  68     0.69935     0.30495
  69     0.70008     0.30563
  70     0.71084     0.31595
  71     0.72022     0.32521
  72     0.73309     0.33833
  73     0.74039     0.34599
  74     0.75036     0.35668
  75     0.76381     0.37161
  76     0.77018     0.37891
  77     0.78001     0.39048
  78        0.79     0.40262
  79     0.80003      0.4152
  80     0.81011     0.42832
  81      0.8204     0.44227
  82     0.83002     0.45576
  83     0.84294     0.47468
  84     0.85132     0.48755
  85     0.86001     0.50142
  86     0.87026     0.51856
  87     0.88001     0.53572
  88     0.89077     0.55575
  89     0.90001      0.5738
  90     0.91004     0.59492
  91     0.92246     0.62319
  92     0.93121     0.64465
  93     0.94003     0.66786
  94      0.9502     0.69736
  95     0.96019     0.72982
  96     0.97004     0.76647
  97     0.98003     0.81224
  98     0.99012     0.87387
  99           1           1
-----------------------------------------

----------------- PPP$ and local currency --------------
         PPP used in computation: 0.547234
     Data mean in local currency: 106.701
               Data mean in PPP$: 258.345
        Poverty line in PPP$/Day: 1.9
      Poverty line in PPP$/Month: 57.7917
  Poverty line in local currency: 23.8689
-------------------------------------------------------

----------------- Estimation result --------------
     Number of observation: 4060
          Total population: 1.29421E+07
              Total wealth: 2.52347E+09(PPP$)
                   Minimum: 0(PPP$)
                   Maximum: 109980(PPP$)
             Headcount(HC): 0.15196
          Poverty gap (PG): 0.0631599
       Poverty gap squared: 0.0387504
                      Gini: 0.541179
                    Median: 150.766
                       MLD: 0.585997
                      Watt: 0.0832908
--------------------------------------------------

-------------------------------- Income or Consumption share by deciles (%) -------------------------------------
    0.96245     2.2084      3.157     4.1015     5.1949     6.5369     8.3944      10.96     15.862     42.623
-----------------------------------------------------------------------------------------------------------------


