

**********************************************************************************************
**                                   Basic Information                                      **
**********************************************************************************************

----------------- Dataset Information -----------------
                         Country: Ecuador
                    Country dode: ECU
                       Data Year: 2003
                        Coverage: National
             Welfare measurement: Income
                     Data format: Unit record
                     Data source: ECU_N2003Y
                  Data time span: UnDefined
-------------------------------------------------------


----------- Distribution ------------
   i           P           L 
-------------------------------------
   0    0.011521           0
   1    0.020156  0.00021039
   2    0.030365    0.000699
   3    0.040048   0.0013688
   4    0.050242   0.0022604
   5    0.060082   0.0033068
   6    0.070543   0.0045908
   7    0.080085    0.005869
   8    0.090574   0.0073993
   9     0.10058   0.0089611
  10     0.11004    0.010543
  11     0.12004    0.012334
  12     0.13009    0.014251
  13     0.14015    0.016268
  14      0.1506    0.018485
  15     0.16006     0.02058
  16     0.17002    0.022882
  17     0.18001    0.025301
  18     0.19293    0.028564
  19     0.20018    0.030453
  20     0.21009    0.033109
  21     0.22067    0.036049
  22     0.23013    0.038763
  23     0.24361    0.042782
  24     0.25002    0.044745
  25     0.26176     0.04844
  26     0.27003    0.051122
  27     0.28003    0.054463
  28     0.29017    0.057949
  29     0.30067     0.06165
  30     0.31277    0.066066
  31     0.32017    0.068822
  32     0.33009    0.072602
  33     0.34007    0.076497
  34     0.35031    0.080608
  35     0.36183    0.085342
  36     0.37001    0.088791
  37     0.38006    0.093123
  38      0.3912    0.098043
  39     0.40033     0.10214
  40     0.41038     0.10677
  41     0.42035     0.11149
  42     0.43002     0.11618
  43     0.44251     0.12242
  44     0.45029     0.12639
  45     0.46002     0.13144
  46     0.47036     0.13695
  47     0.48646      0.1458
  48     0.49023      0.1479
  49     0.50001     0.15342
  50     0.51008     0.15923
  51     0.52002     0.16513
  52     0.53002      0.1712
  53     0.54139     0.17827
  54     0.55014     0.18383
  55     0.56011      0.1903
  56      0.5704     0.19716
  57     0.58001     0.20371
  58     0.59006     0.21073
  59     0.60002     0.21787
  60     0.61021     0.22537
  61     0.62021     0.23289
  62     0.63138     0.24149
  63     0.64082     0.24893
  64     0.65016     0.25647
  65     0.66023      0.2648
  66     0.67038     0.27339
  67     0.68001     0.28177
  68     0.69052     0.29112
  69     0.70042     0.30015
  70     0.71011     0.30923
  71     0.72048     0.31922
  72     0.73444     0.33317
  73     0.74004     0.33887
  74     0.75026     0.34956
  75     0.76006     0.36014
  76     0.77002     0.37116
  77     0.78002     0.38256
  78     0.79047     0.39493
  79     0.80002     0.40667
  80     0.81103     0.42068
  81     0.82003     0.43255
  82      0.8314     0.44809
  83     0.84027     0.46061
  84     0.85069     0.47606
  85     0.86005     0.49057
  86     0.87023     0.50716
  87     0.88001     0.52402
  88     0.89029     0.54297
  89     0.90169     0.56528
  90     0.91022     0.58303
  91      0.9205     0.60608
  92     0.93002     0.62929
  93     0.94007     0.65609
  94      0.9501     0.68574
  95     0.96005     0.71843
  96     0.97048      0.7587
  97        0.98     0.80195
  98     0.99012     0.86562
  99           1           1
-----------------------------------------

----------------- PPP$ and local currency --------------
         PPP used in computation: 0.547234
     Data mean in local currency: 99.3523
               Data mean in PPP$: 245.275
        Poverty line in PPP$/Day: 1.9
      Poverty line in PPP$/Month: 57.7917
  Poverty line in local currency: 23.4094
-------------------------------------------------------

----------------- Estimation result --------------
     Number of observation: 4567
          Total population: 1.26206E+07
              Total wealth: 2.29132E+09(PPP$)
                   Minimum: 0(PPP$)
                   Maximum: 140708(PPP$)
             Headcount(HC): 0.169363
          Poverty gap (PG): 0.0729129
       Poverty gap squared: 0.0457665
                      Gini: 0.549913
                    Median: 140.306
                       MLD: 0.613293
                      Watt: 0.0994991
--------------------------------------------------

-------------------------------- Income or Consumption share by deciles (%) -------------------------------------
    0.88707     2.1534      3.101     4.0577     5.1417     6.4446     8.1916     10.687     15.533     43.802
-----------------------------------------------------------------------------------------------------------------


