

**********************************************************************************************
**                                   Basic Information                                      **
**********************************************************************************************

----------------- Dataset Information -----------------
                         Country: Ecuador
                    Country dode: ECU
                       Data Year: 2000
                        Coverage: National
             Welfare measurement: Income
                     Data format: Unit record
                     Data source: ECU_N2000Y
                  Data time span: UnDefined
-------------------------------------------------------


----------- Distribution ------------
   i           P           L 
-------------------------------------
   0       0.011           0
   1    0.020093  0.00026295
   2    0.030755  0.00088315
   3    0.040116   0.0016288
   4    0.050511   0.0026263
   5    0.062194    0.003946
   6    0.070297   0.0049655
   7    0.080214   0.0063284
   8    0.090065   0.0077918
   9     0.10214   0.0097133
  10     0.11028    0.011084
  11     0.12023    0.012855
  12     0.13004    0.014715
  13     0.14697    0.018126
  14     0.15064    0.018886
  15     0.16021    0.020936
  16     0.17012    0.023178
  17     0.18025    0.025555
  18     0.19097    0.028153
  19     0.20278    0.031127
  20     0.21069    0.033197
  21     0.22037    0.035816
  22     0.23352    0.039485
  23     0.24048    0.041481
  24     0.25005    0.044303
  25     0.26069    0.047547
  26     0.27002    0.050461
  27     0.28154    0.054195
  28     0.29034    0.057118
  29     0.30002    0.060431
  30     0.31029    0.064055
  31     0.32225    0.068401
  32      0.3317    0.071928
  33     0.34014    0.075147
  34     0.35032    0.079135
  35     0.37106    0.087565
  36     0.37106    0.087565
  37     0.38111    0.091751
  38     0.39015    0.095626
  39     0.40107     0.10042
  40     0.41311     0.10589
  41     0.42851     0.11309
  42     0.43001      0.1138
  43     0.44461     0.12088
  44     0.45031      0.1237
  45     0.46396     0.13062
  46     0.47025     0.13387
  47     0.48023     0.13916
  48     0.49336     0.14628
  49     0.50008     0.14997
  50     0.51086     0.15601
  51     0.52005     0.16126
  52     0.53004     0.16712
  53     0.54774     0.17788
  54     0.55032     0.17948
  55     0.56002     0.18558
  56     0.57411     0.19469
  57     0.58037     0.19883
  58     0.59322     0.20748
  59     0.60099     0.21284
  60     0.61014     0.21927
  61     0.62008      0.2264
  62     0.63002      0.2337
  63     0.64059     0.24167
  64     0.65112      0.2498
  65     0.66002     0.25688
  66      0.6737     0.26805
  67     0.68051     0.27366
  68     0.69106     0.28257
  69     0.70043     0.29071
  70     0.71014     0.29937
  71     0.72119     0.30953
  72     0.73029     0.31813
  73     0.74038     0.32796
  74     0.75476     0.34252
  75     0.76005       0.348
  76     0.77149     0.36025
  77      0.7801      0.3698
  78     0.79012     0.38127
  79     0.80022     0.39323
  80     0.81004      0.4053
  81     0.82067     0.41881
  82     0.83032     0.43151
  83     0.84014      0.4449
  84     0.85001     0.45892
  85     0.86004     0.47375
  86     0.87005     0.48926
  87     0.88015     0.50577
  88     0.89074     0.52401
  89     0.90012     0.54108
  90     0.91481     0.57013
  91     0.92015     0.58141
  92     0.93046     0.60494
  93     0.94033     0.62973
  94     0.95015     0.65753
  95     0.96037     0.69076
  96     0.97009     0.72798
  97     0.98046     0.77783
  98        0.99     0.83961
  99           1           1
-----------------------------------------

----------------- PPP$ and local currency --------------
         PPP used in computation: 0.547234
     Data mean in local currency: 49.0067
               Data mean in PPP$: 176.125
        Poverty line in PPP$/Day: 1.9
      Poverty line in PPP$/Month: 57.7917
  Poverty line in local currency: 16.0805
-------------------------------------------------------

----------------- Estimation result --------------
     Number of observation: 2772
          Total population: 1.18695E+07
              Total wealth: 1.06295E+09(PPP$)
                   Minimum: 0(PPP$)
                   Maximum: 15788.5(PPP$)
             Headcount(HC): 0.281541
          Poverty gap (PG): 0.116379
       Poverty gap squared: 0.0682833
                      Gini: 0.563785
                    Median: 97.5486
                       MLD: 0.625539
                      Watt: 0.16662
--------------------------------------------------

-------------------------------- Income or Consumption share by deciles (%) -------------------------------------
    0.93732     2.1054     2.9998     3.9528     4.9968     6.2233     7.8183     10.263     14.788     45.915
-----------------------------------------------------------------------------------------------------------------


