

**********************************************************************************************
**                                   Basic Information                                      **
**********************************************************************************************

----------------- Dataset Information -----------------
                         Country: Ecuador
                    Country dode: ECU
                       Data Year: 1999
                        Coverage: National
             Welfare measurement: Income
                     Data format: Unit record
                     Data source: ECU_N1999Y
                  Data time span: UnDefined
-------------------------------------------------------


----------- Distribution ------------
   i           P           L 
-------------------------------------
   0    0.010073  0.00010915
   1    0.020298  0.00044534
   2    0.030262  0.00090859
   3    0.040184   0.0014776
   4    0.050125   0.0021675
   5    0.060199   0.0029929
   6    0.070079   0.0039384
   7    0.080026   0.0049887
   8    0.090146   0.0061595
   9     0.10036   0.0074448
  10     0.11013    0.008763
  11     0.12026    0.010252
  12     0.13035    0.011868
  13     0.14008    0.013511
  14     0.15004    0.015305
  15     0.16009    0.017221
  16     0.17021    0.019267
  17     0.18024    0.021411
  18     0.19008    0.023619
  19     0.20048    0.026052
  20     0.21019    0.028432
  21     0.22003    0.030908
  22     0.23016    0.033538
  23     0.24023     0.03624
  24     0.25003    0.038956
  25     0.26006    0.041831
  26     0.27012    0.044794
  27      0.2803    0.047875
  28     0.29006    0.050915
  29     0.30049    0.054265
  30     0.31039    0.057515
  31     0.32024    0.060841
  32     0.33058    0.064432
  33     0.34011    0.067834
  34        0.35    0.071444
  35      0.3603     0.07528
  36     0.37014    0.079071
  37     0.38021    0.083075
  38     0.39024    0.087172
  39     0.40002    0.091243
  40     0.41062     0.09579
  41      0.4204     0.10008
  42     0.43008     0.10445
  43     0.44003     0.10904
  44     0.45009     0.11377
  45     0.46004     0.11857
  46     0.47022      0.1236
  47     0.48023     0.12865
  48     0.49016     0.13375
  49     0.50021     0.13902
  50     0.51011     0.14432
  51     0.52023     0.14988
  52     0.53008     0.15539
  53     0.54014     0.16113
  54     0.55009     0.16697
  55     0.56025     0.17311
  56     0.57062     0.17954
  57     0.58007      0.1855
  58     0.59007     0.19197
  59     0.60002     0.19855
  60     0.61031     0.20555
  61     0.62002      0.2123
  62      0.6303     0.21965
  63     0.64007      0.2268
  64     0.65008     0.23431
  65      0.6602     0.24207
  66     0.67007     0.24982
  67     0.68001     0.25779
  68     0.69021     0.26619
  69     0.70018     0.27467
  70     0.71019     0.28342
  71        0.72     0.29225
  72     0.73008     0.30162
  73     0.74026     0.31138
  74     0.75026     0.32122
  75      0.7601     0.33114
  76     0.77006     0.34157
  77      0.7802     0.35261
  78     0.79002     0.36369
  79         0.8     0.37536
  80     0.81098     0.38862
  81     0.82017     0.40006
  82     0.83013     0.41291
  83     0.84001     0.42619
  84     0.85042     0.44074
  85     0.86002     0.45472
  86     0.87005        0.47
  87     0.88004     0.48608
  88        0.89     0.50316
  89     0.90006      0.5216
  90     0.91009     0.54135
  91     0.92011     0.56247
  92      0.9302      0.5852
  93     0.94007     0.60922
  94     0.95006     0.63642
  95     0.96003     0.66714
  96     0.97006     0.70386
  97        0.98     0.74847
  98     0.99005     0.81002
  99           1           1
-----------------------------------------

----------------- PPP$ and local currency --------------
         PPP used in computation: 0.547234
     Data mean in local currency: 627762
               Data mean in PPP$: 228.837
        Poverty line in PPP$/Day: 1.9
      Poverty line in PPP$/Month: 57.7917
  Poverty line in local currency: 158538
-------------------------------------------------------

----------------- Estimation result --------------
     Number of observation: 4964
          Total population: 1.02686E+07
              Total wealth: 1.17797E+13(PPP$)
                   Minimum: 0(PPP$)
                   Maximum: 1.669E+08(PPP$)
             Headcount(HC): 0.21815
          Poverty gap (PG): 0.0976446
       Poverty gap squared: 0.0606721
                      Gini: 0.58602
                    Median: 121.055
                       MLD: 0.68266
                      Watt: 0.169454
--------------------------------------------------

-------------------------------- Income or Consumption share by deciles (%) -------------------------------------
    0.73992      1.854     2.8168     3.7129     4.7677     5.9626     7.5977     10.084     14.614     47.851
-----------------------------------------------------------------------------------------------------------------


