

**********************************************************************************************
**                                   Basic Information                                      **
**********************************************************************************************

----------------- Dataset Information -----------------
                         Country: Spain
                    Country dode: ESP
                       Data Year: 2010
                        Coverage: National
             Welfare measurement: Income
                     Data format: Unit record
                     Data source: ESP_N2010Y
                  Data time span: UnDefined
-------------------------------------------------------


----------- Distribution ------------
   i           P           L 
-------------------------------------
   0    0.010037  -0.0020421
   1    0.020105  -0.0012073
   2    0.030045  0.00011434
   3     0.04009   0.0017711
   4    0.050758   0.0039842
   5    0.060058   0.0061874
   6    0.070032   0.0088023
   7    0.080006     0.01165
   8    0.090061    0.014752
   9     0.10014    0.018079
  10     0.11015    0.021581
  11     0.12008    0.025261
  12     0.13012    0.029127
  13      0.1401    0.033113
  14     0.15012    0.037249
  15     0.16003    0.041466
  16      0.1701    0.045869
  17     0.18008    0.050357
  18     0.19003     0.05499
  19     0.20006    0.059754
  20     0.21065     0.06492
  21      0.2202    0.069661
  22     0.23002    0.074625
  23     0.24033    0.079951
  24     0.25003    0.085062
  25     0.26009    0.090488
  26        0.27    0.095978
  27     0.28007     0.10169
  28     0.29002     0.10747
  29     0.30006     0.11345
  30     0.31005     0.11953
  31     0.32002      0.1257
  32     0.33001     0.13199
  33     0.34002     0.13842
  34     0.35012     0.14503
  35     0.36001     0.15163
  36     0.37003     0.15844
  37     0.38004     0.16537
  38     0.39013     0.17249
  39     0.40002      0.1796
  40     0.41009     0.18695
  41     0.42008     0.19437
  42     0.43005     0.20188
  43     0.44001     0.20945
  44     0.45015     0.21728
  45     0.46014     0.22513
  46     0.47005     0.23302
  47      0.4801     0.24113
  48     0.49007      0.2493
  49     0.50001     0.25757
  50        0.51     0.26599
  51     0.52002     0.27458
  52     0.53002     0.28327
  53     0.54006     0.29212
  54     0.55006     0.30109
  55     0.56001     0.31015
  56        0.57     0.31938
  57     0.58015      0.3289
  58        0.59     0.33828
  59      0.6002     0.34816
  60     0.61001     0.35782
  61     0.62006     0.36788
  62     0.63004     0.37803
  63     0.64025     0.38861
  64     0.65001     0.39885
  65     0.66012     0.40963
  66     0.67012     0.42047
  67     0.68003      0.4314
  68     0.69006     0.44263
  69     0.70009     0.45409
  70     0.71008     0.46567
  71     0.72014     0.47755
  72     0.73003     0.48946
  73     0.74001     0.50173
  74     0.75001     0.51429
  75     0.76003     0.52715
  76      0.7701     0.54032
  77        0.78     0.55351
  78     0.79009     0.56719
  79     0.80003     0.58093
  80     0.81008     0.59505
  81     0.82002     0.60934
  82     0.83004     0.62401
  83     0.84016     0.63916
  84     0.85007     0.65445
  85     0.86002     0.67023
  86      0.8701      0.6866
  87     0.88003     0.70325
  88     0.89002     0.72051
  89     0.90001     0.73831
  90     0.91004     0.75678
  91     0.92008     0.77606
  92     0.93002     0.79595
  93     0.94005     0.81703
  94     0.95001     0.83905
  95     0.96006     0.86267
  96     0.97002     0.88798
  97     0.98003     0.91623
  98     0.99005      0.9486
  99           1           1
-----------------------------------------

----------------- PPP$ and local currency --------------
         PPP used in computation: 0.776917
     Data mean in local currency: 904.811
               Data mean in PPP$: 1201.84
        Poverty line in PPP$/Day: 1.9
      Poverty line in PPP$/Month: 57.7917
  Poverty line in local currency: 43.5087
-------------------------------------------------------

----------------- Estimation result --------------
     Number of observation: 13011
          Total population: 1.00001
              Total wealth: 1164.62(PPP$)
                   Minimum: -5515.3(PPP$)
                   Maximum: 25778.5(PPP$)
             Headcount(HC): 0.0108402
          Poverty gap (PG): 0.0526546
       Poverty gap squared: 1.58245
                      Gini: 0.357915
                    Median: 1006.14
                       MLD: 0.265634
                      Watt: 0.00385461
--------------------------------------------------

-------------------------------- Income or Consumption share by deciles (%) -------------------------------------
     1.8032     4.1695     5.3687     6.6171     7.7977     9.0401     10.602     12.691      15.74     26.171
-----------------------------------------------------------------------------------------------------------------


