

**********************************************************************************************
**                                   Basic Information                                      **
**********************************************************************************************

----------------- Dataset Information -----------------
                         Country: Spain
                    Country dode: ESP
                       Data Year: 2012
                        Coverage: National
             Welfare measurement: Income
                     Data format: Unit record
                     Data source: ESP_N2012Y
                  Data time span: UnDefined
-------------------------------------------------------


----------- Distribution ------------
   i           P           L 
-------------------------------------
   0    0.010056  -0.0015632
   1    0.020065 -0.00093204
   2    0.030056  0.00024199
   3    0.040067   0.0017882
   4    0.050209   0.0037205
   5    0.060415   0.0059102
   6    0.070335   0.0083219
   7    0.080206    0.010968
   8    0.090044    0.013872
   9     0.10022    0.017092
  10     0.11005    0.020392
  11     0.12002    0.023917
  12     0.13017    0.027703
  13     0.14005    0.031546
  14     0.15011    0.035589
  15     0.16024    0.039783
  16     0.17009    0.044009
  17     0.18003    0.048391
  18     0.19026    0.053058
  19     0.20099    0.058088
  20     0.21014    0.062489
  21     0.22012    0.067398
  22     0.23017    0.072457
  23     0.24012    0.077587
  24     0.25004    0.082821
  25     0.26002    0.088229
  26     0.27012    0.093843
  27     0.28007    0.099483
  28     0.29002     0.10522
  29     0.30007     0.11113
  30     0.31003      0.1171
  31     0.32025     0.12339
  32     0.33003     0.12951
  33     0.34001     0.13589
  34     0.35015      0.1425
  35     0.36005     0.14908
  36     0.37003     0.15584
  37     0.38009     0.16282
  38     0.39016     0.16994
  39     0.40022     0.17717
  40     0.41019     0.18447
  41     0.42011     0.19187
  42     0.43005     0.19941
  43     0.44021     0.20725
  44        0.45     0.21494
  45     0.46006     0.22296
  46     0.47008     0.23106
  47     0.48001     0.23922
  48      0.4901     0.24764
  49         0.5     0.25601
  50     0.51002     0.26458
  51     0.52003     0.27327
  52     0.53014     0.28218
  53     0.54011     0.29108
  54     0.55005     0.30008
  55     0.56041     0.30959
  56     0.57004     0.31857
  57        0.58     0.32799
  58     0.59021     0.33777
  59         0.6     0.34729
  60     0.61003     0.35721
  61     0.62007     0.36734
  62     0.63028     0.37781
  63     0.64002     0.38792
  64     0.65002     0.39849
  65        0.66     0.40923
  66     0.67012     0.42029
  67     0.68004     0.43137
  68     0.69001     0.44268
  69     0.70015     0.45441
  70     0.71013     0.46614
  71     0.72007     0.47801
  72     0.73011     0.49021
  73     0.74009     0.50252
  74     0.75005     0.51506
  75     0.76009     0.52792
  76     0.77001     0.54087
  77      0.7801     0.55432
  78     0.79004     0.56784
  79     0.80009     0.58182
  80     0.81002     0.59593
  81     0.82007     0.61054
  82     0.83006     0.62538
  83     0.84013     0.64069
  84     0.85006      0.6562
  85     0.86012      0.6723
  86     0.87031     0.68908
  87     0.88001     0.70549
  88     0.89006     0.72307
  89     0.90005     0.74106
  90     0.91005     0.75969
  91     0.92003     0.77891
  92     0.93001     0.79895
  93     0.94006     0.82005
  94     0.95005     0.84214
  95     0.96007      0.8658
  96     0.97023     0.89162
  97        0.98     0.91886
  98     0.99002     0.95131
  99           1           1
-----------------------------------------

----------------- PPP$ and local currency --------------
         PPP used in computation: 0.776917
     Data mean in local currency: 877.623
               Data mean in PPP$: 1102.65
        Poverty line in PPP$/Day: 1.9
      Poverty line in PPP$/Month: 57.7917
  Poverty line in local currency: 45.9975
-------------------------------------------------------

----------------- Estimation result --------------
     Number of observation: 12036
          Total population: 0.999997
              Total wealth: 1129.62(PPP$)
                   Minimum: -7823.4(PPP$)
                   Maximum: 16612.2(PPP$)
             Headcount(HC): 0.0134491
          Poverty gap (PG): 0.0406318
       Poverty gap squared: 0.946215
                      Gini: 0.358891
                    Median: 937.607
                       MLD: 0.274837
                      Watt: 0.00772043
--------------------------------------------------

-------------------------------- Income or Consumption share by deciles (%) -------------------------------------
     1.7023     4.0599     5.3465     6.5926     7.8991     9.1281     10.695     12.745     15.928     25.903
-----------------------------------------------------------------------------------------------------------------


