

**********************************************************************************************
**                                   Basic Information                                      **
**********************************************************************************************

----------------- Dataset Information -----------------
                         Country: Spain
                    Country dode: ESP
                       Data Year: 2004
                        Coverage: National
             Welfare measurement: Income
                     Data format: Unit record
                     Data source: ESP_N2004Y
                  Data time span: UnDefined
-------------------------------------------------------


----------- Distribution ------------
   i           P           L 
-------------------------------------
   0    0.010117  0.00010829
   1    0.020012   0.0011839
   2    0.030037   0.0029618
   3    0.040174   0.0052305
   4    0.050045   0.0077196
   5    0.060012    0.010505
   6    0.070045    0.013608
   7    0.080026    0.016934
   8    0.090068     0.02046
   9     0.10001    0.024094
  10     0.11001    0.027921
  11     0.12007    0.031927
  12     0.13002    0.036038
  13     0.14007     0.04033
  14     0.15003    0.044724
  15     0.16002     0.04925
  16     0.17004    0.053899
  17     0.18003    0.058651
  18     0.19015    0.063561
  19     0.20004    0.068468
  20     0.21011    0.073608
  21     0.22046    0.079031
  22     0.23002    0.084153
  23      0.2401    0.089686
  24     0.25003    0.095261
  25        0.26     0.10099
  26     0.27004     0.10687
  27     0.28002     0.11286
  28     0.29009     0.11901
  29     0.30026     0.12531
  30     0.31006     0.13149
  31     0.32007     0.13792
  32     0.33007     0.14443
  33        0.34     0.15103
  34     0.35005     0.15781
  35     0.36004     0.16468
  36     0.37014     0.17173
  37     0.38011     0.17881
  38      0.3901     0.18601
  39     0.40003     0.19328
  40     0.41004     0.20071
  41     0.42014     0.20833
  42     0.43018     0.21601
  43     0.44008     0.22368
  44     0.45011     0.23157
  45     0.46007     0.23951
  46     0.47002     0.24755
  47     0.48006     0.25576
  48        0.49     0.26401
  49     0.50007     0.27247
  50     0.51003     0.28096
  51        0.52     0.28959
  52     0.53003     0.29841
  53     0.54021     0.30751
  54     0.55018     0.31657
  55     0.56006     0.32566
  56     0.57008     0.33504
  57     0.58009     0.34455
  58     0.59004     0.35415
  59     0.60001     0.36391
  60     0.61007      0.3739
  61      0.6201     0.38402
  62     0.63007     0.39424
  63     0.64006     0.40464
  64     0.65013     0.41529
  65     0.66022      0.4261
  66     0.67062     0.43742
  67     0.68033     0.44814
  68     0.69002     0.45904
  69     0.70002     0.47047
  70        0.71     0.48208
  71     0.72005     0.49399
  72     0.73037     0.50641
  73     0.74002     0.51821
  74     0.75021     0.53088
  75     0.76003     0.54331
  76     0.77006     0.55623
  77     0.78001     0.56932
  78     0.79001     0.58273
  79     0.80005     0.59647
  80     0.81039     0.61088
  81     0.82001     0.62459
  82     0.83002     0.63916
  83     0.84002     0.65403
  84     0.85013     0.66942
  85     0.86002     0.68483
  86        0.87     0.70078
  87     0.88002     0.71719
  88     0.89003     0.73402
  89     0.90008     0.75143
  90     0.91001     0.76925
  91     0.92003     0.78791
  92     0.93007     0.80738
  93     0.94002     0.82757
  94     0.95009     0.84913
  95     0.96006     0.87198
  96        0.97      0.8965
  97        0.98     0.92358
  98        0.99     0.95376
  99           1           1
-----------------------------------------

----------------- PPP$ and local currency --------------
         PPP used in computation: 0.776917
     Data mean in local currency: 660.376
               Data mean in PPP$: 1019.2
        Poverty line in PPP$/Day: 1.9
      Poverty line in PPP$/Month: 57.7917
  Poverty line in local currency: 37.4451
-------------------------------------------------------

----------------- Estimation result --------------
     Number of observation: 11181
          Total population: 1
              Total wealth: 849.997(PPP$)
                   Minimum: -521.716(PPP$)
                   Maximum: 13708(PPP$)
             Headcount(HC): 0.00934055
          Poverty gap (PG): 0.00824133
       Poverty gap squared: 0.0134071
                      Gini: 0.333805
                    Median: 862.126
                       MLD: 0.226349
                      Watt: 0.00718551
--------------------------------------------------

-------------------------------- Income or Consumption share by deciles (%) -------------------------------------
     2.4092     4.4359     5.6696     6.8109     7.9156      9.149     10.655     12.595     15.489     24.871
-----------------------------------------------------------------------------------------------------------------


