

**********************************************************************************************
**                                   Basic Information                                      **
**********************************************************************************************

----------------- Dataset Information -----------------
                         Country: Spain
                    Country dode: ESP
                       Data Year: 2006
                        Coverage: National
             Welfare measurement: Income
                     Data format: Unit record
                     Data source: ESP_N2006Y
                  Data time span: UnDefined
-------------------------------------------------------


----------- Distribution ------------
   i           P           L 
-------------------------------------
   0    0.010047 -9.6194E-05
   1    0.020122   0.0011571
   2    0.030103   0.0028836
   3    0.040014   0.0050612
   4    0.050134   0.0076838
   5    0.060154    0.010589
   6    0.070015    0.013708
   7    0.080219    0.017162
   8    0.090041    0.020652
   9     0.10004    0.024381
  10        0.11    0.028278
  11     0.12004    0.032334
  12     0.13008    0.036526
  13     0.14008    0.040839
  14     0.15007    0.045281
  15     0.16149    0.050563
  16      0.1701    0.054655
  17     0.18002    0.059501
  18     0.19017    0.064582
  19     0.20012    0.069689
  20        0.21    0.074879
  21     0.22003     0.08025
  22     0.23008    0.085731
  23     0.24007    0.091321
  24     0.25014    0.097087
  25     0.26001     0.10286
  26     0.27001     0.10883
  27     0.28001     0.11491
  28     0.29049     0.12141
  29     0.30003     0.12741
  30     0.31005     0.13385
  31     0.32012     0.14043
  32     0.33011     0.14707
  33     0.34001     0.15373
  34     0.35001     0.16057
  35     0.36004     0.16757
  36     0.37006     0.17467
  37     0.38015     0.18196
  38     0.39001     0.18921
  39     0.40046       0.197
  40      0.4101      0.2043
  41      0.4201     0.21199
  42     0.43001     0.21972
  43     0.44025     0.22782
  44     0.45001     0.23564
  45     0.46005     0.24378
  46     0.47004     0.25199
  47     0.48009     0.26034
  48     0.49012     0.26881
  49         0.5     0.27727
  50     0.51001     0.28595
  51     0.52003     0.29478
  52     0.53007     0.30378
  53     0.54001     0.31281
  54     0.55004     0.32205
  55     0.56247     0.33366
  56     0.57008     0.34084
  57     0.58002     0.35035
  58     0.59007     0.36007
  59     0.60015     0.36998
  60     0.61004     0.37983
  61     0.62008     0.39001
  62     0.63002     0.40024
  63        0.64     0.41068
  64        0.65      0.4213
  65     0.66002     0.43211
  66        0.67     0.44307
  67        0.68     0.45423
  68     0.69007     0.46566
  69     0.70001     0.47708
  70     0.71014     0.48889
  71     0.72003     0.50059
  72     0.73005     0.51264
  73     0.74006     0.52489
  74     0.75003     0.53724
  75     0.76047     0.55039
  76     0.77006     0.56267
  77     0.78019     0.57589
  78     0.79054     0.58966
  79     0.80021     0.60277
  80     0.81009     0.61647
  81     0.82025     0.63083
  82     0.83011     0.64503
  83     0.84008      0.6597
  84     0.85002     0.67468
  85     0.86006      0.6902
  86     0.87023     0.70631
  87     0.88001     0.72215
  88     0.89027     0.73919
  89     0.90007     0.75594
  90     0.91002      0.7736
  91        0.92     0.79192
  92     0.93018      0.8113
  93     0.94003     0.83092
  94     0.95013     0.85211
  95     0.96005     0.87431
  96     0.97011     0.89842
  97     0.98005     0.92461
  98     0.99024     0.95539
  99           1           1
-----------------------------------------

----------------- PPP$ and local currency --------------
         PPP used in computation: 0.776917
     Data mean in local currency: 745.446
               Data mean in PPP$: 1075.19
        Poverty line in PPP$/Day: 1.9
      Poverty line in PPP$/Month: 57.7917
  Poverty line in local currency: 40.0678
-------------------------------------------------------

----------------- Estimation result --------------
     Number of observation: 10829
          Total population: 1.00001
              Total wealth: 959.497(PPP$)
                   Minimum: -1198.22(PPP$)
                   Maximum: 12176.7(PPP$)
             Headcount(HC): 0.00801762
          Poverty gap (PG): 0.0124793
       Poverty gap squared: 0.0467332
                      Gini: 0.326676
                    Median: 926.102
                       MLD: 0.218557
                      Watt: 0.00412083
--------------------------------------------------

-------------------------------- Income or Consumption share by deciles (%) -------------------------------------
     2.4366     4.5263     5.7768     6.9267     8.0609     9.2552     10.725     12.542     15.333     24.418
-----------------------------------------------------------------------------------------------------------------


