

**********************************************************************************************
**                                   Basic Information                                      **
**********************************************************************************************

----------------- Dataset Information -----------------
                         Country: Spain
                    Country dode: ESP
                       Data Year: 2008
                        Coverage: National
             Welfare measurement: Income
                     Data format: Unit record
                     Data source: ESP_N2008Y
                  Data time span: UnDefined
-------------------------------------------------------


----------- Distribution ------------
   i           P           L 
-------------------------------------
   0    0.010018   -0.001943
   1    0.020002   -0.001029
   2    0.030051  0.00047091
   3    0.040023    0.002412
   4    0.050013   0.0046794
   5    0.060095   0.0072178
   6    0.070121     0.01004
   7    0.080055     0.01309
   8    0.090012    0.016339
   9     0.10016    0.019825
  10     0.11007    0.023386
  11     0.12002    0.027105
  12     0.13038    0.031161
  13     0.14006    0.035099
  14     0.15003    0.039276
  15     0.16002    0.043587
  16      0.1704    0.048215
  17      0.1801    0.052672
  18     0.19008     0.05737
  19     0.20006    0.062195
  20     0.21001    0.067143
  21     0.22014    0.072323
  22     0.23005    0.077513
  23     0.24002    0.082868
  24     0.25002    0.088364
  25     0.26001    0.093984
  26     0.27016    0.099819
  27     0.28009     0.10565
  28     0.29013     0.11169
  29     0.30004     0.11775
  30     0.31008       0.124
  31     0.32001     0.13031
  32     0.33005      0.1368
  33     0.34018     0.14348
  34     0.35002     0.15006
  35     0.36019     0.15696
  36     0.37004     0.16374
  37     0.38001     0.17068
  38     0.39001     0.17776
  39     0.40001     0.18497
  40     0.41001      0.1923
  41     0.42014     0.19987
  42     0.43007     0.20741
  43     0.44003     0.21508
  44        0.45     0.22291
  45     0.46004     0.23089
  46        0.47     0.23893
  47     0.48001     0.24712
  48     0.49008     0.25548
  49     0.50001     0.26387
  50        0.51     0.27244
  51     0.52009     0.28122
  52     0.53003        0.29
  53     0.54007       0.299
  54        0.55     0.30802
  55     0.56008     0.31733
  56     0.57012     0.32674
  57     0.58003     0.33616
  58     0.59001     0.34579
  59     0.60002     0.35561
  60     0.61024     0.36579
  61     0.62011     0.37577
  62     0.63003     0.38595
  63     0.64001     0.39634
  64     0.65014     0.40705
  65     0.66001     0.41766
  66     0.67007     0.42863
  67     0.68004     0.43965
  68     0.69003     0.45085
  69         0.7     0.46218
  70     0.71004     0.47379
  71     0.72004     0.48561
  72     0.73008     0.49773
  73        0.74      0.5099
  74     0.75005     0.52247
  75     0.76003     0.53517
  76     0.77002     0.54806
  77     0.78005     0.56122
  78     0.79011     0.57466
  79     0.80014     0.58831
  80     0.81003     0.60202
  81     0.82019     0.61641
  82        0.83     0.63059
  83     0.84006     0.64548
  84        0.85     0.66055
  85     0.86003     0.67612
  86     0.87001     0.69201
  87     0.88003     0.70845
  88     0.89011     0.72547
  89     0.90001     0.74276
  90     0.91007      0.7611
  91        0.92     0.77996
  92     0.93002     0.79981
  93     0.94002     0.82061
  94     0.95003     0.84255
  95     0.96002      0.8659
  96     0.97001      0.8911
  97     0.98012     0.91932
  98     0.99003     0.95099
  99           1           1
-----------------------------------------

----------------- PPP$ and local currency --------------
         PPP used in computation: 0.776917
     Data mean in local currency: 943.155
               Data mean in PPP$: 1271.65
        Poverty line in PPP$/Day: 1.9
      Poverty line in PPP$/Month: 57.7917
  Poverty line in local currency: 42.8629
-------------------------------------------------------

----------------- Estimation result --------------
     Number of observation: 13292
          Total population: 0.999998
              Total wealth: 1213.97(PPP$)
                   Minimum: -6621.47(PPP$)
                   Maximum: 42372.5(PPP$)
             Headcount(HC): 0.0096542
          Poverty gap (PG): 0.0527717
       Poverty gap squared: 1.85943
                      Gini: 0.34804
                    Median: 1082.89
                       MLD: 0.249378
                      Watt: 0.00449583
--------------------------------------------------

-------------------------------- Income or Consumption share by deciles (%) -------------------------------------
      1.977     4.2395     5.5555      6.724     7.8904     9.1727     10.658     12.595     15.461     25.726
-----------------------------------------------------------------------------------------------------------------


