

**********************************************************************************************
**                                   Basic Information                                      **
**********************************************************************************************

----------------- Dataset Information -----------------
                         Country: Spain
                    Country dode: ESP
                       Data Year: 2005
                        Coverage: National
             Welfare measurement: Income
                     Data format: Unit record
                     Data source: ESP_N2005Y
                  Data time span: UnDefined
-------------------------------------------------------


----------- Distribution ------------
   i           P           L 
-------------------------------------
   0    0.010036  0.00012729
   1    0.020138   0.0013502
   2    0.030081    0.003044
   3    0.040027   0.0052177
   4    0.050019   0.0077623
   5    0.060022    0.010609
   6    0.070071    0.013724
   7    0.080031    0.017043
   8     0.09014    0.020603
   9     0.10021    0.024346
  10     0.11022    0.028207
  11     0.12076     0.03248
  12     0.13004    0.036415
  13     0.14005    0.040797
  14     0.15005    0.045303
  15     0.16001    0.049925
  16     0.17007    0.054709
  17     0.18019    0.059684
  18     0.19013    0.064679
  19     0.20018    0.069861
  20     0.21003    0.075074
  21     0.22024    0.080623
  22     0.23008    0.086071
  23     0.24105    0.092288
  24        0.25    0.097451
  25     0.26001     0.10332
  26      0.2703     0.10948
  27     0.28021     0.11552
  28     0.29001     0.12161
  29     0.30001     0.12795
  30     0.31001      0.1344
  31     0.32017     0.14107
  32     0.33058     0.14801
  33     0.34003     0.15441
  34     0.35013     0.16137
  35     0.36018     0.16841
  36     0.37007     0.17547
  37     0.38003     0.18266
  38     0.39007     0.19001
  39     0.40054     0.19781
  40     0.41017     0.20509
  41        0.42     0.21265
  42     0.43011     0.22053
  43     0.44033      0.2286
  44     0.45006     0.23639
  45     0.46005     0.24451
  46     0.47034     0.25301
  47     0.48008     0.26117
  48     0.49005     0.26963
  49     0.50012     0.27829
  50      0.5101     0.28699
  51     0.52001     0.29576
  52     0.53013     0.30486
  53     0.54002     0.31388
  54     0.55012     0.32322
  55     0.56006     0.33251
  56     0.57016     0.34208
  57     0.58009     0.35163
  58     0.59004     0.36136
  59     0.60133     0.37259
  60     0.61023     0.38155
  61     0.62005     0.39158
  62     0.63004      0.4019
  63     0.64003     0.41237
  64     0.65008     0.42308
  65      0.6602     0.43403
  66      0.6701     0.44487
  67        0.68     0.45589
  68     0.69028     0.46752
  69     0.70002     0.47871
  70     0.71007      0.4904
  71     0.72005     0.50213
  72     0.73006     0.51408
  73     0.74011     0.52625
  74     0.75002     0.53844
  75     0.76005     0.55101
  76     0.77015      0.5639
  77      0.7801     0.57683
  78     0.79016     0.59012
  79     0.80001     0.60339
  80     0.81005     0.61717
  81     0.82002     0.63113
  82        0.83     0.64545
  83     0.84014     0.66036
  84     0.85005     0.67528
  85     0.86002     0.69067
  86     0.87001      0.7065
  87     0.88004     0.72286
  88     0.89004     0.73969
  89     0.90003     0.75699
  90     0.91006      0.7749
  91     0.92032     0.79396
  92     0.93004     0.81267
  93     0.94005     0.83278
  94     0.95003      0.8538
  95        0.96     0.87601
  96     0.97006      0.9002
  97     0.98003     0.92644
  98     0.99003     0.95595
  99           1           1
-----------------------------------------

----------------- PPP$ and local currency --------------
         PPP used in computation: 0.776917
     Data mean in local currency: 700.23
               Data mean in PPP$: 1045.48
        Poverty line in PPP$/Day: 1.9
      Poverty line in PPP$/Month: 57.7917
  Poverty line in local currency: 38.7069
-------------------------------------------------------

----------------- Estimation result --------------
     Number of observation: 10518
          Total population: 1
              Total wealth: 901.294(PPP$)
                   Minimum: -558.361(PPP$)
                   Maximum: 11440.9(PPP$)
             Headcount(HC): 0.00839174
          Poverty gap (PG): 0.00802312
       Poverty gap squared: 0.0172037
                      Gini: 0.325044
                    Median: 905.166
                       MLD: 0.218785
                      Watt: 0.00704211
--------------------------------------------------

-------------------------------- Income or Consumption share by deciles (%) -------------------------------------
     2.4268     4.5499     5.8179     6.9465     8.0778     9.3077     10.742      12.47     15.355     24.306
-----------------------------------------------------------------------------------------------------------------


