

**********************************************************************************************
**                                   Basic Information                                      **
**********************************************************************************************

----------------- Dataset Information -----------------
                         Country: Spain
                    Country dode: ESP
                       Data Year: 2007
                        Coverage: National
             Welfare measurement: Income
                     Data format: Unit record
                     Data source: ESP_N2007Y
                  Data time span: UnDefined
-------------------------------------------------------


----------- Distribution ------------
   i           P           L 
-------------------------------------
   0    0.010129   -0.002833
   1    0.020003  -0.0021127
   2    0.030161    -0.00067
   3    0.040105   0.0013295
   4    0.050361   0.0037856
   5    0.060023   0.0063832
   6     0.07013   0.0093571
   7     0.08001    0.012475
   8    0.090048    0.015837
   9     0.10004    0.019382
  10     0.11016    0.023152
  11     0.12002    0.026969
  12      0.1301     0.03102
  13        0.14     0.03512
  14     0.15005    0.039434
  15     0.16002    0.043878
  16     0.17001    0.048474
  17     0.18001    0.053229
  18     0.19002    0.058108
  19     0.20003    0.063122
  20     0.21008    0.068287
  21     0.22003    0.073527
  22        0.23     0.07892
  23     0.24001    0.084456
  24     0.25027    0.090263
  25     0.26015    0.095998
  26     0.27022     0.10196
  27     0.28015     0.10796
  28     0.29005     0.11404
  29     0.30004     0.12029
  30     0.31004     0.12666
  31     0.32001     0.13314
  32     0.33005     0.13977
  33     0.34009      0.1465
  34     0.35007     0.15332
  35     0.36003     0.16023
  36     0.37006     0.16733
  37     0.38038     0.17475
  38     0.39008     0.18184
  39     0.40002      0.1892
  40     0.41001     0.19669
  41     0.42007     0.20434
  42     0.43023     0.21216
  43     0.44003      0.2198
  44     0.45034     0.22798
  45        0.46     0.23577
  46     0.47017      0.2441
  47     0.48007     0.25231
  48     0.49028     0.26091
  49     0.50017     0.26937
  50     0.51007     0.27797
  51     0.52002     0.28675
  52     0.53013      0.2958
  53     0.54001     0.30476
  54     0.55023     0.31416
  55     0.56029     0.32355
  56     0.57004     0.33277
  57     0.58036     0.34266
  58     0.59005     0.35209
  59     0.60008       0.362
  60     0.61004     0.37201
  61     0.62036     0.38255
  62     0.63029     0.39282
  63     0.64001     0.40302
  64     0.65001     0.41371
  65     0.66007     0.42463
  66     0.67015     0.43574
  67     0.68001     0.44677
  68     0.69009     0.45825
  69     0.70004     0.46978
  70      0.7101     0.48161
  71      0.7201     0.49357
  72     0.73003     0.50561
  73     0.74002     0.51792
  74     0.75001     0.53042
  75     0.76007      0.5432
  76     0.77003     0.55606
  77     0.78007     0.56929
  78     0.79077     0.58369
  79     0.80003     0.59642
  80     0.81003     0.61043
  81     0.82005     0.62475
  82     0.83008     0.63941
  83     0.84006     0.65427
  84     0.85018     0.66975
  85     0.86015      0.6854
  86     0.87003     0.70127
  87     0.88007     0.71779
  88     0.89006     0.73474
  89     0.90002     0.75227
  90     0.91002     0.77044
  91     0.92006      0.7895
  92     0.93017     0.80946
  93     0.94014     0.82995
  94     0.95022     0.85178
  95     0.96001     0.87415
  96     0.97006     0.89899
  97     0.98003     0.92609
  98     0.99003     0.95718
  99           1           1
-----------------------------------------

----------------- PPP$ and local currency --------------
         PPP used in computation: 0.776917
     Data mean in local currency: 785.667
               Data mean in PPP$: 1102.48
        Poverty line in PPP$/Day: 1.9
      Poverty line in PPP$/Month: 57.7917
  Poverty line in local currency: 41.1844
-------------------------------------------------------

----------------- Estimation result --------------
     Number of observation: 11436
          Total population: 1
              Total wealth: 1011.26(PPP$)
                   Minimum: -3646.97(PPP$)
                   Maximum: 10061.1(PPP$)
             Headcount(HC): 0.0121443
          Poverty gap (PG): 0.0649901
       Poverty gap squared: 1.69741
                      Gini: 0.338627
                    Median: 949.911
                       MLD: 0.243711
                      Watt: 0.00710392
--------------------------------------------------

-------------------------------- Income or Consumption share by deciles (%) -------------------------------------
     1.9369     4.3737     5.7155     6.8929     8.0031     9.2704     10.781     12.664     15.586     24.777
-----------------------------------------------------------------------------------------------------------------


