

**********************************************************************************************
**                                   Basic Information                                      **
**********************************************************************************************

----------------- Dataset Information -----------------
                         Country: Estonia
                    Country dode: EST
                       Data Year: 2009
                        Coverage: National
             Welfare measurement: Income
                     Data format: Unit record
                     Data source: EST_N2009Y
                  Data time span: UnDefined
-------------------------------------------------------


----------- Distribution ------------
   i           P           L 
-------------------------------------
   0    0.010371  0.00038883
   1    0.020156   0.0019053
   2     0.03015   0.0040089
   3    0.040067   0.0064723
   4     0.05009   0.0093076
   5    0.060051    0.012466
   6    0.070009    0.015836
   7    0.080113    0.019487
   8    0.090057    0.023318
   9     0.10012    0.027358
  10     0.11018    0.031539
  11     0.12019    0.035868
  12     0.13003    0.040277
  13     0.14027    0.045002
  14      0.1501    0.049712
  15     0.16052     0.05486
  16     0.17014    0.059742
  17     0.18026    0.065013
  18     0.19011    0.070282
  19     0.20011    0.075779
  20     0.21006    0.081371
  21     0.22015    0.087169
  22     0.23015     0.09302
  23     0.24004    0.098912
  24     0.25006     0.10499
  25     0.26016     0.11126
  26     0.27005      0.1175
  27     0.28011     0.12396
  28     0.29056     0.13078
  29     0.30013     0.13713
  30     0.31017     0.14388
  31     0.32019     0.15073
  32     0.33008     0.15756
  33     0.34031     0.16471
  34     0.35004     0.17158
  35      0.3601     0.17877
  36     0.37004     0.18596
  37     0.38016     0.19339
  38     0.39026     0.20091
  39     0.40011      0.2083
  40     0.41008     0.21589
  41     0.42021     0.22369
  42     0.43001     0.23135
  43     0.44014     0.23934
  44     0.45006     0.24726
  45     0.46007     0.25533
  46     0.47004     0.26344
  47     0.48012      0.2717
  48     0.49015     0.28001
  49     0.50004     0.28827
  50     0.51015     0.29682
  51     0.52007     0.30534
  52     0.53024     0.31416
  53     0.54006     0.32276
  54     0.55007     0.33162
  55     0.56046     0.34094
  56     0.57007     0.34967
  57      0.5807     0.35945
  58     0.59006     0.36816
  59     0.60005     0.37762
  60     0.61025     0.38744
  61     0.62014     0.39709
  62     0.63014     0.40696
  63      0.6401     0.41696
  64     0.65002     0.42705
  65     0.66042      0.4378
  66     0.67031     0.44816
  67     0.68039      0.4589
  68     0.69018     0.46951
  69     0.70003      0.4804
  70     0.71021     0.49184
  71     0.72009     0.50314
  72     0.73022     0.51493
  73     0.74017     0.52673
  74      0.7506     0.53936
  75     0.76078     0.55192
  76     0.77019     0.56377
  77     0.78015     0.57657
  78     0.79003     0.58958
  79     0.80017      0.6032
  80     0.81022     0.61703
  81     0.82015     0.63096
  82     0.83022     0.64532
  83     0.84018     0.65995
  84     0.85005     0.67473
  85        0.86     0.68993
  86     0.87016      0.7059
  87     0.88003     0.72191
  88     0.89022     0.73879
  89     0.90007     0.75551
  90      0.9101     0.77317
  91     0.92004     0.79136
  92        0.93     0.81051
  93     0.94011     0.83085
  94        0.95     0.85203
  95     0.96034     0.87555
  96     0.97016     0.89987
  97     0.98057     0.92863
  98      0.9906     0.96059
  99           1           1
-----------------------------------------

----------------- PPP$ and local currency --------------
         PPP used in computation: 0.608563
     Data mean in local currency: 383.884
               Data mean in PPP$: 681.906
        Poverty line in PPP$/Day: 1.9
      Poverty line in PPP$/Month: 57.7917
  Poverty line in local currency: 32.5342
-------------------------------------------------------

----------------- Estimation result --------------
     Number of observation: 4755
          Total population: 1.32884E+06
              Total wealth: 8.38235E+08(PPP$)
                   Minimum: -397.227(PPP$)
                   Maximum: 4747.19(PPP$)
             Headcount(HC): 0.00734773
          Poverty gap (PG): 0.00655458
       Poverty gap squared: 0.0201463
                      Gini: 0.315923
                    Median: 573.338
                       MLD: 0.199798
                      Watt: 0.00301635
--------------------------------------------------

-------------------------------- Income or Consumption share by deciles (%) -------------------------------------
     2.7309     4.8408     6.1324     7.1182     8.0022     8.9329     10.279     12.261     15.242     24.461
-----------------------------------------------------------------------------------------------------------------


