

**********************************************************************************************
**                                   Basic Information                                      **
**********************************************************************************************

----------------- Dataset Information -----------------
                         Country: Estonia
                    Country dode: EST
                       Data Year: 2007
                        Coverage: National
             Welfare measurement: Income
                     Data format: Unit record
                     Data source: EST_N2007Y
                  Data time span: UnDefined
-------------------------------------------------------


----------- Distribution ------------
   i           P           L 
-------------------------------------
   0     0.01032  0.00071431
   1     0.02013   0.0024135
   2    0.030096   0.0047756
   3    0.040161   0.0075725
   4    0.050312    0.010719
   5    0.060082    0.013984
   6    0.070121    0.017598
   7    0.080086    0.021374
   8    0.090188    0.025396
   9     0.10054    0.029742
  10        0.11    0.033838
  11     0.12003    0.038324
  12     0.13036    0.043103
  13        0.14    0.047696
  14     0.15024    0.052738
  15     0.16003    0.057693
  16     0.17015    0.062949
  17     0.18001      0.0682
  18     0.19039    0.073829
  19     0.20017    0.079252
  20     0.21009    0.084867
  21     0.22002    0.090609
  22     0.23013    0.096572
  23     0.24023     0.10263
  24     0.25004     0.10861
  25     0.26005     0.11479
  26      0.2701     0.12106
  27     0.28006     0.12736
  28     0.29036     0.13396
  29     0.30004     0.14023
  30     0.31012     0.14684
  31     0.32019     0.15352
  32     0.33008     0.16016
  33     0.34005     0.16693
  34      0.3501     0.17382
  35     0.36017     0.18081
  36     0.37031     0.18794
  37     0.38021     0.19499
  38     0.39002     0.20202
  39     0.40003     0.20927
  40      0.4101     0.21664
  41     0.42025     0.22418
  42     0.43003     0.23154
  43     0.44007     0.23921
  44     0.45006     0.24697
  45     0.46042     0.25516
  46     0.47025     0.26303
  47     0.48007     0.27099
  48     0.49005     0.27918
  49     0.50004     0.28747
  50      0.5101     0.29592
  51     0.52008     0.30443
  52        0.53       0.313
  53     0.54016     0.32187
  54      0.5502     0.33079
  55     0.56002      0.3396
  56     0.57037     0.34904
  57     0.58016     0.35809
  58     0.59001     0.36732
  59     0.60012     0.37696
  60     0.61033     0.38682
  61     0.62021     0.39651
  62     0.63027     0.40655
  63     0.64002      0.4165
  64     0.65022     0.42709
  65     0.66004     0.43744
  66     0.67043     0.44855
  67     0.68017     0.45912
  68     0.69032     0.47035
  69      0.7002     0.48149
  70     0.71011      0.4929
  71     0.72026     0.50483
  72     0.73024     0.51677
  73     0.74014     0.52884
  74     0.75012     0.54127
  75     0.76008     0.55385
  76     0.77002     0.56664
  77     0.78043     0.58027
  78     0.79015     0.59322
  79     0.80023     0.60687
  80      0.8101     0.62047
  81     0.82003     0.63445
  82     0.83026     0.64909
  83     0.84008     0.66348
  84     0.85032     0.67891
  85     0.86009     0.69398
  86     0.87003     0.70971
  87     0.88019     0.72611
  88      0.8901     0.74255
  89     0.90017     0.75982
  90     0.91046     0.77802
  91     0.92015     0.79566
  92     0.93122     0.81672
  93     0.94024     0.83477
  94     0.95073     0.85685
  95     0.96011     0.87786
  96     0.97041     0.90223
  97     0.98001      0.9266
  98     0.99001     0.95591
  99           1           1
-----------------------------------------

----------------- PPP$ and local currency --------------
         PPP used in computation: 0.608563
     Data mean in local currency: 357.798
               Data mean in PPP$: 700.856
        Poverty line in PPP$/Day: 1.9
      Poverty line in PPP$/Month: 57.7917
  Poverty line in local currency: 29.5036
-------------------------------------------------------

----------------- Estimation result --------------
     Number of observation: 4548
          Total population: 1.32977E+06
              Total wealth: 7.81823E+08(PPP$)
                   Minimum: -89.9763(PPP$)
                   Maximum: 5098.98(PPP$)
             Headcount(HC): 0.00521871
          Poverty gap (PG): 0.00392504
       Poverty gap squared: 0.00425765
                      Gini: 0.312505
                    Median: 585.024
                       MLD: 0.190659
                      Watt: 0.00333984
--------------------------------------------------

-------------------------------- Income or Consumption share by deciles (%) -------------------------------------
     2.9514     4.9644     6.1052     6.9041     7.8186     8.9403     10.443     12.529     15.297     24.048
-----------------------------------------------------------------------------------------------------------------


