

**********************************************************************************************
**                                   Basic Information                                      **
**********************************************************************************************

----------------- Dataset Information -----------------
                         Country: Estonia
                    Country dode: EST
                       Data Year: 2000
                        Coverage: National
             Welfare measurement: Consumption
                     Data format: Unit record
                     Data source: EST_N2000X
                  Data time span: UnDefined
-------------------------------------------------------


----------- Distribution ------------
   i           P           L 
-------------------------------------
   0    0.010304   0.0013518
   1     0.02009   0.0031325
   2     0.03012   0.0053477
   3    0.040012   0.0077969
   4    0.050059     0.01054
   5    0.060144    0.013489
   6    0.070558     0.01677
   7    0.080123    0.019904
   8    0.090169    0.023332
   9     0.10004    0.026822
  10     0.11005    0.030513
  11     0.12038    0.034451
  12     0.13015    0.038303
  13     0.14002    0.042321
  14     0.15017    0.046587
  15     0.16001    0.050858
  16     0.17004    0.055331
  17     0.18004    0.059897
  18     0.19014    0.064613
  19     0.20012    0.069381
  20     0.21015    0.074261
  21     0.22006    0.079169
  22     0.23014    0.084242
  23     0.24035    0.089491
  24     0.25016    0.094654
  25     0.26004    0.099974
  26     0.27021     0.10557
  27     0.28007     0.11108
  28     0.29005     0.11676
  29     0.30006     0.12256
  30        0.31     0.12843
  31     0.32016     0.13455
  32     0.33004     0.14058
  33     0.34025     0.14691
  34     0.35006     0.15308
  35     0.36001     0.15943
  36     0.37016       0.166
  37     0.38003     0.17249
  38     0.39011     0.17922
  39     0.40016     0.18603
  40        0.41     0.19281
  41     0.42002     0.19984
  42     0.43023     0.20714
  43     0.44016     0.21435
  44     0.45006     0.22164
  45     0.46006     0.22912
  46     0.47009     0.23672
  47     0.48018     0.24449
  48     0.49014     0.25229
  49     0.50024     0.26032
  50     0.51015     0.26834
  51     0.52027     0.27665
  52     0.53022     0.28493
  53     0.54006     0.29323
  54     0.55002     0.30175
  55     0.56007     0.31048
  56     0.57026     0.31946
  57     0.58013     0.32831
  58     0.59004     0.33733
  59     0.60001     0.34654
  60     0.61005     0.35594
  61     0.62026     0.36567
  62     0.63011     0.37521
  63      0.6401     0.38505
  64     0.65024     0.39519
  65     0.66003     0.40513
  66     0.67012     0.41555
  67      0.6801     0.42606
  68     0.69033     0.43706
  69     0.70006     0.44769
  70     0.71002     0.45877
  71     0.72001     0.47007
  72     0.73005     0.48164
  73     0.74024     0.49359
  74     0.75003     0.50527
  75     0.76012     0.51752
  76     0.77011      0.5299
  77     0.78009     0.54251
  78     0.79033     0.55572
  79     0.80023     0.56888
  80     0.81026     0.58261
  81     0.82011     0.59649
  82     0.83004     0.61081
  83     0.84042     0.62615
  84     0.85016     0.64097
  85      0.8601     0.65649
  86     0.87004     0.67238
  87     0.88013     0.68909
  88     0.89003     0.70603
  89     0.90008      0.7238
  90     0.91002     0.74222
  91     0.92022     0.76204
  92     0.93015     0.78221
  93     0.94022     0.80387
  94      0.9502      0.8266
  95     0.96001     0.85061
  96     0.97012     0.87764
  97     0.98013     0.90843
  98     0.99002     0.94471
  99           1           1
-----------------------------------------

----------------- PPP$ and local currency --------------
         PPP used in computation: 0.608563
     Data mean in local currency: 126.114
               Data mean in PPP$: 327.378
        Poverty line in PPP$/Day: 1.9
      Poverty line in PPP$/Month: 57.7917
  Poverty line in local currency: 22.2628
-------------------------------------------------------

----------------- Estimation result --------------
     Number of observation: 6166
          Total population: 1.36169E+06
              Total wealth: 2.82187E+08(PPP$)
                   Minimum: 12.3928(PPP$)
                   Maximum: 1921.42(PPP$)
             Headcount(HC): 0.0137335
          Poverty gap (PG): 0.00282403
       Poverty gap squared: 0.000945891
                      Gini: 0.357844
                    Median: 262.033
                       MLD: 0.21662
                      Watt: 0.00352302
--------------------------------------------------

-------------------------------- Income or Consumption share by deciles (%) -------------------------------------
      2.681     4.2513      5.321      6.339     7.4212      8.639      10.11     12.095     15.508     27.634
-----------------------------------------------------------------------------------------------------------------


