

**********************************************************************************************
**                                   Basic Information                                      **
**********************************************************************************************

----------------- Dataset Information -----------------
                         Country: Estonia
                    Country dode: EST
                       Data Year: 2006
                        Coverage: National
             Welfare measurement: Income
                     Data format: Unit record
                     Data source: EST_N2006Y
                  Data time span: UnDefined
-------------------------------------------------------


----------- Distribution ------------
   i           P           L 
-------------------------------------
   0    0.010212  0.00037994
   1     0.02007   0.0019232
   2    0.030588   0.0042051
   3    0.040144   0.0067183
   4    0.050036   0.0096101
   5     0.06005    0.012774
   6    0.070228     0.01622
   7    0.080172    0.019757
   8    0.090293    0.023517
   9     0.10001    0.027302
  10     0.11002      0.0314
  11     0.12012    0.035714
  12     0.13017    0.040163
  13     0.14007    0.044703
  14     0.15024    0.049509
  15     0.16031    0.054399
  16     0.17022    0.059365
  17     0.18022    0.064492
  18     0.19019    0.069715
  19     0.20044    0.075192
  20     0.21012    0.080484
  21     0.22042    0.086233
  22     0.23025    0.091815
  23     0.24004    0.097469
  24     0.25006     0.10336
  25     0.26012     0.10937
  26     0.27038     0.11558
  27     0.28041     0.12175
  28     0.29015     0.12782
  29     0.30005     0.13406
  30     0.31002     0.14041
  31     0.32004     0.14687
  32     0.33014     0.15345
  33      0.3402     0.16006
  34     0.35006     0.16661
  35     0.36029     0.17349
  36     0.37022     0.18024
  37     0.38011     0.18705
  38     0.39023      0.1941
  39     0.40007     0.20104
  40     0.41006     0.20817
  41     0.42003     0.21537
  42     0.43017      0.2228
  43     0.44073     0.23063
  44     0.45013     0.23768
  45     0.46019     0.24532
  46     0.47007     0.25295
  47     0.48025     0.26093
  48     0.49014     0.26879
  49     0.50003     0.27674
  50     0.51021     0.28507
  51     0.52004     0.29321
  52     0.53001     0.30159
  53     0.54013     0.31022
  54     0.55004     0.31876
  55     0.56041     0.32781
  56     0.57002     0.33629
  57     0.58002     0.34523
  58     0.59062     0.35489
  59     0.60079      0.3643
  60     0.61053     0.37343
  61     0.62018     0.38259
  62     0.63011     0.39218
  63     0.64001     0.40186
  64     0.65046     0.41226
  65     0.66003     0.42192
  66     0.67004     0.43222
  67     0.68043     0.44311
  68     0.69022     0.45353
  69     0.70011     0.46419
  70     0.71036      0.4754
  71     0.72003     0.48615
  72     0.73017     0.49759
  73      0.7401     0.50901
  74     0.75001     0.52064
  75     0.76015     0.53274
  76     0.77014     0.54493
  77     0.78061      0.5579
  78     0.79004     0.56984
  79     0.80007     0.58284
  80     0.81008     0.59606
  81     0.82006     0.60951
  82     0.83004      0.6233
  83     0.84014     0.63764
  84     0.85026     0.65247
  85     0.86021     0.66738
  86     0.87034     0.68293
  87     0.88003     0.69825
  88     0.89006     0.71455
  89     0.90017     0.73149
  90     0.91007     0.74871
  91     0.92002     0.76711
  92     0.93008     0.78663
  93     0.94004     0.80737
  94     0.95007     0.82926
  95     0.96024     0.85277
  96      0.9705     0.87872
  97     0.98029     0.90535
  98     0.99011     0.93604
  99           1           1
-----------------------------------------

----------------- PPP$ and local currency --------------
         PPP used in computation: 0.608563
     Data mean in local currency: 298.225
               Data mean in PPP$: 622.705
        Poverty line in PPP$/Day: 1.9
      Poverty line in PPP$/Month: 57.7917
  Poverty line in local currency: 27.6775
-------------------------------------------------------

----------------- Estimation result --------------
     Number of observation: 4918
          Total population: 1.3307E+06
              Total wealth: 6.52108E+08(PPP$)
                   Minimum: -177.493(PPP$)
                   Maximum: 16752.9(PPP$)
             Headcount(HC): 0.00866446
          Poverty gap (PG): 0.0062268
       Poverty gap squared: 0.00764631
                      Gini: 0.337518
                    Median: 505.358
                       MLD: 0.229868
                      Watt: 0.00580913
--------------------------------------------------

-------------------------------- Income or Consumption share by deciles (%) -------------------------------------
     2.7297     4.7661      5.907     6.6961     7.5733     8.6847      10.05     11.867     14.847     26.879
-----------------------------------------------------------------------------------------------------------------


