

**********************************************************************************************
**                                   Basic Information                                      **
**********************************************************************************************

----------------- Dataset Information -----------------
                         Country: Estonia
                    Country dode: EST
                       Data Year: 2010
                        Coverage: National
             Welfare measurement: Income
                     Data format: Unit record
                     Data source: EST_N2010Y
                  Data time span: UnDefined
-------------------------------------------------------


----------- Distribution ------------
   i           P           L 
-------------------------------------
   0    0.010312  3.8873E-05
   1    0.020231   0.0013507
   2    0.030038   0.0031445
   3    0.040022   0.0054575
   4    0.050721   0.0082715
   5    0.060052    0.010907
   6     0.07002    0.013965
   7    0.080143    0.017313
   8    0.090041    0.020801
   9     0.10038     0.02465
  10     0.11001    0.028393
  11     0.12004    0.032464
  12     0.13006    0.036707
  13     0.14042    0.041238
  14     0.15015    0.045656
  15     0.16008    0.050354
  16     0.17004    0.055232
  17     0.18001    0.060298
  18     0.19008    0.065561
  19     0.20005    0.070877
  20     0.21008    0.076385
  21     0.22037     0.08216
  22     0.23019    0.087781
  23      0.2402    0.093646
  24        0.25    0.099507
  25     0.26001      0.1056
  26        0.27     0.11186
  27     0.28027     0.11844
  28      0.2901     0.12485
  29     0.30004     0.13142
  30     0.31033     0.13833
  31     0.32004     0.14498
  32     0.33005     0.15195
  33     0.34013     0.15908
  34     0.35008     0.16621
  35     0.36012     0.17351
  36     0.37002     0.18078
  37     0.38053     0.18861
  38     0.39013     0.19585
  39     0.40003     0.20341
  40     0.41001     0.21112
  41     0.42007     0.21897
  42      0.4301     0.22687
  43     0.44024     0.23494
  44     0.45031     0.24302
  45     0.46011     0.25096
  46     0.47021     0.25924
  47     0.48005     0.26739
  48     0.49001     0.27572
  49     0.50011     0.28424
  50     0.51003     0.29269
  51     0.52014     0.30139
  52     0.53008     0.31003
  53     0.54013     0.31886
  54     0.55001     0.32765
  55     0.56002     0.33667
  56     0.57007     0.34586
  57     0.58047     0.35549
  58     0.59003     0.36445
  59     0.60011     0.37406
  60     0.61001     0.38367
  61     0.62024     0.39373
  62     0.63043     0.40396
  63     0.64007     0.41381
  64     0.65026     0.42437
  65     0.66004     0.43465
  66     0.67003      0.4453
  67     0.68014     0.45624
  68     0.69001     0.46707
  69     0.70024     0.47848
  70     0.71013     0.48968
  71     0.72014     0.50118
  72     0.73006     0.51278
  73     0.74004     0.52469
  74     0.75017     0.53704
  75      0.7602     0.54959
  76     0.77001     0.56222
  77     0.78011     0.57553
  78     0.79013     0.58893
  79     0.80013     0.60259
  80     0.81057     0.61718
  81     0.82007     0.63071
  82     0.83054     0.64596
  83     0.84013     0.66028
  84     0.85043     0.67601
  85     0.86082     0.69214
  86     0.87012     0.70692
  87     0.88004     0.72308
  88     0.89024      0.7401
  89     0.90011       0.757
  90     0.91022     0.77487
  91     0.92038     0.79337
  92      0.9302     0.81202
  93     0.94035     0.83234
  94      0.9502     0.85295
  95     0.96007     0.87503
  96     0.97068     0.90092
  97     0.98012      0.9255
  98     0.99008      0.9549
  99           1           1
-----------------------------------------

----------------- PPP$ and local currency --------------
         PPP used in computation: 0.608563
     Data mean in local currency: 371.583
               Data mean in PPP$: 640.983
        Poverty line in PPP$/Day: 1.9
      Poverty line in PPP$/Month: 57.7917
  Poverty line in local currency: 33.5023
-------------------------------------------------------

----------------- Estimation result --------------
     Number of observation: 4756
          Total population: 1.32826E+06
              Total wealth: 8.11022E+08(PPP$)
                   Minimum: -405.117(PPP$)
                   Maximum: 6881.75(PPP$)
             Headcount(HC): 0.00922615
          Poverty gap (PG): 0.00992755
       Poverty gap squared: 0.0332154
                      Gini: 0.321603
                    Median: 543.629
                       MLD: 0.212992
                      Watt: 0.00529486
--------------------------------------------------

-------------------------------- Income or Consumption share by deciles (%) -------------------------------------
      2.451     4.6343     6.0541     7.1991     8.0762     8.9814     10.425     12.421     15.439     24.319
-----------------------------------------------------------------------------------------------------------------


