

**********************************************************************************************
**                                   Basic Information                                      **
**********************************************************************************************

----------------- Dataset Information -----------------
                         Country: Estonia
                    Country dode: EST
                       Data Year: 2001
                        Coverage: National
             Welfare measurement: Consumption
                     Data format: Unit record
                     Data source: EST_N2001X
                  Data time span: UnDefined
-------------------------------------------------------


----------- Distribution ------------
   i           P           L 
-------------------------------------
   0    0.010271   0.0013507
   1    0.020129   0.0033032
   2    0.030032   0.0055537
   3    0.040015   0.0080732
   4    0.050225    0.010938
   5    0.060167    0.013932
   6    0.070021    0.017037
   7    0.080158    0.020384
   8    0.090086    0.023822
   9     0.10001    0.027389
  10     0.11008    0.031154
  11     0.12002    0.035015
  12     0.13011    0.039061
  13     0.14018    0.043237
  14     0.15013    0.047483
  15     0.16011    0.051863
  16     0.17037    0.056468
  17     0.18056    0.061137
  18     0.19006    0.065586
  19     0.20029    0.070477
  20      0.2101    0.075261
  21     0.22003    0.080212
  22     0.23005    0.085298
  23     0.24011    0.090502
  24     0.25014    0.095779
  25     0.26053     0.10135
  26     0.27015     0.10658
  27     0.28014     0.11211
  28     0.29007      0.1177
  29     0.30009     0.12343
  30     0.31135     0.12998
  31     0.32011     0.13517
  32     0.33005     0.14116
  33     0.34002     0.14725
  34     0.35072     0.15388
  35     0.36017     0.15982
  36     0.37006     0.16617
  37     0.38009      0.1727
  38     0.39006     0.17928
  39     0.40001     0.18596
  40     0.41008     0.19285
  41     0.42018     0.19988
  42     0.43002     0.20684
  43     0.44008     0.21404
  44     0.45016     0.22134
  45     0.46017      0.2287
  46     0.47015     0.23616
  47        0.48     0.24363
  48     0.49001     0.25133
  49     0.50047     0.25949
  50      0.5101     0.26712
  51      0.5201     0.27519
  52     0.53005     0.28335
  53     0.54001     0.29165
  54     0.55003     0.30014
  55     0.56008      0.3088
  56        0.57     0.31749
  57     0.58002     0.32638
  58     0.59002     0.33536
  59     0.60006     0.34453
  60     0.61007     0.35382
  61      0.6201     0.36328
  62      0.6302     0.37297
  63     0.64003     0.38259
  64     0.65015     0.39262
  65     0.66009     0.40266
  66     0.67012     0.41295
  67     0.68008     0.42333
  68     0.69008     0.43393
  69     0.70007      0.4447
  70     0.71008     0.45572
  71     0.72008     0.46694
  72     0.73003     0.47839
  73     0.74012     0.49029
  74     0.75035     0.50256
  75     0.76004     0.51447
  76     0.77011     0.52705
  77     0.78031     0.54002
  78     0.79005     0.55268
  79     0.80003     0.56591
  80     0.81005     0.57953
  81     0.82015     0.59363
  82     0.83015     0.60792
  83     0.84004     0.62245
  84     0.85001      0.6376
  85     0.86006     0.65335
  86     0.87009     0.66951
  87     0.88029     0.68659
  88     0.89008     0.70338
  89      0.9002     0.72137
  90     0.91013     0.73965
  91     0.92003     0.75862
  92     0.93005     0.77872
  93     0.94005     0.79986
  94      0.9503     0.82301
  95     0.96005     0.84651
  96     0.97115     0.87628
  97      0.9801     0.90361
  98     0.99037     0.94225
  99           1           1
-----------------------------------------

----------------- PPP$ and local currency --------------
         PPP used in computation: 0.608563
     Data mean in local currency: 129.484
               Data mean in PPP$: 317.862
        Poverty line in PPP$/Day: 1.9
      Poverty line in PPP$/Month: 57.7917
  Poverty line in local currency: 23.5419
-------------------------------------------------------

----------------- Estimation result --------------
     Number of observation: 5955
          Total population: 1.3564E+06
              Total wealth: 2.886E+08(PPP$)
                   Minimum: 11.6211(PPP$)
                   Maximum: 4492.55(PPP$)
             Headcount(HC): 0.0116795
          Poverty gap (PG): 0.00287492
       Poverty gap squared: 0.00118856
                      Gini: 0.360125
                    Median: 249.973
                       MLD: 0.218581
                      Watt: 0.00384477
--------------------------------------------------

-------------------------------- Income or Consumption share by deciles (%) -------------------------------------
     2.7387     4.2953     5.3033     6.2586     7.3167      8.535     10.015     12.124     15.515     27.898
-----------------------------------------------------------------------------------------------------------------


