

**********************************************************************************************
**                                   Basic Information                                      **
**********************************************************************************************

----------------- Dataset Information -----------------
                         Country: Estonia
                    Country dode: EST
                       Data Year: 2005
                        Coverage: National
             Welfare measurement: Income
                     Data format: Unit record
                     Data source: EST_N2005Y
                  Data time span: UnDefined
-------------------------------------------------------


----------- Distribution ------------
   i           P           L 
-------------------------------------
   0    0.010406  0.00013507
   1    0.020016   0.0015991
   2    0.030812    0.003814
   3    0.040417   0.0061616
   4    0.050128   0.0087931
   5    0.060121    0.011747
   6    0.070106    0.014946
   7    0.080151    0.018363
   8    0.090062    0.021944
   9     0.10008    0.025758
  10     0.11001    0.029706
  11     0.12005    0.033886
  12     0.13014    0.038224
  13     0.14029    0.042737
  14     0.15033    0.047378
  15     0.16026    0.052111
  16      0.1701    0.056919
  17     0.18016    0.061968
  18     0.19001    0.067042
  19     0.20012    0.072383
  20     0.21004    0.077764
  21     0.22025    0.083415
  22     0.23012    0.088988
  23     0.24104    0.095297
  24     0.25009     0.10061
  25      0.2601     0.10659
  26     0.27004     0.11266
  27     0.28052     0.11915
  28     0.29041     0.12534
  29     0.30011     0.13151
  30      0.3101     0.13797
  31        0.32     0.14446
  32     0.33011     0.15116
  33     0.34002     0.15784
  34     0.35012     0.16472
  35     0.36014     0.17163
  36     0.37009     0.17855
  37     0.38025     0.18571
  38     0.39028     0.19283
  39     0.40002     0.19981
  40     0.41006     0.20708
  41     0.42036     0.21462
  42     0.43004     0.22178
  43     0.44026     0.22942
  44     0.45021     0.23695
  45      0.4602     0.24459
  46     0.47006      0.2522
  47     0.48065     0.26046
  48     0.49026     0.26803
  49      0.5001     0.27591
  50     0.51021     0.28411
  51     0.52001     0.29216
  52     0.53003     0.30056
  53     0.54015     0.30919
  54     0.55011     0.31779
  55     0.56009     0.32654
  56     0.57013     0.33551
  57     0.58024      0.3447
  58     0.59003     0.35371
  59     0.60015     0.36314
  60     0.61014     0.37265
  61     0.62027     0.38244
  62     0.63007     0.39207
  63     0.64006     0.40204
  64     0.65027     0.41239
  65     0.66005     0.42246
  66     0.67003     0.43288
  67     0.68002     0.44348
  68     0.69007      0.4543
  69     0.70012     0.46527
  70     0.71006     0.47634
  71     0.72016     0.48778
  72     0.73048     0.49966
  73      0.7402     0.51104
  74     0.75001     0.52276
  75     0.76002     0.53494
  76     0.77041     0.54781
  77     0.78023     0.56026
  78     0.79021     0.57313
  79     0.80039     0.58654
  80     0.81001      0.5995
  81     0.82033     0.61373
  82     0.83013     0.62764
  83      0.8402     0.64226
  84     0.85012     0.65703
  85     0.86026     0.67245
  86     0.87008     0.68778
  87     0.88009     0.70388
  88     0.89001     0.72053
  89     0.90016     0.73813
  90     0.91037     0.75636
  91     0.92002     0.77442
  92     0.93004     0.79413
  93     0.94012     0.81504
  94     0.95034     0.83735
  95     0.96008     0.86013
  96     0.97023     0.88582
  97     0.98001     0.91294
  98     0.99039     0.94734
  99           1           1
-----------------------------------------

----------------- PPP$ and local currency --------------
         PPP used in computation: 0.608563
     Data mean in local currency: 244.946
               Data mean in PPP$: 534.114
        Poverty line in PPP$/Day: 1.9
      Poverty line in PPP$/Month: 57.7917
  Poverty line in local currency: 26.5034
-------------------------------------------------------

----------------- Estimation result --------------
     Number of observation: 5233
          Total population: 1.33005E+06
              Total wealth: 5.35343E+08(PPP$)
                   Minimum: -727.544(PPP$)
                   Maximum: 3623.82(PPP$)
             Headcount(HC): 0.00973612
          Poverty gap (PG): 0.00917159
       Poverty gap squared: 0.0459484
                      Gini: 0.336326
                    Median: 431.051
                       MLD: 0.224389
                      Watt: 0.00288782
--------------------------------------------------

-------------------------------- Income or Consumption share by deciles (%) -------------------------------------
     2.5728     4.6593     5.9118     6.8353     7.6043     8.7165     10.213     12.089     15.183     26.215
-----------------------------------------------------------------------------------------------------------------


