

**********************************************************************************************
**                                   Basic Information                                      **
**********************************************************************************************

----------------- Dataset Information -----------------
                         Country: Estonia
                    Country dode: EST
                       Data Year: 2011
                        Coverage: National
             Welfare measurement: Income
                     Data format: Unit record
                     Data source: EST_N2011Y
                  Data time span: UnDefined
-------------------------------------------------------


----------- Distribution ------------
   i           P           L 
-------------------------------------
   0    0.010268 -0.00010943
   1    0.020162   0.0010711
   2    0.030056   0.0028824
   3    0.040219   0.0052728
   4    0.050066   0.0079233
   5    0.060074    0.010886
   6    0.070211    0.014155
   7    0.080142    0.017519
   8    0.090172    0.021103
   9     0.10004    0.024839
  10     0.11001    0.028798
  11     0.12007    0.032989
  12     0.13001    0.037293
  13     0.14007    0.041778
  14     0.15007    0.046383
  15     0.16035    0.051282
  16     0.17007    0.056084
  17     0.18005    0.061155
  18      0.1901    0.066391
  19     0.20014    0.071757
  20     0.21008    0.077202
  21     0.22021    0.082844
  22     0.23028    0.088565
  23     0.24032    0.094391
  24     0.25026     0.10029
  25     0.26002     0.10621
  26     0.27075     0.11287
  27     0.28042     0.11899
  28     0.29001     0.12517
  29     0.30002     0.13172
  30     0.31002     0.13837
  31     0.32051     0.14546
  32     0.33001     0.15197
  33     0.34009     0.15895
  34     0.35008     0.16597
  35     0.36001     0.17301
  36     0.37008     0.18023
  37     0.38005     0.18744
  38     0.39034     0.19496
  39     0.40017     0.20222
  40     0.41007     0.20959
  41     0.42019     0.21719
  42     0.43002     0.22467
  43     0.44003     0.23236
  44      0.4501     0.24017
  45     0.46033     0.24817
  46     0.47006     0.25587
  47     0.48027     0.26405
  48     0.49008     0.27199
  49     0.50013     0.28023
  50        0.51     0.28839
  51     0.52003     0.29679
  52     0.53003     0.30529
  53     0.54018     0.31402
  54     0.55004      0.3226
  55     0.56013     0.33156
  56     0.57019     0.34064
  57     0.58006     0.34972
  58     0.59015     0.35915
  59     0.60007     0.36856
  60     0.61004     0.37817
  61     0.62005     0.38799
  62     0.63004     0.39794
  63     0.64026     0.40828
  64     0.65017     0.41848
  65     0.66001     0.42875
  66      0.6701     0.43945
  67     0.68021     0.45036
  68     0.69001     0.46113
  69     0.70001     0.47231
  70     0.71006     0.48376
  71     0.72004      0.4953
  72     0.73014     0.50721
  73     0.74012     0.51921
  74      0.7502     0.53161
  75     0.76032     0.54429
  76      0.7701     0.55675
  77     0.78011     0.56978
  78      0.7902     0.58325
  79     0.80001     0.59663
  80     0.81023     0.61081
  81     0.82027       0.625
  82     0.83041     0.63964
  83     0.84008     0.65393
  84     0.85013     0.66917
  85     0.86035     0.68517
  86      0.8701     0.70088
  87     0.88021     0.71764
  88     0.89001     0.73441
  89     0.90005     0.75202
  90     0.91028     0.77064
  91     0.92008     0.78907
  92     0.93017     0.80885
  93     0.94028     0.82924
  94     0.95007     0.85024
  95     0.96005     0.87297
  96     0.97008     0.89748
  97     0.98008      0.9238
  98     0.99017     0.95515
  99           1           1
-----------------------------------------

----------------- PPP$ and local currency --------------
         PPP used in computation: 0.608563
     Data mean in local currency: 404.068
               Data mean in PPP$: 663.971
        Poverty line in PPP$/Day: 1.9
      Poverty line in PPP$/Month: 57.7917
  Poverty line in local currency: 35.1699
-------------------------------------------------------

----------------- Estimation result --------------
     Number of observation: 5050
          Total population: 1.32777E+06
              Total wealth: 8.816E+08(PPP$)
                   Minimum: -437.758(PPP$)
                   Maximum: 8705.2(PPP$)
             Headcount(HC): 0.0120998
          Poverty gap (PG): 0.0116895
       Poverty gap squared: 0.0339575
                      Gini: 0.32692
                    Median: 546.57
                       MLD: 0.235894
                      Watt: 0.00549914
--------------------------------------------------

-------------------------------- Income or Consumption share by deciles (%) -------------------------------------
     2.4825      4.686     6.0022      7.039     7.8019     8.8378     10.381     12.431     15.532     24.806
-----------------------------------------------------------------------------------------------------------------


