

**********************************************************************************************
**                                   Basic Information                                      **
**********************************************************************************************

----------------- Dataset Information -----------------
                         Country: Ethiopia
                    Country dode: ETH
                       Data Year: 2004
                        Coverage: National
             Welfare measurement: Consumption
                     Data format: Unit record
                     Data source: ETH_N2004X
                  Data time span: UnDefined
-------------------------------------------------------


----------- Distribution ------------
   i           P           L 
-------------------------------------
   0    0.010011   0.0028133
   1    0.020014   0.0062015
   2    0.030002   0.0098412
   3    0.040082    0.013792
   4    0.050126    0.017924
   5    0.060039    0.022176
   6    0.070012    0.026598
   7    0.080315    0.031301
   8    0.090165    0.035924
   9     0.10003    0.040674
  10     0.11001     0.04558
  11     0.12019    0.050676
  12        0.13    0.055668
  13     0.14004     0.06087
  14     0.15013    0.066189
  15     0.16004    0.071499
  16     0.17006    0.076949
  17     0.18011    0.082501
  18     0.19008    0.088092
  19     0.20014     0.09382
  20     0.21002    0.099511
  21     0.22004     0.10536
  22     0.23002     0.11127
  23        0.24     0.11724
  24     0.25012     0.12337
  25     0.26001     0.12945
  26      0.2701     0.13574
  27     0.28006     0.14202
  28     0.29006     0.14841
  29     0.30005     0.15486
  30     0.31001     0.16137
  31      0.3201     0.16804
  32     0.33011     0.17474
  33     0.34016     0.18156
  34        0.35     0.18832
  35     0.36001      0.1953
  36     0.37008     0.20243
  37        0.38     0.20955
  38     0.39001     0.21683
  39     0.40002      0.2242
  40     0.41004     0.23168
  41        0.42     0.23922
  42     0.43002     0.24691
  43     0.44011     0.25477
  44     0.45001     0.26257
  45     0.46002     0.27057
  46     0.47002     0.27867
  47     0.48007     0.28692
  48     0.49001     0.29517
  49     0.50013     0.30366
  50     0.51014     0.31215
  51     0.52009     0.32071
  52     0.53001     0.32934
  53      0.5402     0.33831
  54     0.55005     0.34707
  55     0.56012     0.35613
  56     0.57005     0.36516
  57     0.58004     0.37436
  58     0.59004     0.38367
  59     0.60005     0.39308
  60     0.61001     0.40256
  61     0.62025     0.41242
  62     0.63002     0.42193
  63        0.64     0.43176
  64     0.65004     0.44173
  65        0.66     0.45174
  66     0.67006     0.46197
  67     0.68002      0.4722
  68     0.69008     0.48268
  69     0.70009     0.49322
  70      0.7101     0.50388
  71     0.72002     0.51458
  72        0.73      0.5255
  73     0.74018     0.53679
  74      0.7502     0.54807
  75     0.76002     0.55928
  76     0.77002     0.57087
  77     0.78004     0.58269
  78     0.79006     0.59472
  79     0.80009     0.60696
  80     0.81005     0.61933
  81     0.82003     0.63195
  82     0.83009     0.64491
  83     0.84011     0.65805
  84     0.85005     0.67135
  85     0.86005     0.68505
  86     0.87004     0.69911
  87     0.88007     0.71358
  88        0.89     0.72832
  89     0.90002     0.74366
  90     0.91002     0.75943
  91        0.92     0.77588
  92        0.93     0.79313
  93     0.94001     0.81116
  94     0.95002     0.83031
  95     0.96001     0.85078
  96     0.97001     0.87329
  97     0.98001     0.89921
  98     0.99001     0.93178
  99           1           1
-----------------------------------------

----------------- PPP$ and local currency --------------
         PPP used in computation: 5.43861
     Data mean in local currency: 141.236
               Data mean in PPP$: 81.842
        Poverty line in PPP$/Day: 1.9
      Poverty line in PPP$/Month: 57.7917
  Poverty line in local currency: 99.7323
-------------------------------------------------------

----------------- Estimation result --------------
     Number of observation: 21288
          Total population: 6.41472E+07
              Total wealth: 1.66585E+09(PPP$)
                   Minimum: 2.90977(PPP$)
                   Maximum: 12399.8(PPP$)
             Headcount(HC): 0.363109
          Poverty gap (PG): 0.0834399
       Poverty gap squared: 0.0271135
                      Gini: 0.298069
                    Median: 69.0439
                       MLD: 0.149857
                      Watt: 0.102509
--------------------------------------------------

-------------------------------- Income or Consumption share by deciles (%) -------------------------------------
     4.0659     5.3079     6.1094     6.9353     7.9362     8.9491     10.009     11.372     13.678     25.637
-----------------------------------------------------------------------------------------------------------------


