

**********************************************************************************************
**                                   Basic Information                                      **
**********************************************************************************************

----------------- Dataset Information -----------------
                         Country: Ethiopia
                    Country dode: ETH
                       Data Year: 1995
                        Coverage: National
             Welfare measurement: Consumption
                     Data format: Unit record
                     Data source: ETH_N1995X
                  Data time span: UnDefined
-------------------------------------------------------


----------- Distribution ------------
   i           P           L 
-------------------------------------
   0    0.010005   0.0014932
   1    0.020165   0.0035644
   2    0.030146   0.0058693
   3     0.04001   0.0082884
   4    0.050141    0.010945
   5    0.060119    0.013699
   6    0.070137     0.01659
   7    0.080022    0.019557
   8    0.090271     0.02276
   9     0.10012    0.025953
  10     0.11003    0.029261
  11     0.12005    0.032712
  12     0.13028    0.036325
  13      0.1401    0.039895
  14     0.15005    0.043593
  15     0.16008    0.047403
  16     0.17002    0.051273
  17     0.18004    0.055257
  18     0.19007    0.059335
  19     0.20004    0.063472
  20     0.21012    0.067754
  21     0.22006    0.072056
  22     0.23011     0.07649
  23     0.24012    0.080976
  24     0.25012    0.085532
  25     0.26007    0.090139
  26     0.27003    0.094814
  27     0.28018    0.099648
  28     0.29031     0.10454
  29     0.30001     0.10931
  30     0.31005     0.11432
  31     0.32008     0.11939
  32     0.33007     0.12449
  33     0.34002     0.12967
  34     0.35011       0.135
  35        0.36      0.1403
  36     0.37003     0.14576
  37     0.38014     0.15135
  38     0.39009     0.15692
  39     0.40001     0.16256
  40     0.41003     0.16836
  41     0.42008     0.17426
  42     0.43013     0.18025
  43     0.44004     0.18625
  44     0.45012     0.19244
  45     0.46029     0.19876
  46     0.47007     0.20495
  47     0.48003     0.21133
  48     0.49015     0.21791
  49     0.50019     0.22455
  50     0.51014     0.23123
  51     0.52017     0.23804
  52     0.53003     0.24483
  53     0.54005     0.25184
  54     0.55023     0.25907
  55     0.56003     0.26613
  56     0.57011     0.27352
  57     0.58001     0.28089
  58        0.59     0.28846
  59     0.60001     0.29616
  60     0.61003     0.30401
  61     0.62003     0.31199
  62     0.63009     0.32013
  63     0.64003      0.3283
  64     0.65014     0.33674
  65     0.66009     0.34522
  66     0.67011     0.35392
  67     0.68002     0.36264
  68     0.69002     0.37158
  69     0.70001     0.38066
  70     0.71004     0.38995
  71     0.72002      0.3994
  72     0.73001     0.40907
  73        0.74     0.41895
  74     0.75004     0.42909
  75     0.76006      0.4395
  76     0.77004     0.45016
  77     0.78004     0.46105
  78     0.79009     0.47232
  79     0.80001     0.48373
  80     0.81005     0.49557
  81     0.82012     0.50776
  82        0.83     0.52009
  83     0.84004     0.53301
  84     0.85012     0.54634
  85     0.86002     0.55986
  86     0.87009     0.57414
  87     0.88015     0.58887
  88     0.89001     0.60378
  89     0.90002     0.61955
  90        0.91     0.63602
  91     0.92007     0.65349
  92      0.9301     0.67191
  93     0.94002     0.69128
  94     0.95005     0.71269
  95        0.96      0.7365
  96     0.97004     0.76401
  97      0.9801     0.79761
  98        0.99     0.84241
  99           1           1
-----------------------------------------

----------------- PPP$ and local currency --------------
         PPP used in computation: 5.43861
     Data mean in local currency: 90.7356
               Data mean in PPP$: 66.6446
        Poverty line in PPP$/Day: 1.9
      Poverty line in PPP$/Month: 57.7917
  Poverty line in local currency: 78.6826
-------------------------------------------------------

----------------- Estimation result --------------
     Number of observation: 11526
          Total population: 5.68093E+07
              Total wealth: 9.47784E+08(PPP$)
                   Minimum: 0.734562(PPP$)
                   Maximum: 5767.89(PPP$)
             Headcount(HC): 0.664438
          Poverty gap (PG): 0.262003
       Poverty gap squared: 0.130673
                      Gini: 0.445645
                    Median: 44.4078
                       MLD: 0.341139
                      Watt: 0.376513
--------------------------------------------------

-------------------------------- Income or Consumption share by deciles (%) -------------------------------------
     2.5912     3.7542     4.5852     5.3246     6.1869     7.1729     8.4499     10.307      13.58     38.048
-----------------------------------------------------------------------------------------------------------------


