

**********************************************************************************************
**                                   Basic Information                                      **
**********************************************************************************************

----------------- Dataset Information -----------------
                         Country: Ethiopia
                    Country dode: ETH
                       Data Year: 1999
                        Coverage: National
             Welfare measurement: Consumption
                     Data format: Unit record
                     Data source: ETH_N1999X
                  Data time span: UnDefined
-------------------------------------------------------


----------- Distribution ------------
   i           P           L 
-------------------------------------
   0     0.01007   0.0025497
   1    0.020022   0.0056023
   2     0.03004   0.0090351
   3    0.040038    0.012726
   4    0.050121    0.016621
   5    0.060008    0.020626
   6    0.070091    0.024909
   7     0.08006      0.0293
   8     0.09006    0.033839
   9     0.10015    0.038573
  10     0.11014    0.043387
  11     0.12009     0.04829
  12     0.13028    0.053431
  13        0.14    0.058428
  14     0.15005    0.063704
  15     0.16002    0.069026
  16     0.17034    0.074629
  17     0.18015    0.080039
  18     0.19001    0.085545
  19     0.20001     0.09122
  20     0.21011    0.097045
  21     0.22002     0.10284
  22      0.2302     0.10891
  23     0.24007     0.11487
  24     0.25027     0.12113
  25     0.26003     0.12719
  26     0.27016     0.13357
  27     0.28003     0.13986
  28     0.29008     0.14637
  29     0.30022     0.15304
  30     0.31003     0.15961
  31        0.32     0.16636
  32     0.33003     0.17326
  33     0.34027     0.18037
  34     0.35009     0.18727
  35     0.36005     0.19436
  36     0.37009     0.20159
  37     0.38008     0.20884
  38     0.39001     0.21614
  39      0.4001     0.22364
  40     0.41001     0.23108
  41     0.42017     0.23878
  42     0.43005     0.24636
  43     0.44009     0.25413
  44     0.45034     0.26216
  45     0.46016     0.26997
  46     0.47002     0.27789
  47     0.48006     0.28604
  48     0.49015     0.29433
  49     0.50003     0.30256
  50     0.51009     0.31102
  51     0.52003     0.31949
  52     0.53004      0.3281
  53     0.54007     0.33684
  54     0.55007     0.34563
  55     0.56006     0.35453
  56      0.5702     0.36368
  57     0.58024     0.37284
  58     0.59004     0.38189
  59     0.60011     0.39128
  60     0.61002     0.40065
  61     0.62002     0.41021
  62     0.63002      0.4199
  63     0.64009     0.42977
  64     0.65007     0.43965
  65     0.66001     0.44963
  66     0.67005     0.45982
  67     0.68012     0.47018
  68     0.69027     0.48076
  69      0.7002     0.49123
  70     0.71009      0.5018
  71     0.72008     0.51267
  72     0.73022     0.52389
  73     0.74018     0.53505
  74     0.75015     0.54641
  75     0.76005     0.55784
  76     0.77001     0.56953
  77      0.7803     0.58182
  78     0.79003     0.59363
  79     0.80027     0.60626
  80        0.81     0.61847
  81     0.82002     0.63129
  82     0.83002     0.64438
  83     0.84006     0.65785
  84     0.85006     0.67155
  85     0.86003      0.6855
  86        0.87     0.69976
  87     0.88011     0.71462
  88     0.89007     0.72966
  89     0.90013     0.74538
  90     0.91002     0.76138
  91     0.92005     0.77826
  92     0.93009     0.79597
  93     0.94011     0.81455
  94      0.9501     0.83434
  95     0.96004     0.85554
  96     0.97001     0.87914
  97     0.98001      0.9061
  98     0.99001     0.93914
  99           1           1
-----------------------------------------

----------------- PPP$ and local currency --------------
         PPP used in computation: 5.43861
     Data mean in local currency: 92.5062
               Data mean in PPP$: 64.9499
        Poverty line in PPP$/Day: 1.9
      Poverty line in PPP$/Month: 57.7917
  Poverty line in local currency: 82.311
-------------------------------------------------------

----------------- Estimation result --------------
     Number of observation: 16556
          Total population: 5.47561E+07
              Total wealth: 9.31355E+08(PPP$)
                   Minimum: 1.79542(PPP$)
                   Maximum: 687.838(PPP$)
             Headcount(HC): 0.553688
          Poverty gap (PG): 0.161645
       Poverty gap squared: 0.06466
                      Gini: 0.299758
                    Median: 54.3343
                       MLD: 0.149964
                      Watt: 0.211452
--------------------------------------------------

-------------------------------- Income or Consumption share by deciles (%) -------------------------------------
     3.8505     5.2711     6.1685     7.0658     7.8974     8.8654     9.9829     11.492     13.924     25.483
-----------------------------------------------------------------------------------------------------------------


