

**********************************************************************************************
**                                   Basic Information                                      **
**********************************************************************************************

----------------- Dataset Information -----------------
                         Country: Ethiopia
                    Country dode: ETH
                       Data Year: 2010
                        Coverage: National
             Welfare measurement: Consumption
                     Data format: Unit record
                     Data source: ETH_N2010X
                  Data time span: UnDefined
-------------------------------------------------------


----------- Distribution ------------
   i           P           L 
-------------------------------------
   0    0.010044   0.0017895
   1    0.020055      0.0042
   2    0.030011   0.0069171
   3    0.040034   0.0098913
   4    0.050104    0.013111
   5     0.06005    0.016472
   6    0.070205    0.020085
   7    0.080106    0.023799
   8    0.090138    0.027741
   9     0.10009    0.031833
  10        0.11    0.036081
  11     0.12006    0.040528
  12     0.13011    0.045093
  13     0.14007    0.049738
  14     0.15001    0.054539
  15     0.16009    0.059517
  16     0.17012    0.064567
  17     0.18012    0.069717
  18     0.19003    0.074918
  19     0.20001    0.080261
  20     0.21005    0.085736
  21        0.22    0.091263
  22     0.23005    0.096928
  23     0.24009     0.10268
  24     0.25003     0.10846
  25     0.26031     0.11453
  26     0.27007     0.12039
  27     0.28009     0.12649
  28     0.29008     0.13266
  29     0.30006     0.13891
  30     0.31008     0.14527
  31     0.32012     0.15171
  32     0.33001     0.15815
  33     0.34002     0.16476
  34     0.35009     0.17152
  35     0.36008     0.17829
  36        0.37     0.18511
  37        0.38     0.19209
  38     0.39008     0.19924
  39     0.40001     0.20638
  40     0.41008     0.21369
  41     0.42005     0.22102
  42     0.43004     0.22846
  43        0.44     0.23599
  44     0.45003     0.24365
  45     0.46015     0.25146
  46     0.47015     0.25928
  47     0.48004     0.26712
  48      0.4901     0.27518
  49     0.50003     0.28323
  50        0.51     0.29141
  51     0.52007     0.29975
  52     0.53013     0.30818
  53     0.54008     0.31663
  54        0.55     0.32517
  55     0.56002     0.33389
  56     0.57014     0.34282
  57     0.58003     0.35166
  58     0.59001     0.36068
  59     0.60001     0.36982
  60     0.61002     0.37908
  61      0.6201     0.38854
  62     0.63001     0.39796
  63     0.64006     0.40763
  64     0.65003     0.41737
  65     0.66002     0.42725
  66     0.67007     0.43733
  67     0.68006     0.44747
  68        0.69      0.4577
  69     0.70008     0.46824
  70     0.71003     0.47879
  71     0.72001     0.48959
  72     0.73001      0.5006
  73     0.74008     0.51187
  74     0.75007     0.52327
  75     0.76007     0.53486
  76     0.77002      0.5466
  77        0.78      0.5586
  78     0.79014     0.57099
  79     0.80004     0.58334
  80        0.81     0.59605
  81     0.82009     0.60919
  82      0.8301     0.62254
  83     0.84001     0.63606
  84     0.85009     0.65012
  85      0.8601     0.66445
  86        0.87     0.67903
  87     0.88013      0.6944
  88     0.89001     0.70986
  89         0.9     0.72602
  90     0.91001     0.74293
  91        0.92     0.76047
  92        0.93     0.77893
  93     0.94002     0.79856
  94     0.95001     0.81953
  95        0.96      0.8422
  96     0.97001     0.86714
  97     0.98001     0.89595
  98        0.99     0.93112
  99           1           1
-----------------------------------------

----------------- PPP$ and local currency --------------
         PPP used in computation: 5.43861
     Data mean in local currency: 416.819
               Data mean in PPP$: 87.5586
        Poverty line in PPP$/Day: 1.9
      Poverty line in PPP$/Month: 57.7917
  Poverty line in local currency: 275.115
-------------------------------------------------------

----------------- Estimation result --------------
     Number of observation: 27774
          Total population: 7.60859E+07
              Total wealth: 5.83128E+09(PPP$)
                   Minimum: 7.30503(PPP$)
                   Maximum: 10037(PPP$)
             Headcount(HC): 0.335429
          Poverty gap (PG): 0.0904125
       Poverty gap squared: 0.0367507
                      Gini: 0.331696
                    Median: 71.4332
                       MLD: 0.187093
                      Watt: 0.11993
--------------------------------------------------

-------------------------------- Income or Consumption share by deciles (%) -------------------------------------
     3.1797     4.8458     5.8621     6.7492     7.6837     8.6607     9.8346     11.513     14.273     27.398
-----------------------------------------------------------------------------------------------------------------


