

**********************************************************************************************
**                                   Basic Information                                      **
**********************************************************************************************

----------------- Dataset Information -----------------
                         Country: Finland
                    Country dode: FIN
                       Data Year: 2009
                        Coverage: National
             Welfare measurement: Income
                     Data format: Unit record
                     Data source: FIN_N2009Y
                  Data time span: UnDefined
-------------------------------------------------------


----------- Distribution ------------
   i           P           L 
-------------------------------------
   0    0.010036   0.0019671
   1    0.020141   0.0049836
   2    0.030028   0.0083021
   3    0.040018    0.011919
   4    0.050255    0.015866
   5    0.060002    0.019836
   6     0.07001    0.024116
   7    0.080456    0.028739
   8    0.090085    0.033188
   9     0.10009    0.038012
  10     0.11003    0.042955
  11     0.12064    0.048381
  12     0.13003    0.053307
  13     0.14008    0.058698
  14     0.15001    0.064141
  15     0.16005    0.069743
  16     0.17003    0.075422
  17     0.18005    0.081223
  18     0.19002    0.087102
  19     0.20005    0.093119
  20     0.21011    0.099275
  21     0.22008     0.10548
  22     0.23007     0.11177
  23     0.24031     0.11833
  24     0.25001     0.12464
  25     0.26001     0.13123
  26     0.27002     0.13793
  27     0.28001      0.1447
  28     0.29009      0.1516
  29     0.30003     0.15846
  30     0.31009     0.16548
  31     0.32013     0.17257
  32     0.33006     0.17965
  33     0.34009     0.18689
  34     0.35001     0.19415
  35     0.36016     0.20165
  36     0.37017     0.20912
  37     0.38001     0.21653
  38     0.39006     0.22421
  39     0.40002     0.23192
  40     0.41007     0.23979
  41     0.42001     0.24765
  42     0.43014     0.25575
  43        0.44     0.26376
  44     0.45001     0.27198
  45     0.46007     0.28035
  46     0.47003     0.28873
  47     0.48009     0.29727
  48     0.49003      0.3058
  49     0.50008     0.31451
  50     0.51009     0.32329
  51     0.52007     0.33214
  52     0.53003     0.34106
  53     0.54001      0.3501
  54        0.55     0.35926
  55     0.56001     0.36853
  56     0.57008     0.37795
  57        0.58     0.38736
  58     0.59019     0.39714
  59     0.60006     0.40676
  60        0.61     0.41655
  61     0.62004     0.42655
  62     0.63009     0.43669
  63     0.64005     0.44686
  64        0.65     0.45714
  65     0.66008      0.4677
  66     0.67002     0.47825
  67     0.68011     0.48911
  68     0.69009         0.5
  69     0.70006     0.51102
  70     0.71011     0.52227
  71     0.72001      0.5335
  72     0.73001     0.54502
  73     0.74001     0.55673
  74     0.75003     0.56864
  75     0.76004     0.58076
  76     0.77004     0.59302
  77     0.78004     0.60546
  78     0.79011     0.61822
  79     0.80004       0.631
  80     0.81003     0.64407
  81      0.8201     0.65752
  82     0.83004     0.67104
  83     0.84001     0.68484
  84        0.85     0.69892
  85     0.86006     0.71336
  86     0.87008     0.72809
  87     0.88003     0.74303
  88     0.89006     0.75845
  89     0.90001     0.77415
  90     0.91005     0.79046
  91     0.92002     0.80712
  92     0.93002     0.82437
  93     0.94003     0.84228
  94     0.95006     0.86099
  95     0.96002      0.8807
  96     0.97001     0.90187
  97     0.98001     0.92514
  98        0.99     0.95211
  99           1           1
-----------------------------------------

----------------- PPP$ and local currency --------------
         PPP used in computation: 0.980246
     Data mean in local currency: 1374.25
               Data mean in PPP$: 1467.41
        Poverty line in PPP$/Day: 1.9
      Poverty line in PPP$/Month: 57.7917
  Poverty line in local currency: 54.123
-------------------------------------------------------

----------------- Estimation result --------------
     Number of observation: 10592
          Total population: 0.999999
              Total wealth: 1401.95(PPP$)
                   Minimum: -59.7605(PPP$)
                   Maximum: 34741.7(PPP$)
             Headcount(HC): 0.000701671
          Poverty gap (PG): 0.000637731
       Poverty gap squared: 0.000703425
                      Gini: 0.274687
                    Median: 1278.54
                       MLD: 0.130447
                      Watt: 0.000181926
--------------------------------------------------

-------------------------------- Income or Consumption share by deciles (%) -------------------------------------
     3.7968     5.5123     6.5348     7.3462     8.2543     9.2252     10.426     11.999      14.32     22.586
-----------------------------------------------------------------------------------------------------------------


