

**********************************************************************************************
**                                   Basic Information                                      **
**********************************************************************************************

----------------- Dataset Information -----------------
                         Country: Finland
                    Country dode: FIN
                       Data Year: 2012
                        Coverage: National
             Welfare measurement: Income
                     Data format: Unit record
                     Data source: FIN_N2012Y
                  Data time span: UnDefined
-------------------------------------------------------


----------- Distribution ------------
   i           P           L 
-------------------------------------
   0    0.010189   0.0018774
   1    0.020351    0.004845
   2    0.030018   0.0080927
   3    0.040038     0.01182
   4    0.050009    0.015808
   5    0.060016     0.02001
   6    0.070049    0.024407
   7    0.080009    0.028927
   8    0.090038     0.03365
   9     0.10007    0.038542
  10     0.11004    0.043538
  11     0.12015    0.048752
  12     0.13017    0.054049
  13     0.14011    0.059441
  14     0.15025    0.065057
  15     0.16006     0.07061
  16     0.17022    0.076473
  17     0.18021    0.082343
  18     0.19002    0.088205
  19     0.20008    0.094315
  20     0.21008     0.10049
  21     0.22005     0.10674
  22     0.23012     0.11314
  23     0.24012     0.11959
  24      0.2501      0.1261
  25     0.26004     0.13266
  26     0.27015     0.13944
  27      0.2801     0.14619
  28     0.29011     0.15305
  29     0.30006     0.15996
  30     0.31009     0.16701
  31     0.32013     0.17415
  32     0.33002     0.18128
  33     0.34006      0.1886
  34      0.3501       0.196
  35     0.36003      0.2034
  36     0.37007     0.21095
  37     0.38007     0.21855
  38     0.39001     0.22618
  39     0.40003     0.23397
  40     0.41009     0.24187
  41     0.42011     0.24984
  42     0.43011     0.25788
  43     0.44001     0.26593
  44     0.45014     0.27424
  45     0.46003     0.28243
  46        0.47     0.29078
  47     0.48004     0.29928
  48     0.49011      0.3079
  49     0.50011     0.31656
  50     0.51019     0.32538
  51     0.52002     0.33408
  52     0.53017     0.34315
  53     0.54007      0.3521
  54      0.5501     0.36128
  55     0.56006     0.37048
  56     0.57016     0.37993
  57     0.58009      0.3893
  58     0.59002     0.39879
  59     0.60008     0.40853
  60     0.61002     0.41828
  61     0.62001     0.42823
  62     0.63003     0.43834
  63     0.64003     0.44855
  64     0.65005      0.4589
  65     0.66001     0.46931
  66     0.67011        0.48
  67     0.68006     0.49068
  68     0.69007     0.50159
  69     0.70002     0.51258
  70     0.71011     0.52391
  71     0.72002     0.53522
  72     0.73006     0.54686
  73     0.74011     0.55868
  74     0.75009     0.57061
  75     0.76003     0.58267
  76     0.77006     0.59504
  77     0.78004     0.60753
  78     0.79004     0.62026
  79     0.80006     0.63325
  80     0.81003     0.64637
  81     0.82007     0.65983
  82     0.83002     0.67337
  83     0.84008     0.68733
  84     0.85005     0.70145
  85     0.86003     0.71585
  86     0.87002     0.73055
  87     0.88004     0.74567
  88     0.89009     0.76129
  89     0.90002     0.77712
  90     0.91011      0.7936
  91     0.92003     0.81033
  92     0.93003     0.82775
  93     0.94007     0.84597
  94     0.95005     0.86487
  95     0.96001     0.88479
  96     0.97002     0.90603
  97     0.98003     0.92906
  98     0.99006     0.95581
  99           1           1
-----------------------------------------

----------------- PPP$ and local currency --------------
         PPP used in computation: 0.980246
     Data mean in local currency: 1512.78
               Data mean in PPP$: 1501.11
        Poverty line in PPP$/Day: 1.9
      Poverty line in PPP$/Month: 57.7917
  Poverty line in local currency: 58.241
-------------------------------------------------------

----------------- Estimation result --------------
     Number of observation: 10958
          Total population: 1
              Total wealth: 1543.27(PPP$)
                   Minimum: -311.911(PPP$)
                   Maximum: 139816(PPP$)
             Headcount(HC): 0.000781769
          Poverty gap (PG): 0.000880104
       Poverty gap squared: 0.00127667
                      Gini: 0.27116
                    Median: 1306.37
                       MLD: 0.128043
                      Watt: 0.00101177
--------------------------------------------------

-------------------------------- Income or Consumption share by deciles (%) -------------------------------------
      3.851     5.5754     6.5655     7.4024     8.2522     9.1989     10.411     12.061     14.392     22.291
-----------------------------------------------------------------------------------------------------------------


