

**********************************************************************************************
**                                   Basic Information                                      **
**********************************************************************************************

----------------- Dataset Information -----------------
                         Country: Finland
                    Country dode: FIN
                       Data Year: 2005
                        Coverage: National
             Welfare measurement: Income
                     Data format: Unit record
                     Data source: FIN_N2005Y
                  Data time span: UnDefined
-------------------------------------------------------


----------- Distribution ------------
   i           P           L 
-------------------------------------
   0    0.010016   0.0019739
   1    0.020015   0.0051375
   2     0.03005    0.008703
   3    0.040172    0.012583
   4    0.050111    0.016614
   5    0.060209    0.020855
   6    0.070053    0.025196
   7    0.080442    0.029945
   8    0.090018    0.034473
   9      0.1001    0.039403
  10     0.11006    0.044415
  11     0.12006    0.049572
  12     0.13063    0.055141
  13     0.14012    0.060225
  14     0.15016    0.065697
  15     0.16002    0.071174
  16     0.17035    0.077042
  17     0.18006    0.082656
  18     0.19003    0.088526
  19     0.20006    0.094524
  20     0.21018     0.10067
  21     0.22009     0.10678
  22     0.23026     0.11312
  23     0.24002      0.1193
  24     0.25015      0.1258
  25     0.26022     0.13235
  26     0.27006     0.13886
  27     0.28042     0.14582
  28     0.29007     0.15238
  29     0.30001      0.1592
  30     0.31004     0.16616
  31     0.32009     0.17322
  32      0.3301     0.18034
  33        0.34     0.18748
  34     0.35001     0.19479
  35     0.36002     0.20217
  36     0.37009     0.20967
  37        0.38     0.21713
  38     0.39006     0.22477
  39     0.40005     0.23246
  40        0.41     0.24022
  41     0.42001     0.24812
  42     0.43001     0.25612
  43     0.44002     0.26419
  44     0.45077     0.27294
  45     0.46004     0.28056
  46     0.47008     0.28889
  47     0.48007     0.29726
  48     0.49001     0.30568
  49         0.5     0.31425
  50     0.51041     0.32327
  51     0.52004     0.33172
  52     0.53006     0.34061
  53     0.54009     0.34961
  54     0.55003     0.35864
  55     0.56004     0.36784
  56     0.57007     0.37716
  57     0.58004     0.38653
  58     0.59028     0.39627
  59     0.60006     0.40569
  60      0.6101     0.41548
  61     0.62009     0.42534
  62     0.63002     0.43526
  63     0.64026     0.44563
  64     0.65001      0.4556
  65     0.66008     0.46603
  66      0.6701     0.47653
  67     0.68018     0.48725
  68     0.69009     0.49792
  69     0.70009     0.50885
  70     0.71001     0.51987
  71     0.72028     0.53144
  72     0.73008     0.54264
  73     0.74006      0.5542
  74     0.75009     0.56601
  75     0.76011     0.57799
  76     0.77002     0.59005
  77     0.78001      0.6024
  78     0.79004       0.615
  79         0.8     0.62775
  80     0.81001     0.64077
  81        0.82     0.65401
  82     0.83001     0.66751
  83     0.84005     0.68128
  84     0.85008      0.6953
  85     0.86017     0.70974
  86     0.87004     0.72418
  87     0.88009     0.73926
  88     0.89002      0.7545
  89     0.90001      0.7702
  90     0.91023     0.78673
  91     0.92011     0.80318
  92     0.93005     0.82024
  93     0.94009     0.83818
  94     0.95007     0.85678
  95     0.96002      0.8763
  96      0.9701     0.89752
  97     0.98002     0.92039
  98     0.99001     0.94727
  99           1           1
-----------------------------------------

----------------- PPP$ and local currency --------------
         PPP used in computation: 0.980246
     Data mean in local currency: 1167.66
               Data mean in PPP$: 1350.92
        Poverty line in PPP$/Day: 1.9
      Poverty line in PPP$/Month: 57.7917
  Poverty line in local currency: 49.952
-------------------------------------------------------

----------------- Estimation result --------------
     Number of observation: 10477
          Total population: 1
              Total wealth: 1191.19(PPP$)
                   Minimum: -178.098(PPP$)
                   Maximum: 117579(PPP$)
             Headcount(HC): 0.000861839
          Poverty gap (PG): 0.00125462
       Poverty gap squared: 0.00317621
                      Gini: 0.276448
                    Median: 1164.18
                       MLD: 0.133195
                      Watt: 0.00124755
--------------------------------------------------

-------------------------------- Income or Consumption share by deciles (%) -------------------------------------
     3.9353     5.5133     6.4704     7.3234      8.182      9.139     10.312       11.9     14.244     22.981
-----------------------------------------------------------------------------------------------------------------


