

**********************************************************************************************
**                                   Basic Information                                      **
**********************************************************************************************

----------------- Dataset Information -----------------
                         Country: Finland
                    Country dode: FIN
                       Data Year: 2004
                        Coverage: National
             Welfare measurement: Income
                     Data format: Unit record
                     Data source: FIN_N2004Y
                  Data time span: UnDefined
-------------------------------------------------------


----------- Distribution ------------
   i           P           L 
-------------------------------------
   0    0.010019   0.0020002
   1    0.020002    0.005063
   2    0.030118   0.0085283
   3    0.040246    0.012265
   4    0.050064    0.016171
   5    0.060054    0.020342
   6    0.070045    0.024695
   7    0.080105    0.029271
   8    0.090087    0.033964
   9     0.10007    0.038793
  10     0.11018    0.043818
  11      0.1201    0.048872
  12     0.13021    0.054169
  13     0.14009    0.059472
  14     0.15002    0.064929
  15     0.16015    0.070611
  16     0.17017    0.076329
  17     0.18006    0.082085
  18     0.19012    0.088032
  19     0.20007    0.094023
  20     0.21144     0.10098
  21     0.22003     0.10629
  22     0.23001     0.11255
  23     0.24004     0.11893
  24     0.25003     0.12538
  25     0.26003     0.13193
  26     0.27015     0.13865
  27     0.28015     0.14538
  28     0.29009     0.15214
  29     0.30003     0.15898
  30     0.31021     0.16606
  31     0.32005     0.17297
  32     0.33008     0.18009
  33     0.34003     0.18724
  34     0.35014     0.19458
  35     0.36001     0.20182
  36      0.3701      0.2093
  37     0.38011     0.21681
  38      0.3901     0.22437
  39     0.40005       0.232
  40     0.41011      0.2398
  41      0.4202     0.24772
  42     0.43004     0.25551
  43      0.4401     0.26354
  44     0.45007      0.2716
  45        0.46     0.27971
  46     0.47015     0.28806
  47     0.48011     0.29634
  48     0.49001     0.30466
  49     0.50009     0.31321
  50     0.51004     0.32174
  51     0.52001      0.3304
  52     0.53013     0.33928
  53        0.54     0.34805
  54        0.55     0.35705
  55     0.56017      0.3663
  56     0.57013     0.37547
  57      0.5803     0.38497
  58     0.59001     0.39414
  59     0.60001     0.40372
  60     0.61015     0.41357
  61        0.62     0.42327
  62     0.63001     0.43327
  63     0.64024     0.44366
  64     0.65002     0.45371
  65     0.66001     0.46412
  66     0.67001     0.47466
  67     0.68003     0.48536
  68     0.69008     0.49621
  69     0.70009     0.50716
  70     0.71005     0.51819
  71      0.7201     0.52948
  72     0.73003      0.5408
  73        0.74     0.55232
  74     0.75002     0.56406
  75     0.76003       0.576
  76     0.77001     0.58814
  77     0.78001     0.60048
  78     0.79008     0.61312
  79     0.80013     0.62594
  80     0.81001     0.63876
  81     0.82009     0.65206
  82     0.83016     0.66558
  83     0.84001     0.67908
  84     0.85009      0.6932
  85     0.86007     0.70745
  86        0.87     0.72192
  87     0.88005     0.73687
  88     0.89008      0.7521
  89     0.90002     0.76762
  90     0.91002     0.78367
  91     0.92002     0.80022
  92     0.93001     0.81729
  93     0.94002     0.83503
  94     0.95005     0.85359
  95     0.96003     0.87292
  96     0.97004     0.89358
  97     0.98001     0.91597
  98        0.99     0.94155
  99           1           1
-----------------------------------------

----------------- PPP$ and local currency --------------
         PPP used in computation: 0.980246
     Data mean in local currency: 1122.52
               Data mean in PPP$: 1309.87
        Poverty line in PPP$/Day: 1.9
      Poverty line in PPP$/Month: 57.7917
  Poverty line in local currency: 49.5255
-------------------------------------------------------

----------------- Estimation result --------------
     Number of observation: 10854
          Total population: 1
              Total wealth: 1145.14(PPP$)
                   Minimum: -250.784(PPP$)
                   Maximum: 145743(PPP$)
             Headcount(HC): 0.000600267
          Poverty gap (PG): 0.000751132
       Poverty gap squared: 0.00156077
                      Gini: 0.279151
                    Median: 1118.65
                       MLD: 0.137205
                      Watt: 0.000728464
--------------------------------------------------

-------------------------------- Income or Consumption share by deciles (%) -------------------------------------
      3.876     5.5222     6.4974     7.3012     8.1171     9.0575     10.334     11.871     14.182     23.242
-----------------------------------------------------------------------------------------------------------------


