

**********************************************************************************************
**                                   Basic Information                                      **
**********************************************************************************************

----------------- Dataset Information -----------------
                         Country: Finland
                    Country dode: FIN
                       Data Year: 2006
                        Coverage: National
             Welfare measurement: Income
                     Data format: Unit record
                     Data source: FIN_N2006Y
                  Data time span: UnDefined
-------------------------------------------------------


----------- Distribution ------------
   i           P           L 
-------------------------------------
   0    0.010085   0.0017978
   1    0.020245   0.0048109
   2    0.030071   0.0081063
   3    0.040199    0.011785
   4    0.050082    0.015621
   5    0.060106    0.019741
   6    0.070077    0.024042
   7    0.080069    0.028513
   8    0.090097    0.033145
   9     0.10011    0.037917
  10     0.11016    0.042838
  11     0.12001    0.047795
  12     0.13003    0.052966
  13     0.14006    0.058264
  14     0.15005    0.063672
  15     0.16002     0.06917
  16     0.17021    0.074892
  17     0.18008    0.080546
  18     0.19005    0.086366
  19     0.20033    0.092503
  20     0.21002    0.098371
  21     0.22006     0.10453
  22     0.23004     0.11075
  23     0.24002     0.11704
  24     0.25017     0.12353
  25     0.26004     0.12991
  26     0.27006     0.13647
  27     0.28001     0.14308
  28     0.29023     0.14994
  29     0.30013     0.15668
  30     0.31002     0.16349
  31     0.32005     0.17047
  32     0.33005     0.17752
  33     0.34008     0.18467
  34     0.35009     0.19189
  35     0.36015     0.19926
  36     0.37023     0.20674
  37     0.38019     0.21422
  38     0.39009     0.22174
  39     0.40009     0.22941
  40     0.41013     0.23719
  41     0.42018     0.24508
  42     0.43009     0.25294
  43     0.44005     0.26095
  44     0.45013     0.26914
  45     0.46003     0.27726
  46     0.47002     0.28555
  47     0.48012     0.29403
  48     0.49014     0.30254
  49     0.50002     0.31102
  50     0.51012     0.31978
  51      0.5201     0.32855
  52     0.53002     0.33736
  53     0.54001     0.34634
  54      0.5501     0.35553
  55     0.56001     0.36467
  56     0.57016     0.37412
  57     0.58002     0.38343
  58      0.5901     0.39306
  59     0.60015     0.40279
  60     0.61014     0.41257
  61     0.62005     0.42239
  62     0.63001     0.43239
  63     0.64009     0.44264
  64     0.65033     0.45323
  65     0.66032     0.46368
  66     0.67006     0.47399
  67     0.68005     0.48469
  68     0.69004     0.49555
  69     0.70005     0.50659
  70     0.71015     0.51789
  71     0.72003      0.5291
  72     0.73001     0.54062
  73     0.74007     0.55238
  74     0.75017     0.56435
  75     0.76002     0.57623
  76     0.77006     0.58852
  77     0.78007     0.60097
  78        0.79     0.61353
  79     0.80007      0.6265
  80     0.81005     0.63955
  81     0.82004     0.65283
  82        0.83     0.66632
  83     0.84003     0.68021
  84     0.85018     0.69457
  85     0.86005     0.70885
  86     0.87009      0.7237
  87     0.88005     0.73873
  88     0.89003     0.75421
  89     0.90001     0.77014
  90     0.91002     0.78655
  91     0.92001     0.80343
  92     0.93001     0.82087
  93     0.94014     0.83923
  94     0.95002     0.85789
  95     0.96003     0.87765
  96     0.97002      0.8988
  97     0.98005     0.92188
  98     0.99006     0.94847
  99           1           1
-----------------------------------------

----------------- PPP$ and local currency --------------
         PPP used in computation: 0.980246
     Data mean in local currency: 1204.46
               Data mean in PPP$: 1372
        Poverty line in PPP$/Day: 1.9
      Poverty line in PPP$/Month: 57.7917
  Poverty line in local currency: 50.7346
-------------------------------------------------------

----------------- Estimation result --------------
     Number of observation: 10264
          Total population: 1
              Total wealth: 1228.74(PPP$)
                   Minimum: -277.226(PPP$)
                   Maximum: 41124.4(PPP$)
             Headcount(HC): 0.0010483
          Poverty gap (PG): 0.00155815
       Poverty gap squared: 0.00515949
                      Gini: 0.280202
                    Median: 1183.15
                       MLD: 0.137839
                      Watt: 0.000706869
--------------------------------------------------

-------------------------------- Income or Consumption share by deciles (%) -------------------------------------
     3.7863      5.444     6.4286     7.2744     8.1661     9.1651     10.389     11.987     14.372     22.988
-----------------------------------------------------------------------------------------------------------------


