

**********************************************************************************************
**                                   Basic Information                                      **
**********************************************************************************************

----------------- Dataset Information -----------------
                         Country: Finland
                    Country dode: FIN
                       Data Year: 2010
                        Coverage: National
             Welfare measurement: Income
                     Data format: Unit record
                     Data source: FIN_N2010Y
                  Data time span: UnDefined
-------------------------------------------------------


----------- Distribution ------------
   i           P           L 
-------------------------------------
   0     0.01013   0.0018849
   1    0.020004   0.0048022
   2    0.030015   0.0080468
   3    0.040058    0.011589
   4    0.050008    0.015381
   5    0.060126    0.019421
   6    0.070364    0.023694
   7    0.080041    0.027938
   8     0.09016    0.032549
   9     0.10008    0.037236
  10     0.11002    0.042119
  11     0.12007    0.047201
  12     0.13003    0.052381
  13     0.14001     0.05768
  14     0.15003    0.063082
  15     0.16013    0.068636
  16     0.17005    0.074203
  17     0.18009    0.079968
  18     0.19017    0.085869
  19     0.20013     0.09181
  20     0.21008    0.097867
  21     0.22022     0.10415
  22     0.23018     0.11039
  23     0.24005     0.11667
  24     0.25001     0.12309
  25     0.26009     0.12967
  26     0.27017     0.13633
  27     0.28023     0.14309
  28     0.29022     0.14989
  29     0.30006     0.15667
  30     0.31005     0.16362
  31     0.32001     0.17062
  32     0.33008     0.17778
  33     0.34008     0.18497
  34     0.35002      0.1922
  35     0.36008     0.19961
  36     0.37006     0.20703
  37     0.38002     0.21454
  38     0.39004     0.22218
  39      0.4001     0.22994
  40     0.41002     0.23767
  41     0.42011     0.24563
  42     0.43001     0.25352
  43     0.44041      0.2619
  44     0.45005     0.26977
  45     0.46032     0.27824
  46     0.47002     0.28633
  47     0.48007      0.2948
  48     0.49009     0.30334
  49     0.50001     0.31189
  50     0.51009     0.32069
  51     0.52003     0.32948
  52     0.53006     0.33845
  53     0.54007     0.34749
  54     0.55005     0.35662
  55     0.56015     0.36599
  56     0.57006     0.37531
  57     0.58017     0.38491
  58     0.59007     0.39444
  59     0.60004     0.40415
  60        0.61     0.41395
  61     0.62013     0.42404
  62     0.63002     0.43401
  63     0.64002     0.44422
  64     0.65007     0.45465
  65     0.66008     0.46517
  66     0.67003     0.47576
  67        0.68     0.48654
  68     0.69014     0.49769
  69      0.7001     0.50876
  70     0.71011     0.52008
  71     0.72006     0.53149
  72     0.73009     0.54318
  73     0.74013     0.55508
  74        0.75     0.56696
  75     0.76019      0.5794
  76     0.77004      0.5916
  77     0.78033     0.60457
  78     0.79023     0.61728
  79     0.80014      0.6302
  80     0.81003     0.64333
  81     0.82011     0.65692
  82     0.83001      0.6705
  83     0.84003     0.68451
  84     0.85003     0.69875
  85      0.8601     0.71336
  86     0.87009     0.72809
  87     0.88002     0.74311
  88     0.89013     0.75879
  89     0.90001     0.77448
  90     0.91004     0.79089
  91     0.92002     0.80769
  92     0.93001     0.82505
  93      0.9401     0.84326
  94     0.95002      0.8619
  95     0.96002     0.88161
  96     0.97008     0.90272
  97     0.98001     0.92565
  98     0.99001      0.9522
  99           1           1
-----------------------------------------

----------------- PPP$ and local currency --------------
         PPP used in computation: 0.980246
     Data mean in local currency: 1411.18
               Data mean in PPP$: 1488.81
        Poverty line in PPP$/Day: 1.9
      Poverty line in PPP$/Month: 57.7917
  Poverty line in local currency: 54.7784
-------------------------------------------------------

----------------- Estimation result --------------
     Number of observation: 9060
          Total population: 0.999997
              Total wealth: 1439.61(PPP$)
                   Minimum: -59.3422(PPP$)
                   Maximum: 120435(PPP$)
             Headcount(HC): 0.000885113
          Poverty gap (PG): 0.000898636
       Poverty gap squared: 0.00121098
                      Gini: 0.277439
                    Median: 1290.01
                       MLD: 0.134198
                      Watt: 0.00028657
--------------------------------------------------

-------------------------------- Income or Consumption share by deciles (%) -------------------------------------
       3.72     5.4534     6.4892     7.3236     8.2019     9.2226     10.454     12.137     14.445     22.553
-----------------------------------------------------------------------------------------------------------------


