

**********************************************************************************************
**                                   Basic Information                                      **
**********************************************************************************************

----------------- Dataset Information -----------------
                         Country: Finland
                    Country dode: FIN
                       Data Year: 2011
                        Coverage: National
             Welfare measurement: Income
                     Data format: Unit record
                     Data source: FIN_N2011Y
                  Data time span: UnDefined
-------------------------------------------------------


----------- Distribution ------------
   i           P           L 
-------------------------------------
   0    0.010216   0.0020527
   1     0.02036   0.0049501
   2     0.03007    0.008107
   3    0.040205    0.011712
   4     0.05006    0.015471
   5    0.060032    0.019523
   6    0.070088    0.023831
   7    0.080257    0.028371
   8    0.090091    0.032924
   9     0.10002    0.037676
  10     0.11003    0.042613
  11     0.12009     0.04774
  12     0.13007    0.052937
  13     0.14004    0.058266
  14     0.15007    0.063718
  15     0.16004    0.069273
  16     0.17007    0.074978
  17     0.18008    0.080788
  18     0.19003    0.086687
  19     0.20013    0.092791
  20     0.21015    0.098942
  21     0.22018     0.10519
  22     0.23008     0.11146
  23     0.24011      0.1179
  24        0.25     0.12435
  25     0.26001     0.13096
  26     0.27013     0.13771
  27     0.28002     0.14439
  28     0.29003     0.15123
  29     0.30004     0.15814
  30     0.31004     0.16513
  31     0.32002      0.1722
  32     0.33004     0.17938
  33     0.34007     0.18664
  34     0.35007     0.19396
  35     0.36002     0.20133
  36     0.37023     0.20896
  37     0.38008     0.21641
  38     0.39003       0.224
  39     0.40019     0.23184
  40     0.41004     0.23951
  41     0.42008     0.24741
  42        0.43      0.2553
  43     0.44006      0.2634
  44     0.45013      0.2716
  45     0.46023     0.27991
  46     0.47002     0.28805
  47     0.48018     0.29659
  48     0.49006     0.30498
  49     0.50001     0.31353
  50     0.51009     0.32228
  51     0.52002     0.33098
  52     0.53002     0.33985
  53     0.54007     0.34888
  54     0.55007     0.35797
  55        0.56     0.36713
  56     0.57006     0.37651
  57     0.58002     0.38588
  58     0.59003     0.39541
  59     0.60025     0.40523
  60     0.61008      0.4148
  61      0.6201     0.42471
  62     0.63004     0.43468
  63     0.64011     0.44493
  64        0.65     0.45513
  65     0.66004     0.46564
  66     0.67001     0.47623
  67     0.68016     0.48713
  68     0.69003     0.49789
  69     0.70012     0.50905
  70     0.71008     0.52022
  71     0.72001     0.53153
  72     0.73012     0.54321
  73     0.74011      0.5549
  74     0.75012     0.56681
  75     0.76004     0.57878
  76     0.77014     0.59115
  77     0.78009     0.60354
  78     0.79007     0.61616
  79     0.80007       0.629
  80     0.81006     0.64207
  81     0.82008     0.65545
  82     0.83002     0.66896
  83     0.84012     0.68298
  84     0.85003     0.69696
  85     0.86006     0.71137
  86     0.87004     0.72601
  87     0.88016     0.74122
  88     0.89008     0.75657
  89         0.9     0.77236
  90        0.91     0.78878
  91     0.92002     0.80572
  92     0.93003     0.82319
  93     0.94003     0.84132
  94     0.95006     0.86035
  95      0.9601     0.88051
  96     0.97006     0.90178
  97        0.98     0.92478
  98        0.99     0.95179
  99           1           1
-----------------------------------------

----------------- PPP$ and local currency --------------
         PPP used in computation: 0.980246
     Data mean in local currency: 1467.89
               Data mean in PPP$: 1497.47
        Poverty line in PPP$/Day: 1.9
      Poverty line in PPP$/Month: 57.7917
  Poverty line in local currency: 56.6501
-------------------------------------------------------

----------------- Estimation result --------------
     Number of observation: 9984
          Total population: 1
              Total wealth: 1497.47(PPP$)
                   Minimum: -54.1497(PPP$)
                   Maximum: 123101(PPP$)
             Headcount(HC): 0.0007566
          Poverty gap (PG): 0.000832192
       Poverty gap squared: 0.00106876
                      Gini: 0.276639
                    Median: 1292.98
                       MLD: 0.132836
                      Watt: 0.00109151
--------------------------------------------------

-------------------------------- Income or Consumption share by deciles (%) -------------------------------------
     3.7666     5.5048     6.5398     7.3582     8.1823     9.1475     10.392         12     14.344     22.764
-----------------------------------------------------------------------------------------------------------------


