

**********************************************************************************************
**                                   Basic Information                                      **
**********************************************************************************************

----------------- Dataset Information -----------------
                         Country: Finland
                    Country dode: FIN
                       Data Year: 2007
                        Coverage: National
             Welfare measurement: Income
                     Data format: Unit record
                     Data source: FIN_N2007Y
                  Data time span: UnDefined
-------------------------------------------------------


----------- Distribution ------------
   i           P           L 
-------------------------------------
   0    0.010027   0.0018943
   1    0.020034   0.0047414
   2    0.030017   0.0080247
   3    0.040002     0.01164
   4    0.050163    0.015553
   5    0.060033    0.019543
   6    0.070183    0.023835
   7    0.080095    0.028223
   8    0.090282    0.032922
   9     0.10004    0.037561
  10     0.11028    0.042583
  11     0.12001    0.047466
  12     0.13012    0.052666
  13     0.14018     0.05796
  14     0.15014    0.063316
  15     0.16001    0.068733
  16     0.17017    0.074435
  17     0.18004    0.080075
  18        0.19    0.085895
  19     0.20012    0.091912
  20     0.21003    0.097888
  21     0.22004     0.10401
  22     0.23012     0.11027
  23     0.24004     0.11651
  24     0.25009     0.12293
  25     0.26003     0.12937
  26     0.27011     0.13597
  27     0.28033     0.14274
  28     0.29001     0.14924
  29      0.3001      0.1561
  30     0.31009     0.16297
  31     0.32002     0.16988
  32     0.33008     0.17695
  33     0.34024     0.18417
  34     0.35013     0.19128
  35     0.36014     0.19857
  36     0.37005     0.20587
  37     0.38001      0.2133
  38     0.39003     0.22088
  39     0.40004     0.22854
  40     0.41002     0.23626
  41     0.42013     0.24417
  42     0.43005     0.25201
  43     0.44007     0.26001
  44     0.45007     0.26808
  45     0.46002     0.27621
  46     0.47004     0.28449
  47     0.48009     0.29288
  48     0.49024     0.30148
  49     0.50005     0.30986
  50     0.51007     0.31851
  51     0.52005     0.32723
  52     0.53013     0.33614
  53     0.54007     0.34503
  54     0.55017     0.35417
  55     0.56004      0.3632
  56     0.57002     0.37246
  57     0.58002     0.38186
  58     0.59007     0.39142
  59     0.60005     0.40106
  60     0.61015      0.4109
  61     0.62016     0.42079
  62     0.63003     0.43064
  63     0.64008      0.4408
  64      0.6501     0.45107
  65     0.66014     0.46148
  66     0.67023     0.47209
  67     0.68022     0.48274
  68     0.69006     0.49336
  69     0.70001     0.50426
  70     0.71004     0.51538
  71     0.72003     0.52663
  72     0.73003      0.5381
  73     0.74003     0.54975
  74     0.75012     0.56169
  75     0.76002     0.57357
  76     0.77001     0.58578
  77        0.78     0.59818
  78     0.79012     0.61097
  79     0.80008     0.62377
  80     0.81005     0.63682
  81     0.82002     0.65011
  82     0.83009     0.66377
  83      0.8401     0.67763
  84     0.85005     0.69166
  85      0.8601     0.70616
  86     0.87004     0.72081
  87     0.88001     0.73584
  88     0.89007     0.75132
  89     0.90005     0.76714
  90     0.91003     0.78345
  91     0.92002     0.80033
  92     0.93008     0.81799
  93     0.94011     0.83638
  94        0.95     0.85544
  95     0.96002     0.87569
  96     0.97003     0.89732
  97     0.98034     0.92165
  98     0.99004     0.94816
  99           1           1
-----------------------------------------

----------------- PPP$ and local currency --------------
         PPP used in computation: 0.980246
     Data mean in local currency: 1280.72
               Data mean in PPP$: 1423.14
        Poverty line in PPP$/Day: 1.9
      Poverty line in PPP$/Month: 57.7917
  Poverty line in local currency: 52.0083
-------------------------------------------------------

----------------- Estimation result --------------
     Number of observation: 10113
          Total population: 1
              Total wealth: 1306.53(PPP$)
                   Minimum: -38.2557(PPP$)
                   Maximum: 33265.4(PPP$)
             Headcount(HC): 0.000692408
          Poverty gap (PG): 0.00042043
       Poverty gap squared: 0.000351589
                      Gini: 0.282898
                    Median: 1221.49
                       MLD: 0.137364
                      Watt: 0.000559809
--------------------------------------------------

-------------------------------- Income or Consumption share by deciles (%) -------------------------------------
      3.754       5.43     6.4193     7.2477     8.1301     9.1194     10.324     11.942     14.338     23.295
-----------------------------------------------------------------------------------------------------------------


