

**********************************************************************************************
**                                   Basic Information                                      **
**********************************************************************************************

----------------- Dataset Information -----------------
                         Country: Fiji
                    Country dode: FJI
                       Data Year: 2002
                        Coverage: National
             Welfare measurement: Consumption
                     Data format: Unit record
                     Data source: FJI_N2002X
                  Data time span: UnDefined
-------------------------------------------------------


----------- Distribution ------------
   i           P           L 
-------------------------------------
   0    0.010058   0.0015524
   1    0.020494   0.0036553
   2    0.030175   0.0058077
   3    0.040055    0.008184
   4    0.050157    0.010777
   5    0.060032    0.013468
   6    0.070098    0.016332
   7    0.080248    0.019347
   8    0.090421    0.022465
   9     0.10021    0.025553
  10     0.11013    0.028808
  11     0.12003    0.032198
  12     0.13005    0.035726
  13      0.1403    0.039441
  14     0.15011     0.04311
  15     0.16002    0.046902
  16     0.17025    0.050918
  17     0.18024     0.05494
  18     0.19048    0.059181
  19     0.20032    0.063352
  20     0.21005    0.067586
  21     0.22006    0.072032
  22      0.2301     0.07659
  23     0.24039    0.081409
  24     0.25042    0.086185
  25     0.26016      0.0909
  26     0.27029    0.095923
  27     0.28038     0.10104
  28        0.29     0.10601
  29      0.3001     0.11132
  30     0.31012     0.11668
  31     0.32019     0.12215
  32     0.33001     0.12758
  33     0.34035     0.13339
  34     0.35008     0.13895
  35     0.36004     0.14475
  36     0.37001     0.15065
  37     0.38003     0.15667
  38     0.39011      0.1628
  39     0.40005     0.16895
  40     0.41021     0.17536
  41     0.42037     0.18186
  42     0.43008     0.18816
  43     0.44013      0.1948
  44     0.45004     0.20147
  45     0.46001     0.20832
  46     0.47014     0.21538
  47     0.48003     0.22243
  48     0.49021     0.22982
  49     0.50027     0.23723
  50     0.51037     0.24476
  51     0.52004     0.25208
  52     0.53015     0.25987
  53     0.54013      0.2677
  54     0.55002     0.27558
  55     0.56005      0.2837
  56     0.57007     0.29195
  57     0.58004     0.30031
  58     0.59003     0.30886
  59     0.60018     0.31768
  60     0.61004     0.32641
  61     0.62006     0.33554
  62     0.63004     0.34479
  63     0.64018     0.35437
  64     0.65013     0.36391
  65     0.66009     0.37364
  66     0.67008     0.38359
  67     0.68001     0.39366
  68     0.69013     0.40411
  69     0.70012     0.41466
  70     0.71071     0.42612
  71     0.72004     0.43645
  72     0.73019     0.44791
  73     0.74002     0.45929
  74     0.75031     0.47146
  75     0.76011      0.4833
  76     0.77011     0.49565
  77     0.78022     0.50851
  78     0.79002     0.52132
  79     0.80006     0.53473
  80     0.81007     0.54841
  81     0.82008     0.56241
  82     0.83003     0.57677
  83        0.84     0.59158
  84     0.85008     0.60711
  85      0.8601     0.62316
  86     0.87012     0.63977
  87     0.88001      0.6568
  88     0.89005     0.67473
  89     0.90006     0.69334
  90     0.91009     0.71297
  91     0.92025     0.73397
  92     0.93003     0.75544
  93     0.94004     0.77871
  94     0.95014     0.80394
  95     0.96009     0.83088
  96     0.97006     0.86077
  97     0.98001     0.89434
  98     0.99002     0.93491
  99           1           1
-----------------------------------------

----------------- PPP$ and local currency --------------
         PPP used in computation: 1.21654
     Data mean in local currency: 179.824
               Data mean in PPP$: 210.941
        Poverty line in PPP$/Day: 1.9
      Poverty line in PPP$/Month: 57.7917
  Poverty line in local currency: 49.2666
-------------------------------------------------------

----------------- Estimation result --------------
     Number of observation: 5243
          Total population: 768515
              Total wealth: 1.13599E+08(PPP$)
                   Minimum: 12.4416(PPP$)
                   Maximum: 4395.92(PPP$)
             Headcount(HC): 0.0549058
          Poverty gap (PG): 0.0109166
       Poverty gap squared: 0.00327366
                      Gini: 0.396195
                    Median: 156.183
                       MLD: 0.260604
                      Watt: 0.0131903
--------------------------------------------------

-------------------------------- Income or Consumption share by deciles (%) -------------------------------------
     2.5487      3.773     4.8056     5.7649     6.8105     8.0496     9.7006     12.012     15.859     30.676
-----------------------------------------------------------------------------------------------------------------


