

**********************************************************************************************
**                                   Basic Information                                      **
**********************************************************************************************

----------------- Dataset Information -----------------
                         Country: France
                    Country dode: FRA
                       Data Year: 2008
                        Coverage: National
             Welfare measurement: Income
                     Data format: Unit record
                     Data source: FRA_N2008Y
                  Data time span: UnDefined
-------------------------------------------------------


----------- Distribution ------------
   i           P           L 
-------------------------------------
   0    0.010054   0.0012673
   1    0.020164   0.0037128
   2    0.030038   0.0063851
   3    0.040125   0.0093808
   4    0.050085    0.012614
   5     0.06002     0.01604
   6    0.070026    0.019688
   7    0.080124    0.023519
   8    0.090049    0.027418
   9     0.10007    0.031478
  10      0.1101    0.035698
  11      0.1203    0.040099
  12     0.13005    0.044404
  13     0.14015    0.048997
  14     0.15004    0.053603
  15     0.16027    0.058469
  16     0.17004    0.063235
  17     0.18007    0.068229
  18     0.19015    0.073372
  19     0.20017    0.078608
  20     0.21004    0.083884
  21     0.22012    0.089394
  22     0.23012    0.094969
  23     0.24017     0.10066
  24     0.25012      0.1064
  25     0.26011     0.11226
  26     0.27008     0.11822
  27     0.28013     0.12432
  28     0.29005     0.13041
  29     0.30024     0.13676
  30     0.31006     0.14299
  31     0.32006     0.14942
  32     0.33014     0.15599
  33     0.34002     0.16251
  34     0.35003     0.16922
  35     0.36003     0.17604
  36     0.37002     0.18294
  37     0.38007     0.18999
  38     0.39027     0.19724
  39     0.40009     0.20429
  40      0.4101     0.21157
  41     0.42007      0.2189
  42      0.4301     0.22638
  43     0.44006     0.23388
  44     0.45001     0.24147
  45     0.46014      0.2493
  46     0.47005     0.25706
  47     0.48002     0.26496
  48      0.4901     0.27305
  49     0.50009     0.28119
  50     0.51032     0.28962
  51     0.52013     0.29782
  52     0.53004     0.30622
  53     0.54011     0.31489
  54     0.55005     0.32357
  55     0.56005     0.33243
  56     0.57002     0.34138
  57     0.58006      0.3505
  58     0.59011     0.35975
  59     0.60007     0.36904
  60     0.61003     0.37842
  61      0.6204     0.38835
  62     0.63003     0.39772
  63     0.64026      0.4078
  64     0.65006     0.41761
  65        0.66     0.42772
  66     0.67015     0.43819
  67     0.68006     0.44853
  68      0.6901     0.45917
  69     0.70001      0.4698
  70     0.71015     0.48083
  71      0.7204      0.4922
  72     0.73001     0.50303
  73     0.74003     0.51454
  74     0.75005     0.52622
  75     0.76005     0.53809
  76     0.77004     0.55017
  77     0.78016     0.56265
  78     0.79005     0.57506
  79     0.80033     0.58816
  80     0.81018     0.60097
  81      0.8201     0.61414
  82        0.83     0.62758
  83        0.84     0.64145
  84     0.85002     0.65571
  85     0.86005     0.67038
  86        0.87     0.68528
  87     0.88013     0.70086
  88     0.89001     0.71655
  89     0.90029     0.73343
  90     0.91011     0.75018
  91     0.92006     0.76767
  92     0.93002     0.78596
  93     0.94002     0.80526
  94      0.9501     0.82578
  95     0.96004      0.8474
  96     0.97003     0.87123
  97     0.98005     0.89831
  98     0.99004     0.93152
  99           1           1
-----------------------------------------

----------------- PPP$ and local currency --------------
         PPP used in computation: 0.879754
     Data mean in local currency: 1341.05
               Data mean in PPP$: 1581.82
        Poverty line in PPP$/Day: 1.9
      Poverty line in PPP$/Month: 57.7917
  Poverty line in local currency: 48.9949
-------------------------------------------------------

----------------- Estimation result --------------
     Number of observation: 7492
          Total population: 1
              Total wealth: 1524.34(PPP$)
                   Minimum: -1992.75(PPP$)
                   Maximum: 47028.8(PPP$)
             Headcount(HC): 0.0005596
          Poverty gap (PG): 0.0110879
       Poverty gap squared: 0.336378
                      Gini: 0.330783
                    Median: 1295.66
                       MLD: 0.187558
                      Watt: 0.000182094
--------------------------------------------------

-------------------------------- Income or Consumption share by deciles (%) -------------------------------------
     3.1451     4.7069     5.8097     6.7614     7.6881     8.7854     10.082     11.796     14.522     26.704
-----------------------------------------------------------------------------------------------------------------


