

**********************************************************************************************
**                                   Basic Information                                      **
**********************************************************************************************

----------------- Dataset Information -----------------
                         Country: France
                    Country dode: FRA
                       Data Year: 2007
                        Coverage: National
             Welfare measurement: Income
                     Data format: Unit record
                     Data source: FRA_N2007Y
                  Data time span: UnDefined
-------------------------------------------------------


----------- Distribution ------------
   i           P           L 
-------------------------------------
   0    0.011493  0.00076201
   1    0.020003   0.0029175
   2    0.030003    0.005789
   3    0.040108   0.0089533
   4    0.050181    0.012318
   5    0.060052    0.015785
   6    0.070135     0.01948
   7    0.080131    0.023312
   8    0.090084    0.027273
   9     0.10011    0.031399
  10     0.11004    0.035607
  11     0.12004    0.039976
  12     0.13001    0.044445
  13     0.14011    0.049114
  14     0.15069    0.054152
  15     0.16009    0.058746
  16     0.17028    0.063841
  17     0.18001    0.068812
  18     0.19001    0.074036
  19     0.20003    0.079369
  20     0.21002    0.084815
  21      0.2201    0.090417
  22     0.23008    0.096078
  23     0.24026     0.10194
  24     0.25008      0.1077
  25     0.26011     0.11368
  26     0.27024     0.11982
  27      0.2801     0.12587
  28     0.29002     0.13205
  29      0.3002     0.13851
  30     0.31003     0.14484
  31     0.32007     0.15138
  32     0.33033     0.15814
  33     0.34009     0.16464
  34     0.35018     0.17145
  35     0.36009     0.17821
  36     0.37014     0.18516
  37     0.38048     0.19242
  38        0.39     0.19919
  39     0.40001     0.20639
  40     0.41023     0.21384
  41     0.42019     0.22117
  42        0.43      0.2285
  43     0.44002     0.23607
  44     0.45003     0.24372
  45     0.46006     0.25148
  46     0.47005     0.25929
  47     0.48017     0.26729
  48     0.49011     0.27526
  49     0.50006     0.28334
  50     0.51012     0.29163
  51     0.52004     0.29992
  52     0.53005     0.30844
  53     0.54002     0.31704
  54     0.55001     0.32577
  55     0.56017     0.33475
  56      0.5701     0.34368
  57     0.58017     0.35285
  58     0.59001     0.36193
  59     0.60002     0.37129
  60     0.61001     0.38077
  61     0.62024     0.39061
  62     0.63004     0.40016
  63     0.64006     0.41005
  64     0.65006     0.42006
  65     0.66005      0.4302
  66     0.67002     0.44045
  67     0.68006     0.45095
  68     0.69007     0.46157
  69     0.70037     0.47263
  70     0.71002     0.48318
  71     0.72002      0.4943
  72     0.73014     0.50575
  73      0.7401     0.51722
  74     0.75048     0.52937
  75     0.76014     0.54088
  76     0.77006      0.5529
  77        0.78     0.56518
  78     0.79006     0.57784
  79     0.80022     0.59087
  80     0.81006     0.60376
  81     0.82007     0.61713
  82     0.83007     0.63076
  83     0.84027     0.64503
  84     0.85004     0.65902
  85     0.86009      0.6738
  86     0.87003     0.68885
  87     0.88027     0.70486
  88     0.89001     0.72053
  89     0.90007     0.73726
  90     0.91001      0.7544
  91        0.92     0.77239
  92     0.93002     0.79124
  93        0.94      0.8111
  94     0.95005     0.83219
  95     0.96007     0.85481
  96     0.97007     0.87933
  97     0.98001     0.90696
  98     0.99003     0.94075
  99           1           1
-----------------------------------------

----------------- PPP$ and local currency --------------
         PPP used in computation: 0.879754
     Data mean in local currency: 1292.02
               Data mean in PPP$: 1566.87
        Poverty line in PPP$/Day: 1.9
      Poverty line in PPP$/Month: 57.7917
  Poverty line in local currency: 47.654
-------------------------------------------------------

----------------- Estimation result --------------
     Number of observation: 7400
          Total population: 1
              Total wealth: 1468.62(PPP$)
                   Minimum: -13558.3(PPP$)
                   Maximum: 41049.1(PPP$)
             Headcount(HC): 0.000341099
          Poverty gap (PG): 0.0385665
       Poverty gap squared: 9.64381
                      Gini: 0.326276
                    Median: 1280.2
                       MLD: 0.176226
                      Watt: 0.000160694
--------------------------------------------------

-------------------------------- Income or Consumption share by deciles (%) -------------------------------------
     3.1356        4.8     5.9023     6.8011     7.6902     8.7982     10.097     11.835     14.654     26.287
-----------------------------------------------------------------------------------------------------------------


