

**********************************************************************************************
**                                   Basic Information                                      **
**********************************************************************************************

----------------- Dataset Information -----------------
                         Country: France
                    Country dode: FRA
                       Data Year: 2012
                        Coverage: National
             Welfare measurement: Income
                     Data format: Unit record
                     Data source: FRA_N2012Y
                  Data time span: UnDefined
-------------------------------------------------------


----------- Distribution ------------
   i           P           L 
-------------------------------------
   0    0.010116  0.00098592
   1    0.020092   0.0032961
   2    0.030068   0.0060082
   3    0.040077   0.0089656
   4    0.050023    0.012144
   5    0.060219    0.015587
   6    0.070129    0.019107
   7    0.080045    0.022808
   8    0.090086    0.026725
   9      0.1002    0.030801
  10     0.11001    0.034881
  11     0.12013    0.039217
  12     0.13001    0.043595
  13     0.14007    0.048163
  14     0.15004    0.052854
  15     0.16006    0.057688
  16     0.17005    0.062595
  17     0.18008     0.06765
  18     0.19014    0.072842
  19     0.20004     0.07808
  20     0.21023    0.083578
  21     0.22034    0.089109
  22        0.23    0.094496
  23     0.24009     0.10023
  24     0.25006     0.10601
  25     0.26011     0.11194
  26     0.27006      0.1179
  27     0.28001     0.12395
  28     0.29011      0.1302
  29     0.30002     0.13642
  30     0.31022     0.14292
  31     0.32015     0.14934
  32      0.3301     0.15587
  33     0.34005     0.16248
  34     0.35005     0.16921
  35     0.36004     0.17605
  36     0.37002     0.18297
  37     0.38013     0.19008
  38     0.39006     0.19716
  39      0.4001     0.20442
  40     0.41034      0.2119
  41     0.42017     0.21918
  42     0.43005     0.22658
  43     0.44004     0.23417
  44     0.45001     0.24184
  45     0.46006     0.24969
  46     0.47005     0.25757
  47      0.4801     0.26558
  48     0.49008     0.27365
  49     0.50025     0.28197
  50     0.51009     0.29011
  51     0.52001     0.29843
  52     0.53042     0.30726
  53      0.5402     0.31566
  54     0.55009     0.32427
  55     0.56006     0.33308
  56     0.57004     0.34201
  57      0.5801     0.35114
  58     0.59039      0.3606
  59     0.60064     0.37015
  60     0.61032     0.37929
  61     0.62025     0.38881
  62     0.63005     0.39834
  63     0.64005     0.40817
  64     0.65012     0.41822
  65     0.66007     0.42832
  66     0.67001     0.43856
  67     0.68007     0.44907
  68     0.69009     0.45968
  69     0.70018      0.4705
  70     0.71008     0.48127
  71     0.72001     0.49223
  72     0.73004     0.50347
  73     0.74007     0.51492
  74     0.75003     0.52646
  75     0.76045     0.53878
  76     0.77004     0.55031
  77     0.78002     0.56252
  78      0.7901     0.57508
  79     0.80002     0.58769
  80     0.81006     0.60065
  81     0.82005     0.61382
  82     0.83003     0.62724
  83      0.8402     0.64118
  84     0.85022     0.65526
  85     0.86008      0.6695
  86     0.87016     0.68446
  87     0.88013     0.69968
  88        0.89     0.71523
  89     0.90009     0.73172
  90     0.91008     0.74862
  91     0.92006     0.76613
  92     0.93007     0.78446
  93        0.94      0.8036
  94     0.95002     0.82412
  95     0.96003     0.84636
  96     0.97003      0.8708
  97     0.98007     0.89918
  98     0.99011     0.93416
  99           1           1
-----------------------------------------

----------------- PPP$ and local currency --------------
         PPP used in computation: 0.879754
     Data mean in local currency: 1433.17
               Data mean in PPP$: 1597.81
        Poverty line in PPP$/Day: 1.9
      Poverty line in PPP$/Month: 57.7917
  Poverty line in local currency: 51.8368
-------------------------------------------------------

----------------- Estimation result --------------
     Number of observation: 7686
          Total population: 1
              Total wealth: 1629.06(PPP$)
                   Minimum: -2822.16(PPP$)
                   Maximum: 35621.3(PPP$)
             Headcount(HC): 0.000782499
          Poverty gap (PG): 0.0120731
       Poverty gap squared: 0.449117
                      Gini: 0.330982
                    Median: 1313.09
                       MLD: 0.189527
                      Watt: 0.000140551
--------------------------------------------------

-------------------------------- Income or Consumption share by deciles (%) -------------------------------------
      3.072      4.734     5.8349     6.7934     7.7423     8.7781     10.076     11.735     14.391     26.843
-----------------------------------------------------------------------------------------------------------------


