

**********************************************************************************************
**                                   Basic Information                                      **
**********************************************************************************************

----------------- Dataset Information -----------------
                         Country: France
                    Country dode: FRA
                       Data Year: 2010
                        Coverage: National
             Welfare measurement: Income
                     Data format: Unit record
                     Data source: FRA_N2010Y
                  Data time span: UnDefined
-------------------------------------------------------


----------- Distribution ------------
   i           P           L 
-------------------------------------
   0    0.010026   0.0011287
   1    0.020207   0.0033493
   2    0.030165   0.0059128
   3    0.040307   0.0088471
   4    0.050361    0.012009
   5    0.060142    0.015256
   6    0.070028    0.018708
   7    0.080062    0.022384
   8    0.090059    0.026185
   9     0.10001     0.03013
  10     0.11009    0.034267
  11        0.12    0.038442
  12     0.13012    0.042833
  13      0.1402    0.047328
  14     0.15004    0.051846
  15     0.16003    0.056548
  16     0.17003    0.061359
  17     0.18012    0.066321
  18     0.19009    0.071355
  19     0.20014    0.076536
  20     0.21007    0.081772
  21     0.22003    0.087139
  22     0.23009     0.09266
  23     0.24003    0.098221
  24     0.25004     0.10391
  25     0.26006     0.10971
  26     0.27004     0.11559
  27     0.28003     0.12158
  28     0.29013     0.12772
  29     0.30004     0.13384
  30     0.31001     0.14008
  31     0.32001     0.14644
  32     0.33011     0.15296
  33     0.34007     0.15946
  34     0.35009      0.1661
  35     0.36002     0.17275
  36     0.37018     0.17966
  37     0.38007     0.18648
  38     0.39015     0.19354
  39     0.40007     0.20059
  40     0.41022     0.20788
  41     0.42006     0.21504
  42     0.43019     0.22249
  43     0.44004     0.22983
  44     0.45011     0.23743
  45     0.46006     0.24506
  46     0.47001     0.25279
  47     0.48012     0.26075
  48     0.49022     0.26881
  49     0.50017     0.27686
  50     0.51003     0.28495
  51     0.52005     0.29327
  52     0.53005     0.30168
  53     0.54013     0.31026
  54     0.55003     0.31882
  55     0.56009     0.32765
  56     0.57012     0.33657
  57      0.5802     0.34565
  58     0.59008     0.35467
  59      0.6001     0.36395
  60     0.61003     0.37325
  61     0.62035     0.38307
  62     0.63004     0.39241
  63     0.64002     0.40216
  64     0.65003     0.41211
  65     0.66003     0.42223
  66     0.67007     0.43253
  67     0.68008     0.44293
  68     0.69002     0.45342
  69     0.70019     0.46428
  70     0.71007     0.47502
  71     0.72009      0.4861
  72     0.73028     0.49755
  73     0.74004     0.50867
  74     0.75001     0.52026
  75     0.76017     0.53231
  76     0.77007     0.54426
  77     0.78021     0.55673
  78     0.79005     0.56907
  79     0.80002     0.58181
  80     0.81011     0.59499
  81     0.82004     0.60823
  82     0.83014     0.62202
  83     0.84021     0.63609
  84     0.85009     0.65024
  85        0.86     0.66484
  86        0.87     0.68004
  87     0.88003     0.69575
  88     0.89009     0.71201
  89     0.90001     0.72852
  90     0.91002     0.74581
  91     0.92017     0.76408
  92     0.93006     0.78273
  93     0.94006     0.80251
  94     0.95001     0.82361
  95     0.96003     0.84661
  96     0.97012     0.87211
  97     0.98007     0.90019
  98     0.99017     0.93538
  99           1           1
-----------------------------------------

----------------- PPP$ and local currency --------------
         PPP used in computation: 0.879754
     Data mean in local currency: 1380.49
               Data mean in PPP$: 1602.4
        Poverty line in PPP$/Day: 1.9
      Poverty line in PPP$/Month: 57.7917
  Poverty line in local currency: 49.7882
-------------------------------------------------------

----------------- Estimation result --------------
     Number of observation: 7893
          Total population: 1
              Total wealth: 1569.17(PPP$)
                   Minimum: -1014.49(PPP$)
                   Maximum: 65548.1(PPP$)
             Headcount(HC): 0.0014684
          Poverty gap (PG): 0.00415429
       Poverty gap squared: 0.0448004
                      Gini: 0.337782
                    Median: 1306.45
                       MLD: 0.199456
                      Watt: 0.000795198
--------------------------------------------------

-------------------------------- Income or Consumption share by deciles (%) -------------------------------------
     3.0126     4.6339     5.7348     6.6721     7.6189     8.7127     10.023     11.771     14.672     27.149
-----------------------------------------------------------------------------------------------------------------


