

**********************************************************************************************
**                                   Basic Information                                      **
**********************************************************************************************

----------------- Dataset Information -----------------
                         Country: France
                    Country dode: FRA
                       Data Year: 2006
                        Coverage: National
             Welfare measurement: Income
                     Data format: Unit record
                     Data source: FRA_N2006Y
                  Data time span: UnDefined
-------------------------------------------------------


----------- Distribution ------------
   i           P           L 
-------------------------------------
   0    0.010198   0.0007286
   1    0.020055   0.0031945
   2    0.030176   0.0061404
   3    0.040163   0.0093979
   4    0.050098    0.012843
   5     0.06006    0.016512
   6    0.070063    0.020371
   7    0.080113    0.024425
   8    0.090149    0.028613
   9     0.10001    0.032857
  10     0.11015    0.037368
  11     0.12005    0.041917
  12     0.13013    0.046678
  13     0.14001    0.051468
  14      0.1502     0.05654
  15     0.16014    0.061617
  16     0.17004    0.066783
  17     0.18019     0.07218
  18     0.19003    0.077507
  19     0.20011    0.083069
  20     0.21011    0.088719
  21     0.22012    0.094516
  22     0.23005     0.10038
  23     0.24004     0.10639
  24     0.25021     0.11259
  25        0.26     0.11864
  26     0.27014     0.12499
  27     0.28002     0.13127
  28     0.29014     0.13782
  29     0.30002     0.14432
  30     0.31009     0.15105
  31     0.32005      0.1578
  32     0.33007     0.16469
  33     0.34018     0.17175
  34     0.35003     0.17873
  35     0.36001     0.18589
  36     0.37009     0.19322
  37     0.38012      0.2006
  38     0.39005     0.20799
  39     0.40005     0.21552
  40     0.41007     0.22319
  41     0.42004     0.23092
  42     0.43003     0.23878
  43     0.44051     0.24713
  44      0.4501     0.25489
  45     0.46006     0.26304
  46     0.47002     0.27129
  47     0.48041     0.27998
  48     0.49001     0.28808
  49     0.50005     0.29666
  50     0.51006     0.30533
  51     0.52017      0.3142
  52     0.53011     0.32305
  53     0.54004     0.33202
  54      0.5502     0.34132
  55        0.56      0.3504
  56     0.57011      0.3599
  57     0.58008     0.36941
  58     0.59019     0.37918
  59     0.60003     0.38883
  60     0.61002     0.39876
  61     0.62011     0.40892
  62        0.63     0.41902
  63     0.64004      0.4294
  64     0.65005     0.43989
  65     0.66014     0.45061
  66     0.67004     0.46127
  67     0.68005     0.47216
  68     0.69013     0.48332
  69     0.70009     0.49449
  70     0.71007     0.50586
  71     0.72004     0.51739
  72     0.73016     0.52927
  73     0.74026     0.54128
  74     0.75009     0.55316
  75     0.76004     0.56536
  76     0.77008     0.57789
  77     0.78004     0.59051
  78     0.79006     0.60346
  79     0.80012     0.61669
  80     0.81009     0.63005
  81     0.82003     0.64362
  82     0.83003     0.65753
  83     0.84003     0.67172
  84        0.85     0.68619
  85     0.86006     0.70113
  86        0.87     0.71625
  87        0.88     0.73184
  88     0.89004     0.74798
  89     0.90001     0.76443
  90        0.91     0.78152
  91     0.92003     0.79922
  92        0.93      0.8176
  93     0.94001     0.83683
  94     0.95006     0.85695
  95     0.96001     0.87793
  96     0.97006     0.90075
  97     0.98005     0.92575
  98     0.99019       0.955
  99           1           1
-----------------------------------------

----------------- PPP$ and local currency --------------
         PPP used in computation: 0.879754
     Data mean in local currency: 1046.95
               Data mean in PPP$: 1288.57
        Poverty line in PPP$/Day: 1.9
      Poverty line in PPP$/Month: 57.7917
  Poverty line in local currency: 46.9553
-------------------------------------------------------

----------------- Estimation result --------------
     Number of observation: 10039
          Total population: 1
              Total wealth: 1190.05(PPP$)
                   Minimum: -2506.17(PPP$)
                   Maximum: 32898(PPP$)
             Headcount(HC): 0.0022814
          Poverty gap (PG): 0.0167994
       Poverty gap squared: 0.485146
                      Gini: 0.299171
                    Median: 1109.03
                       MLD: 0.159675
                      Watt: 0.000380482
--------------------------------------------------

-------------------------------- Income or Consumption share by deciles (%) -------------------------------------
     3.2855     5.0156     6.1296     7.1182     8.1132      9.218     10.559     12.214     14.789     23.558
-----------------------------------------------------------------------------------------------------------------


