

**********************************************************************************************
**                                   Basic Information                                      **
**********************************************************************************************

----------------- Dataset Information -----------------
                         Country: Micronesia, Federated States of
                    Country dode: FSM
                       Data Year: 2013
                        Coverage: National
             Welfare measurement: Consumption
                     Data format: Unit record
                     Data source: FSM_N2013X
                  Data time span: UnDefined
-------------------------------------------------------


----------- Distribution ------------
   i           P           L 
-------------------------------------
   0     0.01006  0.00040067
   1    0.021518   0.0011989
   2    0.031244   0.0022853
   3    0.042415   0.0038266
   4    0.050745   0.0052103
   5    0.060044   0.0069224
   6    0.070143    0.008985
   7    0.080016    0.011263
   8    0.090739    0.013934
   9     0.10171    0.016821
  10     0.11001    0.019156
  11     0.12037    0.022261
  12     0.13106    0.025579
  13     0.14013    0.028481
  14      0.1512    0.032146
  15     0.16018    0.035247
  16     0.17013    0.038785
  17     0.18147    0.042951
  18     0.19037    0.046314
  19     0.20038    0.050217
  20      0.2109    0.054475
  21     0.22157    0.058931
  22     0.23016    0.062581
  23      0.2407    0.067203
  24     0.25074    0.071708
  25      0.2601    0.075987
  26     0.27035    0.080764
  27     0.28066    0.085651
  28     0.29019    0.090284
  29     0.30019    0.095241
  30     0.31061     0.10049
  31     0.32094     0.10578
  32     0.33027     0.11064
  33     0.34074     0.11622
  34     0.35027     0.12138
  35     0.36138      0.1275
  36     0.37059      0.1327
  37     0.38058     0.13844
  38     0.39035     0.14414
  39      0.4005     0.15018
  40        0.41     0.15593
  41     0.42061     0.16248
  42     0.43053     0.16879
  43     0.44002     0.17493
  44        0.45     0.18151
  45     0.46031     0.18843
  46     0.47059     0.19545
  47     0.48012     0.20208
  48     0.49049     0.20949
  49      0.5004      0.2167
  50     0.51178     0.22517
  51     0.52003     0.23144
  52     0.53048      0.2395
  53     0.54025     0.24714
  54     0.55018     0.25512
  55     0.56037     0.26349
  56     0.57069     0.27212
  57     0.58009     0.28008
  58     0.59013     0.28877
  59     0.60018     0.29762
  60     0.61036     0.30674
  61     0.62022     0.31571
  62     0.63081     0.32555
  63     0.64016     0.33439
  64     0.65073     0.34459
  65     0.66075     0.35446
  66     0.67059     0.36447
  67     0.68018     0.37444
  68     0.69056     0.38543
  69     0.70018     0.39587
  70     0.71015     0.40686
  71     0.72016     0.41812
  72     0.73036     0.42981
  73     0.74028     0.44158
  74     0.75016     0.45362
  75     0.76017     0.46612
  76     0.77049     0.47937
  77     0.78013     0.49206
  78     0.79009     0.50538
  79     0.80008     0.51919
  80      0.8101     0.53346
  81     0.82048     0.54872
  82      0.8301     0.56336
  83     0.84009     0.57903
  84     0.85029     0.59562
  85     0.86022     0.61233
  86      0.8708       0.631
  87     0.88051     0.64895
  88      0.8903     0.66757
  89     0.90003     0.68656
  90     0.91074     0.70854
  91     0.92026     0.72916
  92     0.93004      0.7512
  93     0.94003     0.77491
  94     0.95016     0.80083
  95     0.96018     0.82848
  96     0.97001     0.85765
  97     0.98008     0.89139
  98     0.99047     0.93236
  99           1           1
-----------------------------------------

----------------- PPP$ and local currency --------------
         PPP used in computation: 0.998255
     Data mean in local currency: 167.578
               Data mean in PPP$: 158.851
        Poverty line in PPP$/Day: 1.9
      Poverty line in PPP$/Month: 57.7917
  Poverty line in local currency: 60.9667
-------------------------------------------------------

----------------- Estimation result --------------
     Number of observation: 1648
          Total population: 103368
              Total wealth: 1.73525E+07(PPP$)
                   Minimum: 4.54674(PPP$)
                   Maximum: 12134.1(PPP$)
             Headcount(HC): 0.173664
          Poverty gap (PG): 0.0635462
       Poverty gap squared: 0.0356272
                      Gini: 0.424627
                    Median: 116.793
                       MLD: 0.331689
                      Watt: 0.103758
--------------------------------------------------

-------------------------------- Income or Consumption share by deciles (%) -------------------------------------
     1.6372     3.3698     4.5078     5.4735     6.6527     8.1051     9.8205     12.341     16.743     31.349
-----------------------------------------------------------------------------------------------------------------


