

**********************************************************************************************
**                                   Basic Information                                      **
**********************************************************************************************

----------------- Dataset Information -----------------
                         Country: Micronesia, Federated States of
                    Country dode: FSM
                       Data Year: 2005
                        Coverage: National
             Welfare measurement: Consumption
                     Data format: Unit record
                     Data source: FSM_N2005X
                  Data time span: UnDefined
-------------------------------------------------------


----------- Distribution ------------
   i           P           L 
-------------------------------------
   0    0.010362   0.0013378
   1    0.020096   0.0029384
   2    0.030965   0.0050172
   3    0.040582   0.0070161
   4     0.05064   0.0092125
   5    0.061411    0.011644
   6    0.070394    0.013774
   7    0.081098    0.016431
   8    0.090476    0.018878
   9     0.10127    0.021837
  10     0.11001    0.024323
  11     0.12144    0.027687
  12     0.13023    0.030381
  13     0.14008    0.033464
  14     0.15042    0.036788
  15     0.16052    0.040127
  16     0.17157    0.043931
  17      0.1811    0.047352
  18     0.19039    0.050797
  19     0.20157    0.055109
  20     0.21048    0.058605
  21     0.22054    0.062661
  22     0.23071    0.066894
  23     0.24094    0.071215
  24      0.2503    0.075219
  25     0.26013    0.079485
  26     0.27043     0.08408
  27     0.28012    0.088525
  28     0.29047    0.093415
  29     0.30027     0.09811
  30     0.31035     0.10301
  31     0.32009      0.1078
  32     0.33048       0.113
  33     0.34062     0.11823
  34     0.35031     0.12332
  35     0.36028     0.12865
  36     0.37137     0.13472
  37     0.38093     0.14009
  38     0.39015     0.14544
  39     0.40112     0.15192
  40     0.41107     0.15787
  41     0.42051     0.16363
  42     0.43055     0.16986
  43     0.44008     0.17597
  44     0.45035     0.18266
  45     0.46146     0.19004
  46     0.47065     0.19624
  47     0.48043     0.20295
  48     0.49033     0.20983
  49     0.50066      0.2171
  50     0.51126     0.22468
  51     0.52025     0.23121
  52     0.53023     0.23858
  53     0.54033      0.2462
  54     0.55034      0.2539
  55     0.56042     0.26184
  56     0.57114      0.2704
  57     0.58003     0.27756
  58     0.59205     0.28744
  59     0.60014     0.29421
  60     0.61065     0.30314
  61     0.62027     0.31152
  62     0.63038     0.32054
  63     0.64097      0.3302
  64     0.65035      0.3389
  65      0.6601     0.34816
  66     0.67028     0.35803
  67     0.68082     0.36848
  68     0.69011     0.37784
  69     0.70053     0.38855
  70     0.71021     0.39874
  71      0.7205      0.4098
  72     0.73031     0.42064
  73     0.74044     0.43212
  74     0.75036     0.44366
  75     0.76054     0.45582
  76     0.77119     0.46889
  77     0.78125     0.48154
  78     0.79039      0.4933
  79     0.80049     0.50672
  80      0.8106     0.52051
  81     0.82072      0.5348
  82     0.83029     0.54869
  83     0.84041     0.56398
  84     0.85018     0.57928
  85     0.86007      0.5955
  86      0.8701     0.61251
  87      0.8802     0.63024
  88     0.89051     0.64902
  89     0.90032     0.66828
  90      0.9103     0.68906
  91     0.92007     0.71037
  92     0.93023     0.73397
  93     0.94023     0.75857
  94     0.95006     0.78444
  95     0.96067     0.81524
  96     0.97021     0.84633
  97        0.98     0.88214
  98     0.99027     0.92666
  99           1           1
-----------------------------------------

----------------- PPP$ and local currency --------------
         PPP used in computation: 0.998255
     Data mean in local currency: 165.279
               Data mean in PPP$: 198.446
        Poverty line in PPP$/Day: 1.9
      Poverty line in PPP$/Month: 57.7917
  Poverty line in local currency: 48.1327
-------------------------------------------------------

----------------- Estimation result --------------
     Number of observation: 1380
          Total population: 106252
              Total wealth: 1.75919E+07(PPP$)
                   Minimum: 16.9101(PPP$)
                   Maximum: 4576.58(PPP$)
             Headcount(HC): 0.114186
          Poverty gap (PG): 0.0265112
       Poverty gap squared: 0.00905268
                      Gini: 0.43104
                    Median: 140.735
                       MLD: 0.313783
                      Watt: 0.0330526
--------------------------------------------------

-------------------------------- Income or Consumption share by deciles (%) -------------------------------------
     2.1489     3.3014     4.3479     5.3279     6.5374     7.7455     9.3911     11.807     16.157     33.236
-----------------------------------------------------------------------------------------------------------------


