

**********************************************************************************************
**                                   Basic Information                                      **
**********************************************************************************************

----------------- Dataset Information -----------------
                         Country: Micronesia, Federated States of
                    Country dode: FSM
                       Data Year: 2000
                        Coverage: Urban
             Welfare measurement: Income
                     Data format: Unit record
                     Data source: FSM_U2000Y
                  Data time span: UnDefined
-------------------------------------------------------


----------- Distribution ------------
   i           P           L 
-------------------------------------
   0    0.010379  8.4744E-05
   1    0.020515  0.00025391
   2    0.030053  0.00047613
   3    0.040652   0.0007967
   4    0.051525    0.001203
   5    0.062629   0.0016885
   6    0.070705    0.002088
   7    0.080947   0.0026592
   8    0.091242   0.0032986
   9     0.10104   0.0039632
  10     0.11598   0.0050906
  11     0.12019   0.0054267
  12     0.13015   0.0062809
  13     0.14006   0.0072003
  14     0.15004   0.0081861
  15        0.16   0.0092372
  16     0.17179     0.01058
  17     0.18166    0.011779
  18     0.19001     0.01285
  19     0.20021    0.014225
  20     0.21027    0.015656
  21     0.22294    0.017589
  22     0.23009    0.018735
  23     0.24003    0.020408
  24     0.25014    0.022191
  25     0.26006    0.024032
  26     0.27007    0.025966
  27      0.2802    0.028016
  28     0.29085    0.030283
  29     0.30047     0.03243
  30     0.31009    0.034672
  31     0.32005    0.037096
  32      0.3315    0.040015
  33     0.34006    0.042281
  34     0.35043    0.045139
  35     0.36052     0.04803
  36     0.37034    0.050957
  37     0.38018    0.053994
  38     0.39068    0.057342
  39     0.40026    0.060531
  40     0.41008    0.063925
  41     0.42012    0.067525
  42     0.43035    0.071344
  43     0.44063    0.075296
  44     0.45092    0.079389
  45     0.46053    0.083345
  46     0.47046    0.087588
  47      0.4803     0.09193
  48     0.49361    0.098039
  49     0.50002     0.10107
  50     0.51052     0.10616
  51     0.52001     0.11091
  52     0.53003     0.11607
  53     0.54005     0.12138
  54      0.5501     0.12689
  55     0.56012     0.13255
  56     0.57009     0.13834
  57     0.58117     0.14498
  58     0.59001     0.15042
  59     0.60036     0.15701
  60     0.61005     0.16338
  61     0.62002     0.17015
  62     0.63004     0.17714
  63     0.64002     0.18433
  64     0.65009     0.19184
  65     0.66002      0.1995
  66     0.67002     0.20746
  67     0.68009     0.21576
  68     0.69031     0.22447
  69     0.70003     0.23303
  70     0.71006     0.24215
  71     0.72001     0.25147
  72     0.73003      0.2612
  73     0.74006     0.27129
  74     0.75004     0.28166
  75     0.76011     0.29261
  76     0.77129      0.3054
  77      0.7809     0.31684
  78     0.79009     0.32817
  79     0.80013     0.34098
  80     0.81028     0.35446
  81     0.82029     0.36836
  82     0.83003      0.3824
  83     0.84004     0.39743
  84     0.85005     0.41318
  85     0.86005     0.42976
  86     0.87009     0.44732
  87     0.88007     0.46594
  88     0.89006     0.48568
  89     0.90019     0.50699
  90     0.91067     0.53062
  91     0.92006     0.55326
  92     0.93006     0.57929
  93     0.94009     0.60764
  94     0.95006     0.63875
  95      0.9604     0.67466
  96     0.97005       0.713
  97     0.98001     0.76072
  98     0.99006     0.82424
  99           1           1
-----------------------------------------

----------------- PPP$ and local currency --------------
         PPP used in computation: 0.998255
     Data mean in local currency: 107.39
               Data mean in PPP$: 137.985
        Poverty line in PPP$/Day: 1.9
      Poverty line in PPP$/Month: 57.7917
  Poverty line in local currency: 44.9776
-------------------------------------------------------

----------------- Estimation result --------------
     Number of observation: 7166
          Total population: 95099
              Total wealth: 1.02306E+07(PPP$)
                   Minimum: 0.111301(PPP$)
                   Maximum: 83475.6(PPP$)
             Headcount(HC): 0.459868
          Poverty gap (PG): 0.261532
       Poverty gap squared: 0.184199
                      Gini: 0.63262
                    Median: 65.9944
                       MLD: 0.857244
                      Watt: 0.52888
--------------------------------------------------

-------------------------------- Income or Consumption share by deciles (%) -------------------------------------
    0.38925     1.0304      1.813      2.812     4.0614     5.5721     7.6219      10.78     16.579      49.34
-----------------------------------------------------------------------------------------------------------------


