

**********************************************************************************************
**                                   Basic Information                                      **
**********************************************************************************************

----------------- Dataset Information -----------------
                         Country: Gabon
                    Country dode: GAB
                       Data Year: 2005
                        Coverage: National
             Welfare measurement: Consumption
                     Data format: Unit record
                     Data source: GAB_N2005X
                  Data time span: UnDefined
-------------------------------------------------------


----------- Distribution ------------
   i           P           L 
-------------------------------------
   0    0.010113   0.0011599
   1    0.020094   0.0028686
   2    0.030237   0.0048495
   3    0.040341   0.0070211
   4    0.050157   0.0092766
   5    0.060531    0.011818
   6    0.070153    0.014277
   7    0.080073    0.016947
   8    0.090104    0.019789
   9     0.10016    0.022776
  10     0.11005    0.025831
  11     0.12054    0.029177
  12     0.13009    0.032295
  13     0.14031    0.035759
  14     0.15095    0.039476
  15     0.16019      0.0428
  16     0.17001    0.046443
  17     0.18012    0.050302
  18     0.19013    0.054239
  19     0.20018    0.058276
  20     0.21001    0.062321
  21     0.22044     0.06672
  22     0.23005    0.070872
  23     0.24116    0.075788
  24     0.25012     0.07982
  25     0.26006    0.084393
  26     0.27027    0.089199
  27     0.28006    0.093884
  28     0.29005    0.098754
  29     0.30012     0.10377
  30     0.31028     0.10894
  31     0.32006       0.114
  32     0.33026     0.11935
  33     0.34002     0.12456
  34     0.35012     0.13006
  35     0.36001     0.13557
  36     0.37015     0.14133
  37     0.38015     0.14709
  38        0.39     0.15286
  39     0.40008     0.15886
  40     0.41007      0.1649
  41     0.42001     0.17103
  42     0.43016      0.1774
  43     0.44008     0.18374
  44     0.45047     0.19051
  45     0.46017     0.19693
  46     0.47003     0.20357
  47     0.48004     0.21043
  48     0.49006     0.21739
  49     0.50002     0.22442
  50     0.51008     0.23164
  51     0.52021     0.23905
  52     0.53015     0.24645
  53     0.54018     0.25409
  54     0.55005     0.26172
  55     0.56028     0.26978
  56     0.57002     0.27759
  57     0.58007     0.28579
  58     0.59035     0.29431
  59     0.60004      0.3025
  60     0.61013      0.3112
  61     0.62037      0.3202
  62     0.63005     0.32888
  63     0.64005     0.33806
  64     0.65003     0.34735
  65        0.66      0.3568
  66     0.67004     0.36649
  67     0.68006     0.37639
  68     0.69038     0.38679
  69      0.7001     0.39681
  70     0.71003     0.40723
  71     0.72003     0.41796
  72     0.73005     0.42895
  73     0.74016      0.4403
  74     0.75001      0.4516
  75     0.76011     0.46349
  76     0.77001     0.47541
  77     0.78012     0.48788
  78     0.79006     0.50044
  79     0.80011     0.51341
  80        0.81     0.52654
  81     0.82007     0.54026
  82     0.83025     0.55451
  83     0.84017     0.56887
  84     0.85013     0.58379
  85     0.86003     0.59918
  86     0.87025     0.61567
  87     0.88003     0.63226
  88     0.89027     0.65045
  89      0.9001     0.66874
  90     0.91007     0.68826
  91     0.92005     0.70868
  92     0.93001     0.73045
  93      0.9401     0.75394
  94     0.95007     0.77899
  95     0.96023     0.80669
  96      0.9701     0.83617
  97     0.98005     0.87147
  98     0.99007      0.9157
  99           1           1
-----------------------------------------

----------------- PPP$ and local currency --------------
         PPP used in computation: 359.219
     Data mean in local currency: 66133.9
               Data mean in PPP$: 210.082
        Poverty line in PPP$/Day: 1.9
      Poverty line in PPP$/Month: 57.7917
  Poverty line in local currency: 18192.8
-------------------------------------------------------

----------------- Estimation result --------------
     Number of observation: 7912
          Total population: 1.31242E+06
              Total wealth: 2.41622E+08(PPP$)
                   Minimum: 7.11096(PPP$)
                   Maximum: 13755.7(PPP$)
             Headcount(HC): 0.0797246
          Poverty gap (PG): 0.0184689
       Poverty gap squared: 0.00676479
                      Gini: 0.42185
                    Median: 149.29
                       MLD: 0.301196
                      Watt: 0.0238135
--------------------------------------------------

-------------------------------- Income or Consumption share by deciles (%) -------------------------------------
     2.2727     3.5474     4.5505     5.5103     6.5593      7.806     9.4243     11.656     15.527     33.146
-----------------------------------------------------------------------------------------------------------------


