

**********************************************************************************************
**                                   Basic Information                                      **
**********************************************************************************************

----------------- Dataset Information -----------------
                         Country: United Kingdom
                    Country dode: GBR
                       Data Year: 2010
                        Coverage: National
             Welfare measurement: Income
                     Data format: Unit record
                     Data source: GBR_N2010Y
                  Data time span: UnDefined
-------------------------------------------------------


----------- Distribution ------------
   i           P           L 
-------------------------------------
   0    0.010316 -0.00033954
   1     0.02004   0.0010629
   2    0.030079   0.0032031
   3    0.040074   0.0057886
   4    0.050389   0.0087988
   5    0.060012    0.011854
   6    0.070035    0.015223
   7     0.08001    0.018734
   8    0.090004    0.022386
   9     0.10046    0.026378
  10     0.11001    0.030133
  11     0.12026      0.0343
  12      0.1306    0.038636
  13     0.14014    0.042735
  14     0.15005    0.047117
  15     0.16014    0.051695
  16     0.17007    0.056297
  17     0.18001    0.061007
  18     0.19001    0.065864
  19     0.20004    0.070846
  20      0.2102    0.075982
  21     0.22002    0.081029
  22     0.23025    0.086359
  23     0.24003    0.091546
  24     0.25005    0.096945
  25     0.26032     0.10259
  26     0.27006     0.10804
  27     0.28001     0.11371
  28     0.29001      0.1195
  29     0.30038      0.1256
  30     0.31012     0.13141
  31     0.32005     0.13743
  32     0.33016     0.14369
  33     0.34033     0.15009
  34     0.35005     0.15631
  35     0.36053     0.16313
  36     0.37006     0.16942
  37     0.38003      0.1761
  38     0.39029     0.18313
  39      0.4001     0.18997
  40     0.41002     0.19699
  41     0.42009     0.20425
  42     0.43003     0.21156
  43     0.44003     0.21901
  44     0.45003     0.22659
  45     0.46002     0.23429
  46     0.47003     0.24215
  47     0.48002     0.25007
  48     0.49004     0.25815
  49     0.50004     0.26635
  50     0.51012     0.27473
  51     0.52002     0.28308
  52     0.53039     0.29196
  53     0.54011      0.3004
  54     0.55001     0.30908
  55     0.56003     0.31798
  56     0.57005     0.32702
  57     0.58015     0.33626
  58     0.59012     0.34552
  59     0.60008     0.35489
  60     0.61021     0.36459
  61     0.62006     0.37418
  62     0.63016      0.3842
  63     0.64009     0.39422
  64     0.65003     0.40439
  65      0.6601     0.41486
  66     0.67004     0.42538
  67     0.68039     0.43652
  68     0.69002     0.44702
  69     0.70015     0.45828
  70     0.71006     0.46944
  71     0.72002     0.48083
  72     0.73008     0.49257
  73     0.74015     0.50454
  74     0.75003     0.51646
  75     0.76018     0.52893
  76     0.77001     0.54127
  77     0.78052     0.55469
  78     0.79011     0.56714
  79     0.80006     0.58027
  80     0.81007     0.59376
  81     0.82003     0.60751
  82     0.83004     0.62162
  83        0.84     0.63599
  84     0.85005     0.65086
  85     0.86003     0.66596
  86     0.87004      0.6815
  87     0.88004     0.69755
  88     0.89001     0.71411
  89     0.90005     0.73127
  90     0.91011     0.74907
  91     0.92024     0.76782
  92     0.93003     0.78678
  93     0.94007     0.80729
  94     0.95027     0.82927
  95     0.96003     0.85171
  96     0.97007     0.87669
  97     0.98034     0.90561
  98     0.99004     0.93827
  99           1           1
-----------------------------------------

----------------- PPP$ and local currency --------------
         PPP used in computation: 0.756404
     Data mean in local currency: 1020.3
               Data mean in PPP$: 1409.37
        Poverty line in PPP$/Day: 1.9
      Poverty line in PPP$/Month: 57.7917
  Poverty line in local currency: 41.8377
-------------------------------------------------------

----------------- Estimation result --------------
     Number of observation: 7923
          Total population: 0.999989
              Total wealth: 1348.87(PPP$)
                   Minimum: -8331.09(PPP$)
                   Maximum: 47542(PPP$)
             Headcount(HC): 0.00650117
          Poverty gap (PG): 0.0215214
       Poverty gap squared: 0.92574
                      Gini: 0.348101
                    Median: 1165.22
                       MLD: 0.236036
                      Watt: 0.00127198
--------------------------------------------------

-------------------------------- Income or Consumption share by deciles (%) -------------------------------------
     2.6201     4.4624     5.4551      6.452     7.6415     8.8508     10.329     12.208     15.099     26.882
-----------------------------------------------------------------------------------------------------------------


