

**********************************************************************************************
**                                   Basic Information                                      **
**********************************************************************************************

----------------- Dataset Information -----------------
                         Country: United Kingdom
                    Country dode: GBR
                       Data Year: 2006
                        Coverage: National
             Welfare measurement: Income
                     Data format: Unit record
                     Data source: GBR_N2006Y
                  Data time span: UnDefined
-------------------------------------------------------


----------- Distribution ------------
   i           P           L 
-------------------------------------
   0    0.010028  0.00020701
   1    0.020093   0.0016883
   2    0.030035   0.0037218
   3    0.040037   0.0061616
   4    0.050065   0.0089457
   5    0.060341    0.011982
   6    0.070012    0.015028
   7    0.080035    0.018367
   8    0.090251     0.02192
   9     0.10002    0.025455
  10        0.11    0.029216
  11     0.12002    0.033119
  12     0.13003    0.037152
  13     0.14013    0.041374
  14        0.15    0.045628
  15     0.16004    0.050078
  16     0.17002    0.054619
  17     0.18004    0.059313
  18     0.19004      0.0641
  19     0.20009    0.069044
  20        0.21    0.074034
  21     0.22016    0.079277
  22      0.2302    0.084571
  23     0.24014    0.089923
  24     0.25001    0.095332
  25     0.26022     0.10103
  26     0.27001     0.10659
  27     0.28018     0.11246
  28     0.29004     0.11827
  29     0.30037     0.12446
  30     0.31003     0.13034
  31     0.32002     0.13651
  32     0.33018     0.14291
  33     0.34002      0.1492
  34     0.35001      0.1557
  35     0.36002     0.16234
  36     0.37003      0.1691
  37     0.38006     0.17597
  38     0.39008     0.18294
  39     0.40008     0.19001
  40     0.41003     0.19715
  41     0.42004     0.20443
  42     0.43004     0.21182
  43     0.44002     0.21928
  44     0.45023     0.22704
  45     0.46004     0.23459
  46        0.47     0.24237
  47     0.48012     0.25039
  48     0.49002     0.25835
  49     0.50005     0.26655
  50     0.51004     0.27484
  51     0.52028     0.28345
  52     0.53011     0.29183
  53     0.54001     0.30041
  54     0.55003     0.30923
  55     0.56017     0.31828
  56     0.57006     0.32723
  57     0.58004     0.33639
  58     0.59006     0.34573
  59     0.60006      0.3552
  60     0.61033     0.36507
  61        0.62     0.37451
  62     0.63024     0.38464
  63     0.64008     0.39451
  64     0.65011     0.40471
  65     0.66004     0.41498
  66     0.67005     0.42548
  67     0.68011      0.4362
  68     0.69012     0.44704
  69     0.70011     0.45803
  70     0.71027     0.46941
  71        0.72     0.48051
  72     0.73009     0.49221
  73     0.74011     0.50405
  74     0.75009     0.51603
  75     0.76011     0.52827
  76     0.77011     0.54072
  77     0.78006     0.55335
  78      0.7902     0.56652
  79     0.80002     0.57948
  80     0.81011     0.59308
  81     0.82019       0.607
  82     0.83017     0.62112
  83     0.84006     0.63548
  84     0.85002     0.65038
  85     0.86013     0.66592
  86     0.87006     0.68163
  87     0.88007     0.69793
  88     0.89004     0.71472
  89     0.90019     0.73236
  90     0.91003     0.75003
  91     0.92001      0.7687
  92     0.93008     0.78852
  93     0.94006     0.80909
  94     0.95013      0.8309
  95     0.96003     0.85393
  96     0.97011      0.8794
  97     0.98002     0.90743
  98     0.99002      0.9406
  99           1           1
-----------------------------------------

----------------- PPP$ and local currency --------------
         PPP used in computation: 0.756404
     Data mean in local currency: 960.466
               Data mean in PPP$: 1484.25
        Poverty line in PPP$/Day: 1.9
      Poverty line in PPP$/Month: 57.7917
  Poverty line in local currency: 37.3972
-------------------------------------------------------

----------------- Estimation result --------------
     Number of observation: 9156
          Total population: 1.00001
              Total wealth: 1269.79(PPP$)
                   Minimum: -475.777(PPP$)
                   Maximum: 35891.4(PPP$)
             Headcount(HC): 0.00518897
          Poverty gap (PG): 0.00923516
       Poverty gap squared: 0.0297176
                      Gini: 0.348449
                    Median: 1220.08
                       MLD: 0.230949
                      Watt: 0.00177597
--------------------------------------------------

-------------------------------- Income or Consumption share by deciles (%) -------------------------------------
     2.5447     4.3554     5.5237     6.5712     7.6557      8.863     10.277     12.155     15.257     26.798
-----------------------------------------------------------------------------------------------------------------


