

**********************************************************************************************
**                                   Basic Information                                      **
**********************************************************************************************

----------------- Dataset Information -----------------
                         Country: United Kingdom
                    Country dode: GBR
                       Data Year: 2007
                        Coverage: National
             Welfare measurement: Income
                     Data format: Unit record
                     Data source: GBR_N2007Y
                  Data time span: UnDefined
-------------------------------------------------------


----------- Distribution ------------
   i           P           L 
-------------------------------------
   0     0.01002 -2.9607E-05
   1    0.020136    0.001549
   2    0.030325   0.0037206
   3    0.040017   0.0060915
   4    0.050055   0.0088273
   5    0.060111    0.011769
   6    0.070136     0.01492
   7    0.080093     0.01822
   8    0.090823    0.021938
   9         0.1    0.025209
  10     0.11005    0.028931
  11     0.12117    0.033193
  12        0.13    0.036667
  13     0.14004    0.040742
  14     0.15001    0.044934
  15     0.16006    0.049301
  16     0.17013    0.053824
  17     0.18001    0.058389
  18     0.19012    0.063209
  19     0.20014    0.068089
  20     0.21008     0.07303
  21     0.22003    0.078087
  22     0.23005    0.083284
  23     0.24002    0.088566
  24     0.25017    0.094069
  25     0.26001    0.099515
  26     0.27007     0.10517
  27      0.2801     0.11091
  28     0.29005     0.11669
  29     0.30029     0.12275
  30      0.3102     0.12871
  31     0.32006     0.13472
  32     0.33006     0.14089
  33     0.34001     0.14714
  34     0.35031     0.15373
  35     0.36012     0.16009
  36     0.37013     0.16669
  37     0.38005     0.17334
  38     0.39001     0.18012
  39     0.40001     0.18704
  40     0.41004     0.19408
  41     0.42005      0.2012
  42     0.43017     0.20854
  43     0.44004      0.2158
  44     0.45018     0.22337
  45     0.46021     0.23098
  46     0.47015     0.23865
  47     0.48007      0.2464
  48      0.4902     0.25442
  49     0.50006     0.26231
  50     0.51006     0.27042
  51     0.52005     0.27863
  52     0.53009     0.28702
  53     0.54019     0.29559
  54     0.55005      0.3041
  55     0.56009     0.31288
  56     0.57015      0.3218
  57     0.58029      0.3309
  58     0.59002     0.33976
  59     0.60003     0.34901
  60     0.61001     0.35837
  61     0.62001      0.3679
  62     0.63007     0.37762
  63     0.64005     0.38742
  64     0.65006     0.39739
  65     0.66009     0.40754
  66      0.6701     0.41783
  67     0.68002     0.42819
  68     0.69005     0.43886
  69         0.7     0.44961
  70     0.71003     0.46061
  71     0.72002     0.47176
  72     0.73003     0.48315
  73     0.74013     0.49486
  74        0.75     0.50654
  75     0.76003     0.51863
  76     0.77009     0.53098
  77     0.78006     0.54351
  78     0.79008     0.55634
  79     0.80005     0.56941
  80     0.81004     0.58277
  81     0.82009     0.59652
  82     0.83005     0.61046
  83        0.84     0.62475
  84      0.8502     0.63977
  85     0.86005     0.65468
  86     0.87006     0.67024
  87     0.88025     0.68654
  88     0.89007     0.70273
  89     0.90005     0.71981
  90     0.91002     0.73756
  91     0.92008     0.75626
  92     0.93003     0.77557
  93        0.94     0.79577
  94     0.95004     0.81731
  95     0.96014      0.8403
  96     0.97005     0.86446
  97     0.98002     0.89136
  98     0.99017     0.92554
  99           1           1
-----------------------------------------

----------------- PPP$ and local currency --------------
         PPP used in computation: 0.756404
     Data mean in local currency: 1029.17
               Data mean in PPP$: 1554.35
        Poverty line in PPP$/Day: 1.9
      Poverty line in PPP$/Month: 57.7917
  Poverty line in local currency: 38.2652
-------------------------------------------------------

----------------- Estimation result --------------
     Number of observation: 8785
          Total population: 1.00001
              Total wealth: 1360.63(PPP$)
                   Minimum: -2762.28(PPP$)
                   Maximum: 66459.3(PPP$)
             Headcount(HC): 0.00536045
          Poverty gap (PG): 0.0141443
       Poverty gap squared: 0.210552
                      Gini: 0.359296
                    Median: 1251.65
                       MLD: 0.245956
                      Watt: 0.00216939
--------------------------------------------------

-------------------------------- Income or Consumption share by deciles (%) -------------------------------------
     2.5209     4.2811     5.4562     6.4449     7.5223     8.6728     10.062     11.973     15.038     28.028
-----------------------------------------------------------------------------------------------------------------


