

**********************************************************************************************
**                                   Basic Information                                      **
**********************************************************************************************

----------------- Dataset Information -----------------
                         Country: United Kingdom
                    Country dode: GBR
                       Data Year: 2009
                        Coverage: National
             Welfare measurement: Income
                     Data format: Unit record
                     Data source: GBR_N2009Y
                  Data time span: UnDefined
-------------------------------------------------------


----------- Distribution ------------
   i           P           L 
-------------------------------------
   0    0.010034 -0.00035635
   1    0.020033   0.0012362
   2     0.03037   0.0034984
   3    0.040164   0.0059749
   4    0.050031   0.0087746
   5    0.060167    0.011918
   6    0.070361    0.015286
   7    0.080054    0.018651
   8    0.090062    0.022274
   9     0.10002    0.025998
  10     0.11004    0.029872
  11     0.12001    0.033835
  12     0.13012    0.037984
  13     0.14021    0.042238
  14     0.15002     0.04648
  15     0.16016    0.051007
  16     0.17002    0.055516
  17      0.1806    0.060457
  18     0.19001    0.064947
  19      0.2001    0.069865
  20       0.211    0.075284
  21     0.22018    0.079934
  22     0.23003    0.085019
  23     0.24009    0.090307
  24     0.25008    0.095652
  25      0.2602      0.1012
  26     0.27003     0.10671
  27     0.28029     0.11256
  28     0.29002     0.11822
  29     0.30004     0.12417
  30     0.31004     0.13023
  31      0.3201     0.13645
  32     0.33021     0.14283
  33     0.34035     0.14934
  34     0.35011     0.15567
  35      0.3601     0.16225
  36     0.37017     0.16898
  37     0.38009     0.17569
  38     0.39003     0.18252
  39     0.40008     0.18958
  40     0.41021     0.19683
  41     0.42027     0.20416
  42      0.4305     0.21174
  43     0.44002     0.21891
  44     0.45002     0.22656
  45     0.46006     0.23432
  46     0.47001     0.24215
  47     0.48002     0.25014
  48     0.49005     0.25827
  49     0.50006     0.26651
  50     0.51002     0.27486
  51     0.52002     0.28335
  52     0.53008     0.29204
  53        0.54     0.30071
  54     0.55007     0.30964
  55      0.5601     0.31869
  56        0.57     0.32773
  57     0.58003     0.33703
  58     0.59006     0.34648
  59     0.60003     0.35601
  60     0.61001     0.36567
  61     0.62024     0.37573
  62     0.63018     0.38569
  63     0.64006     0.39571
  64     0.65012     0.40608
  65     0.66003     0.41642
  66      0.6703     0.42731
  67     0.68015     0.43791
  68     0.69001     0.44869
  69     0.70003     0.45984
  70     0.71013     0.47124
  71      0.7202     0.48277
  72     0.73004     0.49419
  73     0.74008     0.50603
  74     0.75002     0.51796
  75     0.76001     0.53018
  76     0.77006     0.54274
  77      0.7801     0.55557
  78     0.79008     0.56855
  79     0.80001     0.58172
  80     0.81011     0.59535
  81     0.82012      0.6091
  82     0.83019      0.6233
  83     0.84005     0.63758
  84     0.85002      0.6524
  85        0.86     0.66763
  86     0.87017     0.68357
  87     0.88006     0.69953
  88     0.89001     0.71619
  89     0.90004     0.73361
  90     0.91004     0.75172
  91     0.92001     0.77059
  92        0.93      0.7904
  93     0.94004     0.81121
  94     0.95012     0.83326
  95     0.96005     0.85642
  96     0.97011     0.88177
  97     0.98005     0.90975
  98     0.99002     0.94389
  99           1           1
-----------------------------------------

----------------- PPP$ and local currency --------------
         PPP used in computation: 0.756404
     Data mean in local currency: 996.399
               Data mean in PPP$: 1421.58
        Poverty line in PPP$/Day: 1.9
      Poverty line in PPP$/Month: 57.7917
  Poverty line in local currency: 40.5068
-------------------------------------------------------

----------------- Estimation result --------------
     Number of observation: 7980
          Total population: 1
              Total wealth: 1317.29(PPP$)
                   Minimum: -3687.08(PPP$)
                   Maximum: 33250.4(PPP$)
             Headcount(HC): 0.00636589
          Poverty gap (PG): 0.0231424
       Poverty gap squared: 0.464316
                      Gini: 0.346714
                    Median: 1181.78
                       MLD: 0.229902
                      Watt: 0.00119254
--------------------------------------------------

-------------------------------- Income or Consumption share by deciles (%) -------------------------------------
     2.5992     4.3822     5.4329      6.538     7.6938     8.9522     10.381      12.19     15.184     26.646
-----------------------------------------------------------------------------------------------------------------


