

**********************************************************************************************
**                                   Basic Information                                      **
**********************************************************************************************

----------------- Dataset Information -----------------
                         Country: United Kingdom
                    Country dode: GBR
                       Data Year: 2004
                        Coverage: National
             Welfare measurement: Income
                     Data format: Unit record
                     Data source: GBR_N2004Y
                  Data time span: UnDefined
-------------------------------------------------------


----------- Distribution ------------
   i           P           L 
-------------------------------------
   0    0.010006  9.7133E-05
   1    0.020129    0.001343
   2    0.030184   0.0031947
   3    0.040055   0.0054208
   4    0.050004    0.007996
   5    0.060025    0.010809
   6    0.070008    0.013812
   7    0.080089    0.017013
   8    0.090183    0.020359
   9     0.10003    0.023774
  10     0.11004    0.027398
  11        0.12    0.031142
  12     0.13003    0.035039
  13     0.14004    0.039068
  14     0.15016    0.043274
  15      0.1602    0.047577
  16     0.17004    0.051902
  17     0.18001    0.056396
  18     0.19007    0.061032
  19     0.20012    0.065772
  20     0.21009    0.070588
  21     0.22012    0.075539
  22     0.23006    0.080557
  23     0.24008    0.085718
  24     0.25002    0.090958
  25        0.26    0.096344
  26     0.27002     0.10187
  27     0.28015     0.10756
  28     0.29017     0.11328
  29     0.30008     0.11904
  30     0.31011     0.12499
  31     0.32008       0.131
  32     0.33001     0.13711
  33     0.34002     0.14338
  34     0.35002     0.14975
  35     0.36001     0.15622
  36     0.37013     0.16287
  37     0.38001     0.16948
  38     0.39004     0.17631
  39     0.40007     0.18325
  40     0.41006     0.19028
  41        0.42     0.19739
  42     0.43001     0.20464
  43     0.44003     0.21201
  44     0.45002     0.21947
  45     0.46006     0.22706
  46     0.47008     0.23476
  47     0.48002     0.24251
  48     0.49002     0.25042
  49     0.50005      0.2585
  50     0.51013     0.26673
  51     0.52006     0.27498
  52     0.53011     0.28344
  53     0.54002     0.29189
  54     0.55012     0.30064
  55     0.56002     0.30933
  56     0.57012     0.31835
  57     0.58001     0.32733
  58     0.59006     0.33659
  59     0.60006     0.34595
  60     0.61001      0.3554
  61     0.62003     0.36507
  62     0.63015     0.37499
  63     0.64005     0.38483
  64     0.65023     0.39509
  65     0.66008     0.40518
  66     0.67005     0.41557
  67     0.68003     0.42617
  68     0.69004     0.43701
  69     0.70001     0.44795
  70     0.71011     0.45921
  71     0.72002     0.47044
  72     0.73004     0.48199
  73        0.74      0.4937
  74     0.75002     0.50566
  75     0.76004     0.51785
  76     0.77012     0.53032
  77     0.78004     0.54289
  78     0.79004     0.55585
  79     0.80015     0.56923
  80     0.81001     0.58253
  81     0.82005     0.59644
  82        0.83     0.61056
  83     0.84011     0.62527
  84     0.85003     0.64002
  85     0.86009     0.65544
  86     0.87002     0.67115
  87     0.88003     0.68746
  88     0.89002     0.70426
  89     0.90003     0.72174
  90     0.91013     0.74014
  91     0.92006     0.75899
  92     0.93012     0.77888
  93     0.94008     0.79946
  94     0.95016     0.82158
  95     0.96003     0.84464
  96     0.97016      0.8705
  97     0.98003     0.89871
  98      0.9901     0.93427
  99           1           1
-----------------------------------------

----------------- PPP$ and local currency --------------
         PPP used in computation: 0.756404
     Data mean in local currency: 865.972
               Data mean in PPP$: 1397.52
        Poverty line in PPP$/Day: 1.9
      Poverty line in PPP$/Month: 57.7917
  Poverty line in local currency: 35.8105
-------------------------------------------------------

----------------- Estimation result --------------
     Number of observation: 10597
          Total population: 1.00001
              Total wealth: 1144.86(PPP$)
                   Minimum: -457.758(PPP$)
                   Maximum: 51810.9(PPP$)
             Headcount(HC): 0.00680504
          Poverty gap (PG): 0.00941745
       Poverty gap squared: 0.0225654
                      Gini: 0.362219
                    Median: 1134.19
                       MLD: 0.25382
                      Watt: 0.0029859
--------------------------------------------------

-------------------------------- Income or Consumption share by deciles (%) -------------------------------------
     2.3765     4.1951      5.328     6.4203     7.5258     8.7434     10.205     12.109     15.266      27.83
-----------------------------------------------------------------------------------------------------------------


