

**********************************************************************************************
**                                   Basic Information                                      **
**********************************************************************************************

----------------- Dataset Information -----------------
                         Country: United Kingdom
                    Country dode: GBR
                       Data Year: 2008
                        Coverage: National
             Welfare measurement: Income
                     Data format: Unit record
                     Data source: GBR_N2008Y
                  Data time span: UnDefined
-------------------------------------------------------


----------- Distribution ------------
   i           P           L 
-------------------------------------
   0    0.010011  0.00012807
   1    0.020019   0.0015517
   2    0.030259    0.003785
   3    0.040409   0.0064236
   4    0.050099   0.0091638
   5    0.060145    0.012248
   6    0.070137     0.01551
   7    0.080064    0.018932
   8    0.090082    0.022529
   9     0.10007    0.026252
  10     0.11041     0.03028
  11     0.12001    0.034149
  12     0.13007    0.038318
  13     0.14025    0.042677
  14     0.15003    0.046984
  15     0.16019    0.051568
  16     0.17025    0.056234
  17     0.18012     0.06093
  18     0.19005    0.065759
  19     0.20012    0.070751
  20     0.21005    0.075796
  21     0.22023    0.081099
  22     0.23021    0.086419
  23      0.2401    0.091806
  24     0.25003    0.097314
  25     0.26016     0.10305
  26        0.27     0.10872
  27        0.28     0.11458
  28     0.29039     0.12076
  29      0.3002     0.12672
  30     0.31003     0.13279
  31     0.32004     0.13907
  32     0.33011     0.14546
  33     0.34013     0.15193
  34     0.35003     0.15843
  35     0.36005     0.16512
  36     0.37014     0.17195
  37        0.38     0.17873
  38     0.39005     0.18573
  39     0.40034       0.193
  40     0.41006     0.19996
  41     0.42021     0.20733
  42     0.43053     0.21491
  43     0.44004       0.222
  44     0.45003     0.22955
  45     0.46006     0.23721
  46     0.47006     0.24496
  47        0.48     0.25278
  48     0.49011     0.26087
  49     0.50007     0.26895
  50     0.51008     0.27721
  51     0.52004     0.28554
  52     0.53008     0.29407
  53     0.54019     0.30278
  54     0.55027     0.31159
  55     0.56015     0.32037
  56     0.57008     0.32933
  57     0.58005     0.33844
  58     0.59002     0.34773
  59     0.60043     0.35758
  60     0.61024     0.36699
  61     0.62021      0.3767
  62     0.63005     0.38644
  63     0.64005     0.39649
  64     0.65001     0.40664
  65      0.6603     0.41729
  66     0.67013     0.42766
  67     0.68003     0.43829
  68      0.6901     0.44934
  69     0.70001      0.4604
  70     0.71005     0.47179
  71     0.72015     0.48348
  72     0.73002     0.49509
  73     0.74006     0.50707
  74     0.75001      0.5191
  75     0.76034      0.5318
  76     0.77006     0.54396
  77     0.78016     0.55685
  78     0.79007     0.56974
  79     0.80002     0.58292
  80      0.8102     0.59669
  81     0.82023     0.61059
  82     0.83004     0.62445
  83     0.84011     0.63905
  84     0.85002     0.65382
  85     0.86003     0.66917
  86     0.87004       0.685
  87     0.88003     0.70134
  88     0.89003     0.71818
  89         0.9     0.73563
  90     0.91008     0.75391
  91     0.92003     0.77267
  92      0.9301     0.79247
  93     0.94001     0.81302
  94     0.95001     0.83491
  95     0.96003     0.85815
  96     0.97017     0.88369
  97     0.98024     0.91211
  98     0.99005     0.94468
  99           1           1
-----------------------------------------

----------------- PPP$ and local currency --------------
         PPP used in computation: 0.756404
     Data mean in local currency: 980.51
               Data mean in PPP$: 1429.21
        Poverty line in PPP$/Day: 1.9
      Poverty line in PPP$/Month: 57.7917
  Poverty line in local currency: 39.6479
-------------------------------------------------------

----------------- Estimation result --------------
     Number of observation: 8221
          Total population: 1
              Total wealth: 1296.28(PPP$)
                   Minimum: -190.123(PPP$)
                   Maximum: 26388.8(PPP$)
             Headcount(HC): 0.00604479
          Poverty gap (PG): 0.00929023
       Poverty gap squared: 0.0203743
                      Gini: 0.343694
                    Median: 1167.03
                       MLD: 0.227756
                      Watt: 0.00188322
--------------------------------------------------

-------------------------------- Income or Consumption share by deciles (%) -------------------------------------
     2.6227     4.4467     5.5906     6.6159     7.6136      8.828     10.321     12.251     15.274     26.437
-----------------------------------------------------------------------------------------------------------------


