

**********************************************************************************************
**                                   Basic Information                                      **
**********************************************************************************************

----------------- Dataset Information -----------------
                         Country: United Kingdom
                    Country dode: GBR
                       Data Year: 2005
                        Coverage: National
             Welfare measurement: Income
                     Data format: Unit record
                     Data source: GBR_N2005Y
                  Data time span: UnDefined
-------------------------------------------------------


----------- Distribution ------------
   i           P           L 
-------------------------------------
   0    0.010014 -0.00016829
   1    0.020006   0.0010185
   2    0.030193   0.0029547
   3    0.040055   0.0052093
   4    0.050229   0.0078854
   5    0.060045    0.010716
   6        0.07    0.013811
   7    0.080096    0.017132
   8    0.090109    0.020573
   9     0.10016    0.024143
  10     0.11007     0.02781
  11      0.1202    0.031703
  12     0.13007    0.035649
  13     0.14008    0.039771
  14     0.15003    0.044005
  15     0.16001    0.048368
  16     0.17009    0.052916
  17     0.18004    0.057532
  18     0.19014    0.062373
  19     0.20007    0.067265
  20     0.21001    0.072286
  21     0.22016    0.077528
  22     0.23011    0.082774
  23     0.24013    0.088156
  24      0.2501     0.09363
  25     0.26002    0.099182
  26     0.27045     0.10513
  27     0.28009     0.11073
  28     0.29002      0.1166
  29     0.30005     0.12262
  30     0.31009     0.12876
  31     0.32003     0.13495
  32     0.33003      0.1413
  33     0.34003     0.14776
  34        0.35     0.15431
  35     0.36011     0.16109
  36     0.37002     0.16785
  37     0.38007     0.17481
  38     0.39003     0.18181
  39      0.4002     0.18906
  40      0.4101     0.19621
  41      0.4202     0.20363
  42        0.43     0.21095
  43     0.44005     0.21855
  44     0.45003     0.22624
  45     0.46008      0.2341
  46     0.47005     0.24204
  47     0.48006     0.25012
  48     0.49001     0.25829
  49     0.50028     0.26683
  50     0.51012     0.27514
  51     0.52007     0.28365
  52     0.53005      0.2923
  53     0.54001     0.30107
  54     0.55009     0.31006
  55     0.56006      0.3191
  56     0.57011     0.32837
  57        0.58     0.33765
  58     0.59013      0.3473
  59     0.60005     0.35694
  60     0.61005     0.36677
  61     0.62001     0.37672
  62     0.63005     0.38692
  63     0.64008     0.39723
  64     0.65003     0.40763
  65     0.66011     0.41832
  66     0.67004     0.42897
  67     0.68002     0.43985
  68     0.69001     0.45092
  69     0.70003      0.4622
  70     0.71001     0.47362
  71     0.72017     0.48543
  72     0.73007     0.49711
  73        0.74     0.50902
  74     0.75001     0.52122
  75        0.76     0.53363
  76     0.77006     0.54636
  77     0.78009      0.5593
  78     0.79004     0.57237
  79     0.80002     0.58573
  80     0.81017      0.5996
  81     0.82001     0.61335
  82     0.83005     0.62764
  83     0.84003     0.64215
  84     0.85001     0.65699
  85     0.86004      0.6723
  86     0.87007     0.68805
  87     0.88001     0.70416
  88     0.89011       0.721
  89     0.90001     0.73816
  90     0.91004     0.75624
  91     0.92002     0.77483
  92     0.93006     0.79435
  93     0.94002     0.81467
  94     0.95003     0.83607
  95     0.96002     0.85872
  96     0.97009     0.88333
  97     0.98001     0.91034
  98     0.99001     0.94234
  99           1           1
-----------------------------------------

----------------- PPP$ and local currency --------------
         PPP used in computation: 0.756404
     Data mean in local currency: 874.086
               Data mean in PPP$: 1382.29
        Poverty line in PPP$/Day: 1.9
      Poverty line in PPP$/Month: 57.7917
  Poverty line in local currency: 36.5445
-------------------------------------------------------

----------------- Estimation result --------------
     Number of observation: 9720
          Total population: 0.999996
              Total wealth: 1155.58(PPP$)
                   Minimum: -1668.09(PPP$)
                   Maximum: 25591.7(PPP$)
             Headcount(HC): 0.00897544
          Poverty gap (PG): 0.0142403
       Poverty gap squared: 0.107383
                      Gini: 0.345639
                    Median: 1159.23
                       MLD: 0.240713
                      Watt: 0.00423731
--------------------------------------------------

-------------------------------- Income or Consumption share by deciles (%) -------------------------------------
     2.4085     4.3144     5.5366     6.6321      7.768     9.0292     10.528     12.353     15.244     26.186
-----------------------------------------------------------------------------------------------------------------


