

**********************************************************************************************
**                                   Basic Information                                      **
**********************************************************************************************

----------------- Dataset Information -----------------
                         Country: Georgia
                    Country dode: GEO
                       Data Year: 2011
                        Coverage: National
             Welfare measurement: Consumption
                     Data format: Unit record
                     Data source: GEO_N2011X
                  Data time span: UnDefined
-------------------------------------------------------


----------- Distribution ------------
   i           P           L 
-------------------------------------
   0    0.010027  0.00052065
   1    0.020055    0.001558
   2    0.030156   0.0029354
   3    0.040191   0.0045295
   4    0.050046   0.0062607
   5    0.060003   0.0081822
   6     0.07015    0.010348
   7    0.080272    0.012672
   8    0.090035    0.015058
   9         0.1    0.017617
  10     0.11005    0.020336
  11     0.12001    0.023179
  12     0.13009    0.026194
  13     0.14006    0.029317
  14     0.15001    0.032562
  15     0.16003    0.035957
  16     0.17011    0.039488
  17     0.18006     0.04308
  18     0.19004    0.046798
  19         0.2    0.050635
  20     0.21002    0.054614
  21     0.22016    0.058774
  22     0.23005    0.062961
  23     0.24002     0.06732
  24     0.25004    0.071834
  25     0.26011    0.076485
  26     0.27009    0.081204
  27     0.28005    0.086023
  28     0.29006    0.090979
  29     0.30002    0.096014
  30     0.31002     0.10119
  31     0.32005     0.10649
  32     0.33005     0.11192
  33     0.34002     0.11744
  34     0.35004     0.12311
  35     0.36011     0.12892
  36     0.37001     0.13475
  37     0.38009     0.14079
  38     0.39016     0.14697
  39     0.40003     0.15316
  40     0.41004     0.15956
  41     0.42001     0.16605
  42     0.43007     0.17274
  43     0.44012     0.17955
  44     0.45001     0.18637
  45     0.46007     0.19344
  46      0.4701     0.20061
  47     0.48003     0.20785
  48      0.4902      0.2154
  49     0.50013     0.22293
  50     0.51001     0.23054
  51     0.52005      0.2384
  52      0.5301     0.24642
  53     0.54017     0.25458
  54     0.55007     0.26273
  55     0.56009     0.27114
  56     0.57003     0.27963
  57     0.58003     0.28833
  58     0.59002     0.29714
  59     0.60005     0.30615
  60     0.61007     0.31532
  61     0.62004     0.32462
  62     0.63002     0.33411
  63     0.64019     0.34396
  64     0.65001     0.35367
  65     0.66005     0.36383
  66     0.67001      0.3741
  67      0.6801     0.38469
  68     0.69007     0.39535
  69     0.70003      0.4062
  70     0.71002     0.41732
  71     0.72002     0.42867
  72     0.73008     0.44038
  73     0.74011     0.45228
  74      0.7501     0.46438
  75     0.76002     0.47664
  76     0.77016     0.48946
  77     0.78004      0.5022
  78     0.79001      0.5154
  79     0.80001     0.52905
  80     0.81008      0.5432
  81     0.82009     0.55758
  82     0.83008     0.57234
  83     0.84001      0.5874
  84     0.85002     0.60308
  85     0.86002     0.61936
  86      0.8701     0.63635
  87     0.88013     0.65382
  88     0.89004     0.67169
  89     0.90012     0.69056
  90     0.91009     0.71015
  91     0.92004     0.73067
  92     0.93004     0.75248
  93     0.94018     0.77582
  94     0.95007         0.8
  95        0.96     0.82599
  96     0.97008     0.85488
  97        0.98     0.88699
  98     0.99006     0.92662
  99           1           1
-----------------------------------------

----------------- PPP$ and local currency --------------
         PPP used in computation: 0.841907
     Data mean in local currency: 133.709
               Data mean in PPP$: 158.816
        Poverty line in PPP$/Day: 1.9
      Poverty line in PPP$/Month: 57.7917
  Poverty line in local currency: 48.6552
-------------------------------------------------------

----------------- Estimation result --------------
     Number of observation: 11207
          Total population: 3.64104E+06
              Total wealth: 5.78258E+08(PPP$)
                   Minimum: 1.35867(PPP$)
                   Maximum: 28514.3(PPP$)
             Headcount(HC): 0.177903
          Poverty gap (PG): 0.0616824
       Poverty gap squared: 0.0313716
                      Gini: 0.415815
                    Median: 121.481
                       MLD: 0.31421
                      Watt: 0.0935262
--------------------------------------------------

-------------------------------- Income or Consumption share by deciles (%) -------------------------------------
     1.7616     3.3018     4.5372     5.7137     6.9686     8.3277     10.006     12.287     16.129     30.967
-----------------------------------------------------------------------------------------------------------------


