

**********************************************************************************************
**                                   Basic Information                                      **
**********************************************************************************************

----------------- Dataset Information -----------------
                         Country: Georgia
                    Country dode: GEO
                       Data Year: 2005
                        Coverage: National
             Welfare measurement: Consumption
                     Data format: Unit record
                     Data source: GEO_N2005X
                  Data time span: UnDefined
-------------------------------------------------------


----------- Distribution ------------
   i           P           L 
-------------------------------------
   0     0.01006  0.00066538
   1    0.020013   0.0017906
   2    0.030041   0.0032372
   3    0.040007   0.0049646
   4     0.05009   0.0069463
   5    0.060015   0.0090828
   6    0.070133    0.011455
   7    0.080071    0.013968
   8    0.090059    0.016656
   9     0.10009    0.019487
  10     0.11011    0.022451
  11        0.12    0.025506
  12     0.13007    0.028745
  13        0.14    0.032068
  14     0.15006    0.035544
  15     0.16007    0.039145
  16     0.17008    0.042876
  17     0.18002    0.046702
  18      0.1901    0.050704
  19     0.20007    0.054772
  20     0.21007    0.058958
  21     0.22003    0.063235
  22     0.23003    0.067653
  23     0.24009    0.072206
  24     0.25009     0.07684
  25     0.26004    0.081565
  26     0.27014    0.086467
  27     0.28004    0.091366
  28     0.29022    0.096508
  29     0.30009     0.10163
  30     0.31001     0.10689
  31     0.32003     0.11234
  32     0.33005     0.11791
  33     0.34003     0.12358
  34     0.35018     0.12945
  35     0.36012     0.13531
  36     0.37005     0.14127
  37      0.3801     0.14742
  38     0.39008     0.15365
  39     0.40003     0.15997
  40     0.41009     0.16648
  41     0.42006     0.17307
  42     0.43006     0.17979
  43     0.44003     0.18662
  44     0.45004     0.19359
  45     0.46001     0.20068
  46     0.47003     0.20795
  47     0.48006     0.21535
  48     0.49012      0.2229
  49     0.50003     0.23043
  50     0.51001     0.23816
  51     0.52008     0.24608
  52     0.53003     0.25405
  53     0.54023     0.26236
  54     0.55001     0.27047
  55     0.56019     0.27911
  56      0.5703     0.28783
  57     0.58008     0.29639
  58        0.59     0.30522
  59     0.60003      0.3143
  60     0.61006     0.32353
  61     0.62002     0.33285
  62        0.63     0.34239
  63     0.64024     0.35234
  64     0.65005     0.36203
  65     0.66001     0.37204
  66     0.67005     0.38235
  67     0.68015     0.39293
  68     0.69001     0.40345
  69     0.70008     0.41438
  70     0.71016     0.42555
  71     0.72003     0.43672
  72     0.73003     0.44829
  73     0.74011      0.4602
  74     0.75014     0.47231
  75     0.76004     0.48459
  76     0.77003     0.49728
  77     0.78001     0.51028
  78     0.79007     0.52373
  79     0.80003     0.53737
  80     0.81003     0.55138
  81     0.82001     0.56572
  82     0.83006     0.58062
  83      0.8401     0.59593
  84     0.85002     0.61157
  85     0.86001     0.62784
  86     0.87008      0.6448
  87     0.88005     0.66211
  88      0.8901      0.6802
  89     0.90007     0.69898
  90     0.91003     0.71848
  91     0.92003     0.73885
  92     0.93003      0.7602
  93     0.94002     0.78274
  94     0.95004     0.80685
  95      0.9601      0.8329
  96     0.97007     0.86152
  97     0.98005     0.89396
  98     0.99006     0.93354
  99           1           1
-----------------------------------------

----------------- PPP$ and local currency --------------
         PPP used in computation: 0.841907
     Data mean in local currency: 85.1199
               Data mean in PPP$: 156.856
        Poverty line in PPP$/Day: 1.9
      Poverty line in PPP$/Month: 57.7917
  Poverty line in local currency: 31.3613
-------------------------------------------------------

----------------- Estimation result --------------
     Number of observation: 11327
          Total population: 3.82662E+06
              Total wealth: 3.86886E+08(PPP$)
                   Minimum: 0.923395(PPP$)
                   Maximum: 2626.29(PPP$)
             Headcount(HC): 0.162108
          Poverty gap (PG): 0.0538265
       Poverty gap squared: 0.0265705
                      Gini: 0.403414
                    Median: 120.339
                       MLD: 0.290001
                      Watt: 0.0798672
--------------------------------------------------

-------------------------------- Income or Consumption share by deciles (%) -------------------------------------
     1.9461     3.5281     4.6835     5.8375      7.046     8.3863     10.003     12.303     16.152     30.115
-----------------------------------------------------------------------------------------------------------------


