

**********************************************************************************************
**                                   Basic Information                                      **
**********************************************************************************************

----------------- Dataset Information -----------------
                         Country: Georgia
                    Country dode: GEO
                       Data Year: 2003
                        Coverage: National
             Welfare measurement: Consumption
                     Data format: Unit record
                     Data source: GEO_N2003X
                  Data time span: UnDefined
-------------------------------------------------------


----------- Distribution ------------
   i           P           L 
-------------------------------------
   0    0.010015  0.00065412
   1     0.02002   0.0018437
   2    0.030037   0.0033386
   3     0.04003   0.0051082
   4     0.05008   0.0071476
   5    0.060028    0.009371
   6    0.070069    0.011813
   7    0.080049    0.014399
   8    0.090066    0.017201
   9     0.10003     0.02014
  10     0.11004    0.023234
  11     0.12004    0.026471
  12     0.13004    0.029832
  13     0.14005    0.033319
  14        0.15    0.036909
  15     0.16002    0.040651
  16      0.1702    0.044583
  17      0.1801    0.048517
  18     0.19002    0.052576
  19     0.20004    0.056771
  20        0.21    0.061045
  21     0.22001    0.065444
  22     0.23002    0.069946
  23     0.24003    0.074557
  24     0.25008    0.079295
  25      0.2601    0.084137
  26      0.2701    0.089086
  27     0.28004    0.094102
  28      0.2901    0.099281
  29     0.30019     0.10458
  30      0.3101     0.10988
  31     0.32007     0.11534
  32     0.33012     0.12096
  33     0.34018     0.12667
  34     0.35004      0.1324
  35     0.36007     0.13834
  36     0.37002     0.14435
  37     0.38011     0.15056
  38     0.39009     0.15684
  39     0.40003     0.16319
  40     0.41008     0.16975
  41     0.42017     0.17645
  42     0.43004     0.18312
  43     0.44009     0.19003
  44     0.45003     0.19703
  45     0.46003     0.20418
  46     0.47019     0.21156
  47     0.48011     0.21889
  48     0.49012     0.22641
  49         0.5     0.23396
  50     0.51001     0.24176
  51     0.52004      0.2497
  52        0.53     0.25775
  53     0.54007     0.26604
  54     0.55001     0.27437
  55     0.56006     0.28294
  56     0.57002      0.2916
  57     0.58008     0.30053
  58     0.59005     0.30956
  59     0.60004     0.31878
  60     0.61006     0.32818
  61     0.62009     0.33777
  62     0.63003     0.34741
  63     0.64001     0.35723
  64     0.65004     0.36729
  65     0.66008     0.37754
  66     0.67015     0.38801
  67     0.68011     0.39857
  68     0.69005     0.40929
  69     0.70008     0.42032
  70     0.71004     0.43146
  71     0.72009      0.4429
  72      0.7302      0.4547
  73     0.74003     0.46643
  74      0.7501     0.47872
  75     0.76005     0.49114
  76     0.77003     0.50388
  77     0.78005     0.51698
  78     0.79006      0.5304
  79     0.80009     0.54418
  80        0.81     0.55818
  81     0.82002     0.57274
  82     0.83004     0.58776
  83     0.84002      0.6032
  84     0.85005     0.61918
  85      0.8601     0.63568
  86     0.87017     0.65278
  87     0.88017     0.67032
  88        0.89     0.68814
  89     0.90001     0.70682
  90     0.91004     0.72632
  91     0.92004     0.74667
  92     0.93006     0.76803
  93     0.94002     0.79042
  94     0.95002     0.81449
  95      0.9602     0.84079
  96     0.97004     0.86858
  97     0.98002     0.90026
  98     0.99008     0.93835
  99           1           1
-----------------------------------------

----------------- PPP$ and local currency --------------
         PPP used in computation: 0.841907
     Data mean in local currency: 69.2941
               Data mean in PPP$: 146.042
        Poverty line in PPP$/Day: 1.9
      Poverty line in PPP$/Month: 57.7917
  Poverty line in local currency: 27.421
-------------------------------------------------------

----------------- Estimation result --------------
     Number of observation: 11683
          Total population: 3.83437E+06
              Total wealth: 3.15592E+08(PPP$)
                   Minimum: 0.770413(PPP$)
                   Maximum: 2254.18(PPP$)
             Headcount(HC): 0.174082
          Poverty gap (PG): 0.0575525
       Poverty gap squared: 0.0286432
                      Gini: 0.395318
                    Median: 112.741
                       MLD: 0.278375
                      Watt: 0.0862591
--------------------------------------------------

-------------------------------- Income or Consumption share by deciles (%) -------------------------------------
     2.0131     3.6625     4.7725     5.8691     7.0792     8.4775     10.149     12.383     16.274     29.319
-----------------------------------------------------------------------------------------------------------------


