

**********************************************************************************************
**                                   Basic Information                                      **
**********************************************************************************************

----------------- Dataset Information -----------------
                         Country: Georgia
                    Country dode: GEO
                       Data Year: 1997
                        Coverage: National
             Welfare measurement: Consumption
                     Data format: Unit record
                     Data source: GEO_N1997X
                  Data time span: UnDefined
-------------------------------------------------------


----------- Distribution ------------
   i           P           L 
-------------------------------------
   0    0.010042  0.00042106
   1    0.020079   0.0013829
   2    0.030111   0.0026816
   3    0.040176   0.0042656
   4    0.050219   0.0060592
   5    0.060023   0.0079707
   6    0.070036    0.010081
   7    0.080113     0.01236
   8    0.090156    0.014789
   9     0.10021    0.017351
  10     0.11002    0.019995
  11     0.12004    0.022837
  12     0.13003    0.025808
  13     0.14002     0.02891
  14     0.15043    0.032279
  15     0.16016    0.035553
  16     0.17007       0.039
  17     0.18015    0.042622
  18     0.19007    0.046283
  19     0.20023    0.050159
  20     0.21013    0.054048
  21     0.22001    0.058057
  22     0.23003    0.062248
  23     0.24007    0.066566
  24     0.25005    0.070957
  25     0.26003    0.075467
  26     0.27005     0.08012
  27     0.28012    0.084919
  28     0.29003    0.089743
  29     0.30004    0.094739
  30     0.31001    0.099831
  31     0.32003     0.10507
  32     0.33017     0.11051
  33     0.34001     0.11591
  34     0.35004     0.12153
  35     0.36011     0.12733
  36     0.37006     0.13314
  37     0.38008     0.13913
  38     0.39015     0.14526
  39     0.40011     0.15145
  40     0.41006     0.15775
  41     0.42021     0.16431
  42     0.43018     0.17086
  43     0.44002     0.17746
  44     0.45005     0.18431
  45     0.46007     0.19126
  46     0.47008     0.19836
  47     0.48002     0.20553
  48     0.49005     0.21289
  49      0.5001     0.22042
  50     0.51002     0.22798
  51        0.52     0.23574
  52     0.53001     0.24368
  53     0.54003      0.2518
  54     0.55015     0.26018
  55     0.56003     0.26851
  56     0.57002     0.27708
  57     0.58003     0.28583
  58     0.59002     0.29471
  59     0.60006     0.30377
  60     0.61003     0.31295
  61     0.62003     0.32234
  62     0.63001     0.33188
  63      0.6405      0.3421
  64     0.65004     0.35159
  65     0.66009     0.36176
  66     0.67002     0.37204
  67     0.68007     0.38263
  68     0.69019     0.39358
  69     0.70001     0.40443
  70     0.71002      0.4157
  71     0.72009     0.42724
  72     0.73014     0.43895
  73     0.74006     0.45073
  74     0.75009      0.4629
  75     0.76004     0.47523
  76     0.77004     0.48791
  77     0.78019     0.50105
  78     0.79008     0.51412
  79     0.80001     0.52757
  80     0.81002      0.5415
  81      0.8201     0.55595
  82     0.83003     0.57059
  83     0.84005     0.58581
  84     0.85012     0.60151
  85     0.86003      0.6174
  86     0.87006     0.63405
  87        0.88     0.65105
  88     0.89018     0.66898
  89     0.90004     0.68702
  90     0.91016     0.70641
  91      0.9201     0.72644
  92     0.93008     0.74773
  93     0.94002        0.77
  94     0.95002     0.79404
  95      0.9601     0.82031
  96        0.97     0.84897
  97     0.98011     0.88197
  98     0.99001     0.92164
  99           1           1
-----------------------------------------

----------------- PPP$ and local currency --------------
         PPP used in computation: 0.841907
     Data mean in local currency: 53.1994
               Data mean in PPP$: 160.479
        Poverty line in PPP$/Day: 1.9
      Poverty line in PPP$/Month: 57.7917
  Poverty line in local currency: 19.1581
-------------------------------------------------------

----------------- Estimation result --------------
     Number of observation: 10787
          Total population: 4.04662E+06
              Total wealth: 2.55702E+08(PPP$)
                   Minimum: 0.313548(PPP$)
                   Maximum: 2124.12(PPP$)
             Headcount(HC): 0.176174
          Poverty gap (PG): 0.0618228
       Poverty gap squared: 0.0320217
                      Gini: 0.419466
                    Median: 121.182
                       MLD: 0.323287
                      Watt: 0.0969378
--------------------------------------------------

-------------------------------- Income or Consumption share by deciles (%) -------------------------------------
     1.7299     3.2772     4.4648     5.6663     6.8959     8.3377      10.07     12.313      15.94     31.305
-----------------------------------------------------------------------------------------------------------------


