

**********************************************************************************************
**                                   Basic Information                                      **
**********************************************************************************************

----------------- Dataset Information -----------------
                         Country: Georgia
                    Country dode: GEO
                       Data Year: 2012
                        Coverage: National
             Welfare measurement: Consumption
                     Data format: Unit record
                     Data source: GEO_N2012X
                  Data time span: UnDefined
-------------------------------------------------------


----------- Distribution ------------
   i           P           L 
-------------------------------------
   0    0.010044  0.00068227
   1    0.020094   0.0018823
   2    0.030078   0.0033763
   3    0.040113   0.0051228
   4    0.050013   0.0070189
   5    0.060029   0.0091105
   6    0.070065    0.011372
   7    0.080002    0.013775
   8    0.090067    0.016333
   9     0.10007    0.019031
  10     0.11003    0.021854
  11     0.12007    0.024833
  12     0.13025    0.027979
  13     0.14005    0.031117
  14     0.15007    0.034454
  15     0.16005    0.037903
  16     0.17006    0.041464
  17     0.18004    0.045123
  18     0.19002    0.048912
  19     0.20008    0.052844
  20     0.21021    0.056924
  21     0.22005    0.060992
  22     0.23001    0.065205
  23     0.24005    0.069564
  24     0.25006    0.074034
  25     0.26015    0.078658
  26     0.27014    0.083355
  27     0.28002    0.088126
  28     0.29004    0.093079
  29     0.30001    0.098103
  30     0.31004     0.10328
  31     0.32007     0.10859
  32     0.33001     0.11397
  33     0.34016     0.11958
  34     0.35008     0.12517
  35     0.36003     0.13088
  36     0.37004     0.13674
  37     0.38012     0.14276
  38     0.39007     0.14882
  39     0.40006     0.15501
  40     0.41008     0.16135
  41     0.42006     0.16779
  42     0.43003     0.17434
  43     0.44001     0.18101
  44     0.45008     0.18788
  45     0.46005     0.19482
  46     0.47011     0.20195
  47     0.48007     0.20913
  48     0.49007     0.21648
  49     0.50013     0.22402
  50     0.51001     0.23155
  51     0.52007     0.23939
  52     0.53009     0.24733
  53      0.5401     0.25539
  54      0.5501     0.26359
  55     0.56001     0.27185
  56     0.57009     0.28042
  57     0.58008     0.28906
  58     0.59012     0.29792
  59     0.60024     0.30702
  60     0.61001     0.31594
  61     0.62007      0.3253
  62     0.63008     0.33477
  63     0.64023     0.34456
  64     0.65017     0.35432
  65     0.66003     0.36417
  66     0.67004     0.37438
  67     0.68004      0.3848
  68     0.69003     0.39542
  69     0.70004     0.40632
  70        0.71     0.41737
  71     0.72016     0.42883
  72     0.73004     0.44025
  73     0.74009     0.45217
  74     0.75006     0.46428
  75     0.76006     0.47669
  76     0.77007     0.48938
  77      0.7801     0.50241
  78     0.79002     0.51563
  79     0.80002     0.52926
  80     0.81011     0.54341
  81        0.82     0.55765
  82     0.83004     0.57248
  83     0.84004      0.5877
  84     0.85007     0.60352
  85        0.86     0.61975
  86     0.87005     0.63675
  87     0.88011     0.65429
  88     0.89003     0.67227
  89     0.90024     0.69153
  90        0.91     0.71069
  91        0.92     0.73125
  92     0.93002     0.75307
  93     0.94015     0.77647
  94     0.95009     0.80098
  95     0.96002     0.82753
  96     0.97006     0.85688
  97     0.98007     0.89028
  98     0.99014     0.93149
  99           1           1
-----------------------------------------

----------------- PPP$ and local currency --------------
         PPP used in computation: 0.841907
     Data mean in local currency: 139.471
               Data mean in PPP$: 167.238
        Poverty line in PPP$/Day: 1.9
      Poverty line in PPP$/Month: 57.7917
  Poverty line in local currency: 48.1961
-------------------------------------------------------

----------------- Estimation result --------------
     Number of observation: 11274
          Total population: 3.70295E+06
              Total wealth: 6.13432E+08(PPP$)
                   Minimum: 1.4095(PPP$)
                   Maximum: 4341.04(PPP$)
             Headcount(HC): 0.154944
          Poverty gap (PG): 0.0504072
       Poverty gap squared: 0.024086
                      Gini: 0.413476
                    Median: 126.427
                       MLD: 0.303199
                      Watt: 0.0732999
--------------------------------------------------

-------------------------------- Income or Consumption share by deciles (%) -------------------------------------
     1.9014     3.3799     4.5287     5.6876     6.8941     8.2887     9.9471     12.296     16.185     30.892
-----------------------------------------------------------------------------------------------------------------


