

**********************************************************************************************
**                                   Basic Information                                      **
**********************************************************************************************

----------------- Dataset Information -----------------
                         Country: Georgia
                    Country dode: GEO
                       Data Year: 2006
                        Coverage: National
             Welfare measurement: Consumption
                     Data format: Unit record
                     Data source: GEO_N2006X
                  Data time span: UnDefined
-------------------------------------------------------


----------- Distribution ------------
   i           P           L 
-------------------------------------
   0    0.010001  0.00073628
   1        0.02   0.0019864
   2    0.030028   0.0036099
   3    0.040143   0.0055198
   4    0.050114   0.0076179
   5    0.060054   0.0099307
   6    0.070102    0.012457
   7    0.080072    0.015113
   8    0.090003    0.017918
   9     0.10008    0.020909
  10     0.11007    0.024017
  11     0.12012    0.027303
  12     0.13019    0.030721
  13     0.14005    0.034194
  14     0.15008    0.037851
  15     0.16019    0.041673
  16     0.17023    0.045623
  17     0.18027    0.049685
  18     0.19004     0.05374
  19     0.20002    0.057976
  20     0.21014    0.062377
  21     0.22001    0.066779
  22     0.23007    0.071366
  23     0.24002    0.076015
  24     0.25005    0.080805
  25      0.2601    0.085703
  26     0.27017    0.090718
  27     0.28001    0.095726
  28     0.29005     0.10094
  29     0.30004     0.10622
  30     0.31003     0.11162
  31     0.32001     0.11714
  32     0.33008     0.12282
  33     0.34001     0.12853
  34     0.35004     0.13441
  35     0.36004     0.14038
  36     0.37006     0.14648
  37        0.38     0.15262
  38     0.39028      0.1591
  39     0.40009     0.16538
  40     0.41003     0.17186
  41      0.4202     0.17861
  42     0.43015     0.18533
  43     0.44007     0.19213
  44     0.45005     0.19908
  45     0.46007      0.2062
  46     0.47016      0.2135
  47     0.48008      0.2208
  48     0.49005     0.22826
  49     0.50004     0.23587
  50        0.51     0.24359
  51     0.52011     0.25152
  52     0.53001     0.25942
  53     0.54006     0.26759
  54      0.5501     0.27588
  55     0.56013     0.28428
  56     0.57008     0.29276
  57     0.58004     0.30139
  58     0.59006     0.31022
  59     0.60002     0.31914
  60     0.61003     0.32826
  61     0.62017     0.33766
  62     0.63016     0.34709
  63     0.64001     0.35654
  64     0.65014     0.36645
  65     0.66015     0.37645
  66     0.67017     0.38664
  67     0.68004     0.39687
  68     0.69005     0.40745
  69     0.70009     0.41828
  70     0.71016     0.42934
  71     0.72003     0.44039
  72     0.73015     0.45191
  73     0.74008     0.46344
  74        0.75     0.47526
  75     0.76001     0.48749
  76     0.77012     0.50011
  77     0.78001     0.51274
  78     0.79003     0.52585
  79     0.80003     0.53932
  80     0.81001     0.55313
  81     0.82013     0.56751
  82     0.83001     0.58194
  83     0.84001      0.5969
  84        0.85     0.61233
  85     0.86003     0.62831
  86     0.87004     0.64485
  87     0.88004     0.66204
  88     0.89003     0.67996
  89     0.90001     0.69865
  90     0.91004     0.71829
  91     0.92002     0.73879
  92        0.93     0.76041
  93     0.94001     0.78327
  94     0.95004     0.80767
  95     0.96012     0.83409
  96     0.97004     0.86275
  97     0.98006     0.89603
  98     0.99007     0.93631
  99           1           1
-----------------------------------------

----------------- PPP$ and local currency --------------
         PPP used in computation: 0.841907
     Data mean in local currency: 96.0825
               Data mean in PPP$: 162.199
        Poverty line in PPP$/Day: 1.9
      Poverty line in PPP$/Month: 57.7917
  Poverty line in local currency: 34.2343
-------------------------------------------------------

----------------- Estimation result --------------
     Number of observation: 10928
          Total population: 3.77405E+06
              Total wealth: 4.30713E+08(PPP$)
                   Minimum: 1.51002(PPP$)
                   Maximum: 2822.22(PPP$)
             Headcount(HC): 0.139239
          Poverty gap (PG): 0.0440848
       Poverty gap squared: 0.02115
                      Gini: 0.397067
                    Median: 124.649
                       MLD: 0.27677
                      Watt: 0.0643095
--------------------------------------------------

-------------------------------- Income or Consumption share by deciles (%) -------------------------------------
     2.0884     3.7085      4.823     5.9126     7.0517     8.3279     9.9067     12.109     15.936     30.137
-----------------------------------------------------------------------------------------------------------------


