

**********************************************************************************************
**                                   Basic Information                                      **
**********************************************************************************************

----------------- Dataset Information -----------------
                         Country: Georgia
                    Country dode: GEO
                       Data Year: 2010
                        Coverage: National
             Welfare measurement: Consumption
                     Data format: Unit record
                     Data source: GEO_N2010X
                  Data time span: UnDefined
-------------------------------------------------------


----------- Distribution ------------
   i           P           L 
-------------------------------------
   0    0.010101  0.00067193
   1    0.020191   0.0018309
   2    0.030046   0.0032462
   3    0.040142   0.0049277
   4    0.050146   0.0067788
   5    0.060058   0.0087906
   6    0.070083    0.011011
   7    0.080074    0.013373
   8    0.090324    0.015916
   9     0.10031    0.018509
  10     0.11009    0.021155
  11     0.12014    0.023992
  12     0.13001    0.026877
  13     0.14001    0.029901
  14     0.15001    0.033036
  15     0.16006     0.03631
  16     0.17031    0.039763
  17     0.18004    0.043149
  18     0.19014    0.046757
  19     0.20016    0.050459
  20     0.21003    0.054234
  21     0.22015    0.058222
  22     0.23007    0.062243
  23     0.24016    0.066473
  24     0.25005    0.070734
  25     0.26014    0.075232
  26     0.27013    0.079803
  27     0.28006    0.084462
  28      0.2902    0.089338
  29     0.30002    0.094157
  30     0.31013    0.099231
  31     0.32014     0.10437
  32      0.3301     0.10961
  33     0.34004     0.11498
  34     0.35003     0.12046
  35     0.36005     0.12608
  36     0.37005     0.13182
  37     0.38003     0.13769
  38     0.39007     0.14373
  39     0.40004     0.14987
  40     0.41012      0.1562
  41     0.42017     0.16264
  42     0.43015     0.16915
  43     0.44008     0.17576
  44     0.45002     0.18249
  45     0.46003     0.18938
  46     0.47003      0.1964
  47     0.48008     0.20361
  48     0.49003     0.21088
  49     0.50009     0.21838
  50     0.51004     0.22594
  51     0.52002     0.23365
  52     0.53011     0.24159
  53     0.54004     0.24955
  54     0.55006     0.25771
  55     0.56008       0.266
  56        0.57     0.27435
  57     0.58003     0.28294
  58     0.59014     0.29177
  59     0.60001     0.30056
  60     0.61001     0.30963
  61     0.62005      0.3189
  62        0.63     0.32826
  63     0.64008     0.33794
  64     0.65003     0.34772
  65     0.66002     0.35776
  66     0.67002     0.36801
  67     0.68006     0.37851
  68     0.69004     0.38917
  69     0.70016     0.40023
  70     0.71011     0.41137
  71     0.72008      0.4228
  72     0.73015     0.43462
  73      0.7401     0.44653
  74     0.75004     0.45865
  75        0.76      0.4711
  76     0.77003     0.48394
  77     0.78012     0.49717
  78     0.79005     0.51048
  79     0.80012     0.52432
  80     0.81001     0.53824
  81     0.82005     0.55281
  82     0.83001     0.56769
  83     0.84011     0.58328
  84     0.85006     0.59914
  85     0.86016     0.61578
  86     0.87003     0.63258
  87     0.88002      0.6502
  88     0.89011     0.66865
  89     0.90003      0.6875
  90     0.91004     0.70742
  91     0.92005     0.72822
  92     0.93006     0.75008
  93     0.94011     0.77345
  94     0.95003     0.79811
  95     0.96009      0.8254
  96     0.97001     0.85513
  97     0.98007     0.88991
  98     0.99002     0.93256
  99           1           1
-----------------------------------------

----------------- PPP$ and local currency --------------
         PPP used in computation: 0.841907
     Data mean in local currency: 120.907
               Data mean in PPP$: 155.88
        Poverty line in PPP$/Day: 1.9
      Poverty line in PPP$/Month: 57.7917
  Poverty line in local currency: 44.8256
-------------------------------------------------------

----------------- Estimation result --------------
     Number of observation: 10926
          Total population: 3.61264E+06
              Total wealth: 5.18814E+08(PPP$)
                   Minimum: 1.22721(PPP$)
                   Maximum: 2462.74(PPP$)
             Headcount(HC): 0.195814
          Poverty gap (PG): 0.0641004
       Poverty gap squared: 0.0305197
                      Gini: 0.421273
                    Median: 117.242
                       MLD: 0.315496
                      Watt: 0.0930446
--------------------------------------------------

-------------------------------- Income or Consumption share by deciles (%) -------------------------------------
     1.8427     3.1973     4.3746     5.5697     6.8473     8.2233     9.9498      12.41      16.33     31.255
-----------------------------------------------------------------------------------------------------------------


