

**********************************************************************************************
**                                   Basic Information                                      **
**********************************************************************************************

----------------- Dataset Information -----------------
                         Country: Georgia
                    Country dode: GEO
                       Data Year: 2014
                        Coverage: National
             Welfare measurement: Consumption
                     Data format: Unit record
                     Data source: GEO_N2014X
                  Data time span: UnDefined
-------------------------------------------------------


----------- Distribution ------------
   i           P           L 
-------------------------------------
   0    0.010098   0.0009602
   1    0.020002   0.0022972
   2    0.030043   0.0039328
   3    0.040109   0.0058137
   4    0.050209   0.0078822
   5     0.06008    0.010077
   6    0.070015    0.012449
   7    0.080085    0.015014
   8    0.090134    0.017735
   9     0.10006    0.020563
  10        0.11     0.02354
  11     0.12004    0.026689
  12     0.13004    0.029943
  13     0.14002    0.033285
  14     0.15011    0.036796
  15     0.16007    0.040391
  16      0.1701    0.044125
  17     0.18001     0.04792
  18     0.19005    0.051873
  19     0.20006    0.055922
  20     0.21005    0.060067
  21     0.22007    0.064331
  22     0.23009    0.068713
  23     0.24008    0.073203
  24     0.25008    0.077825
  25     0.26004    0.082546
  26      0.2701    0.087431
  27     0.28017    0.092451
  28     0.29014    0.097538
  29     0.30003     0.10269
  30     0.31034     0.10817
  31      0.3202      0.1135
  32     0.33016       0.119
  33     0.34005     0.12458
  34     0.35006     0.13034
  35     0.36032     0.13638
  36     0.37003     0.14218
  37     0.38016     0.14836
  38     0.39006     0.15451
  39     0.40004     0.16082
  40        0.41     0.16725
  41     0.42004     0.17382
  42     0.43003     0.18047
  43     0.44015     0.18735
  44     0.45002     0.19419
  45     0.46016     0.20134
  46     0.47013     0.20845
  47     0.48003     0.21564
  48     0.49003     0.22304
  49     0.50003     0.23059
  50     0.51011     0.23835
  51     0.52008     0.24615
  52     0.53006     0.25412
  53     0.54018     0.26234
  54        0.55     0.27046
  55     0.56002     0.27892
  56     0.57004     0.28755
  57     0.58009     0.29638
  58     0.59006     0.30529
  59     0.60008     0.31439
  60     0.61001     0.32357
  61     0.62003     0.33298
  62     0.63001     0.34256
  63     0.64031     0.35265
  64     0.65007     0.36237
  65     0.66005     0.37247
  66     0.67006     0.38281
  67     0.68001     0.39331
  68     0.69011     0.40419
  69     0.70012     0.41521
  70     0.71007     0.42641
  71     0.72001     0.43785
  72     0.73014     0.44972
  73     0.74017     0.46171
  74        0.75     0.47372
  75     0.76003     0.48624
  76        0.77     0.49905
  77     0.78003     0.51224
  78     0.79001     0.52571
  79     0.80033     0.53995
  80     0.81046      0.5543
  81     0.82012     0.56834
  82     0.83002     0.58319
  83     0.84005     0.59867
  84        0.85     0.61446
  85     0.86002     0.63085
  86     0.87023     0.64804
  87     0.88009     0.66513
  88     0.89015     0.68326
  89     0.90006     0.70183
  90        0.91     0.72126
  91     0.92007      0.7418
  92     0.93013      0.7634
  93     0.94001      0.7859
  94     0.95016     0.81063
  95     0.96004     0.83668
  96     0.97003     0.86568
  97     0.98003     0.89826
  98     0.99006     0.93681
  99           1           1
-----------------------------------------

----------------- PPP$ and local currency --------------
         PPP used in computation: 0.841907
     Data mean in local currency: 171.088
               Data mean in PPP$: 200.067
        Poverty line in PPP$/Day: 1.9
      Poverty line in PPP$/Month: 57.7917
  Poverty line in local currency: 49.4208
-------------------------------------------------------

----------------- Estimation result --------------
     Number of observation: 11160
          Total population: 3.66652E+06
              Total wealth: 7.45091E+08(PPP$)
                   Minimum: 7.46489(PPP$)
                   Maximum: 8097.26(PPP$)
             Headcount(HC): 0.0976708
          Poverty gap (PG): 0.0288786
       Poverty gap squared: 0.012452
                      Gini: 0.400934
                    Median: 152.615
                       MLD: 0.280417
                      Watt: 0.0391673
--------------------------------------------------

-------------------------------- Income or Consumption share by deciles (%) -------------------------------------
     2.0547      3.535     4.6779     5.8124     6.9765     8.3749     10.077     12.441     16.223     29.828
-----------------------------------------------------------------------------------------------------------------


