

**********************************************************************************************
**                                   Basic Information                                      **
**********************************************************************************************

----------------- Dataset Information -----------------
                         Country: Georgia
                    Country dode: GEO
                       Data Year: 2009
                        Coverage: National
             Welfare measurement: Consumption
                     Data format: Unit record
                     Data source: GEO_N2009X
                  Data time span: UnDefined
-------------------------------------------------------


----------- Distribution ------------
   i           P           L 
-------------------------------------
   0    0.010002  0.00060609
   1     0.02003   0.0017582
   2    0.030161   0.0032472
   3    0.040182   0.0049228
   4    0.050141   0.0068089
   5    0.060025   0.0088743
   6    0.070041    0.011134
   7    0.080241    0.013608
   8    0.090031    0.016143
   9         0.1    0.018874
  10     0.11004    0.021769
  11     0.12003    0.024782
  12     0.13004    0.027933
  13     0.14008    0.031236
  14     0.15021    0.034687
  15        0.16     0.03814
  16     0.17009    0.041818
  17     0.18003    0.045549
  18     0.19002    0.049418
  19     0.20005    0.053428
  20     0.21007    0.057554
  21        0.22     0.06178
  22     0.23009    0.066184
  23     0.24006    0.070644
  24     0.25017    0.075282
  25     0.26012    0.079972
  26     0.27007    0.084746
  27     0.28005     0.08965
  28     0.29005    0.094653
  29     0.30007    0.099772
  30     0.31002     0.10496
  31     0.32001     0.11028
  32     0.33009     0.11573
  33        0.34      0.1212
  34     0.35006     0.12684
  35     0.36002     0.13252
  36     0.37001     0.13834
  37        0.38     0.14426
  38     0.39002     0.15029
  39     0.40006     0.15645
  40     0.41012      0.1627
  41     0.42036     0.16917
  42     0.43006      0.1754
  43     0.44012     0.18196
  44     0.45001     0.18851
  45     0.46001     0.19525
  46      0.4702     0.20222
  47     0.48013     0.20915
  48     0.49004     0.21622
  49     0.50003     0.22344
  50     0.51006     0.23083
  51     0.52001     0.23827
  52     0.53004     0.24591
  53     0.54005     0.25366
  54     0.55001     0.26155
  55     0.56008     0.26967
  56     0.57006     0.27789
  57     0.58005     0.28625
  58     0.59011     0.29483
  59     0.60008     0.30351
  60     0.61007     0.31241
  61     0.62004     0.32154
  62     0.63001     0.33083
  63     0.64003     0.34034
  64     0.65004     0.35005
  65     0.66031     0.36025
  66     0.67004     0.37011
  67     0.68005     0.38045
  68     0.69002     0.39095
  69     0.70006     0.40176
  70     0.71008     0.41273
  71     0.72001     0.42384
  72     0.73009     0.43532
  73     0.74005     0.44694
  74     0.75003     0.45885
  75     0.76009     0.47119
  76     0.77004      0.4837
  77     0.78016     0.49671
  78     0.79009     0.50981
  79     0.80001     0.52331
  80     0.81007     0.53739
  81        0.82     0.55174
  82     0.83001     0.56658
  83        0.84     0.58185
  84     0.85012     0.59785
  85     0.86005     0.61399
  86     0.87007     0.63081
  87     0.88013      0.6483
  88     0.89006     0.66617
  89     0.90006     0.68496
  90     0.91004      0.7045
  91     0.92021     0.72536
  92     0.93002     0.74656
  93     0.94003     0.76952
  94     0.95003     0.79388
  95     0.96018       0.821
  96     0.97001     0.85029
  97     0.98015     0.88561
  98     0.99017     0.92762
  99           1           1
-----------------------------------------

----------------- PPP$ and local currency --------------
         PPP used in computation: 0.841907
     Data mean in local currency: 119.085
               Data mean in PPP$: 164.449
        Poverty line in PPP$/Day: 1.9
      Poverty line in PPP$/Month: 57.7917
  Poverty line in local currency: 41.8497
-------------------------------------------------------

----------------- Estimation result --------------
     Number of observation: 11122
          Total population: 3.66157E+06
              Total wealth: 5.17917E+08(PPP$)
                   Minimum: 1.20074(PPP$)
                   Maximum: 4079.2(PPP$)
             Headcount(HC): 0.153979
          Poverty gap (PG): 0.0515314
       Poverty gap squared: 0.025512
                      Gini: 0.417433
                    Median: 120.184
                       MLD: 0.309323
                      Watt: 0.0770607
--------------------------------------------------

-------------------------------- Income or Consumption share by deciles (%) -------------------------------------
     1.8873     3.4533      4.633     5.6671     6.7016     8.0016     9.8256     12.159     16.155     31.516
-----------------------------------------------------------------------------------------------------------------


