

**********************************************************************************************
**                                   Basic Information                                      **
**********************************************************************************************

----------------- Dataset Information -----------------
                         Country: Georgia
                    Country dode: GEO
                       Data Year: 1999
                        Coverage: National
             Welfare measurement: Consumption
                     Data format: Unit record
                     Data source: GEO_N1999X
                  Data time span: UnDefined
-------------------------------------------------------


----------- Distribution ------------
   i           P           L 
-------------------------------------
   0    0.010058    0.000399
   1    0.020028   0.0014077
   2    0.030024   0.0028108
   3    0.040148   0.0045099
   4    0.050016   0.0063859
   5    0.060009   0.0085094
   6    0.070031    0.010813
   7    0.080062    0.013274
   8    0.090122    0.015937
   9     0.10009    0.018739
  10     0.11003    0.021688
  11      0.1201    0.024803
  12     0.13006    0.028023
  13     0.14001    0.031349
  14     0.15017    0.034872
  15     0.16002    0.038423
  16     0.17001    0.042135
  17     0.18004    0.045958
  18     0.19004    0.049903
  19     0.20008    0.053997
  20     0.21004    0.058167
  21     0.22001    0.062442
  22     0.23003    0.066864
  23     0.24007    0.071421
  24     0.25004    0.076067
  25     0.26005    0.080853
  26     0.27002    0.085729
  27     0.28002     0.09077
  28     0.29009    0.095967
  29     0.30007     0.10124
  30     0.31004     0.10663
  31     0.32014     0.11219
  32     0.33004     0.11776
  33      0.3402      0.1236
  34     0.35011     0.12942
  35     0.36006     0.13536
  36     0.37016     0.14152
  37     0.38005     0.14765
  38     0.39027     0.15412
  39     0.40011     0.16044
  40      0.4101     0.16699
  41     0.42005     0.17364
  42     0.43001     0.18042
  43     0.44005     0.18738
  44     0.45011     0.19447
  45        0.46     0.20156
  46     0.47021       0.209
  47     0.48009     0.21631
  48     0.49003     0.22381
  49     0.50006     0.23149
  50     0.51007     0.23931
  51     0.52082     0.24786
  52     0.53007     0.25535
  53     0.54004     0.26353
  54     0.55003     0.27187
  55     0.56001     0.28036
  56     0.57008     0.28911
  57     0.58004     0.29791
  58     0.59012     0.30694
  59     0.60003     0.31598
  60     0.61008     0.32531
  61     0.62005     0.33477
  62     0.63001      0.3444
  63     0.64004     0.35428
  64     0.65007     0.36435
  65        0.66     0.37451
  66     0.67014     0.38507
  67     0.68007     0.39559
  68     0.69008      0.4064
  69     0.70007     0.41736
  70     0.71002     0.42848
  71     0.72006     0.43989
  72     0.73002     0.45144
  73     0.74001     0.46331
  74     0.75002      0.4755
  75     0.76005     0.48801
  76     0.77001     0.50076
  77     0.78011     0.51402
  78     0.79005     0.52736
  79     0.80003     0.54109
  80        0.81     0.55514
  81     0.82004     0.56964
  82     0.83001     0.58442
  83     0.84011     0.59973
  84     0.85003     0.61519
  85     0.86001     0.63123
  86     0.87004     0.64782
  87     0.88022     0.66515
  88        0.89     0.68247
  89     0.90003     0.70097
  90     0.91002     0.72013
  91     0.92003     0.74019
  92     0.93005     0.76122
  93     0.94003     0.78343
  94        0.95     0.80713
  95     0.96002     0.83266
  96     0.97001     0.86061
  97     0.98001     0.89302
  98     0.99002     0.93312
  99           1           1
-----------------------------------------

----------------- PPP$ and local currency --------------
         PPP used in computation: 0.841907
     Data mean in local currency: 57.1499
               Data mean in PPP$: 139.656
        Poverty line in PPP$/Day: 1.9
      Poverty line in PPP$/Month: 57.7917
  Poverty line in local currency: 23.6495
-------------------------------------------------------

----------------- Estimation result --------------
     Number of observation: 11272
          Total population: 3.99228E+06
              Total wealth: 2.71002E+08(PPP$)
                   Minimum: 0.656302(PPP$)
                   Maximum: 1869.96(PPP$)
             Headcount(HC): 0.19903
          Poverty gap (PG): 0.0695955
       Poverty gap squared: 0.0360436
                      Gini: 0.401498
                    Median: 108.165
                       MLD: 0.295676
                      Watt: 0.109986
--------------------------------------------------

-------------------------------- Income or Consumption share by deciles (%) -------------------------------------
     1.8714      3.525     4.7236     5.9168     7.1078     8.4501     10.134     12.376     15.986     29.909
-----------------------------------------------------------------------------------------------------------------


