

**********************************************************************************************
**                                   Basic Information                                      **
**********************************************************************************************

----------------- Dataset Information -----------------
                         Country: Georgia
                    Country dode: GEO
                       Data Year: 2002
                        Coverage: National
             Welfare measurement: Consumption
                     Data format: Unit record
                     Data source: GEO_N2002X
                  Data time span: UnDefined
-------------------------------------------------------


----------- Distribution ------------
   i           P           L 
-------------------------------------
   0    0.010108  0.00069357
   1    0.020034   0.0019495
   2     0.03006   0.0035279
   3    0.040093   0.0053623
   4    0.050161   0.0074374
   5    0.060133   0.0097075
   6     0.07006    0.012142
   7    0.080029    0.014769
   8    0.090177    0.017617
   9      0.1001    0.020547
  10        0.11    0.023598
  11     0.12011    0.026865
  12     0.13002    0.030205
  13     0.14007    0.033721
  14     0.15024    0.037416
  15     0.16009    0.041121
  16     0.17001    0.044977
  17     0.18003    0.048988
  18      0.1901    0.053132
  19     0.20006    0.057341
  20     0.21002    0.061656
  21     0.22006     0.06614
  22     0.23004     0.07072
  23        0.24    0.075394
  24      0.2501    0.080213
  25     0.26001    0.085053
  26     0.27005    0.090046
  27     0.28002    0.095118
  28     0.29008     0.10036
  29     0.30011     0.10568
  30     0.31004     0.11105
  31     0.32004     0.11657
  32     0.33011     0.12225
  33     0.34006     0.12797
  34     0.35017     0.13389
  35      0.3601      0.1398
  36     0.37006     0.14584
  37     0.38006     0.15201
  38     0.39003     0.15827
  39     0.40004     0.16466
  40     0.41007     0.17118
  41     0.42005     0.17777
  42     0.43004      0.1845
  43     0.44003     0.19136
  44     0.45001     0.19833
  45     0.46004     0.20547
  46     0.47008     0.21273
  47     0.48006      0.2201
  48     0.49012     0.22766
  49     0.50015     0.23535
  50      0.5101     0.24312
  51     0.52001     0.25098
  52     0.53001     0.25904
  53     0.54011     0.26732
  54     0.55014     0.27569
  55     0.56002     0.28406
  56     0.57004      0.2927
  57        0.58      0.3014
  58     0.59002     0.31031
  59     0.60002     0.31936
  60     0.61004     0.32862
  61     0.62017     0.33813
  62     0.63002     0.34753
  63     0.64004     0.35727
  64     0.65005     0.36718
  65     0.66001     0.37722
  66     0.67002     0.38752
  67        0.68     0.39798
  68     0.69019     0.40883
  69     0.70009     0.41965
  70     0.71003     0.43069
  71     0.72002       0.442
  72     0.73004      0.4536
  73     0.74006     0.46544
  74     0.75003     0.47747
  75     0.76004     0.48976
  76        0.77     0.50224
  77     0.78004     0.51512
  78     0.79005     0.52825
  79     0.80007     0.54176
  80      0.8102     0.55589
  81        0.82     0.56989
  82        0.83     0.58447
  83        0.84     0.59947
  84     0.85007     0.61508
  85     0.86001       0.631
  86     0.87002     0.64754
  87     0.88005     0.66477
  88     0.89009     0.68278
  89      0.9002      0.7016
  90     0.91006     0.72072
  91     0.92002     0.74085
  92     0.93006     0.76227
  93     0.94008     0.78504
  94     0.95012      0.8096
  95     0.96003     0.83565
  96     0.97011      0.8645
  97     0.98005      0.8965
  98     0.99028     0.93631
  99           1           1
-----------------------------------------

----------------- PPP$ and local currency --------------
         PPP used in computation: 0.841907
     Data mean in local currency: 69.2403
               Data mean in PPP$: 147.152
        Poverty line in PPP$/Day: 1.9
      Poverty line in PPP$/Month: 57.7917
  Poverty line in local currency: 27.1931
-------------------------------------------------------

----------------- Estimation result --------------
     Number of observation: 10654
          Total population: 3.98925E+06
              Total wealth: 3.28084E+08(PPP$)
                   Minimum: 0.766084(PPP$)
                   Maximum: 2469.22(PPP$)
             Headcount(HC): 0.168713
          Poverty gap (PG): 0.0554882
       Poverty gap squared: 0.0271143
                      Gini: 0.396283
                    Median: 113.623
                       MLD: 0.278002
                      Watt: 0.0821706
--------------------------------------------------

-------------------------------- Income or Consumption share by deciles (%) -------------------------------------
     2.0517       3.68     4.8308     5.9014     7.0597     8.4111      10.02     12.213     15.956     29.877
-----------------------------------------------------------------------------------------------------------------


