

**********************************************************************************************
**                                   Basic Information                                      **
**********************************************************************************************

----------------- Dataset Information -----------------
                         Country: Georgia
                    Country dode: GEO
                       Data Year: 2000
                        Coverage: National
             Welfare measurement: Consumption
                     Data format: Unit record
                     Data source: GEO_N2000X
                  Data time span: UnDefined
-------------------------------------------------------


----------- Distribution ------------
   i           P           L 
-------------------------------------
   0    0.010019  0.00041353
   1    0.020045   0.0012821
   2    0.030106   0.0025088
   3    0.040784   0.0041652
   4    0.050053   0.0058483
   5     0.06012   0.0078985
   6    0.070055    0.010121
   7    0.080023     0.01256
   8    0.090053    0.015193
   9     0.10004    0.017989
  10     0.11003    0.020917
  11     0.12003     0.02401
  12     0.13013    0.027292
  13     0.14008     0.03066
  14     0.15012     0.03421
  15     0.16001     0.03784
  16     0.17013    0.041659
  17     0.18012    0.045559
  18     0.19008    0.049562
  19     0.20005    0.053688
  20     0.21006    0.057937
  21     0.22008    0.062287
  22     0.23004    0.066712
  23     0.24011     0.07132
  24     0.25003    0.076001
  25        0.26    0.080801
  26     0.27009    0.085772
  27     0.28014    0.090826
  28     0.29015     0.09598
  29     0.30006      0.1012
  30     0.31035     0.10675
  31     0.32022     0.11216
  32      0.3301     0.11768
  33     0.34008     0.12336
  34     0.35008     0.12916
  35     0.36006     0.13506
  36     0.37006     0.14109
  37     0.38002     0.14718
  38     0.39005     0.15343
  39     0.40004     0.15978
  40     0.41008     0.16626
  41     0.42002      0.1728
  42     0.43002      0.1795
  43     0.44011     0.18639
  44     0.45019     0.19339
  45     0.46003     0.20035
  46     0.47007     0.20758
  47     0.48015       0.215
  48     0.49001     0.22237
  49     0.50017     0.23011
  50     0.51015     0.23783
  51        0.52     0.24557
  52     0.53003     0.25359
  53     0.54009     0.26179
  54     0.55005     0.27009
  55     0.56005     0.27853
  56     0.57005     0.28711
  57     0.58011     0.29589
  58     0.59004     0.30476
  59     0.60006     0.31388
  60     0.61002     0.32311
  61        0.62     0.33253
  62     0.63003     0.34216
  63     0.64002     0.35194
  64     0.65001      0.3619
  65     0.66015     0.37219
  66     0.67007     0.38244
  67     0.68004     0.39292
  68     0.69005     0.40365
  69     0.70014     0.41469
  70     0.71001     0.42572
  71     0.72005     0.43719
  72     0.73004     0.44879
  73     0.74001     0.46061
  74     0.75005     0.47273
  75     0.76002     0.48509
  76     0.77018     0.49798
  77        0.78     0.51074
  78     0.79003     0.52405
  79     0.80002     0.53761
  80     0.81032     0.55195
  81     0.82007     0.56587
  82     0.83006      0.5805
  83     0.84003     0.59553
  84     0.85011     0.61121
  85     0.86004     0.62714
  86     0.87011     0.64375
  87     0.88008     0.66075
  88     0.89012     0.67851
  89     0.90007     0.69686
  90     0.91015     0.71632
  91     0.92006      0.7364
  92      0.9301     0.75786
  93     0.94004     0.78049
  94     0.95008     0.80475
  95     0.96007     0.83053
  96     0.97002     0.85902
  97     0.98003     0.89154
  98      0.9901      0.9314
  99           1           1
-----------------------------------------

----------------- PPP$ and local currency --------------
         PPP used in computation: 0.841907
     Data mean in local currency: 57.2938
               Data mean in PPP$: 134.54
        Poverty line in PPP$/Day: 1.9
      Poverty line in PPP$/Month: 57.7917
  Poverty line in local currency: 24.6106
-------------------------------------------------------

----------------- Estimation result --------------
     Number of observation: 10455
          Total population: 4.14622E+06
              Total wealth: 2.8216E+08(PPP$)
                   Minimum: 0.636927(PPP$)
                   Maximum: 2515.29(PPP$)
             Headcount(HC): 0.209878
          Poverty gap (PG): 0.0751848
       Poverty gap squared: 0.0405265
                      Gini: 0.404781
                    Median: 103.337
                       MLD: 0.301424
                      Watt: 0.120417
--------------------------------------------------

-------------------------------- Income or Consumption share by deciles (%) -------------------------------------
     1.7978     3.5687     4.7501     5.8586     7.0224     8.3848     10.071     12.304     15.915     30.327
-----------------------------------------------------------------------------------------------------------------


