

**********************************************************************************************
**                                   Basic Information                                      **
**********************************************************************************************

----------------- Dataset Information -----------------
                         Country: Georgia
                    Country dode: GEO
                       Data Year: 2008
                        Coverage: National
             Welfare measurement: Consumption
                     Data format: Unit record
                     Data source: GEO_N2008X
                  Data time span: UnDefined
-------------------------------------------------------


----------- Distribution ------------
   i           P           L 
-------------------------------------
   0    0.010025  0.00073408
   1    0.020257   0.0020003
   2    0.030014   0.0035093
   3    0.040008   0.0052975
   4    0.050064   0.0073136
   5     0.06007   0.0095054
   6    0.070061    0.011849
   7    0.080072    0.014368
   8    0.090068    0.017039
   9     0.10005    0.019838
  10      0.1101    0.022795
  11     0.12008    0.025847
  12     0.13004    0.029025
  13     0.14002    0.032334
  14     0.15009    0.035801
  15     0.16001    0.039337
  16     0.17004    0.043031
  17     0.18003    0.046824
  18     0.19009     0.05075
  19     0.20011    0.054765
  20     0.21008    0.058872
  21     0.22004     0.06311
  22     0.23003    0.067481
  23      0.2401    0.071996
  24     0.25017    0.076623
  25     0.26003    0.081266
  26     0.27006    0.086105
  27     0.28012    0.091061
  28     0.29003    0.096064
  29     0.30003     0.10122
  30     0.31006      0.1065
  31     0.32009     0.11191
  32     0.33019     0.11747
  33     0.34001     0.12298
  34     0.35008     0.12875
  35        0.36     0.13456
  36     0.37015     0.14061
  37     0.38002     0.14662
  38     0.39001     0.15281
  39      0.4001     0.15918
  40     0.41017     0.16565
  41     0.42001     0.17211
  42     0.43001     0.17881
  43     0.44021     0.18579
  44     0.45006     0.19266
  45     0.46004     0.19975
  46     0.47003     0.20694
  47     0.48008      0.2143
  48     0.49011     0.22177
  49     0.50007      0.2293
  50     0.51019     0.23708
  51      0.5201     0.24483
  52     0.53013     0.25281
  53     0.54006     0.26086
  54     0.55004     0.26911
  55     0.56011     0.27758
  56     0.57006     0.28608
  57      0.5801     0.29481
  58     0.59006     0.30363
  59     0.60012     0.31272
  60      0.6101     0.32192
  61     0.62024     0.33144
  62     0.63011     0.34085
  63     0.64001      0.3505
  64      0.6501     0.36049
  65     0.66005     0.37052
  66     0.67002     0.38077
  67     0.68007     0.39131
  68        0.69     0.40193
  69     0.70003     0.41287
  70     0.71002     0.42395
  71     0.72005     0.43532
  72     0.73005     0.44691
  73     0.74008     0.45875
  74     0.75003     0.47077
  75     0.76003     0.48313
  76     0.77025     0.49598
  77     0.78013     0.50868
  78     0.79008     0.52178
  79     0.80002     0.53526
  80     0.81006     0.54922
  81     0.82012     0.56357
  82     0.83014     0.57823
  83     0.84002     0.59309
  84     0.85001     0.60865
  85     0.86003     0.62474
  86     0.87001      0.6413
  87     0.88003     0.65853
  88     0.89001      0.6764
  89     0.90021     0.69545
  90      0.9101      0.7147
  91      0.9201     0.73509
  92     0.93007     0.75657
  93     0.94002     0.77923
  94     0.95002     0.80363
  95      0.9601     0.83032
  96     0.97001      0.8593
  97     0.98007      0.8927
  98     0.99002     0.93254
  99           1           1
-----------------------------------------

----------------- PPP$ and local currency --------------
         PPP used in computation: 0.841907
     Data mean in local currency: 115.57
               Data mean in PPP$: 162.352
        Poverty line in PPP$/Day: 1.9
      Poverty line in PPP$/Month: 57.7917
  Poverty line in local currency: 41.139
-------------------------------------------------------

----------------- Estimation result --------------
     Number of observation: 11057
          Total population: 3.66632E+06
              Total wealth: 5.03283E+08(PPP$)
                   Minimum: 1.20267(PPP$)
                   Maximum: 3409.37(PPP$)
             Headcount(HC): 0.154697
          Poverty gap (PG): 0.0495527
       Poverty gap squared: 0.0235215
                      Gini: 0.40573
                    Median: 123.811
                       MLD: 0.291287
                      Watt: 0.0720898
--------------------------------------------------

-------------------------------- Income or Consumption share by deciles (%) -------------------------------------
     1.9823     3.4898     4.6478     5.7919     7.0131     8.3357     10.023      12.24     15.982     30.495
-----------------------------------------------------------------------------------------------------------------


