

**********************************************************************************************
**                                   Basic Information                                      **
**********************************************************************************************

----------------- Dataset Information -----------------
                         Country: Georgia
                    Country dode: GEO
                       Data Year: 2001
                        Coverage: National
             Welfare measurement: Consumption
                     Data format: Unit record
                     Data source: GEO_N2001X
                  Data time span: UnDefined
-------------------------------------------------------


----------- Distribution ------------
   i           P           L 
-------------------------------------
   0     0.01005  0.00048316
   1      0.0202   0.0015401
   2    0.030102   0.0029694
   3    0.040103    0.004707
   4    0.050019   0.0066823
   5     0.06008   0.0089244
   6    0.070098    0.011404
   7     0.08003    0.014092
   8    0.090015     0.01698
   9     0.10002    0.020027
  10     0.11012    0.023258
  11        0.12    0.026555
  12     0.13008    0.030067
  13     0.14011    0.033697
  14     0.15035    0.037524
  15     0.16002    0.041261
  16     0.17002     0.04525
  17      0.1802    0.049442
  18     0.19012    0.053633
  19     0.20003    0.057929
  20     0.21006     0.06239
  21     0.22017    0.066985
  22     0.23008    0.071582
  23     0.24007    0.076326
  24     0.25006    0.081171
  25     0.26014     0.08617
  26     0.27001    0.091169
  27     0.28011    0.096397
  28     0.29011      0.1017
  29     0.30004     0.10706
  30     0.31004     0.11257
  31     0.32001     0.11816
  32     0.33005     0.12389
  33     0.34013     0.12974
  34     0.35003     0.13558
  35     0.36002     0.14157
  36     0.37007      0.1477
  37     0.38001     0.15388
  38     0.39003     0.16023
  39     0.40007     0.16667
  40     0.41016     0.17328
  41     0.42005     0.17987
  42     0.43007     0.18667
  43     0.44003     0.19353
  44      0.4501     0.20058
  45      0.4601     0.20772
  46     0.47006     0.21493
  47     0.48002     0.22225
  48     0.49006     0.22974
  49      0.5001     0.23737
  50     0.51014     0.24516
  51     0.52008     0.25297
  52      0.5301     0.26098
  53     0.54023     0.26921
  54     0.55004     0.27732
  55     0.56011     0.28575
  56     0.57001     0.29419
  57     0.58005     0.30286
  58     0.59018     0.31174
  59     0.60001     0.32049
  60        0.61     0.32956
  61      0.6202     0.33899
  62     0.63011     0.34835
  63     0.64009     0.35794
  64     0.65014     0.36778
  65        0.66     0.37765
  66     0.67004     0.38791
  67     0.68004     0.39834
  68     0.69004       0.409
  69         0.7     0.41986
  70     0.71001     0.43096
  71     0.72001     0.44229
  72     0.73002     0.45386
  73     0.74007     0.46572
  74      0.7501     0.47779
  75      0.7601     0.49005
  76     0.77006     0.50253
  77     0.78005     0.51528
  78        0.79     0.52833
  79     0.80005     0.54186
  80     0.81002     0.55563
  81     0.82001     0.56978
  82        0.83     0.58431
  83     0.84013     0.59945
  84     0.85005     0.61468
  85     0.86002     0.63052
  86      0.8701     0.64705
  87     0.88009     0.66397
  88     0.89004     0.68145
  89     0.90015     0.69986
  90     0.91018     0.71887
  91     0.92019      0.7389
  92     0.93007     0.75961
  93     0.94007      0.7819
  94     0.95006     0.80571
  95     0.96001     0.83131
  96     0.97007     0.85973
  97     0.98025     0.89225
  98     0.99001     0.92934
  99           1           1
-----------------------------------------

----------------- PPP$ and local currency --------------
         PPP used in computation: 0.841907
     Data mean in local currency: 57.3244
               Data mean in PPP$: 128.635
        Poverty line in PPP$/Day: 1.9
      Poverty line in PPP$/Month: 57.7917
  Poverty line in local currency: 25.7541
-------------------------------------------------------

----------------- Estimation result --------------
     Number of observation: 9848
          Total population: 4.17053E+06
              Total wealth: 2.83966E+08(PPP$)
                   Minimum: 0.642868(PPP$)
                   Maximum: 3348.57(PPP$)
             Headcount(HC): 0.209145
          Poverty gap (PG): 0.071195
       Poverty gap squared: 0.0370074
                      Gini: 0.395741
                    Median: 98.6534
                       MLD: 0.283154
                      Watt: 0.111315
--------------------------------------------------

-------------------------------- Income or Consumption share by deciles (%) -------------------------------------
      2.002     3.7896     4.9121     5.9594     7.0664     8.3189     9.9367     12.194     15.779     30.041
-----------------------------------------------------------------------------------------------------------------


