

**********************************************************************************************
**                                   Basic Information                                      **
**********************************************************************************************

----------------- Dataset Information -----------------
                         Country: Ghana
                    Country dode: GHA
                       Data Year: 1998
                        Coverage: National
             Welfare measurement: Consumption
                     Data format: Unit record
                     Data source: GHA_N1998X
                  Data time span: UnDefined
-------------------------------------------------------


----------- Distribution ------------
   i           P           L 
-------------------------------------
   0    0.010192   0.0012086
   1    0.020018   0.0028097
   2    0.030052   0.0046769
   3    0.040181   0.0067403
   4    0.050178   0.0089551
   5    0.060079    0.011297
   6    0.070123     0.01382
   7        0.08    0.016451
   8     0.09009    0.019271
   9     0.10004    0.022169
  10      0.1101    0.025221
  11     0.12022    0.028408
  12      0.1301    0.031649
  13     0.14014    0.035047
  14     0.15024    0.038587
  15     0.16035    0.042263
  16     0.17024    0.045966
  17     0.18025    0.049811
  18     0.19015    0.053706
  19     0.20005    0.057693
  20     0.21012    0.061832
  21     0.22016    0.066074
  22     0.23014    0.070392
  23     0.24014    0.074855
  24     0.25013    0.079425
  25     0.26001    0.084076
  26     0.27014    0.088966
  27     0.28001    0.093825
  28     0.29023    0.098969
  29     0.30015     0.10405
  30     0.31011     0.10924
  31     0.32002     0.11449
  32     0.33004     0.11988
  33     0.34031     0.12553
  34     0.35005       0.131
  35     0.36023     0.13685
  36     0.37016     0.14267
  37     0.38012     0.14862
  38     0.39001     0.15465
  39     0.40011     0.16094
  40     0.41013     0.16731
  41     0.42012     0.17374
  42     0.43012     0.18031
  43     0.44013     0.18697
  44     0.45003     0.19368
  45     0.46005     0.20059
  46     0.47004      0.2076
  47     0.48028     0.21489
  48     0.49012     0.22201
  49      0.5002     0.22943
  50     0.51016     0.23692
  51     0.52039     0.24476
  52     0.53013     0.25238
  53     0.54012     0.26031
  54     0.55007     0.26834
  55     0.56004     0.27653
  56      0.5702     0.28504
  57     0.58012     0.29349
  58     0.59003     0.30208
  59     0.60008     0.31096
  60     0.61009     0.31999
  61     0.62018     0.32934
  62     0.63007     0.33874
  63     0.64025     0.34866
  64     0.65002     0.35837
  65     0.66016     0.36869
  66     0.67003     0.37901
  67     0.68007     0.38977
  68     0.69005     0.40072
  69     0.70013     0.41198
  70     0.71005     0.42329
  71     0.72017     0.43513
  72     0.73018     0.44706
  73     0.74007      0.4591
  74     0.75008     0.47155
  75     0.76004     0.48427
  76     0.77024     0.49759
  77     0.78003     0.51064
  78     0.79002      0.5243
  79     0.80009     0.53845
  80     0.81008     0.55289
  81        0.82      0.5676
  82     0.83021     0.58313
  83     0.84007     0.59861
  84     0.85008     0.61479
  85     0.86009     0.63151
  86     0.87004     0.64861
  87     0.88005     0.66644
  88     0.89015     0.68514
  89     0.90013     0.70436
  90     0.91023     0.72463
  91     0.92011     0.74532
  92     0.93001     0.76713
  93     0.94006     0.79041
  94     0.95002     0.81516
  95     0.96003     0.84193
  96     0.97004     0.87097
  97     0.98012     0.90426
  98     0.99021     0.94316
  99           1           1
-----------------------------------------

----------------- PPP$ and local currency --------------
         PPP used in computation: 0.788022
     Data mean in local currency: 8.08801
               Data mean in PPP$: 104.512
        Poverty line in PPP$/Day: 1.9
      Poverty line in PPP$/Month: 57.7917
  Poverty line in local currency: 4.47238
-------------------------------------------------------

----------------- Estimation result --------------
     Number of observation: 5997
          Total population: 1.81189E+07
              Total wealth: 1.85967E+08(PPP$)
                   Minimum: 0.669406(PPP$)
                   Maximum: 256.138(PPP$)
             Headcount(HC): 0.33848
          Poverty gap (PG): 0.113302
       Poverty gap squared: 0.0530251
                      Gini: 0.400726
                    Median: 77.7476
                       MLD: 0.273727
                      Watt: 0.1589
--------------------------------------------------

-------------------------------- Income or Consumption share by deciles (%) -------------------------------------
     2.2158     3.5515     4.6295     5.6905     6.8403     8.1613     10.094     12.649     16.578     29.589
-----------------------------------------------------------------------------------------------------------------


