

**********************************************************************************************
**                                   Basic Information                                      **
**********************************************************************************************

----------------- Dataset Information -----------------
                         Country: Ghana
                    Country dode: GHA
                       Data Year: 1991
                        Coverage: National
             Welfare measurement: Consumption
                     Data format: Unit record
                     Data source: GHA_N1991X
                  Data time span: UnDefined
-------------------------------------------------------


----------- Distribution ------------
   i           P           L 
-------------------------------------
   0    0.010105   0.0014898
   1    0.020142   0.0034054
   2    0.030022   0.0055334
   3    0.040298   0.0079846
   4    0.050037     0.01053
   5    0.060094    0.013358
   6    0.070199    0.016389
   7    0.080569    0.019686
   8    0.090001      0.0228
   9     0.10006    0.026213
  10      0.1101    0.029749
  11     0.12025    0.033452
  12     0.13008    0.037143
  13     0.14024    0.041051
  14     0.15002    0.044897
  15     0.16006    0.048958
  16     0.17026    0.053178
  17      0.1802    0.057411
  18     0.19043    0.061882
  19     0.20001     0.06617
  20     0.21039     0.07092
  21     0.22003      0.0754
  22     0.23023    0.080225
  23     0.24029    0.085074
  24     0.25067    0.090212
  25     0.26025    0.095038
  26     0.27008     0.10007
  27     0.28014     0.10533
  28     0.29023     0.11068
  29     0.30043     0.11619
  30     0.31007     0.12147
  31     0.32021     0.12712
  32     0.33018     0.13278
  33     0.34013     0.13855
  34     0.35021      0.1445
  35     0.36007     0.15042
  36     0.37023     0.15663
  37     0.38004      0.1627
  38     0.39004     0.16899
  39      0.4002     0.17544
  40      0.4101     0.18181
  41     0.42023     0.18846
  42     0.43039     0.19528
  43     0.44009     0.20192
  44     0.45027       0.209
  45     0.46013     0.21596
  46     0.47034      0.2233
  47     0.48032      0.2306
  48     0.49004     0.23784
  49     0.50029     0.24559
  50     0.51008     0.25309
  51     0.52008     0.26086
  52     0.53006     0.26872
  53      0.5402     0.27685
  54     0.55008     0.28487
  55     0.56008     0.29312
  56     0.57029      0.3017
  57     0.58019     0.31018
  58     0.59004     0.31877
  59     0.60013     0.32773
  60     0.61011     0.33675
  61     0.62005     0.34588
  62     0.63014     0.35532
  63     0.64002     0.36475
  64     0.65005     0.37446
  65     0.66004     0.38429
  66     0.67007      0.3943
  67     0.68002     0.40442
  68     0.69008     0.41486
  69     0.70016     0.42553
  70     0.71026     0.43648
  71     0.72028     0.44757
  72     0.73021      0.4588
  73      0.7402     0.47028
  74     0.75002     0.48173
  75     0.76005     0.49367
  76     0.77011     0.50593
  77     0.78005      0.5183
  78     0.79007     0.53106
  79     0.80038     0.54465
  80     0.81029     0.55804
  81     0.82039     0.57199
  82     0.83005     0.58567
  83     0.84025     0.60045
  84     0.85012     0.61515
  85     0.86007     0.63054
  86     0.87001     0.64647
  87     0.88005     0.66316
  88      0.8902     0.68081
  89     0.90013     0.69889
  90     0.91011     0.71803
  91     0.92012     0.73826
  92     0.93005     0.75931
  93     0.94009       0.782
  94     0.95004     0.80598
  95     0.96011     0.83274
  96     0.97013     0.86239
  97     0.98032     0.89595
  98     0.99013     0.93508
  99           1           1
-----------------------------------------

----------------- PPP$ and local currency --------------
         PPP used in computation: 0.788022
     Data mean in local currency: 1.09491
               Data mean in PPP$: 79.2771
        Poverty line in PPP$/Day: 1.9
      Poverty line in PPP$/Month: 57.7917
  Poverty line in local currency: 0.798171
-------------------------------------------------------

----------------- Estimation result --------------
     Number of observation: 4523
          Total population: 1.49856E+07
              Total wealth: 2.08216E+07(PPP$)
                   Minimum: 0.0928467(PPP$)
                   Maximum: 24.9027(PPP$)
             Headcount(HC): 0.473821
          Poverty gap (PG): 0.164033
       Poverty gap squared: 0.0764911
                      Gini: 0.384372
                    Median: 60.3833
                       MLD: 0.246476
                      Watt: 0.229628
--------------------------------------------------

-------------------------------- Income or Consumption share by deciles (%) -------------------------------------
     2.6194      3.997     4.9794     5.9361     7.0049     8.2242      9.775     11.878     15.452     30.134
-----------------------------------------------------------------------------------------------------------------


