

**********************************************************************************************
**                                   Basic Information                                      **
**********************************************************************************************

----------------- Dataset Information -----------------
                         Country: Ghana
                    Country dode: GHA
                       Data Year: 2005
                        Coverage: National
             Welfare measurement: Consumption
                     Data format: Unit record
                     Data source: GHA_N2005X
                  Data time span: UnDefined
-------------------------------------------------------


----------- Distribution ------------
   i           P           L 
-------------------------------------
   0    0.010063  0.00086336
   1    0.020118   0.0021152
   2    0.030024   0.0035846
   3    0.040007   0.0052849
   4    0.050066   0.0071938
   5    0.060266   0.0093056
   6    0.070011    0.011497
   7    0.080129    0.013907
   8    0.090056    0.016384
   9     0.10001    0.019049
  10     0.11014    0.021917
  11     0.12005    0.024834
  12     0.13038    0.028018
  13     0.14017    0.031155
  14     0.15011    0.034447
  15     0.16007     0.03785
  16     0.17021      0.0414
  17        0.18    0.044912
  18     0.19012    0.048654
  19     0.20021    0.052502
  20     0.21003    0.056325
  21     0.22005    0.060321
  22     0.23002    0.064419
  23     0.24005     0.06865
  24     0.25015    0.073023
  25     0.26005    0.077415
  26     0.27004    0.081972
  27     0.28006    0.086659
  28     0.29009    0.091479
  29     0.30014     0.09642
  30     0.31002     0.10139
  31     0.32035      0.1067
  32     0.33022     0.11186
  33      0.3401     0.11712
  34     0.35018      0.1226
  35     0.36009     0.12809
  36     0.37002     0.13371
  37     0.38005      0.1395
  38     0.39005     0.14539
  39         0.4     0.15137
  40     0.41007     0.15752
  41     0.42005     0.16372
  42     0.43005     0.17005
  43     0.44003     0.17651
  44      0.4501     0.18316
  45     0.46022     0.18999
  46     0.47006     0.19678
  47     0.48037       0.204
  48     0.49008     0.21093
  49     0.50018     0.21823
  50     0.51004     0.22547
  51     0.52001     0.23291
  52     0.53011     0.24059
  53     0.54002     0.24828
  54     0.55014     0.25625
  55     0.56001     0.26415
  56     0.57016     0.27242
  57      0.5803     0.28083
  58     0.59002     0.28905
  59     0.60015     0.29781
  60     0.61009     0.30658
  61     0.62002     0.31548
  62     0.63018     0.32481
  63     0.64004     0.33404
  64     0.65016     0.34371
  65     0.66004     0.35335
  66     0.67005     0.36329
  67     0.68003      0.3734
  68     0.69011     0.38383
  69      0.7002     0.39453
  70     0.71009     0.40525
  71     0.72004     0.41629
  72     0.73023     0.42783
  73     0.74002     0.43912
  74     0.75001     0.45088
  75     0.76006     0.46297
  76      0.7702     0.47548
  77     0.78002     0.48788
  78     0.79008     0.50097
  79     0.80003     0.51427
  80     0.81006     0.52805
  81     0.82005     0.54218
  82     0.83018     0.55688
  83     0.84009     0.57166
  84     0.85005     0.58697
  85     0.86006     0.60289
  86     0.87004     0.61935
  87      0.8801     0.63667
  88     0.89007     0.65452
  89     0.90004     0.67322
  90     0.91005     0.69285
  91     0.92001     0.71353
  92     0.93001     0.73563
  93     0.94003     0.75928
  94     0.95009     0.78458
  95        0.96      0.8119
  96     0.97041     0.84439
  97     0.98005     0.87909
  98     0.99005     0.92232
  99           1           1
-----------------------------------------

----------------- PPP$ and local currency --------------
         PPP used in computation: 0.788022
     Data mean in local currency: 39.8393
               Data mean in PPP$: 131.423
        Poverty line in PPP$/Day: 1.9
      Poverty line in PPP$/Month: 57.7917
  Poverty line in local currency: 17.5189
-------------------------------------------------------

----------------- Estimation result --------------
     Number of observation: 8684
          Total population: 34848.9
              Total wealth: 1.76183E+06(PPP$)
                   Minimum: 1.35589(PPP$)
                   Maximum: 3149.67(PPP$)
             Headcount(HC): 0.251931
          Poverty gap (PG): 0.084093
       Poverty gap squared: 0.0403432
                      Gini: 0.427655
                    Median: 95.6905
                       MLD: 0.319014
                      Watt: 0.120636
--------------------------------------------------

-------------------------------- Income or Consumption share by deciles (%) -------------------------------------
     1.9047     3.3375     4.3928      5.502     6.6732     7.9579      9.663     11.992     15.891     32.686
-----------------------------------------------------------------------------------------------------------------


