

**********************************************************************************************
**                                   Basic Information                                      **
**********************************************************************************************

----------------- Dataset Information -----------------
                         Country: Guinea
                    Country dode: GIN
                       Data Year: 1994
                        Coverage: National
             Welfare measurement: Consumption
                     Data format: Unit record
                     Data source: GIN_N1994X
                  Data time span: UnDefined
-------------------------------------------------------


----------- Distribution ------------
   i           P           L 
-------------------------------------
   0    0.011583   0.0016143
   1    0.020479   0.0030797
   2    0.030207    0.004745
   3     0.04002   0.0066461
   4    0.050465   0.0088476
   5    0.061075    0.011168
   6    0.070045    0.013202
   7    0.081185    0.015868
   8    0.090146     0.01812
   9     0.10006    0.020684
  10      0.1104    0.023444
  11     0.12004    0.026147
  12     0.13069     0.02928
  13     0.14095     0.03243
  14     0.15019    0.035338
  15     0.16037    0.038607
  16     0.17038    0.041871
  17     0.18024    0.045207
  18     0.19079     0.04888
  19     0.20019    0.052212
  20     0.21056    0.055961
  21     0.22041    0.059572
  22     0.23032    0.063262
  23     0.24098    0.067306
  24     0.25002    0.070766
  25     0.26067    0.074953
  26     0.27011    0.078744
  27     0.28005    0.082861
  28     0.29018     0.08716
  29     0.30027    0.091506
  30     0.31006    0.095791
  31     0.32001     0.10024
  32     0.33006     0.10486
  33     0.34063     0.10982
  34     0.35008     0.11433
  35     0.36015     0.11924
  36     0.37014     0.12424
  37     0.38005     0.12939
  38        0.39     0.13468
  39     0.40047     0.14037
  40     0.41146     0.14642
  41     0.42024     0.15131
  42     0.43019     0.15698
  43     0.44045     0.16292
  44     0.45013     0.16861
  45     0.46031     0.17477
  46     0.47031     0.18094
  47      0.4802     0.18718
  48     0.49013     0.19356
  49     0.50121     0.20087
  50     0.51038     0.20705
  51      0.5202     0.21378
  52     0.53012      0.2207
  53     0.54005     0.22775
  54     0.55026     0.23517
  55     0.56142     0.24342
  56     0.57007     0.24996
  57      0.5801      0.2577
  58     0.59002     0.26556
  59     0.60002     0.27364
  60     0.61049     0.28223
  61     0.62011     0.29032
  62     0.63067      0.2994
  63     0.64016     0.30774
  64      0.6501     0.31669
  65     0.66003     0.32584
  66     0.67019     0.33533
  67     0.68044     0.34508
  68      0.6903     0.35468
  69     0.70009     0.36447
  70     0.71011     0.37479
  71     0.72001     0.38523
  72     0.73004     0.39609
  73     0.74027     0.40745
  74     0.75005      0.4185
  75     0.76012     0.43014
  76     0.77013     0.44212
  77     0.78004     0.45432
  78     0.79006     0.46697
  79         0.8     0.48005
  80     0.81005      0.4937
  81     0.82007     0.50758
  82     0.83001     0.52176
  83     0.84002     0.53666
  84     0.85009     0.55222
  85     0.86009     0.56822
  86     0.87001      0.5847
  87     0.88005      0.6021
  88     0.89018     0.62063
  89     0.90002     0.63959
  90      0.9102     0.66014
  91     0.92009     0.68119
  92     0.93006     0.70379
  93     0.94005     0.72773
  94     0.95004     0.75376
  95     0.96115     0.78629
  96     0.97003     0.81588
  97     0.98002     0.85511
  98     0.99014     0.90527
  99           1           1
-----------------------------------------

----------------- PPP$ and local currency --------------
         PPP used in computation: 2572.34
     Data mean in local currency: 32788
               Data mean in PPP$: 89.5846
        Poverty line in PPP$/Day: 1.9
      Poverty line in PPP$/Month: 57.7917
  Poverty line in local currency: 21151.8
-------------------------------------------------------

----------------- Estimation result --------------
     Number of observation: 4415
          Total population: 6.32062E+06
              Total wealth: 8.05649E+07(PPP$)
                   Minimum: 0.673295(PPP$)
                   Maximum: 683.671(PPP$)
             Headcount(HC): 0.48536
          Poverty gap (PG): 0.190105
       Poverty gap squared: 0.0954814
                      Gini: 0.460816
                    Median: 59.7088
                       MLD: 0.358416
                      Watt: 0.273816
--------------------------------------------------

-------------------------------- Income or Consumption share by deciles (%) -------------------------------------
     2.0669     3.1475     3.9246     4.8721     5.9966     7.3546     9.0758     11.566      15.95     36.045
-----------------------------------------------------------------------------------------------------------------


