

**********************************************************************************************
**                                   Basic Information                                      **
**********************************************************************************************

----------------- Dataset Information -----------------
                         Country: Guinea
                    Country dode: GIN
                       Data Year: 2007
                        Coverage: National
             Welfare measurement: Consumption
                     Data format: Unit record
                     Data source: GIN_N2007X
                  Data time span: UnDefined
-------------------------------------------------------


----------- Distribution ------------
   i           P           L 
-------------------------------------
   0     0.01013   0.0013551
   1    0.020129   0.0031403
   2     0.03007   0.0051651
   3     0.04006   0.0073889
   4     0.05002   0.0098012
   5    0.060015    0.012465
   6    0.070089    0.015282
   7    0.080537    0.018363
   8    0.090132    0.021324
   9     0.10009    0.024534
  10     0.11005    0.027844
  11     0.12023    0.031334
  12     0.13029    0.034894
  13     0.14005    0.038468
  14     0.15017    0.042323
  15     0.16021    0.046263
  16     0.17006    0.050235
  17     0.18044    0.054529
  18     0.19012    0.058633
  19     0.20018    0.063002
  20     0.21012    0.067413
  21     0.22028    0.072049
  22      0.2302    0.076672
  23     0.24004     0.08134
  24     0.25026    0.086265
  25     0.26016    0.091134
  26     0.27005    0.096085
  27     0.28022     0.10129
  28      0.2901     0.10644
  29     0.30008     0.11174
  30     0.31006     0.11713
  31     0.32012     0.12266
  32     0.33009     0.12821
  33     0.34003     0.13382
  34     0.35012     0.13962
  35     0.36006     0.14545
  36     0.37003     0.15141
  37        0.38     0.15747
  38     0.39003     0.16364
  39     0.40024     0.17002
  40     0.41005     0.17624
  41     0.42018     0.18276
  42     0.43007     0.18922
  43     0.44012     0.19588
  44     0.45015     0.20264
  45     0.46013     0.20948
  46     0.47014     0.21643
  47     0.48025     0.22356
  48     0.49001     0.23056
  49     0.50006     0.23787
  50     0.51012      0.2453
  51     0.52001     0.25271
  52     0.53009      0.2604
  53     0.54017     0.26819
  54     0.55003     0.27594
  55     0.56024     0.28414
  56      0.5705     0.29255
  57     0.58008     0.30059
  58      0.5901     0.30914
  59     0.60005     0.31782
  60     0.61009     0.32675
  61     0.62007     0.33579
  62     0.63002     0.34499
  63     0.64013     0.35454
  64      0.6501     0.36419
  65     0.66023      0.3742
  66     0.67009     0.38414
  67     0.68004     0.39435
  68     0.69007     0.40487
  69     0.70006     0.41553
  70     0.71014     0.42653
  71     0.72003      0.4376
  72     0.73008     0.44906
  73     0.74001     0.46065
  74     0.75003     0.47268
  75     0.76004     0.48495
  76     0.77001      0.4975
  77     0.78006     0.51051
  78     0.79002     0.52377
  79     0.80024      0.5377
  80     0.81007     0.55147
  81     0.82012     0.56596
  82        0.83     0.58063
  83     0.84004     0.59594
  84     0.85002      0.6116
  85     0.86003     0.62781
  86     0.87001      0.6446
  87        0.88     0.66208
  88     0.89003     0.68035
  89     0.90008     0.69947
  90     0.91016     0.71952
  91     0.92006     0.74019
  92     0.93012     0.76239
  93     0.94007     0.78585
  94     0.95001     0.81069
  95     0.96004     0.83784
  96     0.97011     0.86763
  97     0.98009     0.90032
  98      0.9901     0.93795
  99           1           1
-----------------------------------------

----------------- PPP$ and local currency --------------
         PPP used in computation: 2572.34
     Data mean in local currency: 97771.7
               Data mean in PPP$: 65.9994
        Poverty line in PPP$/Day: 1.9
      Poverty line in PPP$/Month: 57.7917
  Poverty line in local currency: 85612.8
-------------------------------------------------------

----------------- Estimation result --------------
     Number of observation: 7548
          Total population: 9.68038E+06
              Total wealth: 3.6794E+08(PPP$)
                   Minimum: 3.67836(PPP$)
                   Maximum: 2024.2(PPP$)
             Headcount(HC): 0.596995
          Poverty gap (PG): 0.237101
       Poverty gap squared: 0.121172
                      Gini: 0.393553
                    Median: 48.3853
                       MLD: 0.259445
                      Watt: 0.347844
--------------------------------------------------

-------------------------------- Income or Consumption share by deciles (%) -------------------------------------
     2.4504     3.8419      4.878     5.8167     6.7958      7.995     9.7692     12.191     16.193     30.069
-----------------------------------------------------------------------------------------------------------------


