

**********************************************************************************************
**                                   Basic Information                                      **
**********************************************************************************************

----------------- Dataset Information -----------------
                         Country: Gambia, The
                    Country dode: GMB
                       Data Year: 2003
                        Coverage: National
             Welfare measurement: Consumption
                     Data format: Unit record
                     Data source: GMB_N2003X
                  Data time span: UnDefined
-------------------------------------------------------


----------- Distribution ------------
   i           P           L 
-------------------------------------
   0    0.010117  0.00065274
   1    0.020091   0.0018581
   2     0.03036   0.0033836
   3    0.040557   0.0051667
   4    0.050145   0.0069708
   5    0.061462   0.0092586
   6    0.070123    0.011107
   7    0.080272    0.013342
   8    0.090786    0.015739
   9     0.10041    0.018028
  10     0.11018     0.02048
  11     0.12025    0.023114
  12     0.13174    0.026227
  13     0.14052    0.028702
  14     0.15127    0.031875
  15     0.16021    0.034603
  16     0.17122    0.038072
  17     0.18035    0.041032
  18     0.19053    0.044439
  19     0.20015    0.047761
  20     0.21003    0.051262
  21     0.22044    0.055029
  22     0.23076    0.058857
  23     0.24001    0.062337
  24      0.2501    0.066208
  25     0.26013    0.070159
  26     0.27006    0.074163
  27     0.28016     0.07831
  28     0.29008    0.082466
  29     0.30015     0.08675
  30     0.31017    0.091088
  31      0.3201    0.095476
  32     0.33035     0.10013
  33     0.34043      0.1048
  34     0.35015     0.10936
  35     0.36025     0.11422
  36     0.37006     0.11901
  37     0.38069     0.12434
  38     0.39024     0.12922
  39     0.40064     0.13468
  40     0.41024     0.13986
  41     0.42067     0.14561
  42        0.43     0.15082
  43     0.44029     0.15666
  44     0.45006     0.16233
  45     0.46037     0.16846
  46     0.47005     0.17427
  47     0.48014     0.18045
  48     0.49014     0.18666
  49     0.50028     0.19312
  50     0.51001     0.19943
  51     0.52056     0.20642
  52     0.53012     0.21289
  53     0.54023     0.21986
  54     0.55012     0.22682
  55     0.56002     0.23395
  56     0.57006     0.24138
  57     0.58115     0.24983
  58     0.59218     0.25847
  59     0.60003      0.2648
  60     0.61008     0.27312
  61     0.62001     0.28152
  62     0.63058     0.29068
  63     0.64068     0.29962
  64     0.65017     0.30819
  65     0.66009      0.3173
  66     0.67042     0.32696
  67     0.68002     0.33618
  68     0.69077     0.34673
  69     0.70024     0.35622
  70     0.71009      0.3663
  71     0.72067     0.37735
  72     0.73001     0.38732
  73     0.74006     0.39843
  74     0.75052     0.41035
  75     0.76031     0.42181
  76     0.77046     0.43407
  77     0.78014     0.44607
  78     0.79007     0.45881
  79     0.80027      0.4722
  80     0.81009      0.4854
  81     0.82005     0.49929
  82     0.83105     0.51505
  83     0.84031     0.52883
  84     0.85005     0.54375
  85     0.86002     0.55974
  86     0.87179     0.57973
  87     0.88039     0.59481
  88     0.89008     0.61239
  89     0.90069     0.63278
  90     0.91035     0.65249
  91     0.92014     0.67352
  92     0.93037     0.69706
  93     0.94001     0.72091
  94     0.95016     0.74776
  95     0.96064     0.77826
  96     0.97023     0.81019
  97     0.98008     0.84806
  98     0.99009     0.89401
  99           1           1
-----------------------------------------

----------------- PPP$ and local currency --------------
         PPP used in computation: 10.8265
     Data mean in local currency: 707.52
               Data mean in PPP$: 97.1577
        Poverty line in PPP$/Day: 1.9
      Poverty line in PPP$/Month: 57.7917
  Poverty line in local currency: 420.849
-------------------------------------------------------

----------------- Estimation result --------------
     Number of observation: 2238
          Total population: 0.999998
              Total wealth: 65.3508(PPP$)
                   Minimum: 1.75773(PPP$)
                   Maximum: 2872.54(PPP$)
             Headcount(HC): 0.452925
          Poverty gap (PG): 0.177183
       Poverty gap squared: 0.0912099
                      Gini: 0.473317
                    Median: 62.447
                       MLD: 0.389928
                      Watt: 0.264359
--------------------------------------------------

-------------------------------- Income or Consumption share by deciles (%) -------------------------------------
      1.793      2.978     3.8978     4.7659     5.8595     7.1836     9.1204     11.586     15.961     36.854
-----------------------------------------------------------------------------------------------------------------


