

**********************************************************************************************
**                                   Basic Information                                      **
**********************************************************************************************

----------------- Dataset Information -----------------
                         Country: Guinea-Bissau
                    Country dode: GNB
                       Data Year: 1993
                        Coverage: National
             Welfare measurement: Consumption
                     Data format: Unit record
                     Data source: GNB_N1993X
                  Data time span: UnDefined
-------------------------------------------------------


----------- Distribution ------------
   i           P           L 
-------------------------------------
   0    0.010118    0.001364
   1    0.020306   0.0031246
   2     0.03013   0.0050039
   3    0.040102   0.0070474
   4    0.050219   0.0092872
   5    0.060261    0.011648
   6    0.070156    0.014106
   7    0.080052    0.016687
   8    0.090276    0.019517
   9     0.10028    0.022411
  10     0.11003     0.02533
  11     0.12034      0.0285
  12      0.1306    0.031755
  13     0.14023    0.034894
  14     0.15002    0.038168
  15     0.16002    0.041603
  16     0.17061    0.045351
  17     0.18002    0.048773
  18     0.19007    0.052496
  19     0.20003    0.056281
  20     0.21077     0.06047
  21     0.22059    0.064394
  22     0.23019    0.068287
  23     0.24008    0.072393
  24      0.2506    0.076867
  25      0.2606    0.081224
  26     0.27017    0.085446
  27     0.28021    0.089967
  28     0.29088    0.094889
  29     0.30066    0.099516
  30     0.31008     0.10406
  31     0.32056     0.10923
  32      0.3306     0.11426
  33     0.34013     0.11909
  34     0.35032     0.12436
  35      0.3601     0.12951
  36     0.37014      0.1349
  37     0.38025     0.14041
  38     0.39037     0.14602
  39     0.40011     0.15152
  40     0.41008     0.15726
  41     0.42053      0.1634
  42     0.43016     0.16919
  43     0.44016     0.17534
  44      0.4505     0.18185
  45     0.46003     0.18801
  46     0.47011     0.19467
  47      0.4803     0.20152
  48     0.49034     0.20839
  49     0.50031     0.21537
  50     0.51006     0.22233
  51     0.52003      0.2296
  52     0.53007     0.23706
  53     0.54022      0.2448
  54     0.55015     0.25252
  55     0.56012      0.2604
  56     0.57068     0.26888
  57     0.58006     0.27655
  58      0.5901     0.28491
  59     0.60003     0.29339
  60     0.61036     0.30239
  61     0.62011     0.31103
  62     0.63001     0.31996
  63      0.6402     0.32929
  64     0.65017     0.33854
  65     0.66028     0.34807
  66     0.67003     0.35743
  67     0.68004     0.36719
  68     0.69001     0.37709
  69     0.70019      0.3874
  70     0.71005     0.39767
  71     0.72006     0.40832
  72     0.73003     0.41917
  73     0.74029     0.43059
  74        0.75     0.44169
  75     0.76015     0.45364
  76     0.77019     0.46578
  77     0.78042     0.47845
  78     0.79006     0.49063
  79     0.80003      0.5035
  80     0.81025     0.51699
  81     0.82022     0.53043
  82     0.83026     0.54431
  83     0.84016     0.55844
  84     0.85009     0.57316
  85     0.86021     0.58865
  86     0.87013     0.60438
  87     0.88018     0.62101
  88     0.89059     0.63896
  89     0.90023     0.65645
  90     0.91001     0.67502
  91     0.92001     0.69507
  92     0.93013     0.71666
  93     0.94006     0.73939
  94     0.95021     0.76462
  95     0.96099     0.79405
  96     0.97004     0.82171
  97        0.98     0.85646
  98        0.99     0.90115
  99           1           1
-----------------------------------------

----------------- PPP$ and local currency --------------
         PPP used in computation: 248.236
     Data mean in local currency: 2681.02
               Data mean in PPP$: 62.5714
        Poverty line in PPP$/Day: 1.9
      Poverty line in PPP$/Month: 57.7917
  Poverty line in local currency: 2476.23
-------------------------------------------------------

----------------- Estimation result --------------
     Number of observation: 3028
          Total population: 1.00312E+06
              Total wealth: 1.0834E+07(PPP$)
                   Minimum: 0.593522(PPP$)
                   Maximum: 301.199(PPP$)
             Headcount(HC): 0.640196
          Poverty gap (PG): 0.283678
       Poverty gap squared: 0.157947
                      Gini: 0.436102
                    Median: 44.2515
                       MLD: 0.322122
                      Watt: 0.43438
--------------------------------------------------

-------------------------------- Income or Consumption share by deciles (%) -------------------------------------
      2.233     3.3939     4.2935     5.2253     6.3699     7.8209      9.384     11.626     15.257     34.396
-----------------------------------------------------------------------------------------------------------------


