

**********************************************************************************************
**                                   Basic Information                                      **
**********************************************************************************************

----------------- Dataset Information -----------------
                         Country: Guinea-Bissau
                    Country dode: GNB
                       Data Year: 2010
                        Coverage: National
             Welfare measurement: Consumption
                     Data format: Unit record
                     Data source: GNB_N2010X
                  Data time span: UnDefined
-------------------------------------------------------


----------- Distribution ------------
   i           P           L 
-------------------------------------
   0    0.010079  0.00058838
   1     0.02023   0.0016133
   2     0.03015   0.0028577
   3    0.040356   0.0043411
   4    0.050131   0.0059855
   5    0.060704   0.0079284
   6    0.070106   0.0097617
   7    0.080045    0.011809
   8    0.090021    0.013981
   9     0.10029    0.016363
  10     0.11006    0.018718
  11     0.12062    0.021364
  12     0.13014    0.023859
  13     0.14047    0.026682
  14     0.15016    0.029403
  15     0.16011    0.032285
  16     0.17014    0.035303
  17      0.1803    0.038476
  18     0.19014    0.041648
  19     0.20011    0.044923
  20     0.21046    0.048414
  21     0.22027    0.051789
  22      0.2302    0.055295
  23     0.24004     0.05886
  24     0.25007    0.062578
  25      0.2602    0.066395
  26     0.27043     0.07033
  27     0.28001    0.074101
  28      0.2903    0.078235
  29     0.30023    0.082314
  30     0.31003    0.086423
  31      0.3202    0.090777
  32     0.33019    0.095128
  33     0.34017    0.099548
  34     0.35041     0.10418
  35     0.36016     0.10869
  36     0.37013     0.11337
  37     0.38014     0.11815
  38     0.39041     0.12314
  39     0.40047     0.12814
  40     0.41017     0.13307
  41     0.42015     0.13824
  42     0.43019     0.14357
  43     0.44002     0.14889
  44        0.45     0.15437
  45     0.46022     0.16013
  46     0.47073     0.16616
  47     0.48039     0.17182
  48     0.49074       0.178
  49     0.50008     0.18367
  50     0.51021     0.18992
  51     0.52029     0.19624
  52     0.53009     0.20249
  53     0.54013     0.20898
  54      0.5512     0.21626
  55     0.56008      0.2222
  56     0.57019     0.22906
  57     0.58017     0.23599
  58     0.59009     0.24299
  59     0.60014     0.25022
  60     0.61004     0.25749
  61     0.62012     0.26502
  62     0.63058     0.27298
  63     0.64017     0.28046
  64     0.65008     0.28831
  65     0.66055     0.29681
  66     0.67013     0.30473
  67     0.68014     0.31321
  68     0.69031     0.32207
  69     0.70016     0.33083
  70     0.71028     0.34002
  71     0.72007     0.34906
  72     0.73015     0.35852
  73     0.74019     0.36821
  74     0.75022     0.37827
  75        0.76     0.38843
  76      0.7702     0.39928
  77     0.78018     0.41025
  78      0.7901     0.42146
  79     0.80024     0.43324
  80     0.81023     0.44521
  81     0.82004     0.45736
  82     0.83006      0.4703
  83     0.84008     0.48395
  84      0.8501     0.49807
  85     0.86113     0.51436
  86      0.8703     0.52864
  87     0.88026      0.5449
  88     0.89013     0.56192
  89     0.90013     0.58023
  90     0.91004     0.59963
  91     0.92005     0.62066
  92     0.93028     0.64387
  93     0.94019     0.66817
  94     0.95009     0.69532
  95      0.9601     0.72672
  96     0.97006     0.76647
  97      0.9802      0.8238
  98           1           1
  99           1           1
-----------------------------------------

----------------- PPP$ and local currency --------------
         PPP used in computation: 248.236
     Data mean in local currency: 16348.7
               Data mean in PPP$: 69.1829
        Poverty line in PPP$/Day: 1.9
      Poverty line in PPP$/Month: 57.7917
  Poverty line in local currency: 13656.8
-------------------------------------------------------

----------------- Estimation result --------------
     Number of observation: 3129
          Total population: 1.46254E+06
              Total wealth: 9.63223E+07(PPP$)
                   Minimum: 0.903407(PPP$)
                   Maximum: 604.264(PPP$)
             Headcount(HC): 0.670838
          Poverty gap (PG): 0.30533
       Poverty gap squared: 0.175832
                      Gini: 0.506642
                    Median: 42.198
                       MLD: 0.446719
                      Watt: 0.488793
--------------------------------------------------

-------------------------------- Income or Consumption share by deciles (%) -------------------------------------
     1.6295      2.859     3.7337     4.5687     5.5714     6.6494     8.0573     10.227     14.704         42
-----------------------------------------------------------------------------------------------------------------


