

**********************************************************************************************
**                                   Basic Information                                      **
**********************************************************************************************

----------------- Dataset Information -----------------
                         Country: Guinea-Bissau
                    Country dode: GNB
                       Data Year: 2002
                        Coverage: National
             Welfare measurement: Consumption
                     Data format: Unit record
                     Data source: GNB_N2002X
                  Data time span: UnDefined
-------------------------------------------------------


----------- Distribution ------------
   i           P           L 
-------------------------------------
   0    0.010168   0.0013867
   1    0.020119   0.0035613
   2    0.030076   0.0060298
   3    0.040028   0.0087337
   4    0.050078    0.011751
   5     0.06021    0.015044
   6    0.070098    0.018411
   7     0.08001     0.02191
   8    0.090139    0.025616
   9      0.1001    0.029385
  10     0.11036    0.033395
  11      0.1202    0.037354
  12     0.13003    0.041385
  13     0.14002    0.045556
  14     0.15034    0.049945
  15     0.16008    0.054162
  16     0.17015    0.058611
  17     0.18001    0.063068
  18     0.19016    0.067777
  19     0.20014    0.072565
  20     0.21012    0.077472
  21     0.22023    0.082552
  22     0.23032    0.087751
  23     0.24051    0.093109
  24     0.25008    0.098244
  25      0.2604     0.10388
  26     0.27023     0.10935
  27     0.28031     0.11507
  28     0.29013     0.12073
  29     0.30006     0.12656
  30     0.31002      0.1325
  31     0.32078     0.13904
  32     0.33012     0.14482
  33     0.34005     0.15105
  34     0.35028     0.15753
  35     0.36118     0.16453
  36     0.37019     0.17038
  37     0.38012     0.17691
  38     0.39023     0.18363
  39     0.40028      0.1904
  40     0.41028     0.19725
  41     0.42048     0.20434
  42     0.43024      0.2112
  43     0.44011     0.21824
  44     0.45015     0.22552
  45     0.46023     0.23292
  46     0.47023     0.24034
  47     0.48023     0.24787
  48     0.49049     0.25574
  49     0.50023     0.26335
  50     0.51031     0.27133
  51     0.52008     0.27921
  52     0.53016     0.28748
  53     0.54002     0.29568
  54     0.55017     0.30424
  55     0.56007     0.31271
  56     0.57004     0.32139
  57     0.58014     0.33031
  58     0.59005     0.33918
  59     0.60006     0.34829
  60     0.61012     0.35761
  61     0.62002     0.36694
  62     0.63023     0.37676
  63     0.64009     0.38642
  64      0.6507     0.39695
  65     0.66002     0.40631
  66     0.67005      0.4165
  67     0.68001     0.42679
  68      0.6904     0.43768
  69     0.70019     0.44815
  70     0.71006     0.45895
  71     0.72001     0.47004
  72     0.73023     0.48174
  73     0.74008      0.4933
  74     0.75001     0.50515
  75     0.76011     0.51748
  76     0.77004     0.52978
  77     0.78003     0.54239
  78     0.79024     0.55558
  79     0.80002     0.56851
  80     0.81033     0.58244
  81     0.82013     0.59592
  82     0.83006     0.60985
  83     0.84011     0.62427
  84     0.85049     0.63954
  85     0.86001     0.65388
  86     0.87022     0.66978
  87      0.8801     0.68566
  88     0.89009     0.70232
  89     0.90014     0.71965
  90     0.91003     0.73748
  91     0.92017      0.7567
  92      0.9302     0.77673
  93     0.94021     0.79792
  94     0.95019     0.82047
  95     0.96007     0.84414
  96     0.97004     0.87004
  97     0.98021     0.89953
  98     0.99004     0.93403
  99           1           1
-----------------------------------------

----------------- PPP$ and local currency --------------
         PPP used in computation: 248.236
     Data mean in local currency: 13671.7
               Data mean in PPP$: 69.1324
        Poverty line in PPP$/Day: 1.9
      Poverty line in PPP$/Month: 57.7917
  Poverty line in local currency: 11429
-------------------------------------------------------

----------------- Estimation result --------------
     Number of observation: 3212
          Total population: 1.18164E+06
              Total wealth: 6.50796E+07(PPP$)
                   Minimum: 4.43127(PPP$)
                   Maximum: 1283.61(PPP$)
             Headcount(HC): 0.538711
          Poverty gap (PG): 0.186316
       Poverty gap squared: 0.0865828
                      Gini: 0.355697
                    Median: 54.3538
                       MLD: 0.212526
                      Watt: 0.261041
--------------------------------------------------

-------------------------------- Income or Consumption share by deciles (%) -------------------------------------
     2.9349     4.3151     5.4025     6.3693     7.2947     8.5076     9.9709     12.054     15.093     28.058
-----------------------------------------------------------------------------------------------------------------


