

**********************************************************************************************
**                                   Basic Information                                      **
**********************************************************************************************

----------------- Dataset Information -----------------
                         Country: Greece
                    Country dode: GRC
                       Data Year: 2008
                        Coverage: National
             Welfare measurement: Income
                     Data format: Unit record
                     Data source: GRC_N2008Y
                  Data time span: UnDefined
-------------------------------------------------------


----------- Distribution ------------
   i           P           L 
-------------------------------------
   0    0.010122  -0.0018955
   1    0.020299 -0.00046592
   2    0.030171   0.0014718
   3     0.04051   0.0039311
   4    0.050451   0.0066039
   5    0.060073   0.0093624
   6    0.070135    0.012437
   7     0.08051    0.015821
   8    0.090004    0.019068
   9     0.10016    0.022733
  10     0.11036    0.026588
  11     0.12004    0.030406
  12     0.13152    0.035142
  13     0.14016    0.038834
  14     0.15009    0.043185
  15     0.16005    0.047713
  16     0.17016    0.052467
  17     0.18086    0.057662
  18     0.19001    0.062218
  19     0.20069    0.067625
  20      0.2102    0.072552
  21     0.22031    0.077937
  22      0.2301    0.083282
  23     0.24118    0.089489
  24     0.25045    0.094744
  25     0.26015     0.10036
  26     0.27015     0.10625
  27     0.28005     0.11217
  28     0.29004     0.11824
  29     0.30069     0.12483
  30     0.31002     0.13068
  31     0.32009      0.1371
  32     0.33007      0.1436
  33     0.34012     0.15023
  34     0.35032     0.15707
  35     0.36131     0.16458
  36     0.37042     0.17089
  37     0.38004     0.17767
  38     0.39003     0.18487
  39     0.40018     0.19228
  40     0.41009      0.1996
  41     0.42009      0.2071
  42     0.43079     0.21524
  43     0.44004     0.22237
  44     0.45031     0.23041
  45     0.46034     0.23837
  46     0.47006     0.24619
  47     0.48007     0.25436
  48     0.49034     0.26288
  49     0.50007     0.27106
  50     0.51013     0.27965
  51     0.52012     0.28833
  52     0.53021     0.29725
  53     0.54007     0.30608
  54     0.55004     0.31511
  55     0.56012     0.32435
  56     0.57007     0.33357
  57     0.58038     0.34325
  58     0.59003     0.35243
  59     0.60028     0.36232
  60     0.61002     0.37185
  61     0.62021     0.38195
  62     0.63177     0.39358
  63     0.64001     0.40197
  64     0.65003      0.4123
  65     0.66017     0.42291
  66     0.67009     0.43346
  67     0.68004     0.44419
  68     0.69002      0.4551
  69     0.70003     0.46622
  70     0.71004     0.47752
  71      0.7201     0.48906
  72     0.73009     0.50076
  73     0.74003     0.51254
  74     0.75036     0.52499
  75     0.76013     0.53699
  76     0.77008     0.54943
  77     0.78006     0.56217
  78     0.79014      0.5753
  79         0.8     0.58836
  80     0.81024     0.60223
  81     0.82013     0.61592
  82     0.83015      0.6301
  83     0.84009      0.6444
  84     0.85001     0.65902
  85     0.86017     0.67426
  86     0.87005     0.68946
  87     0.88009     0.70534
  88     0.89017     0.72163
  89     0.90009     0.73823
  90      0.9101     0.75562
  91     0.92005     0.77348
  92     0.93004     0.79213
  93     0.94028     0.81222
  94     0.95037     0.83323
  95     0.96021     0.85538
  96      0.9701     0.87935
  97     0.98003     0.90653
  98     0.99012     0.94003
  99           1           1
-----------------------------------------

----------------- PPP$ and local currency --------------
         PPP used in computation: 0.758254
     Data mean in local currency: 742.261
               Data mean in PPP$: 1071.99
        Poverty line in PPP$/Day: 1.9
      Poverty line in PPP$/Month: 57.7917
  Poverty line in local currency: 40.0156
-------------------------------------------------------

----------------- Estimation result --------------
     Number of observation: 5318
          Total population: 1
              Total wealth: 978.908(PPP$)
                   Minimum: -2530.16(PPP$)
                   Maximum: 14266.3(PPP$)
             Headcount(HC): 0.00878991
          Poverty gap (PG): 0.0458467
       Poverty gap squared: 0.670878
                      Gini: 0.342167
                    Median: 905.935
                       MLD: 0.2355
                      Watt: 0.0021719
--------------------------------------------------

-------------------------------- Income or Consumption share by deciles (%) -------------------------------------
     2.2677     4.4598     5.7128     6.7739     7.8853     9.1055     10.414     12.217     14.971     26.193
-----------------------------------------------------------------------------------------------------------------


