

**********************************************************************************************
**                                   Basic Information                                      **
**********************************************************************************************

----------------- Dataset Information -----------------
                         Country: Greece
                    Country dode: GRC
                       Data Year: 2010
                        Coverage: National
             Welfare measurement: Income
                     Data format: Unit record
                     Data source: GRC_N2010Y
                  Data time span: UnDefined
-------------------------------------------------------


----------- Distribution ------------
   i           P           L 
-------------------------------------
   0    0.010493 -0.00031932
   1    0.020006  0.00033349
   2    0.030561   0.0019754
   3    0.040134   0.0039729
   4    0.050288    0.006446
   5    0.060246    0.009195
   6    0.070428    0.012234
   7    0.080348    0.015387
   8    0.090022    0.018646
   9     0.10014    0.022206
  10     0.11044    0.025963
  11     0.12004    0.029595
  12      0.1302     0.03362
  13      0.1402     0.03772
  14      0.1505    0.042075
  15     0.16004     0.04623
  16     0.17012    0.050726
  17     0.18012    0.055316
  18     0.19004    0.060012
  19     0.20025    0.064958
  20     0.21028    0.069949
  21     0.22008    0.074929
  22     0.23055    0.080396
  23     0.24004    0.085498
  24     0.25031    0.091176
  25     0.26016    0.096755
  26     0.27004     0.10245
  27     0.28004     0.10831
  28     0.29032     0.11441
  29     0.30039      0.1205
  30     0.31021     0.12656
  31     0.32018     0.13284
  32     0.33003     0.13917
  33     0.34001     0.14567
  34     0.35003     0.15232
  35     0.36032     0.15925
  36     0.37012     0.16599
  37      0.3802     0.17307
  38     0.39082     0.18067
  39     0.40021      0.1875
  40        0.41     0.19479
  41     0.42014     0.20244
  42     0.43053      0.2104
  43     0.44039     0.21806
  44     0.45005      0.2257
  45     0.46021     0.23384
  46      0.4701     0.24192
  47     0.48013      0.2502
  48     0.49005     0.25848
  49     0.50081     0.26759
  50     0.51091     0.27629
  51     0.52017     0.28437
  52     0.53004      0.2931
  53     0.54006     0.30209
  54     0.55002     0.31114
  55     0.56036     0.32069
  56      0.5701     0.32984
  57     0.58012      0.3394
  58     0.59027     0.34924
  59     0.60075     0.35953
  60     0.61004     0.36876
  61     0.62079     0.37956
  62     0.63005     0.38896
  63      0.6401     0.39934
  64     0.65012     0.40984
  65     0.66027     0.42065
  66     0.67019     0.43135
  67      0.6801      0.4422
  68     0.69004     0.45327
  69     0.70005     0.46464
  70      0.7102     0.47631
  71     0.72028     0.48809
  72     0.73023     0.49995
  73     0.74023     0.51205
  74     0.75006     0.52412
  75     0.76029     0.53689
  76     0.77023     0.54939
  77     0.78071     0.56282
  78     0.79009     0.57514
  79     0.80008     0.58861
  80      0.8101     0.60241
  81     0.82032     0.61681
  82     0.83002     0.63079
  83     0.84026     0.64594
  84     0.85041     0.66125
  85     0.86018     0.67633
  86     0.87032     0.69241
  87     0.88004     0.70833
  88     0.89011     0.72538
  89      0.9003     0.74313
  90     0.91127     0.76275
  91     0.92002     0.77888
  92     0.93047     0.79885
  93     0.94005     0.81808
  94     0.95011     0.83927
  95     0.96002     0.86134
  96     0.97002     0.88542
  97     0.98006     0.91258
  98     0.99037      0.9461
  99           1           1
-----------------------------------------

----------------- PPP$ and local currency --------------
         PPP used in computation: 0.758254
     Data mean in local currency: 693.752
               Data mean in PPP$: 945.4
        Poverty line in PPP$/Day: 1.9
      Poverty line in PPP$/Month: 57.7917
  Poverty line in local currency: 42.4086
-------------------------------------------------------

----------------- Estimation result --------------
     Number of observation: 4362
          Total population: 0.999999
              Total wealth: 914.933(PPP$)
                   Minimum: -164.852(PPP$)
                   Maximum: 14974.1(PPP$)
             Headcount(HC): 0.0147013
          Poverty gap (PG): 0.0175037
       Poverty gap squared: 0.0305414
                      Gini: 0.344776
                    Median: 806.289
                       MLD: 0.260064
                      Watt: 0.00535184
--------------------------------------------------

-------------------------------- Income or Consumption share by deciles (%) -------------------------------------
     2.2157     4.2679     5.5431     6.7084     7.9552     9.1889     10.579     12.392      15.41      25.74
-----------------------------------------------------------------------------------------------------------------


