

**********************************************************************************************
**                                   Basic Information                                      **
**********************************************************************************************

----------------- Dataset Information -----------------
                         Country: Greece
                    Country dode: GRC
                       Data Year: 2006
                        Coverage: National
             Welfare measurement: Income
                     Data format: Unit record
                     Data source: GRC_N2006Y
                  Data time span: UnDefined
-------------------------------------------------------


----------- Distribution ------------
   i           P           L 
-------------------------------------
   0    0.010068 -0.00044423
   1    0.021113  0.00095087
   2    0.030338   0.0026136
   3    0.040082   0.0047114
   4    0.050171   0.0072363
   5    0.060393    0.010098
   6    0.070538     0.01317
   7    0.080179    0.016253
   8    0.090256    0.019647
   9     0.10031    0.023201
  10     0.11032     0.02692
  11     0.12007    0.030665
  12     0.13008    0.034611
  13      0.1401    0.038653
  14        0.15    0.042773
  15     0.16088    0.047452
  16     0.17006    0.051516
  17     0.18031    0.056197
  18     0.19016    0.060805
  19     0.20008    0.065552
  20     0.21019    0.070504
  21     0.22028    0.075543
  22     0.23042    0.080708
  23     0.24019    0.085797
  24     0.25007    0.091033
  25     0.26004    0.096428
  26      0.2701     0.10199
  27     0.28018      0.1077
  28      0.2901     0.11345
  29     0.30004     0.11934
  30     0.31027     0.12553
  31     0.32027     0.13168
  32     0.33002     0.13778
  33     0.34025     0.14427
  34     0.35011     0.15062
  35     0.36001     0.15712
  36     0.37081     0.16433
  37     0.38015     0.17071
  38     0.39007     0.17757
  39     0.40031     0.18477
  40     0.41011     0.19179
  41     0.42031     0.19922
  42     0.43448     0.20979
  43     0.44004       0.214
  44      0.4503     0.22186
  45     0.46037     0.22971
  46     0.47014     0.23745
  47     0.48029     0.24564
  48     0.49038     0.25389
  49      0.5001     0.26196
  50     0.51046     0.27069
  51     0.52008     0.27892
  52     0.53027     0.28776
  53     0.54111     0.29731
  54     0.55011     0.30535
  55      0.5601     0.31439
  56     0.57025     0.32368
  57     0.58067     0.33336
  58     0.59003     0.34218
  59     0.60006     0.35181
  60     0.61007     0.36155
  61     0.62007     0.37142
  62      0.6302     0.38156
  63     0.64013     0.39159
  64     0.65005     0.40178
  65     0.66006     0.41224
  66     0.67035     0.42317
  67     0.68003     0.43359
  68     0.69004     0.44453
  69     0.70011     0.45572
  70     0.71019     0.46713
  71     0.72006      0.4785
  72     0.73037     0.49054
  73     0.74017      0.5022
  74     0.75006     0.51421
  75     0.76037     0.52699
  76      0.7702     0.53945
  77     0.78013     0.55228
  78     0.79033     0.56572
  79     0.80021     0.57898
  80     0.81016     0.59255
  81     0.82035     0.60678
  82     0.83035     0.62113
  83     0.84005     0.63545
  84     0.85013     0.65064
  85     0.86004     0.66591
  86     0.87009     0.68185
  87     0.88029     0.69849
  88     0.89006     0.71487
  89     0.90019     0.73237
  90     0.91006     0.74997
  91     0.92042     0.76915
  92     0.93014     0.78777
  93     0.94008     0.80784
  94        0.95     0.82918
  95     0.96002     0.85231
  96      0.9701     0.87789
  97     0.98002     0.90613
  98     0.99045     0.94309
  99           1           1
-----------------------------------------

----------------- PPP$ and local currency --------------
         PPP used in computation: 0.758254
     Data mean in local currency: 664.886
               Data mean in PPP$: 1029.08
        Poverty line in PPP$/Day: 1.9
      Poverty line in PPP$/Month: 57.7917
  Poverty line in local currency: 37.3392
-------------------------------------------------------

----------------- Estimation result --------------
     Number of observation: 4576
          Total population: 0.999998
              Total wealth: 876.864(PPP$)
                   Minimum: -2391.3(PPP$)
                   Maximum: 10084.6(PPP$)
             Headcount(HC): 0.00848781
          Poverty gap (PG): 0.0182722
       Poverty gap squared: 0.320509
                      Gini: 0.354078
                    Median: 860.936
                       MLD: 0.244147
                      Watt: 0.0017135
--------------------------------------------------

-------------------------------- Income or Consumption share by deciles (%) -------------------------------------
      2.309     4.2424     5.3808     6.5232     7.7324     8.9872     10.385      12.31     15.335     26.796
-----------------------------------------------------------------------------------------------------------------


