

**********************************************************************************************
**                                   Basic Information                                      **
**********************************************************************************************

----------------- Dataset Information -----------------
                         Country: Greece
                    Country dode: GRC
                       Data Year: 2007
                        Coverage: National
             Welfare measurement: Income
                     Data format: Unit record
                     Data source: GRC_N2007Y
                  Data time span: UnDefined
-------------------------------------------------------


----------- Distribution ------------
   i           P           L 
-------------------------------------
   0    0.010149  -0.0022932
   1    0.020073  -0.0011579
   2    0.030082   0.0007101
   3    0.040211    0.003089
   4     0.05026   0.0057515
   5    0.061332   0.0089714
   6    0.070156    0.011711
   7    0.080142       0.015
   8    0.092556    0.019302
   9      0.1001    0.021997
  10     0.11023    0.025756
  11     0.12007    0.029555
  12     0.13001     0.03355
  13      0.1403    0.037855
  14     0.15019    0.042143
  15     0.16089    0.046883
  16     0.17021     0.05111
  17     0.18078    0.056053
  18     0.19003    0.060499
  19     0.20033    0.065593
  20     0.21049    0.070743
  21     0.22022    0.075779
  22     0.23015    0.081023
  23     0.24013    0.086387
  24     0.25041    0.092041
  25      0.2602    0.097535
  26     0.27015     0.10324
  27     0.28013     0.10907
  28     0.29004     0.11497
  29     0.30015     0.12112
  30     0.31013     0.12732
  31     0.32004     0.13355
  32      0.3302     0.14006
  33     0.34033     0.14667
  34      0.3503     0.15331
  35      0.3601     0.15995
  36     0.37018     0.16693
  37     0.38003     0.17388
  38     0.39002     0.18104
  39     0.40008     0.18837
  40     0.41034       0.196
  41     0.42019     0.20343
  42     0.43009       0.211
  43     0.44014     0.21882
  44     0.45027     0.22682
  45     0.46014     0.23476
  46     0.47001     0.24282
  47     0.48013     0.25121
  48     0.49011     0.25957
  49     0.50009     0.26803
  50     0.51014     0.27665
  51     0.52017     0.28539
  52     0.53032     0.29437
  53     0.54008     0.30309
  54     0.55015     0.31219
  55     0.56005     0.32127
  56     0.57017     0.33066
  57     0.58021     0.34008
  58      0.5902     0.34956
  59     0.60016     0.35911
  60     0.61007     0.36875
  61     0.62012     0.37868
  62     0.63008     0.38865
  63     0.64029     0.39904
  64     0.65057     0.40962
  65     0.66024     0.41971
  66     0.67007     0.43016
  67     0.68005     0.44096
  68     0.69021     0.45216
  69      0.7003     0.46347
  70     0.71004     0.47453
  71     0.72031     0.48643
  72     0.73011     0.49794
  73     0.74009     0.50987
  74     0.75029     0.52228
  75     0.76004     0.53436
  76     0.77011     0.54706
  77     0.78011     0.55993
  78     0.79014     0.57312
  79     0.80035     0.58681
  80     0.81003     0.60003
  81      0.8203     0.61432
  82     0.83014     0.62834
  83     0.84024     0.64303
  84     0.85012     0.65774
  85      0.8601     0.67301
  86     0.87019      0.6888
  87     0.88006     0.70464
  88     0.89007     0.72121
  89      0.9001     0.73842
  90     0.91016     0.75637
  91     0.92007     0.77477
  92     0.93022     0.79425
  93     0.94001     0.81386
  94     0.95012     0.83526
  95     0.96009     0.85792
  96     0.97008     0.88255
  97     0.98014     0.91001
  98     0.99004     0.94237
  99           1           1
-----------------------------------------

----------------- PPP$ and local currency --------------
         PPP used in computation: 0.758254
     Data mean in local currency: 701.3
               Data mean in PPP$: 1054.9
        Poverty line in PPP$/Day: 1.9
      Poverty line in PPP$/Month: 57.7917
  Poverty line in local currency: 38.4201
-------------------------------------------------------

----------------- Estimation result --------------
     Number of observation: 4986
          Total population: 1
              Total wealth: 924.888(PPP$)
                   Minimum: -2962.36(PPP$)
                   Maximum: 17518.3(PPP$)
             Headcount(HC): 0.0101494
          Poverty gap (PG): 0.0520074
       Poverty gap squared: 1.7573
                      Gini: 0.346101
                    Median: 898.506
                       MLD: 0.243973
                      Watt: 0.00245487
--------------------------------------------------

-------------------------------- Income or Consumption share by deciles (%) -------------------------------------
     2.1962     4.3468     5.5598     6.7284     7.9641     9.1001     10.418     12.322     15.191     26.175
-----------------------------------------------------------------------------------------------------------------


