

**********************************************************************************************
**                                   Basic Information                                      **
**********************************************************************************************

----------------- Dataset Information -----------------
                         Country: Greece
                    Country dode: GRC
                       Data Year: 2012
                        Coverage: National
             Welfare measurement: Income
                     Data format: Unit record
                     Data source: GRC_N2012Y
                  Data time span: UnDefined
-------------------------------------------------------


----------- Distribution ------------
   i           P           L 
-------------------------------------
   0    0.010078 -0.00010126
   1     0.02015    0.000463
   2    0.030333   0.0014778
   3    0.040077   0.0028607
   4    0.050007   0.0046289
   5    0.060092   0.0067083
   6    0.070498   0.0091938
   7    0.080099    0.011703
   8    0.090469    0.014608
   9     0.10036    0.017542
  10     0.11002    0.020521
  11      0.1201    0.023794
  12     0.13012    0.027212
  13      0.1402    0.030871
  14     0.15021    0.034666
  15     0.16004    0.038477
  16     0.17008    0.042505
  17     0.18018    0.046746
  18     0.19046    0.051253
  19     0.20001    0.055557
  20     0.21008    0.060209
  21     0.22001    0.064925
  22     0.23006    0.069848
  23     0.24007    0.074884
  24     0.25011    0.080049
  25      0.2602    0.085339
  26     0.27009    0.090607
  27     0.28017    0.096063
  28     0.29002     0.10151
  29     0.30019     0.10726
  30     0.31006     0.11296
  31     0.32029     0.11904
  32     0.33043     0.12522
  33     0.34005     0.13128
  34      0.3506     0.13809
  35     0.36041     0.14457
  36     0.37011     0.15115
  37     0.38125     0.15888
  38     0.39027     0.16525
  39     0.40026     0.17242
  40      0.4103     0.17976
  41     0.42002     0.18696
  42     0.43015     0.19461
  43     0.44017      0.2023
  44     0.45027     0.21019
  45     0.46036     0.21823
  46     0.47008     0.22613
  47     0.48005     0.23437
  48     0.49007      0.2428
  49         0.5     0.25127
  50     0.51013     0.26005
  51     0.52003     0.26875
  52     0.53006      0.2777
  53     0.54008     0.28679
  54     0.55046     0.29636
  55     0.56011     0.30537
  56     0.57195      0.3166
  57     0.58008     0.32443
  58     0.59005     0.33416
  59     0.60006     0.34409
  60     0.61003     0.35415
  61     0.62035      0.3647
  62     0.63021     0.37492
  63     0.64006     0.38526
  64     0.65011     0.39599
  65     0.66136      0.4082
  66     0.67022     0.41791
  67     0.68061     0.42942
  68     0.69007     0.44002
  69     0.70026     0.45164
  70     0.71002     0.46292
  71      0.7204     0.47514
  72     0.73013     0.48678
  73     0.74001     0.49883
  74     0.75003     0.51128
  75     0.76047     0.52449
  76     0.77007     0.53684
  77     0.78036     0.55036
  78     0.79006     0.56336
  79         0.8     0.57694
  80     0.81011     0.59104
  81     0.82009     0.60527
  82      0.8301     0.61986
  83     0.84017     0.63485
  84     0.85047     0.65062
  85     0.86018      0.6659
  86     0.87015     0.68195
  87     0.88035     0.69879
  88     0.89004     0.71523
  89     0.90012     0.73283
  90     0.91006     0.75073
  91     0.92003     0.76944
  92     0.93004     0.78913
  93     0.94009     0.80984
  94     0.95002     0.83142
  95     0.96002     0.85438
  96     0.97003      0.8791
  97     0.98009     0.90685
  98     0.99008     0.93892
  99           1           1
-----------------------------------------

----------------- PPP$ and local currency --------------
         PPP used in computation: 0.758254
     Data mean in local currency: 523.476
               Data mean in PPP$: 680.157
        Poverty line in PPP$/Day: 1.9
      Poverty line in PPP$/Month: 57.7917
  Poverty line in local currency: 44.4787
-------------------------------------------------------

----------------- Estimation result --------------
     Number of observation: 5491
          Total population: 0.999999
              Total wealth: 690.369(PPP$)
                   Minimum: -142.868(PPP$)
                   Maximum: 22856.8(PPP$)
             Headcount(HC): 0.021003
          Poverty gap (PG): 0.0147466
       Poverty gap squared: 0.0156005
                      Gini: 0.36682
                    Median: 584.69
                       MLD: 0.287177
                      Watt: 0.0106754
--------------------------------------------------

-------------------------------- Income or Consumption share by deciles (%) -------------------------------------
     1.7435     3.8119     5.1602      6.508     7.9033     9.2766      10.73      12.56     15.568     26.738
-----------------------------------------------------------------------------------------------------------------


