

**********************************************************************************************
**                                   Basic Information                                      **
**********************************************************************************************

----------------- Dataset Information -----------------
                         Country: Greece
                    Country dode: GRC
                       Data Year: 2004
                        Coverage: National
             Welfare measurement: Income
                     Data format: Unit record
                     Data source: GRC_N2004Y
                  Data time span: UnDefined
-------------------------------------------------------


----------- Distribution ------------
   i           P           L 
-------------------------------------
   0    0.010023  -0.0010044
   1    0.020013  0.00011414
   2    0.030002   0.0020631
   3    0.040955   0.0045992
   4    0.050314   0.0071185
   5     0.06029    0.010117
   6    0.070011     0.01325
   7    0.080006    0.016667
   8    0.090388    0.020422
   9      0.1002    0.024099
  10     0.11017    0.027957
  11     0.12007    0.031902
  12     0.13011    0.036011
  13      0.1402    0.040256
  14     0.15018    0.044553
  15     0.16022    0.048999
  16     0.17041    0.053683
  17     0.18045    0.058443
  18     0.19016    0.063157
  19      0.2002    0.068162
  20     0.21034    0.073319
  21     0.22024    0.078471
  22     0.23017    0.083757
  23     0.24004    0.089127
  24     0.25007    0.094666
  25     0.26006     0.10032
  26     0.27059     0.10639
  27     0.28001     0.11194
  28     0.29006     0.11798
  29     0.30021     0.12421
  30     0.31002     0.13033
  31     0.32001     0.13665
  32     0.33097     0.14372
  33     0.34003     0.14964
  34     0.35019     0.15639
  35     0.36006     0.16305
  36     0.37035     0.17007
  37     0.38027     0.17693
  38     0.39005     0.18382
  39     0.40003     0.19095
  40     0.41012      0.1983
  41     0.42045     0.20597
  42     0.43012     0.21326
  43     0.44017     0.22094
  44     0.45017     0.22869
  45     0.46049     0.23682
  46     0.47028     0.24466
  47     0.48016     0.25269
  48     0.49003     0.26082
  49     0.50021     0.26937
  50     0.51001     0.27772
  51     0.52027     0.28659
  52     0.53015     0.29527
  53     0.54016     0.30418
  54      0.5502     0.31324
  55     0.56002     0.32223
  56     0.57009     0.33159
  57     0.58015     0.34111
  58     0.59041     0.35095
  59      0.6001     0.36041
  60     0.61002     0.37028
  61     0.62036     0.38073
  62     0.63038     0.39099
  63     0.64004     0.40102
  64     0.65005     0.41157
  65     0.66006     0.42229
  66     0.67045     0.43362
  67     0.68059     0.44485
  68     0.69068     0.45617
  69     0.70011     0.46688
  70     0.71001     0.47828
  71     0.72002     0.48996
  72     0.73039     0.50226
  73     0.74018     0.51407
  74     0.75026     0.52645
  75     0.76008     0.53872
  76     0.77003     0.55139
  77     0.78002     0.56435
  78     0.79024     0.57786
  79     0.80004     0.59106
  80     0.81049     0.60544
  81     0.82011     0.61891
  82      0.8302     0.63333
  83     0.84005     0.64775
  84     0.85015     0.66283
  85     0.86017      0.6782
  86      0.8703     0.69419
  87     0.88012     0.71022
  88     0.89008     0.72698
  89     0.90002      0.7442
  90     0.91011     0.76239
  91     0.92015     0.78128
  92     0.93013     0.80089
  93      0.9401     0.82151
  94     0.95019     0.84345
  95     0.96005     0.86604
  96     0.97014     0.89119
  97     0.98004     0.91853
  98     0.99003     0.95019
  99           1           1
-----------------------------------------

----------------- PPP$ and local currency --------------
         PPP used in computation: 0.758254
     Data mean in local currency: 609.277
               Data mean in PPP$: 1007.65
        Poverty line in PPP$/Day: 1.9
      Poverty line in PPP$/Month: 57.7917
  Poverty line in local currency: 34.944
-------------------------------------------------------

----------------- Estimation result --------------
     Number of observation: 4495
          Total population: 0.999995
              Total wealth: 803.523(PPP$)
                   Minimum: -1263.86(PPP$)
                   Maximum: 9165.8(PPP$)
             Headcount(HC): 0.00993465
          Poverty gap (PG): 0.0275371
       Poverty gap squared: 0.260384
                      Gini: 0.339719
                    Median: 852.189
                       MLD: 0.232523
                      Watt: 0.00280407
--------------------------------------------------

-------------------------------- Income or Consumption share by deciles (%) -------------------------------------
     2.4023     4.4039     5.6022     6.6845     7.8262      9.113     10.644     12.425     15.315     25.584
-----------------------------------------------------------------------------------------------------------------


