

**********************************************************************************************
**                                   Basic Information                                      **
**********************************************************************************************

----------------- Dataset Information -----------------
                         Country: Greece
                    Country dode: GRC
                       Data Year: 2009
                        Coverage: National
             Welfare measurement: Income
                     Data format: Unit record
                     Data source: GRC_N2009Y
                  Data time span: UnDefined
-------------------------------------------------------


----------- Distribution ------------
   i           P           L 
-------------------------------------
   0    0.010032  -6.543E-05
   1    0.020181   0.0014103
   2    0.030135   0.0033018
   3    0.040171     0.00559
   4    0.050247   0.0081981
   5    0.061152    0.011297
   6    0.070089     0.01406
   7    0.080108    0.017357
   8    0.090078    0.020847
   9     0.10001    0.024492
  10     0.11013    0.028351
  11     0.12047    0.032434
  12     0.13054    0.036559
  13     0.14002    0.040621
  14     0.15002    0.044989
  15     0.16001    0.049486
  16     0.17028    0.054259
  17     0.18001    0.058936
  18      0.1903     0.06401
  19     0.20001    0.068917
  20     0.21036     0.07426
  21     0.22044    0.079611
  22     0.23002    0.084808
  23     0.24001    0.090311
  24     0.25032    0.096123
  25     0.26013     0.10176
  26      0.2718     0.10858
  27     0.28005     0.11349
  28     0.29115     0.12023
  29     0.30009     0.12577
  30     0.31002     0.13202
  31     0.32006     0.13847
  32        0.33     0.14497
  33     0.34019     0.15174
  34     0.35006     0.15841
  35     0.36004     0.16526
  36     0.37023     0.17235
  37     0.38007     0.17931
  38     0.39078     0.18697
  39     0.40001     0.19369
  40     0.41024     0.20127
  41     0.42001     0.20861
  42        0.43     0.21624
  43     0.44042     0.22432
  44     0.45006     0.23193
  45     0.46004     0.23992
  46     0.47056     0.24847
  47     0.48013     0.25635
  48     0.49016     0.26473
  49     0.50032     0.27334
  50     0.51004     0.28171
  51     0.52015     0.29055
  52     0.53008     0.29936
  53     0.54012     0.30841
  54     0.55027     0.31771
  55     0.56011     0.32682
  56     0.57011     0.33618
  57      0.5804     0.34593
  58     0.59021     0.35536
  59     0.60011       0.365
  60     0.61051     0.37525
  61      0.6203     0.38503
  62     0.63055     0.39541
  63     0.64103     0.40614
  64     0.65009     0.41553
  65     0.66038     0.42636
  66     0.67028     0.43686
  67     0.68077     0.44818
  68     0.69003     0.45826
  69     0.70209      0.4716
  70     0.71004     0.48052
  71     0.72017     0.49207
  72     0.73034     0.50383
  73     0.74011     0.51533
  74     0.75012     0.52729
  75     0.76081     0.54032
  76     0.77061     0.55249
  77     0.78006     0.56441
  78     0.79002     0.57716
  79     0.80016     0.59043
  80     0.81004     0.60357
  81     0.82012     0.61725
  82     0.83122     0.63267
  83      0.8401     0.64524
  84     0.85125      0.6615
  85     0.86003     0.67464
  86     0.87021     0.69027
  87     0.88001     0.70586
  88     0.89052     0.72318
  89     0.90005     0.73933
  90     0.91007     0.75685
  91     0.92101     0.77684
  92     0.93001     0.79394
  93     0.94031     0.81443
  94     0.95016     0.83526
  95     0.96001     0.85742
  96     0.97013     0.88248
  97     0.98017     0.91142
  98     0.99012     0.94448
  99           1           1
-----------------------------------------

----------------- PPP$ and local currency --------------
         PPP used in computation: 0.758254
     Data mean in local currency: 766.156
               Data mean in PPP$: 1093.27
        Poverty line in PPP$/Day: 1.9
      Poverty line in PPP$/Month: 57.7917
  Poverty line in local currency: 40.4999
-------------------------------------------------------

----------------- Estimation result --------------
     Number of observation: 5334
          Total population: 0.999999
              Total wealth: 1010.42(PPP$)
                   Minimum: -697.88(PPP$)
                   Maximum: 12597.7(PPP$)
             Headcount(HC): 0.00884133
          Poverty gap (PG): 0.0122617
       Poverty gap squared: 0.0323685
                      Gini: 0.338199
                    Median: 932.276
                       MLD: 0.23468
                      Watt: 0.000682117
--------------------------------------------------

-------------------------------- Income or Consumption share by deciles (%) -------------------------------------
     2.4487     4.4426     5.6799     6.7971     7.9379      9.183      10.44     12.093     14.902     26.076
-----------------------------------------------------------------------------------------------------------------


