

**********************************************************************************************
**                                   Basic Information                                      **
**********************************************************************************************

----------------- Dataset Information -----------------
                         Country: Greece
                    Country dode: GRC
                       Data Year: 2005
                        Coverage: National
             Welfare measurement: Income
                     Data format: Unit record
                     Data source: GRC_N2005Y
                  Data time span: UnDefined
-------------------------------------------------------


----------- Distribution ------------
   i           P           L 
-------------------------------------
   0    0.010249  -0.0015809
   1    0.020006 -0.00019863
   2    0.030087   0.0017383
   3    0.040397   0.0041765
   4    0.050259   0.0068206
   5    0.060036   0.0096341
   6    0.070024    0.012667
   7    0.080502    0.016056
   8    0.090015    0.019267
   9      0.1001    0.022838
  10     0.11009    0.026522
  11     0.12002    0.030318
  12     0.13009    0.034289
  13     0.14045    0.038498
  14     0.15003    0.042511
  15     0.16022    0.046912
  16      0.1701    0.051281
  17     0.18005    0.055806
  18     0.19004    0.060492
  19     0.20005    0.065349
  20     0.21045    0.070562
  21     0.22019    0.075523
  22     0.23004    0.080645
  23     0.24015    0.086012
  24      0.2501    0.091397
  25     0.26004     0.09689
  26     0.27091     0.10301
  27      0.2801     0.10828
  28     0.29068     0.11445
  29     0.30074     0.12043
  30     0.31031      0.1262
  31     0.32021     0.13227
  32      0.3301     0.13846
  33     0.34066      0.1452
  34     0.35029     0.15146
  35     0.36005     0.15789
  36     0.37043     0.16487
  37     0.38026     0.17161
  38     0.39016     0.17848
  39      0.4002     0.18558
  40     0.41006     0.19268
  41     0.42025     0.20016
  42     0.43002     0.20744
  43     0.44068     0.21555
  44     0.45002     0.22276
  45     0.46017     0.23073
  46     0.47006      0.2386
  47     0.48003     0.24665
  48     0.49089     0.25556
  49     0.50009     0.26318
  50     0.51041     0.27185
  51     0.52045     0.28041
  52      0.5301     0.28877
  53     0.54007     0.29752
  54     0.55004     0.30643
  55     0.56034     0.31579
  56      0.5708     0.32544
  57     0.58021     0.33425
  58     0.59042     0.34393
  59     0.60007     0.35323
  60     0.61012     0.36307
  61      0.6202      0.3731
  62     0.63005     0.38306
  63     0.64011     0.39337
  64     0.65013      0.4038
  65     0.66007     0.41428
  66     0.67017      0.4251
  67     0.68006     0.43588
  68     0.69005     0.44697
  69     0.70012     0.45834
  70     0.71023     0.46994
  71     0.72025     0.48162
  72     0.73031     0.49353
  73     0.74005     0.50526
  74     0.75019     0.51765
  75     0.76001     0.52979
  76     0.77008     0.54245
  77     0.78018     0.55539
  78     0.79044     0.56881
  79     0.80013     0.58171
  80     0.81053     0.59587
  81     0.82026     0.60936
  82     0.83006     0.62332
  83     0.84005     0.63803
  84     0.85011     0.65325
  85     0.86009     0.66873
  86     0.87035     0.68506
  87     0.88031      0.7014
  88     0.89009     0.71807
  89     0.90008     0.73571
  90     0.91003     0.75382
  91     0.92019     0.77303
  92     0.93058      0.7936
  93     0.94033      0.8137
  94     0.95015     0.83509
  95     0.96005     0.85829
  96     0.97014      0.8843
  97     0.98004     0.91318
  98     0.99005     0.94661
  99           1           1
-----------------------------------------

----------------- PPP$ and local currency --------------
         PPP used in computation: 0.758254
     Data mean in local currency: 637.158
               Data mean in PPP$: 1017.68
        Poverty line in PPP$/Day: 1.9
      Poverty line in PPP$/Month: 57.7917
  Poverty line in local currency: 36.1828
-------------------------------------------------------

----------------- Estimation result --------------
     Number of observation: 4452
          Total population: 0.999999
              Total wealth: 840.295(PPP$)
                   Minimum: -5550.03(PPP$)
                   Maximum: 12418.9(PPP$)
             Headcount(HC): 0.00708941
          Poverty gap (PG): 0.039621
       Poverty gap squared: 1.36005
                      Gini: 0.350993
                    Median: 848.856
                       MLD: 0.233696
                      Watt: 0.000575222
--------------------------------------------------

-------------------------------- Income or Consumption share by deciles (%) -------------------------------------
     2.2803      4.252     5.4667      6.545     7.7665     9.0053     10.505     12.333     15.403     26.443
-----------------------------------------------------------------------------------------------------------------


