

**********************************************************************************************
**                                   Basic Information                                      **
**********************************************************************************************

----------------- Dataset Information -----------------
                         Country: Guatemala
                    Country dode: GTM
                       Data Year: 2011
                        Coverage: National
             Welfare measurement: Income
                     Data format: Unit record
                     Data source: GTM_N2011Y
                  Data time span: UnDefined
-------------------------------------------------------


----------- Distribution ------------
   i           P           L 
-------------------------------------
   0    0.010006  0.00030689
   1    0.020049   0.0010787
   2    0.030047   0.0021066
   3     0.04007    0.003298
   4    0.050003   0.0046252
   5     0.06004   0.0061387
   6    0.070081   0.0077719
   7    0.080083   0.0094996
   8    0.090004    0.011351
   9     0.10007    0.013366
  10     0.11013    0.015492
  11     0.12002    0.017674
  12     0.13005    0.019974
  13     0.14017    0.022407
  14     0.15002    0.024852
  15     0.16003    0.027429
  16     0.17004    0.030108
  17     0.18002    0.032894
  18     0.19017    0.035808
  19     0.20028    0.038782
  20     0.21009    0.041747
  21     0.22002    0.044838
  22     0.23017    0.048088
  23     0.24004    0.051341
  24     0.25003    0.054727
  25     0.26013    0.058261
  26     0.27002    0.061828
  27     0.28026    0.065611
  28     0.29031    0.069404
  29     0.30002     0.07314
  30     0.31003    0.077087
  31     0.32001    0.081097
  32     0.33004    0.085204
  33     0.34008    0.089409
  34     0.35002    0.093664
  35     0.36026     0.09815
  36     0.37001      0.1025
  37     0.38011     0.10709
  38     0.39009     0.11173
  39     0.40001     0.11643
  40     0.41002     0.12128
  41     0.42013      0.1263
  42     0.43016     0.13138
  43     0.44004     0.13651
  44        0.45      0.1418
  45     0.46003     0.14723
  46     0.47008     0.15281
  47     0.48022     0.15855
  48     0.49016      0.1643
  49     0.50001     0.17013
  50     0.51007     0.17618
  51     0.52001     0.18229
  52     0.53002     0.18855
  53     0.54006     0.19497
  54        0.55     0.20147
  55     0.56004     0.20817
  56        0.57     0.21495
  57     0.58008     0.22193
  58     0.59007     0.22897
  59     0.60001     0.23615
  60     0.61001     0.24353
  61     0.62004     0.25113
  62     0.63018     0.25903
  63     0.64009     0.26693
  64     0.65002     0.27505
  65     0.66002     0.28345
  66     0.67004     0.29207
  67     0.68001     0.30086
  68     0.69011     0.30997
  69     0.70011     0.31924
  70     0.71008     0.32871
  71     0.72003     0.33846
  72      0.7301     0.34857
  73      0.7403     0.35914
  74     0.75012     0.36957
  75     0.76053     0.38091
  76     0.77014     0.39169
  77     0.78001     0.40317
  78     0.79022     0.41546
  79     0.80015     0.42789
  80     0.81039     0.44119
  81     0.82014     0.45423
  82     0.83002     0.46798
  83     0.84005     0.48241
  84     0.85001     0.49719
  85     0.86001     0.51268
  86     0.87003     0.52879
  87     0.88004     0.54572
  88     0.89001     0.56333
  89     0.90029     0.58226
  90     0.91003     0.60119
  91     0.92003     0.62202
  92     0.93006     0.64439
  93     0.94001     0.66833
  94     0.95006     0.69473
  95     0.96002     0.72387
  96     0.97036     0.75915
  97     0.98022     0.79923
  98     0.99002     0.85353
  99           1           1
-----------------------------------------

----------------- PPP$ and local currency --------------
         PPP used in computation: 3.87324
     Data mean in local currency: 1023.3
               Data mean in PPP$: 261.713
        Poverty line in PPP$/Day: 1.9
      Poverty line in PPP$/Month: 57.7917
  Poverty line in local currency: 225.967
-------------------------------------------------------

----------------- Estimation result --------------
     Number of observation: 11564
          Total population: 1.43087E+07
              Total wealth: 3.78035E+09(PPP$)
                   Minimum: 0(PPP$)
                   Maximum: 55646.6(PPP$)
             Headcount(HC): 0.115264
          Poverty gap (PG): 0.0400256
       Poverty gap squared: 0.0208856
                      Gini: 0.523545
                    Median: 156.034
                       MLD: 0.505298
                      Watt: 0.0587389
--------------------------------------------------

-------------------------------- Income or Consumption share by deciles (%) -------------------------------------
     1.3352     2.5348     3.4434     4.3286     5.3702     6.6019     8.2996     10.857     15.402     41.827
-----------------------------------------------------------------------------------------------------------------


