

**********************************************************************************************
**                                   Basic Information                                      **
**********************************************************************************************

----------------- Dataset Information -----------------
                         Country: Honduras
                    Country dode: HND
                       Data Year: 2011
                        Coverage: National
             Welfare measurement: Income
                     Data format: Unit record
                     Data source: HND_N2011Y
                  Data time span: UnDefined
-------------------------------------------------------


----------- Distribution ------------
   i           P           L 
-------------------------------------
   0    0.010118  3.8267E-05
   1    0.020042  0.00025766
   2    0.030037  0.00066776
   3    0.040099   0.0012489
   4    0.050274   0.0020037
   5    0.060015   0.0028437
   6    0.070326   0.0038684
   7    0.080133   0.0049547
   8    0.090148   0.0061818
   9     0.10027   0.0075355
  10      0.1103   0.0089855
  11     0.12017    0.010504
  12     0.13001     0.01212
  13     0.14004    0.013872
  14     0.15008    0.015724
  15     0.16009    0.017639
  16      0.1703    0.019686
  17     0.18027    0.021759
  18     0.19001    0.023836
  19     0.20002    0.026064
  20     0.21007    0.028425
  21     0.22013    0.030893
  22     0.23002    0.033421
  23     0.24008    0.036091
  24     0.25005    0.038819
  25     0.26014    0.041672
  26     0.27037    0.044667
  27     0.28017    0.047639
  28     0.29006    0.050741
  29     0.30077    0.054202
  30     0.31016    0.057309
  31     0.32021    0.060728
  32      0.3301    0.064174
  33     0.34008    0.067741
  34     0.35012    0.071445
  35     0.36046    0.075369
  36     0.37009    0.079125
  37     0.38016    0.083167
  38     0.39016    0.087272
  39      0.4002    0.091489
  40     0.41026    0.095826
  41     0.42002     0.10016
  42     0.43007     0.10473
  43     0.44078     0.10974
  44     0.45002     0.11416
  45     0.46016     0.11913
  46      0.4701     0.12412
  47     0.48011     0.12929
  48     0.49092     0.13506
  49     0.50005     0.14006
  50     0.51013     0.14572
  51     0.52007     0.15146
  52      0.5301     0.15737
  53     0.54183     0.16444
  54     0.55014     0.16955
  55      0.5604     0.17601
  56      0.5711     0.18289
  57     0.58003     0.18873
  58      0.5907     0.19586
  59     0.60008     0.20229
  60     0.61005     0.20929
  61     0.62052     0.21686
  62     0.63019     0.22401
  63     0.64005     0.23147
  64     0.65004     0.23923
  65     0.66012     0.24732
  66     0.67014     0.25558
  67     0.68006     0.26397
  68     0.69012     0.27273
  69     0.70039     0.28194
  70      0.7101     0.29093
  71     0.72005     0.30042
  72     0.73013     0.31035
  73     0.74004     0.32038
  74      0.7502     0.33094
  75      0.7601     0.34152
  76     0.77029     0.35272
  77     0.78001     0.36379
  78     0.79035     0.37601
  79     0.80029     0.38815
  80     0.81019     0.40067
  81     0.82008     0.41375
  82     0.83009     0.42748
  83     0.84032     0.44211
  84     0.85006     0.45658
  85     0.86035     0.47248
  86     0.87003     0.48817
  87     0.88017     0.50565
  88     0.89036     0.52435
  89     0.90225     0.54777
  90     0.91014     0.56424
  91     0.92002     0.58628
  92     0.93013     0.61051
  93     0.94013     0.63677
  94     0.95001     0.66521
  95     0.96019     0.69781
  96        0.97     0.73376
  97     0.98002     0.77716
  98     0.99022     0.83762
  99           1           1
-----------------------------------------

----------------- PPP$ and local currency --------------
         PPP used in computation: 10.0803
     Data mean in local currency: 2715.27
               Data mean in PPP$: 269.718
        Poverty line in PPP$/Day: 1.9
      Poverty line in PPP$/Month: 57.7917
  Poverty line in local currency: 581.794
-------------------------------------------------------

----------------- Estimation result --------------
     Number of observation: 5139
          Total population: 7.86308E+06
              Total wealth: 2.11803E+09(PPP$)
                   Minimum: 0(PPP$)
                   Maximum: 40414.8(PPP$)
             Headcount(HC): 0.187506
          Poverty gap (PG): 0.0787805
       Poverty gap squared: 0.0491306
                      Gini: 0.573987
                    Median: 149.292
                       MLD: 0.679605
                      Watt: 0.127849
--------------------------------------------------

-------------------------------- Income or Consumption share by deciles (%) -------------------------------------
    0.74991     1.8561     2.7893     3.7451     4.8625     6.2205     7.9357      10.62     15.555     45.666
-----------------------------------------------------------------------------------------------------------------


