

**********************************************************************************************
**                                   Basic Information                                      **
**********************************************************************************************

----------------- Dataset Information -----------------
                         Country: Honduras
                    Country dode: HND
                       Data Year: 1999
                        Coverage: National
             Welfare measurement: Income
                     Data format: Unit record
                     Data source: HND_N1999Y
                  Data time span: UnDefined
-------------------------------------------------------


----------- Distribution ------------
   i           P           L 
-------------------------------------
   0    0.022906           0
   1    0.022906           0
   2     0.03004  0.00012878
   3    0.040452  0.00047898
   4    0.050346  0.00096035
   5    0.060054   0.0015901
   6    0.070204   0.0023757
   7    0.080371   0.0033108
   8    0.090402   0.0043637
   9     0.10009   0.0054905
  10     0.11099   0.0069039
  11     0.12075   0.0082742
  12     0.13027   0.0097229
  13     0.14016    0.011327
  14     0.15014    0.013042
  15     0.16116    0.015071
  16     0.17015    0.016805
  17     0.18034    0.018867
  18      0.1902    0.020966
  19      0.2002    0.023195
  20      0.2128    0.026179
  21     0.22034    0.028034
  22     0.23095    0.030733
  23     0.24044    0.033247
  24     0.25073    0.036076
  25     0.26014    0.038784
  26     0.27021    0.041789
  27     0.28001    0.044852
  28     0.29009    0.048106
  29     0.30075    0.051651
  30     0.31082    0.055124
  31     0.32004    0.058382
  32     0.33009    0.062054
  33     0.34409    0.067422
  34     0.35003    0.069764
  35     0.36023     0.07389
  36     0.37002    0.077985
  37     0.38035    0.082428
  38     0.39043    0.086875
  39     0.40012    0.091241
  40     0.41009    0.095828
  41     0.42021     0.10062
  42      0.4304     0.10558
  43     0.44253      0.1117
  44     0.45001     0.11555
  45     0.46023     0.12097
  46     0.47017     0.12633
  47     0.48008     0.13179
  48     0.49015     0.13748
  49     0.50038     0.14341
  50     0.51003     0.14915
  51     0.52003     0.15523
  52     0.53002     0.16146
  53     0.54257      0.1695
  54     0.55007     0.17443
  55     0.56018     0.18123
  56     0.57559     0.19194
  57     0.58031     0.19528
  58     0.59005     0.20234
  59     0.60002     0.20975
  60     0.61005     0.21747
  61     0.62016     0.22545
  62     0.63049     0.23376
  63     0.64016     0.24171
  64     0.65038     0.25035
  65     0.66005     0.25874
  66     0.67021     0.26785
  67     0.68099     0.27783
  68     0.69133     0.28762
  69     0.70026     0.29627
  70     0.71021     0.30607
  71     0.72004     0.31604
  72     0.73012     0.32663
  73     0.74016     0.33755
  74      0.7509     0.34965
  75     0.76046     0.36076
  76     0.77023     0.37242
  77     0.78011     0.38455
  78     0.79003     0.39721
  79     0.80006     0.41056
  80     0.81013     0.42459
  81     0.82055      0.4396
  82     0.83007     0.45398
  83     0.84018     0.46986
  84     0.85008     0.48608
  85     0.86028     0.50367
  86     0.87022     0.52171
  87     0.88015     0.54063
  88     0.89022     0.56071
  89     0.90006      0.5816
  90     0.91022     0.60442
  91     0.92032     0.62847
  92     0.93017     0.65359
  93     0.94003     0.68059
  94        0.95      0.7103
  95      0.9601     0.74401
  96     0.97006     0.78175
  97     0.98016     0.82788
  98     0.99003     0.88836
  99           1           1
-----------------------------------------

----------------- PPP$ and local currency --------------
         PPP used in computation: 10.0803
     Data mean in local currency: 783.98
               Data mean in PPP$: 194.936
        Poverty line in PPP$/Day: 1.9
      Poverty line in PPP$/Month: 57.7917
  Poverty line in local currency: 232.422
-------------------------------------------------------

----------------- Estimation result --------------
     Number of observation: 3440
          Total population: 5.82252E+06
              Total wealth: 4.52837E+08(PPP$)
                   Minimum: 0(PPP$)
                   Maximum: 2509.84(PPP$)
             Headcount(HC): 0.26451
          Poverty gap (PG): 0.129353
       Poverty gap squared: 0.0868162
                      Gini: 0.553513
                    Median: 114.388
                       MLD: 0.745329
                      Watt: 0.182154
--------------------------------------------------

-------------------------------- Income or Consumption share by deciles (%) -------------------------------------
    0.54796     1.7671     2.8252     3.9785     5.2007     6.6539     8.6287     11.446     17.099     41.852
-----------------------------------------------------------------------------------------------------------------


