

**********************************************************************************************
**                                   Basic Information                                      **
**********************************************************************************************

----------------- Dataset Information -----------------
                         Country: Honduras
                    Country dode: HND
                       Data Year: 1992
                        Coverage: National
             Welfare measurement: Income
                     Data format: Unit record
                     Data source: HND_N1992Y
                  Data time span: UnDefined
-------------------------------------------------------


----------- Distribution ------------
   i           P           L 
-------------------------------------
   0    0.010104  0.00029057
   1    0.020377   0.0010159
   2    0.031022   0.0021103
   3    0.042975   0.0036093
   4     0.05163   0.0048337
   5    0.061245   0.0063018
   6    0.072877   0.0082179
   7    0.080246   0.0095337
   8    0.090089    0.011406
   9     0.10034    0.013453
  10     0.11055    0.015598
  11     0.12038    0.017793
  12     0.13218    0.020556
  13     0.14016    0.022495
  14     0.15045    0.025068
  15     0.16181    0.028011
  16     0.17285    0.030953
  17     0.18033    0.033001
  18     0.19131    0.036112
  19     0.20053    0.038785
  20     0.21045    0.041715
  21       0.221    0.044934
  22     0.23042    0.047932
  23     0.24051    0.051232
  24     0.25469     0.05596
  25     0.26086    0.058059
  26     0.27334    0.062449
  27     0.28033    0.064988
  28     0.29105    0.069007
  29     0.30001    0.072472
  30     0.31253    0.077448
  31     0.32056     0.08072
  32     0.33008    0.084679
  33     0.34031    0.089023
  34     0.35059    0.093503
  35     0.36023    0.097783
  36     0.37076     0.10261
  37     0.38101     0.10746
  38     0.39152     0.11252
  39      0.4008     0.11705
  40     0.41029     0.12181
  41     0.42023     0.12692
  42     0.43007      0.1321
  43       0.441     0.13798
  44     0.45341     0.14483
  45      0.4604     0.14876
  46     0.47022     0.15437
  47     0.48057     0.16038
  48     0.49018       0.166
  49     0.50003     0.17187
  50      0.5103     0.17812
  51     0.52032      0.1844
  52     0.53018     0.19073
  53     0.54045     0.19745
  54     0.55514     0.20724
  55     0.56034     0.21074
  56     0.57365     0.21996
  57     0.58011     0.22452
  58     0.59022     0.23179
  59     0.60041     0.23927
  60     0.61028     0.24672
  61     0.62275     0.25638
  62     0.63232     0.26392
  63     0.64003     0.27008
  64     0.65097     0.27905
  65     0.66081     0.28728
  66     0.67328     0.29802
  67     0.68039      0.3043
  68     0.69071     0.31363
  69     0.70222     0.32427
  70     0.71005      0.3317
  71     0.72064     0.34202
  72     0.73048     0.35184
  73     0.74117     0.36284
  74     0.75036     0.37258
  75     0.76001     0.38317
  76     0.77607     0.40156
  77      0.7812     0.40758
  78     0.79011     0.41837
  79     0.80095       0.432
  80     0.81118     0.44529
  81     0.82038     0.45757
  82     0.83039     0.47136
  83     0.84168      0.4875
  84     0.85006     0.49998
  85     0.86038      0.5161
  86     0.87036      0.5324
  87     0.88074     0.55029
  88     0.89022      0.5675
  89      0.9004      0.5871
  90      0.9104     0.60748
  91     0.92001      0.6282
  92     0.93002      0.6515
  93      0.9402      0.6775
  94      0.9504     0.70678
  95     0.96001     0.73861
  96     0.97005     0.77722
  97     0.98048     0.82645
  98     0.99032     0.88515
  99           1           1
-----------------------------------------

----------------- PPP$ and local currency --------------
         PPP used in computation: 10.0803
     Data mean in local currency: 189.696
               Data mean in PPP$: 153.358
        Poverty line in PPP$/Day: 1.9
      Poverty line in PPP$/Month: 57.7917
  Poverty line in local currency: 71.4855
-------------------------------------------------------

----------------- Estimation result --------------
     Number of observation: 1820
          Total population: 4.53672E+06
              Total wealth: 8.53742E+07(PPP$)
                   Minimum: 0(PPP$)
                   Maximum: 1625.24(PPP$)
             Headcount(HC): 0.286651
          Poverty gap (PG): 0.107963
       Poverty gap squared: 0.0564341
                      Gini: 0.518285
                    Median: 92.0477
                       MLD: 0.493306
                      Watt: 0.158794
--------------------------------------------------

-------------------------------- Income or Consumption share by deciles (%) -------------------------------------
     1.3386     2.5245     3.3836     4.4199     5.5183      6.712     8.3252     10.858     15.553     41.366
-----------------------------------------------------------------------------------------------------------------


