

**********************************************************************************************
**                                   Basic Information                                      **
**********************************************************************************************

----------------- Dataset Information -----------------
                         Country: Honduras
                    Country dode: HND
                       Data Year: 1991
                        Coverage: National
             Welfare measurement: Income
                     Data format: Unit record
                     Data source: HND_N1991Y
                  Data time span: UnDefined
-------------------------------------------------------


----------- Distribution ------------
   i           P           L 
-------------------------------------
   0    0.010389  0.00029797
   1    0.021442   0.0010969
   2    0.030846   0.0019881
   3    0.040117   0.0030205
   4    0.053045   0.0046914
   5    0.060353   0.0057274
   6    0.076864   0.0083155
   7    0.080573   0.0089404
   8     0.09029    0.010645
   9     0.10018      0.0125
  10     0.11416    0.015315
  11     0.12011     0.01656
  12     0.13066    0.018863
  13     0.14132    0.021303
  14     0.15498    0.024579
  15     0.16088    0.026061
  16     0.17004    0.028432
  17     0.18464    0.032356
  18     0.19011    0.033859
  19     0.20002    0.036658
  20     0.21042    0.039705
  21     0.22072    0.042814
  22     0.23012    0.045746
  23     0.24755    0.051377
  24      0.2501    0.052219
  25     0.26026    0.055651
  26     0.27112     0.05945
  27     0.28021    0.062702
  28     0.29004    0.066307
  29     0.30186    0.070792
  30     0.31003    0.073987
  31     0.32714     0.08091
  32     0.33041    0.082248
  33     0.34011    0.086318
  34      0.3504    0.090758
  35     0.36055     0.09526
  36     0.37011    0.099605
  37     0.38064     0.10453
  38     0.39893     0.11338
  39     0.40017     0.11399
  40     0.41269     0.12025
  41     0.42161     0.12484
  42     0.43311      0.1309
  43      0.4455     0.13757
  44     0.45113     0.14066
  45     0.46258     0.14707
  46     0.47032     0.15147
  47     0.48026     0.15725
  48     0.49001     0.16307
  49     0.50007      0.1692
  50     0.51023     0.17552
  51      0.5223     0.18322
  52     0.53179     0.18938
  53     0.54135     0.19568
  54     0.55026     0.20167
  55     0.56039     0.20863
  56     0.57406     0.21825
  57     0.58011     0.22256
  58     0.59427     0.23292
  59     0.60006     0.23724
  60     0.61022       0.245
  61      0.6204     0.25304
  62     0.63672     0.26624
  63       0.641     0.26975
  64     0.65093     0.27807
  65     0.66043     0.28622
  66     0.67085     0.29542
  67     0.68006     0.30375
  68     0.69256     0.31538
  69      0.7028     0.32515
  70     0.71141     0.33353
  71     0.72016     0.34219
  72     0.73013     0.35237
  73     0.74041     0.36318
  74     0.75027     0.37377
  75     0.76332     0.38828
  76     0.77002     0.39596
  77     0.78003     0.40773
  78     0.79056     0.42057
  79      0.8015     0.43442
  80        0.81     0.44552
  81     0.82096     0.46049
  82     0.83022     0.47357
  83      0.8404     0.48846
  84     0.85002     0.50316
  85     0.86059     0.52012
  86        0.87     0.53585
  87     0.88027      0.5539
  88     0.89057     0.57316
  89     0.90003     0.59197
  90     0.91032     0.61378
  91     0.92044     0.63671
  92     0.93001     0.66018
  93     0.94004     0.68669
  94     0.95001      0.7157
  95      0.9601     0.74842
  96     0.97059     0.78779
  97     0.98016     0.82983
  98     0.99013     0.88582
  99           1           1
-----------------------------------------

----------------- PPP$ and local currency --------------
         PPP used in computation: 10.0803
     Data mean in local currency: 155.896
               Data mean in PPP$: 138.049
        Poverty line in PPP$/Day: 1.9
      Poverty line in PPP$/Month: 57.7917
  Poverty line in local currency: 65.2633
-------------------------------------------------------

----------------- Estimation result --------------
     Number of observation: 2718
          Total population: 4.36439E+06
              Total wealth: 6.74971E+07(PPP$)
                   Minimum: 0(PPP$)
                   Maximum: 3273.71(PPP$)
             Headcount(HC): 0.334093
          Poverty gap (PG): 0.133975
       Poverty gap squared: 0.0734542
                      Gini: 0.518507
                    Median: 84.6419
                       MLD: 0.500121
                      Watt: 0.201209
--------------------------------------------------

-------------------------------- Income or Consumption share by deciles (%) -------------------------------------
     1.2466     2.4188     3.3433     4.3819     5.5253      6.803     8.5296     11.004     15.937      40.81
-----------------------------------------------------------------------------------------------------------------


