

**********************************************************************************************
**                                   Basic Information                                      **
**********************************************************************************************

----------------- Dataset Information -----------------
                         Country: Honduras
                    Country dode: HND
                       Data Year: 1996
                        Coverage: National
             Welfare measurement: Income
                     Data format: Unit record
                     Data source: HND_N1996Y
                  Data time span: UnDefined
-------------------------------------------------------


----------- Distribution ------------
   i           P           L 
-------------------------------------
   0    0.010161  0.00023867
   1    0.021445   0.0008351
   2    0.030149   0.0014023
   3    0.040631    0.002221
   4    0.050224   0.0031033
   5    0.060255   0.0041448
   6    0.070754   0.0053337
   7    0.080897   0.0066196
   8    0.090374   0.0079177
   9     0.10005   0.0093115
  10     0.11072    0.010937
  11     0.12006    0.012448
  12      0.1303    0.014216
  13     0.14006     0.01598
  14      0.1537    0.018593
  15     0.16021    0.019885
  16     0.17047    0.022011
  17      0.1802    0.024118
  18     0.19137    0.026647
  19     0.20009    0.028695
  20     0.21017    0.031167
  21     0.22003    0.033669
  22     0.23007    0.036298
  23     0.24012    0.039024
  24     0.25002    0.041793
  25     0.26096    0.044965
  26     0.27027     0.04777
  27     0.28058    0.051005
  28     0.29016    0.054106
  29     0.30084    0.057707
  30     0.31348    0.062092
  31     0.32001    0.064422
  32     0.33048    0.068249
  33     0.34012    0.071863
  34     0.35018    0.075708
  35     0.36017    0.079617
  36      0.3709     0.08393
  37     0.38031    0.087808
  38     0.39059    0.092136
  39     0.40507     0.09842
  40     0.41041     0.10078
  41     0.42228     0.10619
  42     0.43021     0.10989
  43     0.44019     0.11465
  44     0.45011      0.1195
  45     0.46225     0.12563
  46     0.47019     0.12974
  47     0.48011     0.13502
  48     0.49012     0.14048
  49     0.50003     0.14602
  50     0.51466      0.1545
  51     0.52005     0.15768
  52     0.53302     0.16552
  53     0.54039     0.17005
  54     0.55296     0.17798
  55     0.56006     0.18254
  56     0.57001     0.18909
  57     0.58005     0.19587
  58      0.5905     0.20315
  59     0.60319     0.21228
  60        0.61     0.21733
  61     0.62256     0.22691
  62     0.63018     0.23285
  63     0.64085     0.24141
  64     0.65002     0.24896
  65      0.6605     0.25784
  66     0.67067     0.26667
  67     0.68003     0.27497
  68     0.69324     0.28707
  69     0.70089     0.29429
  70     0.71163     0.30468
  71     0.72452     0.31758
  72      0.7302     0.32339
  73     0.74019     0.33388
  74     0.75065     0.34517
  75     0.76035     0.35586
  76     0.77012     0.36702
  77     0.78023     0.37887
  78     0.79004      0.3909
  79     0.80053     0.40421
  80     0.81019     0.41676
  81     0.82021     0.43031
  82     0.83008     0.44424
  83     0.84446     0.46571
  84     0.85004     0.47432
  85     0.86047     0.49104
  86     0.87058     0.50801
  87     0.88004     0.52462
  88     0.89015     0.54351
  89     0.90139     0.56574
  90      0.9105     0.58478
  91     0.92014     0.60616
  92     0.93213     0.63538
  93     0.94028     0.65701
  94     0.95067      0.6874
  95     0.96003     0.71761
  96     0.97016     0.75515
  97     0.98012     0.79966
  98     0.99006     0.85835
  99           1           1
-----------------------------------------

----------------- PPP$ and local currency --------------
         PPP used in computation: 10.0803
     Data mean in local currency: 433.56
               Data mean in PPP$: 167.667
        Poverty line in PPP$/Day: 1.9
      Poverty line in PPP$/Month: 57.7917
  Poverty line in local currency: 149.44
-------------------------------------------------------

----------------- Estimation result --------------
     Number of observation: 2891
          Total population: 5.10352E+06
              Total wealth: 2.19505E+08(PPP$)
                   Minimum: 0(PPP$)
                   Maximum: 4364.94(PPP$)
             Headcount(HC): 0.303528
          Poverty gap (PG): 0.133434
       Poverty gap squared: 0.0777181
                      Gini: 0.557216
                    Median: 95.4704
                       MLD: 0.593496
                      Watt: 0.213557
--------------------------------------------------

-------------------------------- Income or Consumption share by deciles (%) -------------------------------------
    0.93049      1.937     2.8748     3.8798     4.9784     6.3978     8.3466     11.009     15.946     43.701
-----------------------------------------------------------------------------------------------------------------


