

**********************************************************************************************
**                                   Basic Information                                      **
**********************************************************************************************

----------------- Dataset Information -----------------
                         Country: Honduras
                    Country dode: HND
                       Data Year: 2007
                        Coverage: National
             Welfare measurement: Income
                     Data format: Unit record
                     Data source: HND_N2007Y
                  Data time span: UnDefined
-------------------------------------------------------


----------- Distribution ------------
   i           P           L 
-------------------------------------
   0    0.010092  0.00013595
   1    0.020056  0.00056555
   2    0.030045    0.001181
   3    0.040044   0.0019533
   4     0.05005   0.0028528
   5    0.060053   0.0038832
   6    0.070005   0.0050284
   7    0.080125   0.0062881
   8    0.090081   0.0076192
   9     0.10004   0.0090345
  10     0.11002    0.010541
  11     0.12045    0.012205
  12        0.13    0.013815
  13     0.14004      0.0156
  14     0.15013    0.017487
  15     0.16014    0.019456
  16     0.17009    0.021501
  17     0.18005     0.02363
  18     0.19002    0.025845
  19      0.2001    0.028165
  20     0.21003    0.030536
  21     0.22011    0.033032
  22     0.23027    0.035636
  23        0.24    0.038221
  24        0.25    0.040976
  25     0.26006    0.043849
  26     0.27038    0.046887
  27     0.28013    0.049855
  28     0.29002    0.052959
  29     0.30011    0.056224
  30     0.31024    0.059602
  31     0.32003    0.062963
  32     0.33007    0.066514
  33     0.34078    0.070416
  34     0.35006    0.073888
  35     0.36056    0.077919
  36      0.3701     0.08167
  37     0.38004    0.085686
  38     0.39009     0.08984
  39     0.40035    0.094197
  40     0.41017     0.09848
  41     0.42005     0.10289
  42     0.43007     0.10748
  43      0.4401     0.11218
  44     0.45006     0.11697
  45     0.46046      0.1221
  46        0.47     0.12692
  47     0.48002      0.1321
  48     0.49001      0.1374
  49     0.50002     0.14283
  50     0.51005     0.14842
  51     0.52007     0.15415
  52        0.53     0.15996
  53     0.54006       0.166
  54     0.55004     0.17213
  55     0.56001      0.1784
  56     0.57002     0.18486
  57        0.58     0.19149
  58     0.59001     0.19829
  59         0.6     0.20525
  60        0.61      0.2124
  61     0.62006     0.21978
  62     0.63005     0.22729
  63     0.64001       0.235
  64        0.65     0.24295
  65     0.66001     0.25113
  66     0.67006     0.25959
  67     0.68078     0.26885
  68     0.69005     0.27711
  69         0.7     0.28622
  70     0.71006     0.29574
  71      0.7201     0.30554
  72     0.73022     0.31572
  73     0.74227     0.32836
  74     0.75004     0.33679
  75     0.76005     0.34802
  76     0.77006     0.35963
  77     0.78003     0.37166
  78     0.79003     0.38413
  79     0.80002     0.39705
  80        0.81     0.41049
  81     0.82001     0.42446
  82     0.83001     0.43897
  83        0.84     0.45408
  84     0.85007     0.46997
  85        0.86     0.48638
  86     0.87002     0.50378
  87        0.88     0.52211
  88     0.89005     0.54157
  89         0.9     0.56191
  90     0.91004     0.58369
  91     0.92022     0.60751
  92     0.93001     0.63223
  93     0.94001     0.65968
  94      0.9508     0.69248
  95        0.96     0.72361
  96     0.97001     0.76266
  97        0.98     0.80909
  98        0.99      0.8693
  99           1           1
-----------------------------------------

----------------- PPP$ and local currency --------------
         PPP used in computation: 10.0803
     Data mean in local currency: 2058.48
               Data mean in PPP$: 271.401
        Poverty line in PPP$/Day: 1.9
      Poverty line in PPP$/Month: 57.7917
  Poverty line in local currency: 438.329
-------------------------------------------------------

----------------- Estimation result --------------
     Number of observation: 13811
          Total population: 7.31312E+06
              Total wealth: 1.4934E+09(PPP$)
                   Minimum: 0(PPP$)
                   Maximum: 17578.2(PPP$)
             Headcount(HC): 0.174293
          Poverty gap (PG): 0.069148
       Poverty gap squared: 0.0391168
                      Gini: 0.561608
                    Median: 149.249
                       MLD: 0.619109
                      Watt: 0.103581
--------------------------------------------------

-------------------------------- Income or Consumption share by deciles (%) -------------------------------------
    0.90288     1.9113     2.8046     3.7859     4.8778     6.2422     8.0969     11.081     16.488     43.809
-----------------------------------------------------------------------------------------------------------------


