

**********************************************************************************************
**                                   Basic Information                                      **
**********************************************************************************************

----------------- Dataset Information -----------------
                         Country: Honduras
                    Country dode: HND
                       Data Year: 1994
                        Coverage: National
             Welfare measurement: Income
                     Data format: Unit record
                     Data source: HND_N1994Y
                  Data time span: UnDefined
-------------------------------------------------------


----------- Distribution ------------
   i           P           L 
-------------------------------------
   0    0.010118  0.00024913
   1    0.020159  0.00078949
   2    0.030257   0.0014901
   3    0.040462   0.0023493
   4    0.050197    0.003302
   5    0.060049   0.0043752
   6    0.072828   0.0059519
   7    0.080476   0.0069964
   8     0.09098   0.0085314
   9     0.10101    0.010103
  10     0.11009    0.011595
  11     0.12006    0.013323
  12     0.13754    0.016651
  13     0.14007    0.017149
  14     0.15025    0.019225
  15     0.16012    0.021342
  16     0.17008    0.023574
  17     0.18023     0.02595
  18     0.19003    0.028331
  19     0.20384    0.031836
  20        0.21    0.033454
  21     0.22018    0.036206
  22     0.23004    0.038966
  23     0.24211    0.042453
  24     0.25006    0.044805
  25     0.26176    0.048361
  26     0.27073    0.051164
  27     0.28012    0.054206
  28     0.29266    0.058416
  29     0.30003    0.060938
  30     0.31054     0.06462
  31     0.32053    0.068249
  32     0.33016    0.071834
  33     0.34951    0.079295
  34     0.35063    0.079733
  35     0.36016    0.083532
  36     0.37041    0.087722
  37     0.38101    0.092206
  38     0.39043    0.096306
  39     0.40023     0.10067
  40     0.41008     0.10517
  41     0.42002     0.10983
  42     0.43062     0.11496
  43     0.44025     0.11972
  44     0.45082     0.12507
  45     0.46087     0.13025
  46     0.47017     0.13516
  47     0.48025     0.14061
  48     0.49283     0.14762
  49     0.50027     0.15183
  50     0.51014     0.15752
  51     0.52058      0.1636
  52     0.53041     0.16943
  53     0.54296     0.17708
  54     0.55013     0.18152
  55     0.56153      0.1888
  56     0.57082      0.1949
  57     0.58148     0.20209
  58     0.59303     0.21002
  59     0.60117     0.21577
  60     0.61057     0.22257
  61     0.62265     0.23167
  62      0.6303     0.23761
  63     0.64035     0.24562
  64     0.65057     0.25396
  65     0.66015       0.262
  66      0.6701     0.27051
  67     0.68007     0.27926
  68     0.69002     0.28826
  69     0.70024     0.29769
  70     0.71033     0.30725
  71      0.7201      0.3168
  72     0.73091     0.32771
  73     0.74019      0.3374
  74     0.75067     0.34866
  75     0.76009     0.35914
  76     0.77132     0.37209
  77     0.78193      0.3847
  78     0.79029     0.39493
  79     0.80026     0.40748
  80     0.81006     0.42023
  81     0.82065     0.43445
  82     0.83005      0.4476
  83     0.84056     0.46283
  84     0.85345     0.48248
  85     0.86002     0.49292
  86     0.87214     0.51309
  87     0.88037     0.52746
  88     0.89003     0.54545
  89     0.90079     0.56663
  90     0.91033     0.58667
  91     0.92152     0.61214
  92     0.93005     0.63315
  93     0.94002      0.6596
  94     0.95076     0.69124
  95     0.96006     0.72213
  96     0.97014     0.76139
  97     0.98014     0.80881
  98      0.9903     0.87307
  99           1           1
-----------------------------------------

----------------- PPP$ and local currency --------------
         PPP used in computation: 10.0803
     Data mean in local currency: 326.212
               Data mean in PPP$: 185.692
        Poverty line in PPP$/Day: 1.9
      Poverty line in PPP$/Month: 57.7917
  Poverty line in local currency: 101.525
-------------------------------------------------------

----------------- Estimation result --------------
     Number of observation: 2071
          Total population: 4.94865E+06
              Total wealth: 1.60145E+08(PPP$)
                   Minimum: 0(PPP$)
                   Maximum: 1527.73(PPP$)
             Headcount(HC): 0.267014
          Poverty gap (PG): 0.106391
       Poverty gap squared: 0.0602394
                      Gini: 0.550102
                    Median: 105.963
                       MLD: 0.568473
                      Watt: 0.170541
--------------------------------------------------

-------------------------------- Income or Consumption share by deciles (%) -------------------------------------
    0.99442     2.0917     3.0068     3.9637     5.1112     6.3264     8.2526     10.969     15.791     43.493
-----------------------------------------------------------------------------------------------------------------


