

**********************************************************************************************
**                                   Basic Information                                      **
**********************************************************************************************

----------------- Dataset Information -----------------
                         Country: Honduras
                    Country dode: HND
                       Data Year: 2013
                        Coverage: National
             Welfare measurement: Income
                     Data format: Unit record
                     Data source: HND_N2013Y
                  Data time span: UnDefined
-------------------------------------------------------


----------- Distribution ------------
   i           P           L 
-------------------------------------
   0    0.010163  0.00011913
   1    0.020055  0.00058119
   2    0.030013    0.001249
   3    0.040196   0.0020979
   4    0.050047   0.0030838
   5    0.060119   0.0042199
   6    0.070093   0.0054617
   7    0.080592   0.0068814
   8    0.090184   0.0082624
   9     0.10002   0.0097884
  10     0.11034     0.01151
  11     0.12005    0.013243
  12     0.13025    0.015159
  13     0.14019    0.017117
  14     0.15005     0.01916
  15     0.16015    0.021353
  16     0.17013    0.023609
  17     0.18028     0.02601
  18     0.19009    0.028431
  19     0.20012    0.030983
  20     0.21016    0.033621
  21     0.22001    0.036285
  22     0.23003    0.039064
  23     0.24003    0.041937
  24     0.25013    0.044954
  25     0.26005    0.048034
  26     0.27005     0.05125
  27     0.28007    0.054578
  28     0.29004    0.057969
  29     0.30001    0.061486
  30     0.31003    0.065144
  31     0.32022    0.068973
  32     0.33007    0.072789
  33     0.34019    0.076807
  34     0.35023    0.080916
  35     0.36011     0.08507
  36     0.37009    0.089371
  37     0.38037    0.093916
  38     0.39007    0.098322
  39     0.40023     0.10307
  40     0.41006     0.10775
  41     0.42011     0.11263
  42     0.43007     0.11757
  43     0.44009     0.12268
  44     0.45001     0.12791
  45     0.46012     0.13337
  46     0.47044     0.13907
  47     0.48001     0.14448
  48      0.4901     0.15035
  49     0.50021     0.15638
  50     0.51001     0.16236
  51     0.52023     0.16874
  52     0.53193     0.17622
  53     0.54006     0.18152
  54     0.55002     0.18816
  55     0.56024     0.19514
  56     0.57027     0.20214
  57     0.58024     0.20929
  58     0.59017     0.21659
  59      0.6003     0.22421
  60     0.61045     0.23207
  61     0.62004     0.23964
  62     0.63008     0.24775
  63     0.64009     0.25606
  64      0.6543     0.26819
  65     0.66006     0.27318
  66     0.67014     0.28213
  67     0.68009      0.2912
  68     0.69043     0.30086
  69     0.70027     0.31033
  70     0.71006     0.31999
  71      0.7201     0.33018
  72     0.73009     0.34059
  73     0.74007     0.35134
  74     0.75007     0.36244
  75     0.76002     0.37384
  76     0.77001     0.38566
  77     0.78011     0.39798
  78     0.79012     0.41059
  79     0.80008     0.42353
  80     0.81012     0.43698
  81     0.82012     0.45084
  82     0.83015     0.46534
  83     0.84011     0.48031
  84     0.85022     0.49609
  85     0.86017     0.51233
  86     0.87013     0.52933
  87     0.88044     0.54763
  88     0.89001     0.56551
  89     0.90013     0.58547
  90     0.91123     0.60874
  91      0.9201     0.62839
  92     0.93001     0.65181
  93     0.94008     0.67759
  94     0.95018     0.70544
  95     0.96003     0.73514
  96     0.97011      0.7698
  97      0.9801      0.8109
  98     0.99004     0.86567
  99           1           1
-----------------------------------------

----------------- PPP$ and local currency --------------
         PPP used in computation: 10.0803
     Data mean in local currency: 2558.86
               Data mean in PPP$: 230.608
        Poverty line in PPP$/Day: 1.9
      Poverty line in PPP$/Month: 57.7917
  Poverty line in local currency: 641.263
-------------------------------------------------------

----------------- Estimation result --------------
     Number of observation: 5268
          Total population: 8.19281E+06
              Total wealth: 2.07972E+09(PPP$)
                   Minimum: 0(PPP$)
                   Maximum: 21757(PPP$)
             Headcount(HC): 0.189322
          Poverty gap (PG): 0.0766422
       Poverty gap squared: 0.0438984
                      Gini: 0.536716
                    Median: 139.032
                       MLD: 0.573899
                      Watt: 0.115111
--------------------------------------------------

-------------------------------- Income or Consumption share by deciles (%) -------------------------------------
    0.97847     2.1167     3.0531     4.1475     5.3296      6.773     8.6086     11.335      16.18     41.478
-----------------------------------------------------------------------------------------------------------------


