

**********************************************************************************************
**                                   Basic Information                                      **
**********************************************************************************************

----------------- Dataset Information -----------------
                         Country: Honduras
                    Country dode: HND
                       Data Year: 2014
                        Coverage: National
             Welfare measurement: Income
                     Data format: Unit record
                     Data source: HND_N2014Y
                  Data time span: UnDefined
-------------------------------------------------------


----------- Distribution ------------
   i           P           L 
-------------------------------------
   0    0.010349  0.00011344
   1    0.020638  0.00070265
   2    0.030172   0.0014908
   3    0.040255   0.0024691
   4    0.050297   0.0036356
   5    0.060234   0.0049242
   6     0.07011   0.0063616
   7     0.08011   0.0079396
   8    0.090113   0.0096506
   9     0.10002    0.011455
  10     0.11055    0.013479
  11     0.12011    0.015421
  12      0.1304    0.017601
  13     0.14032      0.0198
  14     0.15002    0.022037
  15     0.16001    0.024429
  16     0.17033    0.027004
  17     0.18016    0.029559
  18     0.19025    0.032277
  19     0.20011    0.035017
  20     0.21005    0.037848
  21     0.22008    0.040802
  22      0.2301    0.043832
  23     0.24012    0.046984
  24      0.2504    0.050321
  25     0.26066    0.053754
  26     0.27021    0.057045
  27     0.28018    0.060598
  28     0.29035    0.064343
  29     0.30003    0.068016
  30      0.3102    0.072002
  31     0.32021    0.076027
  32     0.33022    0.080148
  33     0.34087    0.084661
  34     0.35026    0.088763
  35     0.36043    0.093337
  36     0.37006    0.097769
  37     0.38101     0.10295
  38     0.39002     0.10734
  39      0.4002     0.11244
  40     0.41011     0.11756
  41     0.42104     0.12338
  42     0.43015     0.12833
  43        0.44     0.13378
  44     0.45001     0.13941
  45     0.46026     0.14532
  46     0.47021      0.1512
  47     0.48049     0.15744
  48     0.49007     0.16337
  49     0.50002     0.16968
  50     0.51001     0.17615
  51     0.52003      0.1828
  52     0.53007     0.18967
  53     0.54004     0.19663
  54     0.55047     0.20405
  55     0.56003       0.211
  56     0.57001     0.21842
  57     0.58014     0.22614
  58     0.59099     0.23467
  59      0.6002     0.24201
  60     0.61003        0.25
  61     0.62054     0.25875
  62     0.63022     0.26702
  63     0.64067     0.27617
  64     0.65015     0.28466
  65     0.66019     0.29381
  66      0.6702      0.3031
  67     0.68082      0.3132
  68     0.69016     0.32222
  69     0.70007     0.33205
  70     0.71002     0.34219
  71     0.72067      0.3533
  72     0.73019     0.36353
  73     0.74004     0.37441
  74     0.75016     0.38595
  75     0.76039     0.39808
  76     0.77002     0.40983
  77     0.78016     0.42254
  78     0.79021      0.4356
  79     0.80043     0.44928
  80     0.81003     0.46256
  81     0.82037     0.47737
  82     0.83015      0.4919
  83     0.84138     0.50933
  84     0.85015     0.52364
  85     0.86048     0.54117
  86     0.87102     0.55992
  87     0.88012     0.57675
  88     0.89072     0.59732
  89     0.90109     0.61863
  90     0.91013     0.63835
  91     0.92009     0.66157
  92     0.93002      0.6862
  93     0.94018     0.71324
  94     0.95009     0.74245
  95     0.96007      0.7752
  96     0.97017     0.81259
  97     0.98005     0.85416
  98     0.99001     0.90683
  99           1           1
-----------------------------------------

----------------- PPP$ and local currency --------------
         PPP used in computation: 10.0803
     Data mean in local currency: 2785.47
               Data mean in PPP$: 236.328
        Poverty line in PPP$/Day: 1.9
      Poverty line in PPP$/Month: 57.7917
  Poverty line in local currency: 681.157
-------------------------------------------------------

----------------- Estimation result --------------
     Number of observation: 3820
          Total population: 8.01834E+06
              Total wealth: 2.21568E+09(PPP$)
                   Minimum: 0(PPP$)
                   Maximum: 9559.8(PPP$)
             Headcount(HC): 0.159611
          Poverty gap (PG): 0.0601159
       Poverty gap squared: 0.0338579
                      Gini: 0.506369
                    Median: 151.398
                       MLD: 0.515534
                      Watt: 0.08443
--------------------------------------------------

-------------------------------- Income or Consumption share by deciles (%) -------------------------------------
     1.1452     2.3534      3.302     4.4335     5.7322     7.2186     9.0135     11.672     16.768     38.362
-----------------------------------------------------------------------------------------------------------------


