

**********************************************************************************************
**                                   Basic Information                                      **
**********************************************************************************************

----------------- Dataset Information -----------------
                         Country: Honduras
                    Country dode: HND
                       Data Year: 1993
                        Coverage: National
             Welfare measurement: Income
                     Data format: Unit record
                     Data source: HND_N1993Y
                  Data time span: UnDefined
-------------------------------------------------------


----------- Distribution ------------
   i           P           L 
-------------------------------------
   0    0.010339  0.00026931
   1    0.020922  0.00098456
   2    0.030336   0.0017904
   3     0.04043    0.002841
   4    0.052891   0.0043729
   5     0.06005   0.0053596
   6    0.071881   0.0071386
   7    0.080624   0.0085206
   8    0.090366    0.010159
   9     0.10038    0.011963
  10     0.11004    0.013828
  11     0.12167    0.016208
  12     0.13023    0.018036
  13     0.14175    0.020638
  14     0.15065    0.022729
  15      0.1604    0.025151
  16     0.17445     0.02875
  17     0.18071    0.030389
  18     0.19009    0.032929
  19     0.20101    0.035993
  20     0.21044    0.038741
  21     0.22184    0.042127
  22     0.23459    0.046037
  23     0.24026    0.047824
  24     0.25017    0.051032
  25     0.26049    0.054472
  26     0.27093    0.058039
  27     0.28012    0.061238
  28      0.2909    0.065075
  29     0.30098    0.068762
  30     0.31032    0.072265
  31     0.32066    0.076225
  32     0.33103    0.080276
  33     0.34289    0.085027
  34     0.35052    0.088152
  35     0.36015    0.092173
  36     0.37067    0.096666
  37     0.38572     0.10331
  38     0.39077     0.10558
  39     0.40025     0.10992
  40     0.41043     0.11467
  41     0.42016     0.11931
  42     0.43008     0.12415
  43     0.44081     0.12956
  44      0.4517     0.13514
  45     0.46168     0.14039
  46     0.47002     0.14492
  47      0.4807     0.15087
  48     0.49044     0.15641
  49      0.5001     0.16202
  50      0.5101     0.16796
  51     0.53109      0.1808
  52     0.53109      0.1808
  53     0.54048     0.18665
  54     0.55259     0.19442
  55     0.56252     0.20101
  56     0.57017     0.20619
  57     0.58013     0.21313
  58     0.59016     0.22029
  59     0.60063     0.22799
  60     0.61228     0.23683
  61     0.62001     0.24286
  62     0.63409     0.25415
  63     0.64202     0.26064
  64     0.65151     0.26859
  65      0.6602     0.27604
  66     0.67414     0.28838
  67     0.68018      0.2938
  68     0.69169     0.30431
  69     0.70009     0.31216
  70     0.71013     0.32172
  71      0.7202     0.33156
  72     0.73487     0.34648
  73     0.74015     0.35199
  74     0.75069      0.3633
  75     0.76035      0.3739
  76     0.77112     0.38601
  77      0.7802     0.39649
  78      0.7901     0.40826
  79     0.80019     0.42052
  80     0.81314     0.43694
  81     0.82034     0.44631
  82     0.83001      0.4593
  83     0.84034     0.47385
  84      0.8519     0.49082
  85     0.86006     0.50318
  86     0.87129     0.52099
  87     0.88004     0.53565
  88     0.89006     0.55334
  89     0.90044     0.57283
  90       0.911     0.59381
  91     0.92007     0.61279
  92     0.93003     0.63538
  93     0.94172     0.66513
  94     0.95009     0.68926
  95     0.96011     0.72168
  96     0.97036     0.75959
  97     0.98016     0.80353
  98     0.99004     0.85842
  99           1           1
-----------------------------------------

----------------- PPP$ and local currency --------------
         PPP used in computation: 10.0803
     Data mean in local currency: 246.786
               Data mean in PPP$: 183.58
        Poverty line in PPP$/Day: 1.9
      Poverty line in PPP$/Month: 57.7917
  Poverty line in local currency: 77.6893
-------------------------------------------------------

----------------- Estimation result --------------
     Number of observation: 1716
          Total population: 4.62237E+06
              Total wealth: 1.13165E+08(PPP$)
                   Minimum: 0(PPP$)
                   Maximum: 2861.43(PPP$)
             Headcount(HC): 0.23615
          Poverty gap (PG): 0.088373
       Poverty gap squared: 0.0477964
                      Gini: 0.534674
                    Median: 107.739
                       MLD: 0.535574
                      Watt: 0.128685
--------------------------------------------------

-------------------------------- Income or Consumption share by deciles (%) -------------------------------------
     1.1894     2.3815     3.2695     4.1401     5.2157     6.5566     8.4555     10.822     15.171     42.799
-----------------------------------------------------------------------------------------------------------------


