

**********************************************************************************************
**                                   Basic Information                                      **
**********************************************************************************************

----------------- Dataset Information -----------------
                         Country: Honduras
                    Country dode: HND
                       Data Year: 2005
                        Coverage: National
             Welfare measurement: Income
                     Data format: Unit record
                     Data source: HND_N2005Y
                  Data time span: UnDefined
-------------------------------------------------------


----------- Distribution ------------
   i           P           L 
-------------------------------------
   0      0.0102    2.09E-05
   1    0.020043  0.00019687
   2    0.030329  0.00047569
   3    0.040114  0.00082023
   4    0.050065   0.0012659
   5    0.060124   0.0018209
   6    0.070035   0.0024384
   7    0.080288   0.0031587
   8    0.090034   0.0039413
   9     0.10008   0.0048434
  10     0.11032   0.0058543
  11     0.12025   0.0069278
  12     0.13009   0.0080772
  13     0.14008   0.0093364
  14     0.15015      0.0107
  15     0.16013     0.01213
  16     0.17035    0.013681
  17     0.18029    0.015277
  18        0.19     0.01693
  19     0.20012    0.018739
  20     0.21021    0.020624
  21     0.22026    0.022616
  22     0.23009     0.02466
  23      0.2402    0.026866
  24     0.25033    0.029181
  25     0.26032    0.031571
  26     0.27013    0.034001
  27     0.28008    0.036554
  28     0.29005    0.039217
  29     0.30005    0.041995
  30     0.31026    0.044943
  31     0.32012    0.047917
  32     0.33039     0.05112
  33     0.34014    0.054288
  34     0.35006    0.057625
  35     0.36019    0.061124
  36     0.37005    0.064655
  37     0.38017    0.068374
  38     0.39017     0.07215
  39     0.40024    0.076057
  40     0.41043    0.080115
  41      0.4201    0.084098
  42     0.43007    0.088326
  43     0.44113    0.093181
  44     0.45013    0.097227
  45     0.46005     0.10179
  46     0.47007     0.10655
  47      0.4801     0.11143
  48     0.49008     0.11641
  49      0.5002      0.1216
  50      0.5103     0.12695
  51     0.52002     0.13224
  52      0.5302     0.13796
  53     0.54009     0.14372
  54     0.55003     0.14968
  55     0.56005     0.15588
  56     0.57013     0.16226
  57     0.58015     0.16878
  58     0.59007     0.17538
  59     0.60013     0.18222
  60     0.61011      0.1892
  61     0.62033     0.19652
  62     0.63013     0.20373
  63     0.64014     0.21134
  64     0.65001      0.2191
  65     0.66015     0.22726
  66     0.67195      0.2371
  67     0.68015      0.2441
  68      0.6901      0.2528
  69     0.70013     0.26179
  70     0.71007     0.27101
  71     0.72007     0.28064
  72     0.73025     0.29083
  73     0.74017     0.30115
  74     0.75013     0.31187
  75     0.76005     0.32288
  76     0.77004     0.33438
  77     0.78006     0.34631
  78     0.79011     0.35872
  79     0.80009     0.37166
  80     0.81012     0.38512
  81     0.82025     0.39922
  82     0.83008     0.41351
  83     0.84004     0.42854
  84     0.85008     0.44435
  85     0.86001     0.46085
  86     0.87003     0.47853
  87     0.88081     0.49853
  88        0.89     0.51656
  89     0.90003     0.53759
  90      0.9104     0.56105
  91     0.92003     0.58445
  92     0.93012      0.6111
  93     0.94009     0.63988
  94     0.95002     0.67204
  95     0.96004     0.70845
  96     0.97004     0.75113
  97     0.98002     0.80278
  98     0.99015     0.87305
  99           1           1
-----------------------------------------

----------------- PPP$ and local currency --------------
         PPP used in computation: 10.0803
     Data mean in local currency: 1500.69
               Data mean in PPP$: 222.655
        Poverty line in PPP$/Day: 1.9
      Poverty line in PPP$/Month: 57.7917
  Poverty line in local currency: 389.516
-------------------------------------------------------

----------------- Estimation result --------------
     Number of observation: 4728
          Total population: 6.61664E+06
              Total wealth: 9.85043E+08(PPP$)
                   Minimum: 0(PPP$)
                   Maximum: 6665.63(PPP$)
             Headcount(HC): 0.277878
          Poverty gap (PG): 0.139257
       Poverty gap squared: 0.0921444
                      Gini: 0.595095
                    Median: 116.198
                       MLD: 0.766111
                      Watt: 0.247498
--------------------------------------------------

-------------------------------- Income or Consumption share by deciles (%) -------------------------------------
    0.48363     1.3882     2.3262     3.3986     4.5534     6.0628     7.9551     10.986     16.598     46.248
-----------------------------------------------------------------------------------------------------------------


