

**********************************************************************************************
**                                   Basic Information                                      **
**********************************************************************************************

----------------- Dataset Information -----------------
                         Country: Honduras
                    Country dode: HND
                       Data Year: 1995
                        Coverage: National
             Welfare measurement: Income
                     Data format: Unit record
                     Data source: HND_N1995Y
                  Data time span: UnDefined
-------------------------------------------------------


----------- Distribution ------------
   i           P           L 
-------------------------------------
   0    0.010018  0.00025934
   1    0.020941  0.00085756
   2    0.030024   0.0015225
   3    0.040156   0.0023964
   4    0.050458   0.0034426
   5    0.061397   0.0047051
   6    0.070991   0.0059568
   7    0.080289   0.0072701
   8    0.090406   0.0088101
   9     0.10225    0.010726
  10     0.11074    0.012157
  11     0.12104    0.013984
  12     0.13019    0.015694
  13     0.14054    0.017744
  14     0.15028    0.019754
  15     0.16002     0.02183
  16     0.17078    0.024201
  17     0.18026    0.026367
  18     0.19004    0.028681
  19      0.2007    0.031303
  20      0.2121    0.034215
  21     0.22065    0.036434
  22     0.23106     0.03922
  23     0.24017    0.041756
  24     0.25051    0.044698
  25     0.26184     0.04802
  26     0.27098    0.050805
  27     0.28006    0.053676
  28     0.29053     0.05708
  29      0.3006    0.060453
  30     0.31044    0.063863
  31     0.32018    0.067343
  32     0.33083    0.071265
  33     0.34073    0.075011
  34     0.35024    0.078683
  35      0.3606    0.082746
  36     0.37002    0.086535
  37     0.38052    0.090903
  38     0.39029    0.095077
  39     0.40008    0.099354
  40      0.4112     0.10434
  41     0.42242     0.10951
  42     0.43184     0.11395
  43     0.44092      0.1183
  44     0.45006     0.12277
  45     0.46004     0.12774
  46     0.47168     0.13372
  47     0.48001     0.13805
  48     0.49254     0.14478
  49     0.50003     0.14892
  50     0.51135     0.15535
  51     0.52039     0.16059
  52     0.53022     0.16643
  53     0.54011     0.17244
  54     0.55052     0.17894
  55     0.56087     0.18558
  56     0.57258     0.19321
  57     0.58054      0.1985
  58     0.59024     0.20514
  59     0.60164     0.21317
  60     0.61048     0.21955
  61     0.62021      0.2268
  62     0.63089     0.23501
  63     0.64033     0.24249
  64     0.65049     0.25074
  65     0.66026     0.25885
  66     0.67042     0.26748
  67     0.68019     0.27589
  68     0.69073     0.28529
  69     0.70014      0.2939
  70     0.71008     0.30328
  71     0.72358     0.31638
  72     0.73011     0.32286
  73     0.74122     0.33422
  74     0.75141     0.34493
  75     0.76013     0.35438
  76     0.77154     0.36719
  77     0.78031     0.37737
  78     0.79002     0.38908
  79     0.80108     0.40308
  80     0.81014     0.41495
  81     0.82012     0.42849
  82     0.83088     0.44362
  83     0.84006     0.45706
  84     0.85011     0.47257
  85     0.86011     0.48877
  86     0.87044     0.50638
  87     0.88053     0.52445
  88     0.89011     0.54242
  89     0.90038     0.56257
  90     0.91013     0.58305
  91      0.9209      0.6071
  92     0.93008     0.62903
  93     0.94012     0.65509
  94     0.95056     0.68494
  95     0.96056     0.71693
  96      0.9701     0.75297
  97     0.98003     0.79835
  98      0.9902     0.86032
  99           1           1
-----------------------------------------

----------------- PPP$ and local currency --------------
         PPP used in computation: 10.0803
     Data mean in local currency: 387.917
               Data mean in PPP$: 181.946
        Poverty line in PPP$/Day: 1.9
      Poverty line in PPP$/Month: 57.7917
  Poverty line in local currency: 123.214
-------------------------------------------------------

----------------- Estimation result --------------
     Number of observation: 2306
          Total population: 4.98749E+06
              Total wealth: 1.91932E+08(PPP$)
                   Minimum: 0(PPP$)
                   Maximum: 2975.89(PPP$)
             Headcount(HC): 0.27678
          Poverty gap (PG): 0.111092
       Poverty gap squared: 0.0611233
                      Gini: 0.554855
                    Median: 101.721
                       MLD: 0.576347
                      Watt: 0.172788
--------------------------------------------------

-------------------------------- Income or Consumption share by deciles (%) -------------------------------------
     1.0362     2.0769     2.9122     3.9068     4.9589     6.3103     8.1765     10.794      16.01     43.819
-----------------------------------------------------------------------------------------------------------------


