

**********************************************************************************************
**                                   Basic Information                                      **
**********************************************************************************************

----------------- Dataset Information -----------------
                         Country: Honduras
                    Country dode: HND
                       Data Year: 2010
                        Coverage: National
             Welfare measurement: Income
                     Data format: Unit record
                     Data source: HND_N2010Y
                  Data time span: UnDefined
-------------------------------------------------------


----------- Distribution ------------
   i           P           L 
-------------------------------------
   0    0.010273  0.00036742
   1     0.02004  0.00099488
   2    0.030128   0.0018227
   3     0.04001   0.0027687
   4    0.050056   0.0038518
   5    0.060169   0.0050523
   6    0.070235   0.0063688
   7    0.080129   0.0077668
   8    0.090055   0.0092824
   9     0.10009    0.010914
  10     0.11009    0.012615
  11     0.12006    0.014401
  12     0.13008     0.01628
  13     0.14005     0.01825
  14     0.15014     0.02031
  15     0.16015    0.022428
  16     0.17014    0.024645
  17     0.18001    0.026939
  18     0.19018    0.029436
  19     0.20006    0.031961
  20     0.21006    0.034594
  21     0.22003    0.037296
  22     0.23041    0.040207
  23        0.24    0.042982
  24      0.2501    0.046012
  25     0.26023    0.049147
  26     0.27017    0.052315
  27     0.28022    0.055618
  28     0.29006     0.05894
  29     0.30028      0.0625
  30     0.31001    0.065996
  31      0.3201    0.069729
  32     0.33006     0.07351
  33     0.34016    0.077445
  34     0.35002    0.081402
  35        0.36    0.085529
  36     0.37093    0.090189
  37     0.38002    0.094162
  38     0.39009    0.098677
  39     0.40006     0.10324
  40     0.41004     0.10793
  41     0.42015     0.11279
  42     0.43008     0.11769
  43     0.44009     0.12276
  44     0.45004     0.12791
  45     0.46028     0.13333
  46     0.47007     0.13863
  47     0.48017     0.14422
  48     0.49069     0.15018
  49     0.50016     0.15566
  50     0.51029     0.16164
  51     0.52013     0.16758
  52     0.53021     0.17382
  53     0.54111     0.18076
  54     0.55009     0.18663
  55     0.56011     0.19341
  56     0.57021     0.20043
  57     0.58007     0.20748
  58     0.59034     0.21503
  59     0.60003     0.22233
  60     0.61014     0.23011
  61     0.62001     0.23787
  62     0.63011     0.24601
  63     0.64039     0.25452
  64     0.65069     0.26328
  65     0.66001     0.27141
  66     0.67004      0.2804
  67     0.68017     0.28977
  68     0.69002     0.29918
  69     0.70007     0.30908
  70     0.71025     0.31931
  71     0.72004     0.32939
  72     0.73092     0.34095
  73     0.74011     0.35098
  74     0.75015     0.36228
  75     0.76002     0.37373
  76      0.7702     0.38589
  77     0.78011     0.39811
  78      0.7901     0.41092
  79     0.80053     0.42481
  80      0.8102      0.4382
  81     0.82021     0.45247
  82     0.83012     0.46705
  83     0.84073     0.48327
  84     0.85004     0.49808
  85      0.8602       0.515
  86     0.87015     0.53234
  87        0.88     0.55035
  88     0.89001     0.56956
  89         0.9      0.5898
  90     0.91016     0.61165
  91     0.92024     0.63477
  92     0.93014     0.65927
  93     0.94011     0.68604
  94     0.95008     0.71544
  95      0.9601     0.74832
  96        0.97     0.78507
  97     0.98008     0.82962
  98     0.99006     0.88655
  99           1           1
-----------------------------------------

----------------- PPP$ and local currency --------------
         PPP used in computation: 10.0803
     Data mean in local currency: 2558.34
               Data mean in PPP$: 273.713
        Poverty line in PPP$/Day: 1.9
      Poverty line in PPP$/Month: 57.7917
  Poverty line in local currency: 540.166
-------------------------------------------------------

----------------- Estimation result --------------
     Number of observation: 5314
          Total population: 7.6002E+06
              Total wealth: 1.9289E+09(PPP$)
                   Minimum: 0(PPP$)
                   Maximum: 9102.52(PPP$)
             Headcount(HC): 0.15475
          Poverty gap (PG): 0.0539979
       Poverty gap squared: 0.0275798
                      Gini: 0.533916
                    Median: 160.186
                       MLD: 0.52988
                      Watt: 0.0801867
--------------------------------------------------

-------------------------------- Income or Consumption share by deciles (%) -------------------------------------
     1.0899     2.1046     3.0456     4.0813     5.2354     6.6733     8.6702     11.509     16.569     41.021
-----------------------------------------------------------------------------------------------------------------


