

**********************************************************************************************
**                                   Basic Information                                      **
**********************************************************************************************

----------------- Dataset Information -----------------
                         Country: Honduras
                    Country dode: HND
                       Data Year: 2009
                        Coverage: National
             Welfare measurement: Income
                     Data format: Unit record
                     Data source: HND_N2009Y
                  Data time span: UnDefined
-------------------------------------------------------


----------- Distribution ------------
   i           P           L 
-------------------------------------
   0    0.010022   0.0004216
   1    0.020127   0.0011387
   2    0.030096   0.0020113
   3    0.040029    0.003013
   4    0.050024   0.0041385
   5    0.060014   0.0053884
   6    0.070049   0.0067651
   7    0.080066    0.008251
   8    0.090013    0.009825
   9     0.10006    0.011513
  10     0.11008    0.013294
  11     0.12007    0.015159
  12     0.13004    0.017108
  13     0.14004    0.019151
  14     0.15003    0.021283
  15     0.16001    0.023522
  16     0.17006    0.025881
  17     0.18004    0.028314
  18     0.19001    0.030847
  19     0.20003    0.033503
  20     0.21001    0.036253
  21     0.22003    0.039108
  22     0.23003    0.042051
  23     0.24003    0.045093
  24     0.25006    0.048244
  25     0.26001    0.051494
  26     0.27006     0.05489
  27     0.28004    0.058361
  28     0.29003     0.06194
  29     0.30004    0.065626
  30     0.31005    0.069426
  31     0.32003    0.073335
  32     0.33005    0.077371
  33     0.34013    0.081549
  34     0.35007    0.085802
  35     0.36001    0.090173
  36     0.37021    0.094769
  37     0.38003    0.099312
  38      0.3902     0.10414
  39     0.40001     0.10891
  40        0.41      0.1139
  41     0.42002     0.11902
  42     0.43004     0.12426
  43     0.44005     0.12962
  44     0.45013     0.13516
  45     0.46003     0.14072
  46     0.47002     0.14647
  47     0.48003     0.15238
  48     0.49022     0.15853
  49     0.50005      0.1646
  50     0.51008     0.17095
  51     0.52003     0.17741
  52     0.53002     0.18407
  53     0.54006     0.19096
  54     0.55014     0.19804
  55      0.5611      0.2059
  56     0.57006     0.21247
  57     0.58002     0.21993
  58     0.59003     0.22759
  59     0.60012     0.23549
  60     0.61007     0.24346
  61     0.62012     0.25167
  62     0.63024     0.26015
  63     0.64003     0.26858
  64     0.65002     0.27741
  65     0.66006     0.28646
  66     0.67006     0.29567
  67     0.68006     0.30511
  68     0.69008     0.31483
  69     0.70055     0.32527
  70     0.71002     0.33497
  71     0.72002      0.3455
  72     0.73001     0.35633
  73     0.74007     0.36755
  74     0.75003       0.379
  75     0.76007     0.39086
  76     0.77003     0.40296
  77     0.78009     0.41558
  78     0.79013     0.42865
  79     0.80002     0.44193
  80     0.81006     0.45589
  81     0.82001     0.47022
  82     0.83002     0.48516
  83     0.84003     0.50068
  84     0.85005     0.51682
  85     0.86016     0.53376
  86     0.87006     0.55111
  87     0.88003     0.56929
  88     0.89001     0.58841
  89     0.90002     0.60864
  90     0.91181     0.63413
  91     0.92002     0.65282
  92     0.93018      0.6775
  93     0.94002     0.70329
  94     0.95002     0.73184
  95     0.96023     0.76412
  96     0.97002      0.7991
  97     0.98003     0.84135
  98     0.99016     0.89603
  99           1           1
-----------------------------------------

----------------- PPP$ and local currency --------------
         PPP used in computation: 10.0803
     Data mean in local currency: 2481.61
               Data mean in PPP$: 277.07
        Poverty line in PPP$/Day: 1.9
      Poverty line in PPP$/Month: 57.7917
  Poverty line in local currency: 517.618
-------------------------------------------------------

----------------- Estimation result --------------
     Number of observation: 13715
          Total population: 7.48502E+06
              Total wealth: 1.84269E+09(PPP$)
                   Minimum: 0(PPP$)
                   Maximum: 24416.9(PPP$)
             Headcount(HC): 0.140396
          Poverty gap (PG): 0.0482269
       Poverty gap squared: 0.0239359
                      Gini: 0.515633
                    Median: 172.92
                       MLD: 0.491997
                      Watt: 0.0711583
--------------------------------------------------

-------------------------------- Income or Consumption share by deciles (%) -------------------------------------
     1.1503     2.1992     3.2118     4.3294     5.5659     7.0833     8.9327     11.718     16.669      39.14
-----------------------------------------------------------------------------------------------------------------


