

**********************************************************************************************
**                                   Basic Information                                      **
**********************************************************************************************

----------------- Dataset Information -----------------
                         Country: Honduras
                    Country dode: HND
                       Data Year: 2012
                        Coverage: National
             Welfare measurement: Income
                     Data format: Unit record
                     Data source: HND_N2012Y
                  Data time span: UnDefined
-------------------------------------------------------


----------- Distribution ------------
   i           P           L 
-------------------------------------
   0    0.010123  0.00010519
   1     0.02021  0.00043444
   2    0.030031  0.00093081
   3    0.040058   0.0015673
   4    0.050058     0.00233
   5     0.06017   0.0032246
   6    0.070195    0.004233
   7     0.08031   0.0053618
   8    0.090083   0.0065558
   9     0.10007   0.0078789
  10     0.11016   0.0093169
  11     0.12022    0.010834
  12      0.1301    0.012417
  13     0.14008    0.014112
  14     0.15013    0.015921
  15        0.16    0.017778
  16     0.17014    0.019795
  17     0.18012    0.021874
  18      0.1901    0.024055
  19     0.20007    0.026324
  20     0.21014    0.028708
  21     0.22005     0.03114
  22     0.23004    0.033697
  23      0.2401    0.036357
  24     0.25025    0.039131
  25     0.26005    0.041905
  26     0.27016     0.04487
  27     0.28012    0.047874
  28     0.29014    0.050976
  29     0.30005    0.054149
  30     0.31001    0.057432
  31     0.32011    0.060851
  32     0.33012    0.064329
  33     0.34004    0.067855
  34      0.3503    0.071615
  35     0.36023    0.075379
  36     0.37023    0.079276
  37     0.38037    0.083334
  38     0.39007    0.087301
  39     0.40001    0.091496
  40     0.41023    0.095942
  41     0.42004      0.1003
  42     0.43008     0.10489
  43     0.44016     0.10961
  44     0.45028     0.11449
  45     0.46029     0.11946
  46     0.47021      0.1245
  47     0.48095     0.13009
  48     0.49012     0.13498
  49     0.50004     0.14038
  50     0.51012       0.146
  51     0.52017     0.15179
  52     0.53009     0.15766
  53     0.54005     0.16369
  54     0.55001     0.16984
  55     0.56001     0.17615
  56     0.57164     0.18368
  57     0.58066     0.18969
  58     0.59032     0.19628
  59     0.60022      0.2032
  60     0.61014     0.21031
  61     0.62005     0.21757
  62     0.63005     0.22509
  63     0.64012     0.23286
  64     0.65152     0.24189
  65     0.66009     0.24879
  66     0.67003     0.25696
  67     0.68001     0.26536
  68     0.69236     0.27607
  69     0.70018     0.28302
  70        0.71     0.29199
  71     0.72017     0.30158
  72     0.73009     0.31127
  73     0.74001     0.32123
  74     0.75014     0.33167
  75     0.76006     0.34225
  76     0.77019     0.35342
  77     0.78009     0.36473
  78     0.79009     0.37656
  79     0.80003     0.38875
  80     0.81021      0.4017
  81     0.82005     0.41471
  82     0.83001     0.42842
  83     0.84016      0.4429
  84     0.85009     0.45768
  85     0.86014     0.47328
  86     0.87004     0.48932
  87     0.88177     0.50932
  88     0.89009     0.52425
  89     0.90004     0.54328
  90      0.9103     0.56425
  91        0.92     0.58533
  92     0.93044     0.60958
  93     0.94028     0.63438
  94     0.95006     0.66142
  95     0.96006     0.69249
  96     0.97002     0.72765
  97     0.98004     0.77023
  98     0.99003     0.82454
  99           1           1
-----------------------------------------

----------------- PPP$ and local currency --------------
         PPP used in computation: 10.0803
     Data mean in local currency: 2508.18
               Data mean in PPP$: 236.935
        Poverty line in PPP$/Day: 1.9
      Poverty line in PPP$/Month: 57.7917
  Poverty line in local currency: 611.778
-------------------------------------------------------

----------------- Estimation result --------------
     Number of observation: 5186
          Total population: 8.04335E+06
              Total wealth: 2.00134E+09(PPP$)
                   Minimum: 0(PPP$)
                   Maximum: 25445.2(PPP$)
             Headcount(HC): 0.213566
          Poverty gap (PG): 0.0924681
       Poverty gap squared: 0.0555607
                      Gini: 0.573977
                    Median: 130.372
                       MLD: 0.658502
                      Watt: 0.150737
--------------------------------------------------

-------------------------------- Income or Consumption share by deciles (%) -------------------------------------
    0.78696     1.8439     2.7824      3.736      4.887     6.2683     7.9813     10.585      15.45     45.679
-----------------------------------------------------------------------------------------------------------------


