

**********************************************************************************************
**                                   Basic Information                                      **
**********************************************************************************************

----------------- Dataset Information -----------------
                         Country: Honduras
                    Country dode: HND
                       Data Year: 2006
                        Coverage: National
             Welfare measurement: Income
                     Data format: Unit record
                     Data source: HND_N2006Y
                  Data time span: UnDefined
-------------------------------------------------------


----------- Distribution ------------
   i           P           L 
-------------------------------------
   0    0.010075  7.6113E-05
   1    0.020051  0.00031428
   2     0.03003  0.00066412
   3    0.040085   0.0011155
   4    0.050014   0.0016633
   5    0.060156   0.0023201
   6    0.070011   0.0030517
   7    0.080033   0.0038819
   8    0.090013   0.0047995
   9     0.10003   0.0058217
  10     0.11003   0.0069394
  11     0.12001   0.0081502
  12     0.13008   0.0094638
  13     0.14014    0.010875
  14        0.15    0.012342
  15     0.16019    0.013964
  16     0.17004    0.015626
  17     0.18009    0.017431
  18     0.19002    0.019311
  19     0.20004    0.021303
  20     0.21004     0.02338
  21     0.22007    0.025546
  22      0.2301    0.027803
  23     0.24018    0.030182
  24     0.25002     0.03261
  25     0.26004    0.035182
  26     0.27001    0.037846
  27     0.28009    0.040655
  28     0.29004    0.043543
  29     0.30005    0.046557
  30     0.31029    0.049766
  31     0.32002    0.052924
  32     0.33003    0.056293
  33     0.34032    0.059869
  34     0.35012    0.063384
  35     0.36005    0.067051
  36     0.37003    0.070839
  37     0.38043    0.074919
  38     0.39003    0.078793
  39      0.4012    0.083454
  40        0.41     0.08725
  41     0.42002    0.091675
  42     0.43184    0.097073
  43     0.44002     0.10091
  44     0.45038      0.1059
  45     0.46011     0.11073
  46     0.47025     0.11592
  47     0.48003      0.1211
  48     0.49006     0.12654
  49     0.50001     0.13208
  50     0.51093     0.13833
  51     0.52017     0.14375
  52     0.53001     0.14966
  53     0.54001     0.15582
  54     0.55005     0.16219
  55     0.56006      0.1687
  56     0.57003      0.1754
  57     0.58062     0.18272
  58     0.59003      0.1894
  59     0.60058      0.1971
  60     0.61013     0.20424
  61     0.62001      0.2118
  62     0.63001     0.21965
  63     0.64002     0.22767
  64     0.65012     0.23601
  65     0.66003     0.24444
  66     0.67006      0.2532
  67     0.68012      0.2622
  68     0.69003     0.27133
  69     0.70007     0.28084
  70     0.71006     0.29056
  71      0.7205     0.30105
  72        0.73     0.31089
  73     0.74003     0.32161
  74     0.75005      0.3327
  75     0.76179     0.34614
  76     0.77005     0.35585
  77     0.78006     0.36805
  78     0.79005      0.3807
  79     0.80049     0.39435
  80     0.81001     0.40728
  81     0.82004     0.42145
  82     0.83017      0.4363
  83     0.84012     0.45152
  84     0.85001     0.46734
  85     0.86001     0.48401
  86     0.87039     0.50214
  87     0.88003      0.5198
  88        0.89     0.53904
  89     0.90003     0.55958
  90     0.91003     0.58145
  91     0.92002     0.60484
  92     0.93002     0.62999
  93     0.94004     0.65735
  94     0.95112      0.6909
  95      0.9601     0.72122
  96     0.97003       0.759
  97     0.98004     0.80476
  98     0.99001     0.86615
  99           1           1
-----------------------------------------

----------------- PPP$ and local currency --------------
         PPP used in computation: 10.0803
     Data mean in local currency: 1728.09
               Data mean in PPP$: 241.638
        Poverty line in PPP$/Day: 1.9
      Poverty line in PPP$/Month: 57.7917
  Poverty line in local currency: 413.301
-------------------------------------------------------

----------------- Estimation result --------------
     Number of observation: 11511
          Total population: 6.83365E+06
              Total wealth: 1.17151E+09(PPP$)
                   Minimum: 0(PPP$)
                   Maximum: 31847(PPP$)
             Headcount(HC): 0.237937
          Poverty gap (PG): 0.113986
       Poverty gap squared: 0.0728938
                      Gini: 0.574214
                    Median: 136.211
                       MLD: 0.689103
                      Watt: 0.19772
--------------------------------------------------

-------------------------------- Income or Consumption share by deciles (%) -------------------------------------
     0.5819     1.5476     2.5248     3.6412     4.9115     6.4605     8.4106     11.293      16.58     44.049
-----------------------------------------------------------------------------------------------------------------


