

**********************************************************************************************
**                                   Basic Information                                      **
**********************************************************************************************

----------------- Dataset Information -----------------
                         Country: Honduras
                    Country dode: HND
                       Data Year: 1997
                        Coverage: National
             Welfare measurement: Income
                     Data format: Unit record
                     Data source: HND_N1997Y
                  Data time span: UnDefined
-------------------------------------------------------


----------- Distribution ------------
   i           P           L 
-------------------------------------
   0    0.010416  0.00043662
   1    0.020326   0.0012187
   2    0.030187    0.002157
   3    0.040178   0.0032353
   4    0.050169   0.0044665
   5    0.060128   0.0058286
   6    0.070102   0.0073104
   7    0.080094   0.0088927
   8    0.090171    0.010588
   9     0.10059    0.012439
  10      0.1102    0.014229
  11     0.12011    0.016168
  12     0.13046    0.018299
  13      0.1404    0.020425
  14     0.15016    0.022584
  15     0.16014    0.024877
  16     0.17008    0.027253
  17      0.1803    0.029788
  18     0.19096    0.032527
  19     0.20025    0.035017
  20     0.21033    0.037816
  21     0.22007    0.040621
  22     0.23018    0.043616
  23     0.24003    0.046652
  24     0.25011    0.049848
  25     0.26004    0.053114
  26     0.27273     0.05742
  27     0.28016    0.059994
  28     0.29016    0.063544
  29     0.30065    0.067396
  30     0.31007    0.070966
  31     0.32323    0.076093
  32     0.33027    0.078896
  33     0.34013    0.082895
  34     0.35029    0.087125
  35     0.36088     0.09163
  36     0.37008    0.095625
  37     0.38104     0.10054
  38     0.39013     0.10474
  39      0.4002     0.10948
  40     0.41267     0.11555
  41     0.42022     0.11931
  42     0.43004     0.12433
  43     0.44016      0.1296
  44     0.45157      0.1357
  45     0.46097     0.14082
  46     0.47008     0.14591
  47     0.48028     0.15175
  48     0.49012     0.15752
  49      0.5004      0.1637
  50     0.51087     0.17017
  51     0.52015     0.17601
  52     0.53061     0.18276
  53     0.54015     0.18904
  54     0.55053     0.19606
  55     0.56008     0.20267
  56     0.57127     0.21062
  57     0.58059     0.21736
  58     0.59004     0.22432
  59     0.60007     0.23185
  60     0.61033     0.23976
  61     0.62035     0.24761
  62     0.63114     0.25624
  63     0.64048     0.26389
  64      0.6556      0.2767
  65     0.66008     0.28056
  66     0.67011     0.28938
  67      0.6804     0.29863
  68     0.69023     0.30772
  69     0.70006     0.31703
  70     0.71186     0.32852
  71     0.72047     0.33713
  72     0.73025     0.34718
  73      0.7408     0.35829
  74     0.75007     0.36833
  75     0.76018      0.3796
  76     0.77031     0.39122
  77     0.78079     0.40362
  78     0.79047     0.41544
  79     0.80009     0.42766
  80     0.81042     0.44118
  81     0.82036     0.45466
  82        0.83     0.46827
  83     0.84029     0.48336
  84     0.85027     0.49862
  85     0.86003     0.51407
  86     0.87222     0.53451
  87     0.88004     0.54822
  88     0.89005     0.56664
  89     0.90011     0.58627
  90     0.91005     0.60672
  91     0.92027     0.62882
  92     0.93006     0.65155
  93     0.94001     0.67702
  94     0.95001     0.70482
  95     0.96016     0.73549
  96     0.97049     0.77187
  97     0.98012     0.81306
  98     0.99004     0.87033
  99           1           1
-----------------------------------------

----------------- PPP$ and local currency --------------
         PPP used in computation: 10.0803
     Data mean in local currency: 644.508
               Data mean in PPP$: 202.59
        Poverty line in PPP$/Day: 1.9
      Poverty line in PPP$/Month: 57.7917
  Poverty line in local currency: 183.855
-------------------------------------------------------

----------------- Estimation result --------------
     Number of observation: 3200
          Total population: 5.30252E+06
              Total wealth: 3.39028E+08(PPP$)
                   Minimum: 0(PPP$)
                   Maximum: 7093.03(PPP$)
             Headcount(HC): 0.212366
          Poverty gap (PG): 0.0777678
       Poverty gap squared: 0.0394538
                      Gini: 0.52734
                    Median: 123.717
                       MLD: 0.5089
                      Watt: 0.114144
--------------------------------------------------

-------------------------------- Income or Consumption share by deciles (%) -------------------------------------
     1.2334     2.2617     3.2205     4.2232     5.4074     6.8341      8.517     11.058      15.85     41.395
-----------------------------------------------------------------------------------------------------------------


