

**********************************************************************************************
**                                   Basic Information                                      **
**********************************************************************************************

----------------- Dataset Information -----------------
                         Country: Croatia
                    Country dode: HRV
                       Data Year: 2012
                        Coverage: National
             Welfare measurement: Income
                     Data format: Unit record
                     Data source: HRV_N2012Y
                  Data time span: UnDefined
-------------------------------------------------------


----------- Distribution ------------
   i           P           L 
-------------------------------------
   0    0.010192  0.00050575
   1     0.02083    0.002208
   2    0.030315   0.0039954
   3    0.040243   0.0062405
   4    0.050138   0.0088336
   5    0.060138    0.011667
   6    0.070054    0.014651
   7    0.080102     0.01789
   8    0.090111    0.021276
   9     0.10015    0.024834
  10     0.11019    0.028543
  11     0.12057    0.032553
  12     0.13006     0.03638
  13     0.14077    0.040861
  14     0.15008    0.044866
  15     0.16021    0.049418
  16     0.17002    0.053986
  17      0.1808    0.059136
  18     0.19017    0.063743
  19     0.20003    0.068728
  20     0.21058    0.074231
  21     0.22004    0.079295
  22     0.23019    0.084857
  23      0.2401    0.090406
  24     0.25039    0.096324
  25     0.26003     0.10199
  26      0.2702     0.10806
  27      0.2802     0.11418
  28      0.2901     0.12035
  29     0.30003     0.12664
  30     0.31005     0.13309
  31     0.32029      0.1398
  32     0.33007     0.14635
  33     0.34026     0.15328
  34     0.35048     0.16032
  35     0.36001       0.167
  36     0.37023     0.17427
  37     0.38004     0.18131
  38     0.39005     0.18857
  39     0.40269     0.19789
  40     0.41008     0.20339
  41      0.4203      0.2111
  42     0.43015     0.21862
  43      0.4404     0.22657
  44     0.45076     0.23475
  45     0.46085     0.24283
  46     0.47018     0.25042
  47     0.48021      0.2587
  48     0.49517     0.27131
  49      0.5002     0.27559
  50     0.51068     0.28469
  51     0.52098     0.29382
  52     0.53091     0.30277
  53     0.54002      0.3111
  54        0.55     0.32032
  55     0.56015     0.32982
  56     0.57015     0.33931
  57     0.58029     0.34912
  58     0.59008     0.35874
  59     0.60039     0.36903
  60     0.61006     0.37881
  61     0.62045     0.38946
  62     0.63225     0.40181
  63     0.64061      0.4107
  64     0.65004     0.42087
  65     0.66016     0.43193
  66     0.67006     0.44289
  67     0.68151     0.45584
  68      0.6919     0.46784
  69     0.70008     0.47742
  70     0.71057     0.48991
  71     0.72007      0.5014
  72     0.73002     0.51359
  73     0.74055     0.52674
  74     0.75016      0.5389
  75      0.7606     0.55235
  76     0.77082     0.56573
  77     0.78042     0.57853
  78     0.79042     0.59211
  79     0.80028     0.60574
  80     0.81029     0.61976
  81     0.82012     0.63389
  82     0.83217     0.65167
  83      0.8402     0.66369
  84      0.8503     0.67909
  85     0.86006      0.6943
  86     0.87005     0.71026
  87     0.88004     0.72676
  88     0.89017     0.74398
  89     0.90002      0.7613
  90     0.91023     0.77995
  91     0.92006     0.79858
  92     0.93033     0.81882
  93     0.94004     0.83876
  94     0.95099     0.86225
  95     0.96048     0.88361
  96     0.97039     0.90748
  97     0.98001     0.93251
  98     0.99015     0.96184
  99           1           1
-----------------------------------------

----------------- PPP$ and local currency --------------
         PPP used in computation: 4.3585
     Data mean in local currency: 2364.25
               Data mean in PPP$: 524.493
        Poverty line in PPP$/Day: 1.9
      Poverty line in PPP$/Month: 57.7917
  Poverty line in local currency: 260.507
-------------------------------------------------------

----------------- Estimation result --------------
     Number of observation: 3370
          Total population: 4.24631E+06
              Total wealth: 2.30339E+09(PPP$)
                   Minimum: -128.198(PPP$)
                   Maximum: 3929.71(PPP$)
             Headcount(HC): 0.00915795
          Poverty gap (PG): 0.00565771
       Poverty gap squared: 0.00495412
                      Gini: 0.325062
                    Median: 449.602
                       MLD: 0.211052
                      Watt: 0.0046341
--------------------------------------------------

-------------------------------- Income or Consumption share by deciles (%) -------------------------------------
     2.4781     4.3933     5.7904     6.9285     7.9517     9.3221     10.869     12.802     15.591     23.874
-----------------------------------------------------------------------------------------------------------------


