

**********************************************************************************************
**                                   Basic Information                                      **
**********************************************************************************************

----------------- Dataset Information -----------------
                         Country: Croatia
                    Country dode: HRV
                       Data Year: 2004
                        Coverage: National
             Welfare measurement: Consumption
                     Data format: Unit record
                     Data source: HRV_N2004X
                  Data time span: UnDefined
-------------------------------------------------------


----------- Distribution ------------
   i           P           L 
-------------------------------------
   0    0.010519   0.0020188
   1    0.020078   0.0046115
   2    0.030026   0.0075818
   3    0.040083    0.010868
   4    0.050067    0.014413
   5    0.060187    0.018279
   6    0.070358    0.022367
   7    0.080124    0.026457
   8    0.090882    0.031148
   9     0.10016    0.035302
  10     0.11002    0.039851
  11     0.12014    0.044633
  12     0.13066    0.049739
  13     0.14002    0.054414
  14     0.15054    0.059756
  15     0.16047    0.064911
  16     0.17008     0.07001
  17     0.18008    0.075379
  18     0.19001    0.080809
  19     0.20042    0.086624
  20     0.21039    0.092273
  21     0.22046    0.098056
  22     0.23032     0.10382
  23     0.24018     0.10967
  24     0.25019     0.11572
  25     0.26016     0.12183
  26     0.27021      0.1281
  27     0.28022     0.13443
  28     0.29052     0.14105
  29      0.3001     0.14728
  30     0.31009      0.1539
  31     0.32032     0.16078
  32     0.33002     0.16739
  33     0.34002     0.17431
  34      0.3508     0.18189
  35     0.36021     0.18858
  36     0.37047     0.19598
  37     0.38036     0.20323
  38     0.39014      0.2105
  39     0.40019     0.21809
  40     0.41024     0.22577
  41        0.42     0.23333
  42     0.43003     0.24116
  43     0.44011      0.2491
  44     0.45017     0.25711
  45     0.46006     0.26508
  46     0.47014     0.27335
  47     0.48022     0.28173
  48     0.49031     0.29022
  49     0.50001     0.29847
  50     0.51026     0.30726
  51     0.52025     0.31597
  52     0.53051     0.32503
  53     0.54022     0.33372
  54     0.55031     0.34286
  55     0.56008      0.3518
  56     0.57012     0.36111
  57     0.58011     0.37047
  58     0.59007     0.37992
  59     0.60063     0.39006
  60     0.61025     0.39941
  61     0.62071     0.40967
  62     0.63046     0.41942
  63     0.64043     0.42953
  64     0.65034     0.43971
  65     0.66005     0.44984
  66     0.67036     0.46076
  67     0.68043     0.47165
  68     0.69002     0.48219
  69     0.70046     0.49385
  70     0.71008     0.50478
  71     0.72029     0.51654
  72     0.73024     0.52821
  73     0.74001     0.53981
  74     0.75008     0.55202
  75     0.76026     0.56452
  76     0.77033     0.57708
  77     0.78017     0.58962
  78     0.79014     0.60249
  79     0.80002     0.61546
  80     0.81037     0.62936
  81     0.82033     0.64295
  82     0.83007     0.65658
  83     0.84019       0.671
  84     0.85009     0.68534
  85     0.86023     0.70039
  86     0.87009     0.71555
  87     0.88037     0.73184
  88     0.89022      0.7478
  89     0.90003     0.76414
  90      0.9101     0.78155
  91     0.92007      0.7993
  92      0.9305     0.81862
  93     0.94011     0.83708
  94     0.95016     0.85725
  95     0.96003     0.87829
  96     0.97024     0.90174
  97     0.98007     0.92665
  98     0.99014     0.95638
  99           1           1
-----------------------------------------

----------------- PPP$ and local currency --------------
         PPP used in computation: 4.3585
     Data mean in local currency: 2933.65
               Data mean in PPP$: 828.612
        Poverty line in PPP$/Day: 1.9
      Poverty line in PPP$/Month: 57.7917
  Poverty line in local currency: 204.608
-------------------------------------------------------

----------------- Estimation result --------------
     Number of observation: 2846
          Total population: 3.94521E+06
              Total wealth: 2.65547E+09(PPP$)
                   Minimum: 57.3622(PPP$)
                   Maximum: 6038.01(PPP$)
             Headcount(HC): 0
          Poverty gap (PG): 0
       Poverty gap squared: 0
                      Gini: 0.296774
                    Median: 706.148
                       MLD: 0.146485
                      Watt: 0
--------------------------------------------------

-------------------------------- Income or Consumption share by deciles (%) -------------------------------------
     3.5231     5.1156     6.0826     7.0735     8.0513     9.0999     10.388      12.21     14.866     23.591
-----------------------------------------------------------------------------------------------------------------


