

**********************************************************************************************
**                                   Basic Information                                      **
**********************************************************************************************

----------------- Dataset Information -----------------
                         Country: Croatia
                    Country dode: HRV
                       Data Year: 1998
                        Coverage: National
             Welfare measurement: Consumption
                     Data format: Unit record
                     Data source: HRV_N1998X
                  Data time span: UnDefined
-------------------------------------------------------


----------- Distribution ------------
   i           P           L 
-------------------------------------
   0    0.010403   0.0021352
   1     0.02103   0.0050557
   2    0.030083   0.0078078
   3    0.040096    0.011094
   4    0.050221    0.014672
   5    0.060542    0.018507
   6    0.070108     0.02231
   7    0.080422    0.026632
   8    0.090404    0.030985
   9     0.10015    0.035364
  10     0.11012     0.03998
  11     0.12021    0.044778
  12     0.13006    0.049618
  13     0.14023    0.054751
  14     0.15027    0.059905
  15     0.16053    0.065274
  16     0.17016    0.070427
  17     0.18015    0.075875
  18     0.19002    0.081391
  19     0.20009    0.087142
  20     0.21003    0.092926
  21     0.22005    0.098861
  22     0.23014     0.10491
  23     0.24039     0.11116
  24     0.25044      0.1174
  25     0.26027     0.12356
  26     0.27018     0.12986
  27      0.2802     0.13634
  28     0.29025      0.1429
  29     0.30015     0.14947
  30     0.31021     0.15625
  31     0.32008     0.16297
  32     0.33081     0.17037
  33     0.34015      0.1769
  34     0.35061     0.18432
  35     0.36006     0.19113
  36     0.37006     0.19839
  37     0.38008     0.20577
  38     0.39004      0.2132
  39     0.40024     0.22088
  40      0.4102     0.22848
  41     0.42027     0.23627
  42     0.43027     0.24414
  43     0.44116     0.25283
  44     0.45018     0.26011
  45     0.46031      0.2684
  46     0.47003     0.27645
  47     0.48019     0.28498
  48     0.49003     0.29335
  49     0.50033     0.30222
  50     0.51014     0.31075
  51     0.52012     0.31956
  52     0.53021     0.32859
  53     0.54026     0.33773
  54      0.5501     0.34677
  55     0.56021     0.35618
  56     0.57011     0.36552
  57     0.58001     0.37498
  58     0.59037     0.38507
  59     0.60013      0.3947
  60     0.61005      0.4046
  61     0.62038       0.415
  62     0.63003     0.42485
  63      0.6402     0.43541
  64     0.65041     0.44616
  65     0.66014     0.45656
  66     0.67027     0.46753
  67     0.68013     0.47834
  68     0.69012     0.48951
  69     0.70032     0.50114
  70     0.71026     0.51262
  71     0.72019     0.52426
  72        0.73     0.53593
  73     0.74016     0.54825
  74     0.75007     0.56049
  75     0.76011     0.57307
  76     0.77051      0.5864
  77        0.78     0.59876
  78     0.79004     0.61204
  79     0.80009     0.62553
  80     0.81014     0.63929
  81     0.82024     0.65342
  82     0.83011      0.6675
  83     0.84015     0.68204
  84     0.85057     0.69748
  85     0.86006     0.71182
  86     0.87013     0.72731
  87     0.88016     0.74304
  88      0.8901     0.75893
  89     0.90015     0.77543
  90     0.91027     0.79265
  91     0.92007     0.80989
  92     0.93015     0.82823
  93     0.94012     0.84706
  94     0.95028     0.86709
  95     0.96001     0.88738
  96     0.97036     0.91047
  97     0.98033     0.93486
  98     0.99009     0.96163
  99           1           1
-----------------------------------------

----------------- PPP$ and local currency --------------
         PPP used in computation: 4.3585
     Data mean in local currency: 2941.6
               Data mean in PPP$: 990.569
        Poverty line in PPP$/Day: 1.9
      Poverty line in PPP$/Month: 57.7917
  Poverty line in local currency: 171.619
-------------------------------------------------------

----------------- Estimation result --------------
     Number of observation: 3123
          Total population: 4.09094E+06
              Total wealth: 2.76102E+09(PPP$)
                   Minimum: 83.9354(PPP$)
                   Maximum: 5705.42(PPP$)
             Headcount(HC): 0
          Poverty gap (PG): 0
       Poverty gap squared: 0
                      Gini: 0.287484
                    Median: 857.171
                       MLD: 0.137082
                      Watt: 0
--------------------------------------------------

-------------------------------- Income or Consumption share by deciles (%) -------------------------------------
     3.5298     5.1793     6.2279     7.1337     8.1225     9.2638      10.62     12.464     14.978      22.48
-----------------------------------------------------------------------------------------------------------------


