

**********************************************************************************************
**                                   Basic Information                                      **
**********************************************************************************************

----------------- Dataset Information -----------------
                         Country: Haiti
                    Country dode: HTI
                       Data Year: 2001
                        Coverage: National
             Welfare measurement: Income
                     Data format: Unit record
                     Data source: HTI_N2001Y
                  Data time span: UnDefined
-------------------------------------------------------


----------- Distribution ------------
   i           P           L 
-------------------------------------
   0    0.010136  0.00015264
   1    0.020127  0.00045594
   2     0.03008  0.00084503
   3    0.040063   0.0013292
   4    0.050779   0.0019718
   5    0.060049    0.002624
   6    0.070544   0.0034657
   7    0.080165   0.0043366
   8    0.090018   0.0053324
   9     0.10075   0.0065277
  10     0.11003   0.0076628
  11     0.12012   0.0090059
  12     0.13017     0.01044
  13     0.14012    0.011949
  14     0.15082    0.013705
  15      0.1602    0.015352
  16     0.17032    0.017245
  17     0.18006    0.019152
  18     0.19022    0.021224
  19     0.20064     0.02346
  20     0.21053    0.025673
  21     0.22026    0.027934
  22     0.23012     0.03031
  23     0.24036    0.032877
  24     0.25033    0.035472
  25     0.26002    0.038076
  26     0.27009    0.040861
  27     0.28022    0.043749
  28     0.29024    0.046672
  29     0.30005    0.049618
  30        0.31    0.052708
  31     0.32011    0.055941
  32     0.33002    0.059197
  33     0.34036     0.06269
  34     0.35003    0.066055
  35     0.36008    0.069634
  36     0.37021     0.07334
  37     0.38015     0.07707
  38     0.39021    0.080941
  39     0.40003    0.084834
  40     0.41038    0.089029
  41     0.42028    0.093128
  42     0.43038    0.097411
  43     0.44009     0.10163
  44     0.45002     0.10605
  45     0.46005     0.11064
  46     0.47007     0.11535
  47      0.4803      0.1203
  48     0.49131     0.12576
  49     0.50034     0.13034
  50     0.51108     0.13589
  51     0.52033     0.14077
  52     0.53034     0.14618
  53     0.54045     0.15176
  54     0.55012     0.15723
  55     0.56016     0.16306
  56     0.57007     0.16894
  57     0.58037     0.17523
  58     0.59009     0.18131
  59     0.60008     0.18771
  60     0.61004     0.19428
  61     0.62013     0.20113
  62     0.63001     0.20805
  63     0.64012     0.21534
  64     0.65048     0.22301
  65     0.66006      0.2303
  66      0.6702     0.23822
  67     0.68016      0.2462
  68     0.69011     0.25439
  69     0.70009     0.26285
  70     0.71023      0.2717
  71     0.72019     0.28064
  72     0.73014      0.2898
  73     0.74003     0.29922
  74     0.75063     0.30967
  75     0.76002     0.31925
  76     0.77007     0.32985
  77     0.78005      0.3408
  78     0.79004     0.35222
  79     0.80019     0.36426
  80     0.81006     0.37647
  81     0.82004     0.38944
  82     0.83057      0.4037
  83     0.84006     0.41705
  84     0.85002      0.4319
  85     0.86002      0.4477
  86     0.87002     0.46459
  87     0.88004      0.4825
  88     0.89012      0.5017
  89     0.90002     0.52179
  90     0.91006     0.54373
  91     0.92006      0.5671
  92     0.93048     0.59325
  93     0.94005     0.61956
  94      0.9501     0.65019
  95     0.96034     0.68549
  96     0.97021     0.72566
  97     0.98001     0.77612
  98     0.99001     0.84619
  99           1           1
-----------------------------------------

----------------- PPP$ and local currency --------------
         PPP used in computation: 20.7057
     Data mean in local currency: 574.891
               Data mean in PPP$: 99.4029
        Poverty line in PPP$/Day: 1.9
      Poverty line in PPP$/Month: 57.7917
  Poverty line in local currency: 334.235
-------------------------------------------------------

----------------- Estimation result --------------
     Number of observation: 5066
          Total population: 7.68445E+06
              Total wealth: 2.13357E+08(PPP$)
                   Minimum: 0.0668562(PPP$)
                   Maximum: 2438.84(PPP$)
             Headcount(HC): 0.555869
          Poverty gap (PG): 0.27971
       Poverty gap squared: 0.181404
                      Gini: 0.594766
                    Median: 50.8223
                       MLD: 0.692278
                      Watt: 0.520267
--------------------------------------------------

-------------------------------- Income or Consumption share by deciles (%) -------------------------------------
    0.64438     1.6879     2.6281     3.5217     4.5343     5.7497     7.5118     10.125     15.773     47.824
-----------------------------------------------------------------------------------------------------------------


