

**********************************************************************************************
**                                   Basic Information                                      **
**********************************************************************************************

----------------- Dataset Information -----------------
                         Country: Haiti
                    Country dode: HTI
                       Data Year: 2012
                        Coverage: National
             Welfare measurement: Income
                     Data format: Unit record
                     Data source: HTI_N2012Y
                  Data time span: UnDefined
-------------------------------------------------------


----------- Distribution ------------
   i           P           L 
-------------------------------------
   0    0.010215  3.1878E-05
   1    0.020039  0.00023062
   2    0.030466  0.00057829
   3    0.040753   0.0010396
   4    0.050302   0.0015662
   5    0.060219   0.0021697
   6    0.070239   0.0028677
   7      0.0804   0.0036664
   8    0.090107   0.0045297
   9     0.10009   0.0055081
  10     0.11008   0.0065789
  11     0.12005    0.007733
  12     0.13063    0.009065
  13     0.14006     0.01032
  14     0.15019    0.011728
  15     0.16001    0.013174
  16     0.17063    0.014824
  17     0.18014    0.016375
  18     0.19031    0.018116
  19     0.20005    0.019851
  20     0.21028    0.021766
  21     0.22063    0.023795
  22     0.23042    0.025805
  23      0.2401     0.02788
  24     0.25009    0.030097
  25     0.26034     0.03247
  26     0.27018    0.034861
  27     0.28021    0.037378
  28     0.29021    0.039956
  29     0.30019    0.042621
  30     0.31002    0.045333
  31     0.32004    0.048187
  32      0.3301    0.051175
  33     0.34003    0.054208
  34     0.35003    0.057371
  35     0.36037    0.060745
  36     0.37008    0.064035
  37     0.38002    0.067517
  38     0.39016    0.071168
  39     0.40003    0.074797
  40     0.41021    0.078654
  41     0.42022    0.082581
  42     0.43197    0.087271
  43      0.4401    0.090593
  44     0.45011     0.09482
  45      0.4601     0.09916
  46     0.47022     0.10369
  47     0.48022     0.10828
  48     0.49068     0.11322
  49     0.50002     0.11773
  50     0.51002     0.12268
  51     0.52004     0.12782
  52     0.53019     0.13319
  53     0.54015     0.13862
  54     0.55048      0.1444
  55     0.56011     0.14992
  56     0.57005     0.15578
  57     0.58012     0.16189
  58     0.59036     0.16831
  59     0.60052     0.17487
  60     0.61006     0.18123
  61     0.62038     0.18834
  62     0.63001     0.19515
  63     0.64006     0.20245
  64     0.65007     0.20996
  65     0.66007     0.21769
  66     0.67037      0.2259
  67     0.68001     0.23379
  68     0.69163     0.24356
  69     0.70024       0.251
  70     0.71008     0.25979
  71     0.72012     0.26901
  72     0.73009     0.27843
  73     0.74011     0.28832
  74     0.75122     0.29982
  75     0.76001     0.30931
  76     0.77004     0.32058
  77     0.78034     0.33266
  78     0.79015     0.34467
  79     0.80012     0.35725
  80     0.81016     0.37045
  81     0.82007     0.38385
  82     0.83002     0.39776
  83     0.84007     0.41235
  84     0.85018     0.42784
  85     0.86002     0.44373
  86     0.87009     0.46075
  87     0.88007     0.47855
  88     0.89013     0.49757
  89      0.9001     0.51807
  90     0.91008     0.53989
  91     0.92012     0.56382
  92     0.93025     0.59031
  93     0.94037     0.61966
  94     0.95001     0.65001
  95     0.96007     0.68763
  96        0.97     0.73305
  97     0.98004     0.78808
  98     0.99012     0.85779
  99           1           1
-----------------------------------------

----------------- PPP$ and local currency --------------
         PPP used in computation: 20.7057
     Data mean in local currency: 2360.51
               Data mean in PPP$: 104.7
        Poverty line in PPP$/Day: 1.9
      Poverty line in PPP$/Month: 57.7917
  Poverty line in local currency: 1302.94
-------------------------------------------------------

----------------- Estimation result --------------
     Number of observation: 4768
          Total population: 1.02572E+07
              Total wealth: 1.16935E+09(PPP$)
                   Minimum: 0(PPP$)
                   Maximum: 6109.53(PPP$)
             Headcount(HC): 0.539098
          Poverty gap (PG): 0.289019
       Poverty gap squared: 0.194239
                      Gini: 0.607868
                    Median: 51.1658
                       MLD: 0.773171
                      Watt: 0.542605
--------------------------------------------------

-------------------------------- Income or Consumption share by deciles (%) -------------------------------------
    0.54991     1.4344     2.2726     3.2218     4.2933     5.6817     7.6257     10.631     16.077     48.213
-----------------------------------------------------------------------------------------------------------------


