

**********************************************************************************************
**                                   Basic Information                                      **
**********************************************************************************************

----------------- Dataset Information -----------------
                         Country: Hungary
                    Country dode: HUN
                       Data Year: 2009
                        Coverage: National
             Welfare measurement: Income
                     Data format: Unit record
                     Data source: HUN_N2009Y
                  Data time span: UnDefined
-------------------------------------------------------


----------- Distribution ------------
   i           P           L 
-------------------------------------
   0    0.010023   0.0021076
   1    0.020192   0.0050592
   2    0.030067   0.0082118
   3    0.040049    0.011628
   4    0.050101    0.015275
   5    0.060109    0.019084
   6    0.070198    0.023105
   7    0.080101    0.027211
   8    0.090165    0.031546
   9     0.10019    0.035992
  10     0.11007    0.040529
  11     0.12012    0.045293
  12     0.13023    0.050247
  13     0.14018     0.05529
  14      0.1501    0.060452
  15     0.16009    0.065785
  16     0.17011    0.071268
  17      0.1804    0.077031
  18     0.19009    0.082597
  19     0.20059    0.088761
  20     0.21005    0.094411
  21     0.22011     0.10053
  22     0.23021     0.10681
  23     0.24019     0.11316
  24     0.25002     0.11952
  25     0.26012     0.12617
  26     0.27006     0.13281
  27     0.28005     0.13957
  28     0.29004     0.14645
  29     0.30003     0.15343
  30     0.31004     0.16054
  31     0.32005     0.16774
  32        0.33       0.175
  33     0.34039      0.1827
  34     0.35004     0.18996
  35     0.36001     0.19757
  36     0.37001     0.20532
  37     0.38011     0.21326
  38        0.39     0.22114
  39     0.40007     0.22924
  40     0.41002     0.23734
  41     0.42006      0.2456
  42     0.43004     0.25393
  43     0.44008     0.26241
  44     0.45003      0.2709
  45     0.46013     0.27964
  46     0.47002     0.28831
  47     0.48025     0.29739
  48     0.49013     0.30625
  49     0.50001     0.31522
  50     0.51025     0.32463
  51     0.52005     0.33373
  52      0.5302     0.34325
  53     0.54001     0.35254
  54     0.55007     0.36217
  55     0.56002     0.37178
  56     0.57006     0.38158
  57        0.58     0.39139
  58     0.59007     0.40143
  59     0.60017      0.4116
  60     0.61001     0.42162
  61     0.62004     0.43196
  62     0.63001     0.44236
  63     0.64007     0.45293
  64     0.65007     0.46357
  65     0.66006     0.47431
  66     0.67005     0.48519
  67     0.68004     0.49624
  68     0.69011     0.50751
  69     0.70004     0.51878
  70     0.71003     0.53027
  71     0.72004     0.54191
  72     0.73012      0.5538
  73     0.74013     0.56575
  74     0.75008     0.57783
  75     0.76004      0.5901
  76     0.77003     0.60256
  77     0.78012     0.61533
  78     0.79003     0.62804
  79     0.80003     0.64105
  80      0.8102     0.65451
  81     0.82013     0.66786
  82     0.83008     0.68146
  83     0.84002     0.69529
  84     0.85001     0.70946
  85     0.86009     0.72409
  86     0.87001     0.73879
  87        0.88     0.75388
  88      0.8901     0.76953
  89     0.90006     0.78534
  90     0.91005     0.80161
  91     0.92021      0.8186
  92     0.93001     0.83556
  93     0.94021     0.85391
  94     0.95007     0.87234
  95        0.96     0.89182
  96     0.97011     0.91295
  97        0.98     0.93553
  98     0.99003     0.96184
  99           1           1
-----------------------------------------

----------------- PPP$ and local currency --------------
         PPP used in computation: 137.883
     Data mean in local currency: 72425
               Data mean in PPP$: 572.705
        Poverty line in PPP$/Day: 1.9
      Poverty line in PPP$/Month: 57.7917
  Poverty line in local currency: 7308.4
-------------------------------------------------------

----------------- Estimation result --------------
     Number of observation: 9238
          Total population: 9.8649E+06
              Total wealth: 5.18168E+09(PPP$)
                   Minimum: -24.1751(PPP$)
                   Maximum: 17667.6(PPP$)
             Headcount(HC): 0.000736957
          Poverty gap (PG): 0.00044311
       Poverty gap squared: 0.000470905
                      Gini: 0.269688
                    Median: 522.651
                       MLD: 0.127187
                      Watt: 6.83209E-05
--------------------------------------------------

-------------------------------- Income or Consumption share by deciles (%) -------------------------------------
     3.5908     5.2506     6.4996     7.5774     8.6027     9.6217     10.731     12.227     14.423     21.476
-----------------------------------------------------------------------------------------------------------------


