

**********************************************************************************************
**                                   Basic Information                                      **
**********************************************************************************************

----------------- Dataset Information -----------------
                         Country: Hungary
                    Country dode: HUN
                       Data Year: 2012
                        Coverage: National
             Welfare measurement: Income
                     Data format: Unit record
                     Data source: HUN_N2012Y
                  Data time span: UnDefined
-------------------------------------------------------


----------- Distribution ------------
   i           P           L 
-------------------------------------
   0    0.010043   0.0013021
   1    0.020214   0.0035291
   2    0.030069   0.0060602
   3    0.040097   0.0088696
   4    0.050171    0.011917
   5    0.060165    0.015114
   6     0.07001    0.018438
   7    0.080023    0.022059
   8     0.09015    0.025931
   9     0.10006    0.029882
  10     0.11002    0.034007
  11     0.12042     0.03849
  12     0.13011    0.042817
  13     0.14008    0.047413
  14     0.15003    0.052138
  15      0.1602    0.057102
  16     0.17007    0.062075
  17     0.18009    0.067256
  18     0.19018    0.072592
  19     0.20006    0.077947
  20      0.2103    0.083662
  21     0.22004    0.089206
  22     0.23001    0.095009
  23     0.24032     0.10115
  24     0.25005     0.10707
  25     0.26031     0.11342
  26      0.2703     0.11969
  27     0.28007     0.12596
  28     0.29001     0.13245
  29         0.3     0.13911
  30     0.31033      0.1461
  31     0.32004     0.15277
  32     0.33002     0.15973
  33     0.34005     0.16684
  34     0.35004     0.17401
  35     0.36013     0.18136
  36     0.37002     0.18864
  37     0.38005     0.19615
  38     0.39007     0.20375
  39     0.40013     0.21148
  40     0.41015      0.2193
  41     0.42011     0.22718
  42     0.43002     0.23511
  43     0.44007     0.24325
  44     0.45022     0.25157
  45     0.46016     0.25984
  46     0.47001     0.26814
  47     0.48015     0.27681
  48     0.49011     0.28543
  49      0.5001     0.29416
  50     0.51015     0.30306
  51     0.52006     0.31192
  52     0.53003     0.32095
  53     0.54034     0.33041
  54     0.55006     0.33944
  55     0.56001     0.34878
  56     0.57027     0.35851
  57     0.58072     0.36853
  58     0.59002     0.37756
  59     0.60001     0.38737
  60     0.61001      0.3973
  61     0.62005      0.4074
  62     0.63012     0.41766
  63     0.64003     0.42788
  64     0.65002     0.43834
  65     0.66008     0.44901
  66      0.6701     0.45979
  67     0.68002      0.4706
  68     0.69001     0.48161
  69     0.70031     0.49313
  70     0.71007     0.50422
  71     0.72001     0.51565
  72     0.73013     0.52747
  73     0.74004     0.53922
  74     0.75026     0.55153
  75     0.76003     0.56348
  76     0.77004      0.5759
  77     0.78031     0.58884
  78     0.79004     0.60127
  79     0.80004     0.61427
  80     0.81004     0.62756
  81     0.82007     0.64116
  82     0.83024     0.65522
  83     0.84022     0.66931
  84     0.85007     0.68348
  85     0.86004      0.6982
  86     0.87006     0.71333
  87     0.88004     0.72878
  88     0.89004      0.7446
  89     0.90023     0.76112
  90     0.91018     0.77768
  91     0.92002     0.79467
  92     0.93006     0.81263
  93     0.94002      0.8313
  94     0.95002     0.85109
  95     0.96003      0.8723
  96     0.97001     0.89482
  97        0.98     0.91964
  98     0.99007     0.94921
  99           1           1
-----------------------------------------

----------------- PPP$ and local currency --------------
         PPP used in computation: 137.883
     Data mean in local currency: 82848.2
               Data mean in PPP$: 568.426
        Poverty line in PPP$/Day: 1.9
      Poverty line in PPP$/Month: 57.7917
  Poverty line in local currency: 8423.15
-------------------------------------------------------

----------------- Estimation result --------------
     Number of observation: 9299
          Total population: 9.79969E+06
              Total wealth: 5.88823E+09(PPP$)
                   Minimum: -577.682(PPP$)
                   Maximum: 11412.1(PPP$)
             Headcount(HC): 0.00262141
          Poverty gap (PG): 0.00207637
       Poverty gap squared: 0.00435233
                      Gini: 0.305536
                    Median: 500.134
                       MLD: 0.17502
                      Watt: 0.00113388
--------------------------------------------------

-------------------------------- Income or Consumption share by deciles (%) -------------------------------------
     2.9859     4.8053     6.1192     7.2274     8.2699     9.3276     10.544     12.144     14.652     23.926
-----------------------------------------------------------------------------------------------------------------


