

**********************************************************************************************
**                                   Basic Information                                      **
**********************************************************************************************

----------------- Dataset Information -----------------
                         Country: Hungary
                    Country dode: HUN
                       Data Year: 1999
                        Coverage: National
             Welfare measurement: Consumption
                     Data format: Unit record
                     Data source: HUN_N1999X
                  Data time span: UnDefined
-------------------------------------------------------


----------- Distribution ------------
   i           P           L 
-------------------------------------
   0    0.010074   0.0025328
   1    0.020173   0.0057538
   2    0.030208   0.0092701
   3    0.040068    0.013007
   4    0.050077    0.017062
   5    0.060049     0.02131
   6    0.070082    0.025758
   7    0.080492     0.03054
   8    0.090296    0.035181
   9         0.1      0.0399
  10     0.11005    0.044916
  11     0.12013    0.050057
  12     0.13004    0.055224
  13     0.14006    0.060587
  14     0.15014    0.066083
  15     0.16005    0.071588
  16     0.17024    0.077359
  17     0.18019    0.083093
  18     0.19012    0.088903
  19     0.20002    0.094801
  20     0.21009     0.10089
  21     0.22002     0.10701
  22     0.23001     0.11324
  23     0.24009     0.11963
  24     0.25005     0.12604
  25     0.26001     0.13255
  26     0.27003     0.13921
  27     0.28018     0.14604
  28     0.29008     0.15278
  29      0.3002     0.15977
  30     0.31027      0.1668
  31     0.32018     0.17381
  32     0.33004     0.18086
  33     0.34008     0.18811
  34     0.35001     0.19537
  35     0.36007     0.20281
  36      0.3702     0.21039
  37     0.38025     0.21798
  38     0.39008     0.22547
  39     0.40032     0.23336
  40     0.41002     0.24092
  41     0.42031     0.24902
  42     0.43014     0.25685
  43     0.44011     0.26487
  44     0.45018     0.27306
  45     0.46006     0.28121
  46     0.47001      0.2895
  47     0.48003     0.29794
  48     0.49001     0.30644
  49     0.50004     0.31504
  50     0.51003     0.32371
  51     0.52007     0.33252
  52     0.53018      0.3415
  53     0.54002     0.35033
  54     0.55003     0.35943
  55     0.56002      0.3686
  56        0.57     0.37786
  57     0.58003     0.38728
  58     0.59019     0.39694
  59     0.60003     0.40641
  60     0.61005     0.41619
  61     0.62001     0.42605
  62     0.63003     0.43609
  63     0.64011      0.4463
  64     0.65002     0.45645
  65     0.66028      0.4671
  66        0.67     0.47733
  67     0.68004     0.48802
  68     0.69004     0.49882
  69     0.70008      0.5098
  70     0.71003     0.52083
  71        0.72     0.53203
  72     0.73004     0.54346
  73     0.74005       0.555
  74     0.75034     0.56701
  75     0.76003      0.5785
  76     0.77021     0.59072
  77     0.78005     0.60273
  78     0.79012     0.61522
  79     0.80018     0.62787
  80     0.81001     0.64043
  81     0.82003     0.65344
  82     0.83006     0.66671
  83     0.84003     0.68013
  84        0.85     0.69381
  85     0.86002     0.70784
  86     0.87005     0.72219
  87     0.88002     0.73687
  88     0.89002     0.75199
  89     0.90002     0.76755
  90     0.91006      0.7836
  91        0.92     0.80001
  92     0.93014     0.81734
  93        0.94     0.83487
  94     0.95017     0.85382
  95     0.96002     0.87322
  96     0.97002     0.89441
  97        0.98     0.91789
  98     0.99002      0.9454
  99           1           1
-----------------------------------------

----------------- PPP$ and local currency --------------
         PPP used in computation: 137.883
     Data mean in local currency: 26421.4
               Data mean in PPP$: 377.91
        Poverty line in PPP$/Day: 1.9
      Poverty line in PPP$/Month: 57.7917
  Poverty line in local currency: 4040.47
-------------------------------------------------------

----------------- Estimation result --------------
     Number of observation: 10182
          Total population: 9.56135E+06
              Total wealth: 1.83216E+09(PPP$)
                   Minimum: 15.0688(PPP$)
                   Maximum: 9228.04(PPP$)
             Headcount(HC): 0.000280818
          Poverty gap (PG): 9.14516E-05
       Poverty gap squared: 4.42767E-05
                      Gini: 0.276354
                    Median: 325.926
                       MLD: 0.130009
                      Watt: 0.000125097
--------------------------------------------------

-------------------------------- Income or Consumption share by deciles (%) -------------------------------------
     3.9899     5.4887     6.4848     7.3483     8.1891     9.1368     10.334     11.793     13.987     23.248
-----------------------------------------------------------------------------------------------------------------


