

**********************************************************************************************
**                                   Basic Information                                      **
**********************************************************************************************

----------------- Dataset Information -----------------
                         Country: Hungary
                    Country dode: HUN
                       Data Year: 1998
                        Coverage: National
             Welfare measurement: Consumption
                     Data format: Unit record
                     Data source: HUN_N1998X
                  Data time span: UnDefined
-------------------------------------------------------


----------- Distribution ------------
   i           P           L 
-------------------------------------
   0    0.010125   0.0024374
   1    0.020154   0.0056345
   2    0.030088   0.0091788
   3    0.040201    0.013044
   4    0.050033    0.017053
   5    0.060119    0.021385
   6     0.07008    0.025862
   7    0.080036    0.030492
   8    0.090139    0.035325
   9     0.10009    0.040218
  10     0.11006     0.04526
  11     0.12012     0.05049
  12     0.13015    0.055848
  13     0.14001    0.061231
  14     0.15002    0.066811
  15     0.16001    0.072475
  16     0.17003    0.078252
  17     0.18002    0.084107
  18     0.19008    0.090108
  19     0.20003    0.096149
  20     0.21003     0.10232
  21     0.22003     0.10859
  22     0.23027     0.11509
  23     0.24003     0.12138
  24      0.2501     0.12797
  25        0.26     0.13452
  26     0.27001     0.14124
  27     0.28011     0.14811
  28     0.29001     0.15492
  29     0.30007     0.16193
  30     0.31005     0.16898
  31     0.32009     0.17615
  32     0.33001     0.18332
  33     0.34009     0.19069
  34     0.35002     0.19808
  35     0.36005     0.20563
  36     0.37015     0.21332
  37     0.38003     0.22094
  38     0.39024     0.22891
  39     0.40011     0.23671
  40     0.41018     0.24476
  41     0.42005     0.25273
  42     0.43006      0.2609
  43     0.44006     0.26915
  44     0.45004     0.27748
  45     0.46004     0.28595
  46     0.47005     0.29451
  47     0.48015     0.30326
  48     0.49005     0.31193
  49     0.50005     0.32079
  50     0.51023      0.3299
  51        0.52     0.33872
  52     0.53004     0.34787
  53     0.54004     0.35709
  54     0.55015     0.36652
  55     0.56006     0.37585
  56        0.57     0.38532
  57     0.58013     0.39508
  58     0.59002      0.4047
  59     0.60003     0.41458
  60     0.61003     0.42456
  61     0.62006     0.43467
  62     0.63003     0.44482
  63     0.64029     0.45538
  64     0.65016     0.46565
  65     0.66018     0.47619
  66      0.6702     0.48685
  67     0.68002     0.49742
  68     0.69004     0.50833
  69     0.70001     0.51933
  70     0.71011     0.53062
  71     0.72005     0.54189
  72     0.73003     0.55334
  73     0.74008     0.56503
  74     0.75002     0.57678
  75     0.76002     0.58879
  76     0.77002     0.60101
  77     0.78002     0.61342
  78     0.79017     0.62622
  79     0.80009     0.63889
  80     0.81003     0.65178
  81     0.82002     0.66497
  82     0.83007     0.67846
  83        0.84     0.69204
  84        0.85       0.706
  85     0.86007     0.72035
  86     0.87008     0.73494
  87      0.8801     0.74995
  88     0.89005     0.76522
  89     0.90012     0.78109
  90     0.91006     0.79718
  91     0.92005     0.81383
  92        0.93     0.83093
  93        0.94     0.84896
  94     0.95013     0.86814
  95     0.96002     0.88794
  96     0.97005     0.90948
  97     0.98001     0.93297
  98     0.99001     0.95997
  99           1           1
-----------------------------------------

----------------- PPP$ and local currency --------------
         PPP used in computation: 137.883
     Data mean in local currency: 23676.9
               Data mean in PPP$: 372.626
        Poverty line in PPP$/Day: 1.9
      Poverty line in PPP$/Month: 57.7917
  Poverty line in local currency: 3672.13
-------------------------------------------------------

----------------- Estimation result --------------
     Number of observation: 10139
          Total population: 1.00511E+07
              Total wealth: 1.72596E+09(PPP$)
                   Minimum: 20.2716(PPP$)
                   Maximum: 1880.7(PPP$)
             Headcount(HC): 0.000423335
          Poverty gap (PG): 2.53765E-05
       Poverty gap squared: 2.84774E-06
                      Gini: 0.263819
                    Median: 331.85
                       MLD: 0.115145
                      Watt: 2.69981E-05
--------------------------------------------------

-------------------------------- Income or Consumption share by deciles (%) -------------------------------------
     4.0176     5.5954     6.5754     7.4736     8.4127       9.38     10.477     11.945     14.212      21.91
-----------------------------------------------------------------------------------------------------------------


