

**********************************************************************************************
**                                   Basic Information                                      **
**********************************************************************************************

----------------- Dataset Information -----------------
                         Country: Hungary
                    Country dode: HUN
                       Data Year: 2002
                        Coverage: National
             Welfare measurement: Consumption
                     Data format: Unit record
                     Data source: HUN_N2002X
                  Data time span: UnDefined
-------------------------------------------------------


----------- Distribution ------------
   i           P           L 
-------------------------------------
   0    0.010226   0.0027619
   1    0.020074   0.0060107
   2    0.030008   0.0096016
   3    0.040106    0.013472
   4    0.050043    0.017504
   5    0.060126    0.021786
   6    0.070235    0.026299
   7    0.080287    0.030933
   8    0.090181    0.035617
   9     0.10015    0.040442
  10        0.11    0.045338
  11     0.12006    0.050458
  12     0.13007    0.055666
  13     0.14002    0.060959
  14     0.15011    0.066438
  15      0.1602    0.071999
  16     0.17003    0.077519
  17     0.18004    0.083286
  18     0.19002    0.089146
  19     0.20003    0.095133
  20     0.21013     0.10126
  21     0.22004     0.10737
  22     0.23008     0.11364
  23     0.24001     0.11995
  24     0.25004     0.12643
  25     0.26003     0.13298
  26     0.27003     0.13964
  27     0.28004     0.14639
  28     0.29006     0.15325
  29     0.30007     0.16018
  30     0.31002     0.16716
  31     0.32009     0.17435
  32     0.33013      0.1816
  33     0.34001     0.18883
  34     0.35022      0.1964
  35     0.36015     0.20384
  36     0.37018     0.21143
  37      0.3802      0.2191
  38      0.3901     0.22677
  39     0.40007     0.23457
  40     0.41012     0.24253
  41     0.42013     0.25055
  42     0.43009     0.25861
  43     0.44003     0.26675
  44     0.45001     0.27501
  45     0.46006     0.28343
  46     0.47008     0.29191
  47     0.48034     0.30071
  48     0.49007     0.30914
  49     0.50027     0.31808
  50     0.51017     0.32686
  51     0.52002     0.33567
  52     0.53006     0.34477
  53     0.54003     0.35388
  54     0.55006     0.36316
  55     0.56012     0.37258
  56     0.57002     0.38194
  57     0.58002      0.3915
  58     0.59008     0.40123
  59     0.60051     0.41142
  60     0.61017     0.42096
  61     0.62009     0.43088
  62        0.63      0.4409
  63     0.64007     0.45121
  64        0.65     0.46149
  65     0.66009     0.47207
  66     0.67011     0.48272
  67     0.68008     0.49345
  68     0.69004     0.50428
  69     0.70005     0.51532
  70      0.7103     0.52678
  71      0.7201     0.53788
  72     0.73002     0.54924
  73     0.74001     0.56086
  74        0.75     0.57267
  75     0.76004     0.58469
  76     0.77011     0.59696
  77     0.78003     0.60925
  78     0.79002     0.62184
  79     0.80005     0.63469
  80     0.81003     0.64772
  81        0.82     0.66098
  82     0.83003     0.67456
  83      0.8402     0.68862
  84     0.85009     0.70255
  85     0.86002     0.71687
  86     0.87037     0.73218
  87     0.88014     0.74695
  88     0.89001     0.76215
  89      0.9001     0.77805
  90     0.91023     0.79453
  91     0.92003     0.81101
  92     0.93002     0.82845
  93      0.9401     0.84675
  94     0.95011     0.86593
  95     0.96001     0.88597
  96     0.97001     0.90774
  97     0.98004     0.93155
  98     0.99016     0.95936
  99           1           1
-----------------------------------------

----------------- PPP$ and local currency --------------
         PPP used in computation: 137.883
     Data mean in local currency: 39471
               Data mean in PPP$: 447.576
        Poverty line in PPP$/Day: 1.9
      Poverty line in PPP$/Month: 57.7917
  Poverty line in local currency: 5096.55
-------------------------------------------------------

----------------- Estimation result --------------
     Number of observation: 9878
          Total population: 1.0032E+07
              Total wealth: 2.87181E+09(PPP$)
                   Minimum: 46.5116(PPP$)
                   Maximum: 4422.61(PPP$)
             Headcount(HC): 0
          Poverty gap (PG): 0
       Poverty gap squared: 0
                      Gini: 0.268379
                    Median: 394.676
                       MLD: 0.118093
                      Watt: 0
--------------------------------------------------

-------------------------------- Income or Consumption share by deciles (%) -------------------------------------
     4.0371     5.4743     6.5014      7.439     8.3326     9.3068     10.436     11.936     14.325     22.211
-----------------------------------------------------------------------------------------------------------------


