

**********************************************************************************************
**                                   Basic Information                                      **
**********************************************************************************************

----------------- Dataset Information -----------------
                         Country: Hungary
                    Country dode: HUN
                       Data Year: 2011
                        Coverage: National
             Welfare measurement: Income
                     Data format: Unit record
                     Data source: HUN_N2011Y
                  Data time span: UnDefined
-------------------------------------------------------


----------- Distribution ------------
   i           P           L 
-------------------------------------
   0    0.010052   0.0017063
   1    0.020094    0.004135
   2    0.030056   0.0068581
   3    0.040207   0.0098841
   4    0.050067    0.013023
   5     0.06003    0.016392
   6    0.070045    0.019976
   7    0.080241     0.02385
   8    0.090052    0.027761
   9     0.10007    0.031917
  10     0.11012    0.036264
  11     0.12006    0.040732
  12     0.13007    0.045398
  13     0.14015    0.050247
  14     0.15015    0.055248
  15     0.16007    0.060369
  16     0.17001    0.065668
  17     0.18006    0.071163
  18     0.19008    0.076772
  19     0.20001    0.082466
  20     0.21007     0.08836
  21     0.22002    0.094292
  22     0.23032     0.10055
  23     0.24004     0.10658
  24     0.25014     0.11296
  25     0.26018     0.11941
  26     0.27004     0.12584
  27     0.28006     0.13247
  28     0.29001     0.13915
  29     0.30004     0.14602
  30     0.31003     0.15297
  31      0.3201      0.1601
  32     0.33004     0.16726
  33     0.34005     0.17458
  34      0.3501     0.18201
  35     0.36023     0.18961
  36     0.37012     0.19715
  37     0.38008     0.20484
  38      0.3901     0.21265
  39     0.40036     0.22075
  40     0.41003     0.22849
  41     0.42006     0.23661
  42     0.43019     0.24492
  43     0.44004     0.25309
  44     0.45001     0.26148
  45     0.46003     0.27001
  46     0.47007     0.27866
  47     0.48002     0.28732
  48     0.49005     0.29616
  49     0.50018     0.30517
  50     0.51005     0.31404
  51     0.52003     0.32311
  52     0.53005     0.33232
  53     0.54005      0.3416
  54     0.55008     0.35102
  55     0.56003     0.36046
  56     0.57003     0.37004
  57     0.58008     0.37979
  58     0.59004     0.38954
  59     0.60002     0.39944
  60     0.61003     0.40949
  61     0.62019     0.41979
  62     0.63004     0.42989
  63     0.64012     0.44036
  64     0.65002     0.45075
  65     0.66005     0.46141
  66        0.67     0.47213
  67     0.68033     0.48338
  68     0.69013     0.49416
  69     0.70001     0.50519
  70     0.71013     0.51663
  71     0.72004     0.52796
  72     0.73003     0.53954
  73        0.74     0.55123
  74     0.75002     0.56315
  75     0.76002     0.57523
  76     0.77007     0.58753
  77     0.78007     0.59996
  78      0.7901     0.61265
  79     0.80019     0.62565
  80     0.81009     0.63861
  81     0.82013     0.65193
  82     0.83007     0.66536
  83     0.84004     0.67915
  84     0.85002      0.6933
  85     0.86001     0.70775
  86     0.87009     0.72264
  87     0.88001      0.7376
  88     0.89009      0.7532
  89     0.90001     0.76896
  90     0.91001     0.78542
  91     0.92002     0.80253
  92     0.93003      0.8203
  93     0.94014     0.83912
  94      0.9501     0.85864
  95     0.96003     0.87931
  96     0.97004     0.90185
  97     0.98002     0.92631
  98     0.99004     0.95504
  99           1           1
-----------------------------------------

----------------- PPP$ and local currency --------------
         PPP used in computation: 137.883
     Data mean in local currency: 82394.8
               Data mean in PPP$: 597.571
        Poverty line in PPP$/Day: 1.9
      Poverty line in PPP$/Month: 57.7917
  Poverty line in local currency: 7968.48
-------------------------------------------------------

----------------- Estimation result --------------
     Number of observation: 10619
          Total population: 9.83091E+06
              Total wealth: 5.87467E+09(PPP$)
                   Minimum: -177.386(PPP$)
                   Maximum: 6139.25(PPP$)
             Headcount(HC): 0.00133701
          Poverty gap (PG): 0.000552986
       Poverty gap squared: 0.000679303
                      Gini: 0.28938
                    Median: 534.076
                       MLD: 0.149444
                      Watt: 0.000126783
--------------------------------------------------

-------------------------------- Income or Consumption share by deciles (%) -------------------------------------
     3.1889     5.0571     6.3529     7.4474     8.4548     9.4412     10.576     12.023     14.353     23.106
-----------------------------------------------------------------------------------------------------------------


