

**********************************************************************************************
**                                   Basic Information                                      **
**********************************************************************************************

----------------- Dataset Information -----------------
                         Country: Hungary
                    Country dode: HUN
                       Data Year: 2000
                        Coverage: National
             Welfare measurement: Consumption
                     Data format: Unit record
                     Data source: HUN_N2000X
                  Data time span: UnDefined
-------------------------------------------------------


----------- Distribution ------------
   i           P           L 
-------------------------------------
   0    0.010158   0.0025654
   1     0.02007    0.005679
   2    0.030099   0.0092807
   3    0.040186    0.013128
   4     0.05005    0.017119
   5    0.060153    0.021403
   6    0.070169    0.025818
   7    0.080099    0.030352
   8    0.090067    0.035092
   9     0.10017    0.040055
  10     0.11003    0.045015
  11     0.12005    0.050181
  12     0.13015    0.055505
  13     0.14022    0.060944
  14     0.15007    0.066387
  15     0.16003    0.071983
  16     0.17002     0.07771
  17     0.18005    0.083539
  18     0.19001    0.089409
  19      0.2002    0.095545
  20     0.21001     0.10155
  21     0.22003     0.10777
  22     0.23005      0.1141
  23     0.24002     0.12049
  24     0.25011     0.12705
  25     0.26009     0.13361
  26     0.27012     0.14029
  27     0.28011     0.14702
  28     0.29001     0.15376
  29     0.30005     0.16068
  30     0.31001     0.16764
  31     0.32002     0.17474
  32     0.33018     0.18202
  33     0.34001     0.18912
  34     0.35027     0.19662
  35     0.36002     0.20382
  36     0.37005     0.21133
  37     0.38004      0.2189
  38     0.39009     0.22661
  39     0.40013      0.2344
  40     0.41002     0.24218
  41     0.42023      0.2503
  42     0.43006     0.25819
  43     0.44002     0.26627
  44     0.45008     0.27452
  45        0.46     0.28276
  46     0.47001     0.29118
  47     0.48008     0.29975
  48     0.49002      0.3083
  49     0.50002       0.317
  50     0.51006     0.32582
  51     0.52004     0.33468
  52     0.53003     0.34366
  53     0.54008     0.35279
  54      0.5501     0.36199
  55     0.56001     0.37118
  56      0.5701     0.38064
  57        0.58     0.39003
  58     0.59009     0.39971
  59     0.60003     0.40936
  60     0.61011     0.41926
  61     0.62001      0.4291
  62     0.63002     0.43913
  63     0.64003      0.4493
  64        0.65     0.45953
  65     0.66009     0.47001
  66     0.67001     0.48042
  67     0.68015      0.4912
  68     0.69009     0.50191
  69     0.70016     0.51288
  70     0.71001     0.52375
  71      0.7201     0.53506
  72     0.73013     0.54646
  73     0.74003     0.55788
  74     0.75002     0.56956
  75     0.76003     0.58143
  76     0.77001     0.59343
  77     0.78003     0.60568
  78     0.79003     0.61808
  79     0.80001     0.63064
  80     0.81008     0.64354
  81     0.82001     0.65652
  82     0.83004     0.66989
  83        0.84     0.68344
  84     0.85004     0.69734
  85     0.86001     0.71141
  86     0.87021     0.72617
  87     0.88001     0.74076
  88     0.89015     0.75624
  89     0.90005     0.77185
  90     0.91001     0.78793
  91     0.92006     0.80467
  92     0.93003     0.82193
  93     0.94001     0.83982
  94     0.95002     0.85847
  95     0.96001     0.87818
  96     0.97014     0.89988
  97     0.98001     0.92305
  98     0.99016     0.95057
  99           1           1
-----------------------------------------

----------------- PPP$ and local currency --------------
         PPP used in computation: 137.883
     Data mean in local currency: 29475
               Data mean in PPP$: 384.026
        Poverty line in PPP$/Day: 1.9
      Poverty line in PPP$/Month: 57.7917
  Poverty line in local currency: 4435.66
-------------------------------------------------------

----------------- Estimation result --------------
     Number of observation: 10190
          Total population: 9.52103E+06
              Total wealth: 2.03529E+09(PPP$)
                   Minimum: 32.6034(PPP$)
                   Maximum: 8625.47(PPP$)
             Headcount(HC): 0
          Poverty gap (PG): 0
       Poverty gap squared: 0
                      Gini: 0.272206
                    Median: 335.425
                       MLD: 0.124424
                      Watt: 0
--------------------------------------------------

-------------------------------- Income or Consumption share by deciles (%) -------------------------------------
      3.997     5.5456     6.5222     7.3658     8.2676      9.235     10.337     11.793     14.113     22.823
-----------------------------------------------------------------------------------------------------------------


