

**********************************************************************************************
**                                   Basic Information                                      **
**********************************************************************************************

----------------- Dataset Information -----------------
                         Country: Hungary
                    Country dode: HUN
                       Data Year: 2001
                        Coverage: National
             Welfare measurement: Consumption
                     Data format: Unit record
                     Data source: HUN_N2001X
                  Data time span: UnDefined
-------------------------------------------------------


----------- Distribution ------------
   i           P           L 
-------------------------------------
   0    0.010027   0.0024028
   1    0.020043   0.0054881
   2    0.030117   0.0088899
   3     0.04006    0.012528
   4    0.050144    0.016496
   5    0.060025    0.020587
   6    0.070225    0.024996
   7    0.080013    0.029388
   8    0.090179    0.034147
   9      0.1005    0.039112
  10     0.11025    0.043953
  11        0.12    0.048927
  12     0.13004    0.054161
  13     0.14039    0.059693
  14     0.15013    0.065019
  15     0.16077    0.070944
  16     0.17023    0.076309
  17     0.18012    0.082039
  18     0.19003    0.087889
  19     0.20016    0.093974
  20     0.21003     0.10001
  21     0.22037     0.10643
  22     0.23005     0.11251
  23     0.24002     0.11889
  24     0.25008      0.1254
  25     0.26002     0.13194
  26     0.27011     0.13867
  27     0.28003     0.14539
  28     0.29009     0.15227
  29     0.30002     0.15916
  30     0.31007     0.16623
  31      0.3201     0.17338
  32     0.33083     0.18112
  33     0.34009     0.18788
  34     0.35001     0.19521
  35      0.3604     0.20296
  36     0.37001     0.21023
  37     0.38018       0.218
  38     0.39007     0.22566
  39     0.40012     0.23352
  40     0.41004     0.24138
  41     0.42023     0.24956
  42     0.43002     0.25749
  43     0.44007     0.26573
  44        0.45     0.27394
  45     0.46003     0.28235
  46     0.47001     0.29081
  47     0.48049     0.29978
  48     0.49012     0.30812
  49     0.50002     0.31678
  50     0.51001     0.32563
  51        0.52      0.3346
  52     0.53008     0.34377
  53     0.54001     0.35291
  54     0.55012     0.36232
  55     0.56002     0.37164
  56     0.57012     0.38128
  57     0.58002     0.39081
  58     0.59003     0.40057
  59         0.6     0.41041
  60     0.61032     0.42067
  61     0.62003     0.43044
  62     0.63004      0.4406
  63     0.64057     0.45141
  64     0.65004     0.46125
  65     0.66015      0.4719
  66     0.67001     0.48238
  67     0.68012     0.49324
  68     0.69001     0.50403
  69     0.70004     0.51513
  70     0.71001     0.52635
  71     0.72003     0.53777
  72     0.73067     0.55008
  73     0.74022     0.56129
  74        0.75     0.57294
  75     0.76027     0.58534
  76     0.77022     0.59754
  77      0.7803     0.61009
  78        0.79     0.62237
  79     0.80027      0.6356
  80     0.81042     0.64894
  81     0.82004     0.66177
  82     0.83003     0.67533
  83     0.84003     0.68917
  84     0.85001     0.70324
  85     0.86013     0.71782
  86     0.87003     0.73241
  87     0.88003     0.74745
  88     0.89002     0.76293
  89     0.90029     0.77929
  90     0.91003     0.79525
  91     0.92003     0.81216
  92     0.93001     0.82968
  93     0.94001     0.84794
  94     0.95003     0.86715
  95     0.96005     0.88754
  96        0.97     0.90911
  97     0.98002     0.93296
  98        0.99     0.96081
  99           1           1
-----------------------------------------

----------------- PPP$ and local currency --------------
         PPP used in computation: 137.883
     Data mean in local currency: 36711
               Data mean in PPP$: 438.182
        Poverty line in PPP$/Day: 1.9
      Poverty line in PPP$/Month: 57.7917
  Poverty line in local currency: 4841.8
-------------------------------------------------------

----------------- Estimation result --------------
     Number of observation: 10274
          Total population: 1.00596E+07
              Total wealth: 2.67834E+09(PPP$)
                   Minimum: 50.3169(PPP$)
                   Maximum: 2734.84(PPP$)
             Headcount(HC): 0
          Poverty gap (PG): 0
       Poverty gap squared: 0
                      Gini: 0.269245
                    Median: 386.005
                       MLD: 0.119687
                      Watt: 0
--------------------------------------------------

-------------------------------- Income or Consumption share by deciles (%) -------------------------------------
     3.8872     5.5006      6.527     7.4281     8.3336     9.3641     10.468     12.017     14.357     22.117
-----------------------------------------------------------------------------------------------------------------


