

**********************************************************************************************
**                                   Basic Information                                      **
**********************************************************************************************

----------------- Dataset Information -----------------
                         Country: Hungary
                    Country dode: HUN
                       Data Year: 2008
                        Coverage: National
             Welfare measurement: Income
                     Data format: Unit record
                     Data source: HUN_N2008Y
                  Data time span: UnDefined
-------------------------------------------------------


----------- Distribution ------------
   i           P           L 
-------------------------------------
   0    0.010151   0.0020753
   1    0.020281   0.0049313
   2    0.030092   0.0080285
   3    0.040265     0.01149
   4    0.050035    0.015019
   5    0.060067    0.018819
   6    0.070129     0.02278
   7    0.080039    0.026849
   8    0.090175    0.031187
   9     0.10033    0.035691
  10     0.11002     0.04013
  11     0.12003    0.044861
  12     0.13007    0.049771
  13     0.14002    0.054754
  14     0.15002     0.05989
  15     0.16004    0.065202
  16     0.17007    0.070671
  17     0.18013    0.076299
  18     0.19008     0.08199
  19     0.20007    0.087819
  20     0.21006    0.093781
  21     0.22011    0.099903
  22     0.23012     0.10609
  23     0.24001     0.11232
  24     0.25003     0.11872
  25     0.26002     0.12518
  26     0.27027     0.13194
  27     0.28008     0.13851
  28      0.2901     0.14532
  29     0.30004     0.15217
  30     0.31014     0.15926
  31     0.32001     0.16631
  32     0.33007     0.17361
  33      0.3401     0.18101
  34     0.35006     0.18847
  35     0.36004     0.19602
  36     0.37012     0.20374
  37      0.3801     0.21147
  38     0.39015     0.21939
  39     0.40001     0.22725
  40     0.41003     0.23532
  41     0.42014     0.24356
  42     0.43015     0.25182
  43     0.44015     0.26016
  44     0.45011     0.26859
  45     0.46004      0.2771
  46     0.47027     0.28597
  47     0.48004     0.29453
  48      0.4903     0.30362
  49     0.50007     0.31238
  50     0.51005     0.32142
  51     0.52016     0.33068
  52     0.53019     0.33996
  53     0.54006     0.34921
  54     0.55013     0.35875
  55     0.56009     0.36829
  56     0.57025     0.37813
  57     0.58013     0.38778
  58     0.59017     0.39772
  59     0.60006     0.40762
  60     0.61004     0.41772
  61     0.62022     0.42816
  62     0.63005     0.43834
  63     0.64006     0.44884
  64     0.65003     0.45941
  65     0.66024     0.47036
  66     0.67001       0.481
  67     0.68016     0.49216
  68     0.69001     0.50312
  69     0.70016     0.51457
  70     0.71003     0.52581
  71     0.72004     0.53738
  72      0.7301     0.54915
  73     0.74009       0.561
  74     0.75004     0.57294
  75     0.76006     0.58513
  76     0.77015     0.59758
  77     0.78002     0.60994
  78     0.79003     0.62265
  79     0.80022     0.63585
  80     0.81002     0.64875
  81     0.82005     0.66216
  82     0.83005     0.67574
  83     0.84001     0.68951
  84     0.85002     0.70362
  85     0.86003     0.71804
  86     0.87004     0.73276
  87     0.88001     0.74785
  88        0.89     0.76341
  89     0.90022     0.77973
  90     0.91002     0.79585
  91     0.92001     0.81283
  92      0.9301     0.83058
  93        0.94     0.84864
  94     0.95003     0.86774
  95     0.96006      0.8879
  96     0.97026     0.90983
  97     0.98002     0.93284
  98     0.99034      0.9612
  99           1           1
-----------------------------------------

----------------- PPP$ and local currency --------------
         PPP used in computation: 137.883
     Data mean in local currency: 72944.7
               Data mean in PPP$: 601.094
        Poverty line in PPP$/Day: 1.9
      Poverty line in PPP$/Month: 57.7917
  Poverty line in local currency: 7013.2
-------------------------------------------------------

----------------- Estimation result --------------
     Number of observation: 9243
          Total population: 9.89085E+06
              Total wealth: 5.23259E+09(PPP$)
                   Minimum: -165.919(PPP$)
                   Maximum: 8156.66(PPP$)
             Headcount(HC): 0.000270958
          Poverty gap (PG): 0.000293617
       Poverty gap squared: 0.00059775
                      Gini: 0.275254
                    Median: 541.68
                       MLD: 0.129942
                      Watt: 5.37165E-05
--------------------------------------------------

-------------------------------- Income or Consumption share by deciles (%) -------------------------------------
     3.5543     5.2236     6.4366     7.5093     8.5077     9.5244     10.683     12.118     14.381     22.062
-----------------------------------------------------------------------------------------------------------------


