

**********************************************************************************************
**                                   Basic Information                                      **
**********************************************************************************************

----------------- Dataset Information -----------------
                         Country: Indonesia
                    Country dode: IDN
                       Data Year: 2000
                        Coverage: Urban
             Welfare measurement: Consumption
                     Data format: Unit record
                     Data source: IDN_U2000X
                  Data time span: UnDefined
-------------------------------------------------------


----------- Distribution ------------
   i           P           L 
-------------------------------------
   0    0.010011   0.0025559
   1    0.020003   0.0056591
   2    0.030017   0.0090694
   3    0.040012    0.012671
   4    0.050009    0.016443
   5    0.060006    0.020374
   6    0.070067    0.024476
   7    0.080001    0.028659
   8    0.090018    0.033005
   9         0.1    0.037451
  10     0.11002     0.04202
  11     0.12003    0.046697
  12     0.13001     0.05146
  13     0.14002    0.056331
  14     0.15001    0.061292
  15        0.16    0.066349
  16     0.17001    0.071509
  17     0.18003    0.076755
  18     0.19003     0.08208
  19     0.20002    0.087486
  20     0.21003    0.092998
  21     0.22001    0.098572
  22     0.23001     0.10425
  23     0.24003     0.11003
  24     0.25001     0.11588
  25     0.26001     0.12183
  26        0.27     0.12785
  27     0.28002     0.13396
  28     0.29002     0.14016
  29         0.3     0.14643
  30     0.31001      0.1528
  31        0.32     0.15925
  32     0.33005     0.16581
  33     0.34002      0.1724
  34     0.35001      0.1791
  35        0.36     0.18588
  36        0.37     0.19277
  37        0.38     0.19973
  38        0.39     0.20679
  39     0.40001     0.21393
  40     0.41005      0.2212
  41     0.42003     0.22849
  42        0.43     0.23588
  43     0.44002     0.24338
  44        0.45     0.25095
  45     0.46001     0.25862
  46     0.47002      0.2664
  47     0.48004     0.27427
  48     0.49001     0.28221
  49     0.50009     0.29033
  50     0.51004     0.29845
  51     0.52003     0.30671
  52     0.53003     0.31508
  53     0.54002     0.32353
  54        0.55     0.33209
  55     0.56005     0.34081
  56     0.57001     0.34956
  57     0.58001     0.35847
  58     0.59001     0.36749
  59         0.6     0.37663
  60        0.61      0.3859
  61     0.62001      0.3953
  62        0.63     0.40482
  63     0.64002     0.41451
  64     0.65003     0.42433
  65     0.66001     0.43427
  66     0.67002     0.44439
  67     0.68003     0.45467
  68     0.69001     0.46507
  69     0.70002     0.47567
  70        0.71     0.48641
  71     0.72001     0.49734
  72        0.73     0.50844
  73        0.74     0.51973
  74     0.75002     0.53125
  75        0.76     0.54294
  76        0.77     0.55488
  77     0.78001     0.56706
  78     0.79001     0.57946
  79     0.80001     0.59212
  80        0.81     0.60504
  81        0.82     0.61827
  82        0.83     0.63181
  83        0.84     0.64566
  84        0.85     0.65984
  85     0.86001     0.67441
  86        0.87      0.6894
  87     0.88002     0.70487
  88     0.89001      0.7208
  89         0.9     0.73731
  90     0.91001     0.75448
  91        0.92     0.77239
  92        0.93     0.79113
  93        0.94     0.81088
  94     0.95006     0.83209
  95     0.96003     0.85474
  96        0.97     0.87968
  97     0.98001     0.90818
  98     0.99001     0.94233
  99           1           1
-----------------------------------------

----------------- PPP$ and local currency --------------
         PPP used in computation: 4091.94
     Data mean in local currency: 160663
               Data mean in PPP$: 89.8587
        Poverty line in PPP$/Day: 1.9
      Poverty line in PPP$/Month: 57.7917
  Poverty line in local currency: 103329
-------------------------------------------------------

----------------- Estimation result --------------
     Number of observation: 69958
          Total population: 8.6899E+07
              Total wealth: 3.41195E+09(PPP$)
                   Minimum: 2.0008(PPP$)
                   Maximum: 2094.71(PPP$)
             Headcount(HC): 0.313176
          Poverty gap (PG): 0.0724277
       Poverty gap squared: 0.0242072
                      Gini: 0.316503
                    Median: 72.8453
                       MLD: 0.163484
                      Watt: 0.0896109
--------------------------------------------------

-------------------------------- Income or Consumption share by deciles (%) -------------------------------------
      3.745     5.0028     5.8953     6.7497     7.6329     8.6373      9.902     11.645     14.521     26.269
-----------------------------------------------------------------------------------------------------------------


