

**********************************************************************************************
**                                   Basic Information                                      **
**********************************************************************************************

----------------- Dataset Information -----------------
                         Country: Indonesia
                    Country dode: IDN
                       Data Year: 2011
                        Coverage: Rural
             Welfare measurement: Consumption
                     Data format: Unit record
                     Data source: IDN_R2011X
                  Data time span: UnDefined
-------------------------------------------------------


----------- Distribution ------------
   i           P           L 
-------------------------------------
   0    0.010015   0.0025051
   1    0.020132   0.0055518
   2    0.030057    0.008824
   3    0.040011    0.012299
   4    0.050103    0.015981
   5    0.060029    0.019726
   6    0.070035    0.023625
   7     0.08006    0.027647
   8    0.090011    0.031737
   9     0.10007    0.035969
  10        0.11    0.040242
  11     0.12005    0.044654
  12        0.13    0.049123
  13     0.14005    0.053718
  14        0.15    0.058354
  15     0.16001    0.063092
  16     0.17001    0.067899
  17     0.18003    0.072796
  18     0.19001     0.07774
  19     0.20001     0.08276
  20     0.21004    0.087871
  21        0.22    0.093018
  22     0.23001    0.098264
  23      0.2401     0.10363
  24        0.25     0.10897
  25     0.26002     0.11446
  26     0.27001     0.11999
  27     0.28004     0.12563
  28     0.29002     0.13132
  29     0.30001      0.1371
  30     0.31003     0.14297
  31     0.32003     0.14893
  32     0.33005     0.15497
  33     0.34004     0.16108
  34     0.35001     0.16726
  35     0.36002     0.17357
  36     0.37001     0.17994
  37        0.38      0.1864
  38     0.39002     0.19298
  39     0.40004     0.19966
  40        0.41      0.2064
  41     0.42003     0.21329
  42        0.43     0.22023
  43        0.44      0.2273
  44     0.45001     0.23447
  45     0.46001     0.24173
  46     0.47001     0.24911
  47        0.48     0.25662
  48     0.49001     0.26424
  49     0.50001     0.27196
  50     0.51001      0.2798
  51     0.52001     0.28776
  52     0.53002     0.29585
  53     0.54003     0.30406
  54     0.55007     0.31242
  55     0.56004     0.32086
  56     0.57001     0.32942
  57     0.58001     0.33814
  58     0.59004     0.34704
  59     0.60002     0.35604
  60     0.61003      0.3652
  61     0.62002     0.37449
  62     0.63003     0.38393
  63     0.64003     0.39354
  64     0.65004      0.4033
  65        0.66      0.4132
  66        0.67     0.42331
  67        0.68     0.43358
  68     0.69008     0.44413
  69     0.70001     0.45474
  70     0.71005      0.4657
  71     0.72004     0.47681
  72     0.73001     0.48813
  73     0.74004     0.49972
  74     0.75004     0.51152
  75     0.76002     0.52353
  76     0.77001     0.53578
  77     0.78002     0.54832
  78     0.79001     0.56111
  79     0.80001     0.57418
  80        0.81     0.58755
  81     0.82003     0.60128
  82     0.83004     0.61537
  83     0.84009     0.62987
  84     0.85009     0.64465
  85        0.86      0.6597
  86     0.87001     0.67534
  87        0.88     0.69146
  88     0.89001     0.70814
  89     0.90001     0.72543
  90     0.91002     0.74334
  91     0.92001     0.76191
  92     0.93001     0.78142
  93     0.94001     0.80201
  94     0.95001     0.82387
  95     0.96004     0.84746
  96     0.97001     0.87315
  97     0.98001     0.90218
  98     0.99002     0.93717
  99           1           1
-----------------------------------------

----------------- PPP$ and local currency --------------
         PPP used in computation: 4091.94
     Data mean in local currency: 439552
               Data mean in PPP$: 120.731
        Poverty line in PPP$/Day: 1.9
      Poverty line in PPP$/Month: 57.7917
  Poverty line in local currency: 210405
-------------------------------------------------------

----------------- Estimation result --------------
     Number of observation: 41703
          Total population: 1.2069E+08
              Total wealth: 1.29644E+10(PPP$)
                   Minimum: 17.6939(PPP$)
                   Maximum: 4443.21(PPP$)
             Headcount(HC): 0.1622
          Poverty gap (PG): 0.0282084
       Poverty gap squared: 0.00761335
                      Gini: 0.340965
                    Median: 93.9528
                       MLD: 0.188136
                      Watt: 0.0332512
--------------------------------------------------

-------------------------------- Income or Consumption share by deciles (%) -------------------------------------
     3.5941     4.6815     5.4334     6.2542     7.2321     8.4068     9.8709     11.944     15.124     27.459
-----------------------------------------------------------------------------------------------------------------


