

**********************************************************************************************
**                                   Basic Information                                      **
**********************************************************************************************

----------------- Dataset Information -----------------
                         Country: Indonesia
                    Country dode: IDN
                       Data Year: 2013
                        Coverage: Urban
             Welfare measurement: Consumption
                     Data format: Unit record
                     Data source: IDN_U2013X
                  Data time span: UnDefined
-------------------------------------------------------


----------- Distribution ------------
   i           P           L 
-------------------------------------
   0    0.010005   0.0018255
   1    0.020007   0.0040502
   2    0.030011    0.006462
   3    0.040092   0.0090348
   4    0.050002    0.011685
   5    0.060125    0.014492
   6     0.07007    0.017332
   7    0.080004    0.020253
   8    0.090012    0.023272
   9     0.10025    0.026451
  10     0.11006    0.029577
  11     0.12008    0.032845
  12        0.13    0.036151
  13     0.14003    0.039557
  14        0.15    0.043009
  15     0.16002    0.046544
  16     0.17002    0.050148
  17     0.18006    0.053839
  18     0.19003    0.057572
  19     0.20013    0.061416
  20      0.2101    0.065287
  21     0.22003    0.069213
  22     0.23001     0.07323
  23        0.24    0.077321
  24     0.25002    0.081495
  25      0.2601     0.08576
  26     0.27002    0.090029
  27     0.28002     0.09442
  28     0.29004    0.098897
  29     0.30007     0.10346
  30     0.31012     0.10812
  31        0.32      0.1128
  32     0.33002     0.11763
  33     0.34016     0.12261
  34     0.35007     0.12757
  35     0.36004     0.13266
  36     0.37002     0.13783
  37     0.38002     0.14313
  38     0.39004     0.14853
  39     0.40001       0.154
  40     0.41002      0.1596
  41     0.42003     0.16531
  42     0.43004     0.17113
  43     0.44003     0.17707
  44     0.45003     0.18312
  45     0.46012     0.18935
  46     0.47005     0.19559
  47     0.48002     0.20197
  48     0.49002     0.20847
  49     0.50005     0.21511
  50     0.51005     0.22185
  51     0.52005     0.22871
  52     0.53003     0.23569
  53     0.54001     0.24282
  54     0.55005     0.25014
  55        0.56     0.25758
  56     0.57002     0.26524
  57     0.58003     0.27305
  58        0.59     0.28101
  59     0.60001     0.28917
  60     0.61006     0.29755
  61     0.62007     0.30609
  62     0.63001     0.31476
  63     0.64001     0.32368
  64     0.65004     0.33285
  65     0.66001     0.34215
  66     0.67006     0.35177
  67     0.68002     0.36153
  68     0.69004      0.3716
  69         0.7     0.38186
  70     0.71005     0.39247
  71     0.72001     0.40327
  72     0.73004     0.41444
  73     0.74002     0.42586
  74     0.75011     0.43775
  75     0.76002     0.44978
  76      0.7701     0.46242
  77     0.78003     0.47529
  78     0.79014     0.48875
  79     0.80003      0.5023
  80      0.8101      0.5165
  81     0.82001     0.53096
  82        0.83     0.54598
  83        0.84     0.56151
  84     0.85008     0.57771
  85        0.86     0.59418
  86        0.87     0.61132
  87     0.88006     0.62915
  88     0.89005     0.64758
  89     0.90005     0.66685
  90     0.91001     0.68702
  91     0.92008     0.70852
  92     0.93001     0.73096
  93     0.94004     0.75516
  94     0.95001     0.78081
  95     0.96001     0.80869
  96        0.97     0.83957
  97     0.98013     0.87548
  98      0.9901     0.91919
  99           1           1
-----------------------------------------

----------------- PPP$ and local currency --------------
         PPP used in computation: 4091.94
     Data mean in local currency: 903085
               Data mean in PPP$: 189.423
        Poverty line in PPP$/Day: 1.9
      Poverty line in PPP$/Month: 57.7917
  Poverty line in local currency: 275526
-------------------------------------------------------

----------------- Estimation result --------------
     Number of observation: 30388
          Total population: 1.23047E+08
              Total wealth: 2.71564E+10(PPP$)
                   Minimum: 22.9986(PPP$)
                   Maximum: 11713.2(PPP$)
             Headcount(HC): 0.0893368
          Poverty gap (PG): 0.0137333
       Poverty gap squared: 0.00341521
                      Gini: 0.431065
                    Median: 126.512
                       MLD: 0.304846
                      Watt: 0.0159623
--------------------------------------------------

-------------------------------- Income or Consumption share by deciles (%) -------------------------------------
     2.6373     3.4995     4.2063     5.0562     6.1083     7.4083     9.2693      12.04     16.451     33.323
-----------------------------------------------------------------------------------------------------------------


