

**********************************************************************************************
**                                   Basic Information                                      **
**********************************************************************************************

----------------- Dataset Information -----------------
                         Country: Indonesia
                    Country dode: IDN
                       Data Year: 2007
                        Coverage: Urban
             Welfare measurement: Consumption
                     Data format: Unit record
                     Data source: IDN_U2007X
                  Data time span: UnDefined
-------------------------------------------------------


----------- Distribution ------------
   i           P           L 
-------------------------------------
   0    0.010006   0.0020562
   1        0.02   0.0045313
   2    0.030016   0.0072524
   3    0.040029    0.010175
   4     0.05001    0.013253
   5    0.060015    0.016481
   6    0.070032    0.019846
   7    0.080009    0.023323
   8    0.090045    0.026944
   9     0.10003    0.030658
  10        0.11    0.034472
  11     0.12001    0.038405
  12     0.13005    0.042444
  13     0.14003    0.046548
  14     0.15002     0.05074
  15     0.16001    0.055021
  16     0.17001    0.059389
  17     0.18002    0.063845
  18     0.19005    0.068401
  19     0.20002    0.073017
  20     0.21001    0.077729
  21     0.22009    0.082575
  22     0.23001    0.087435
  23     0.24011     0.09246
  24     0.25001    0.097463
  25        0.26     0.10259
  26     0.27003     0.10784
  27     0.28003     0.11315
  28     0.29002     0.11855
  29     0.30002     0.12403
  30     0.31003     0.12961
  31     0.32006     0.13528
  32     0.33002       0.141
  33        0.34     0.14683
  34     0.35003     0.15276
  35     0.36001     0.15876
  36        0.37     0.16488
  37     0.38001      0.1711
  38     0.39001      0.1774
  39     0.40005     0.18383
  40        0.41     0.19031
  41     0.42002     0.19693
  42     0.43004     0.20367
  43     0.44002     0.21049
  44     0.45003     0.21743
  45     0.46002     0.22447
  46     0.47001     0.23163
  47     0.48004     0.23893
  48     0.49001     0.24631
  49     0.50002     0.25382
  50     0.51003     0.26143
  51     0.52003     0.26918
  52     0.53003     0.27705
  53     0.54002     0.28506
  54     0.55009     0.29325
  55     0.56001     0.30146
  56        0.57     0.30985
  57     0.58001     0.31841
  58     0.59003     0.32712
  59     0.60004     0.33596
  60     0.61002     0.34492
  61        0.62     0.35402
  62        0.63     0.36332
  63     0.64004     0.37282
  64     0.65001     0.38244
  65     0.66003     0.39228
  66        0.67     0.40226
  67     0.68001     0.41246
  68     0.69001     0.42284
  69         0.7     0.43342
  70     0.71004     0.44425
  71     0.72004     0.45529
  72     0.73007     0.46655
  73     0.74004     0.47797
  74     0.75001     0.48964
  75     0.76003     0.50163
  76     0.77001     0.51383
  77     0.78002     0.52633
  78     0.79002     0.53914
  79     0.80001     0.55223
  80        0.81     0.56564
  81     0.82004     0.57947
  82     0.83001     0.59357
  83     0.84001     0.60812
  84      0.8501     0.62322
  85     0.86004     0.63856
  86     0.87001     0.65444
  87     0.88004     0.67102
  88     0.89002     0.68808
  89     0.90003     0.70584
  90     0.91001     0.72438
  91     0.92003     0.74394
  92     0.93001     0.76441
  93     0.94002     0.78625
  94     0.95005     0.80975
  95     0.96006     0.83493
  96     0.97007      0.8625
  97     0.98006     0.89427
  98     0.99002     0.93348
  99           1           1
-----------------------------------------

----------------- PPP$ and local currency --------------
         PPP used in computation: 4091.94
     Data mean in local currency: 464761
               Data mean in PPP$: 137.098
        Poverty line in PPP$/Day: 1.9
      Poverty line in PPP$/Month: 57.7917
  Poverty line in local currency: 195913
-------------------------------------------------------

----------------- Estimation result --------------
     Number of observation: 25381
          Total population: 1.10088E+08
              Total wealth: 1.25037E+10(PPP$)
                   Minimum: 10.9017(PPP$)
                   Maximum: 5096.73(PPP$)
             Headcount(HC): 0.147316
          Poverty gap (PG): 0.029653
       Poverty gap squared: 0.00907524
                      Gini: 0.370759
                    Median: 103.603
                       MLD: 0.224294
                      Watt: 0.0358904
--------------------------------------------------

-------------------------------- Income or Consumption share by deciles (%) -------------------------------------
     3.0646     4.2363     5.1014      5.978     6.9996     8.2126     9.7492     11.879     15.358     29.421
-----------------------------------------------------------------------------------------------------------------


