

**********************************************************************************************
**                                   Basic Information                                      **
**********************************************************************************************

----------------- Dataset Information -----------------
                         Country: Indonesia
                    Country dode: IDN
                       Data Year: 2008
                        Coverage: Urban
             Welfare measurement: Consumption
                     Data format: Unit record
                     Data source: IDN_U2008X
                  Data time span: UnDefined
-------------------------------------------------------


----------- Distribution ------------
   i           P           L 
-------------------------------------
   0    0.010024   0.0021407
   1    0.020041   0.0047203
   2    0.030063   0.0075332
   3    0.040011    0.010502
   4        0.05    0.013614
   5    0.060013    0.016877
   6    0.070012    0.020275
   7    0.080092     0.02382
   8    0.090033    0.027429
   9     0.10001    0.031148
  10     0.11005    0.034978
  11     0.12002    0.038874
  12     0.13002    0.042874
  13        0.14     0.04695
  14     0.15003    0.051129
  15     0.16001    0.055372
  16        0.17    0.059718
  17     0.18001    0.064163
  18     0.19002    0.068708
  19     0.20001    0.073315
  20     0.21001    0.078007
  21        0.22    0.082775
  22     0.23005     0.08766
  23        0.24    0.092594
  24        0.25     0.09765
  25     0.26003     0.10282
  26     0.27003     0.10807
  27     0.28003     0.11343
  28     0.29001     0.11889
  29     0.30002     0.12447
  30     0.31007     0.13016
  31     0.32006     0.13592
  32     0.33002     0.14175
  33     0.34001      0.1477
  34     0.35008      0.1538
  35     0.36003     0.15991
  36     0.37006     0.16618
  37     0.38001     0.17249
  38        0.39     0.17894
  39     0.40003     0.18553
  40     0.41004      0.1922
  41     0.42001     0.19895
  42        0.43     0.20581
  43     0.44001     0.21278
  44        0.45     0.21984
  45     0.46002     0.22701
  46     0.47001     0.23425
  47     0.48005     0.24163
  48     0.49002     0.24907
  49     0.50004     0.25666
  50        0.51     0.26433
  51     0.52007      0.2722
  52     0.53002      0.2801
  53     0.54003     0.28818
  54     0.55001     0.29636
  55        0.56     0.30468
  56     0.57001     0.31316
  57     0.58005     0.32181
  58     0.59001     0.33053
  59     0.60003     0.33945
  60     0.61005     0.34851
  61     0.62001     0.35767
  62     0.63004     0.36703
  63     0.64006     0.37655
  64     0.65004      0.3862
  65     0.66004     0.39604
  66     0.67002     0.40602
  67     0.68001     0.41618
  68     0.69004     0.42657
  69     0.70001     0.43711
  70     0.71004      0.4479
  71     0.72001     0.45885
  72     0.73001     0.47002
  73     0.74003     0.48147
  74     0.75001     0.49308
  75        0.76     0.50499
  76     0.77002      0.5172
  77     0.78002     0.52969
  78     0.79006     0.54252
  79     0.80001     0.55551
  80     0.81002     0.56889
  81     0.82003     0.58261
  82     0.83003     0.59668
  83     0.84004     0.61115
  84     0.85007     0.62611
  85     0.86005     0.64142
  86        0.87     0.65716
  87        0.88     0.67352
  88     0.89002      0.6905
  89     0.90001     0.70806
  90        0.91     0.72636
  91     0.92004     0.74561
  92     0.93001      0.7657
  93     0.94005     0.78712
  94     0.95003      0.8098
  95     0.96004     0.83452
  96     0.97001     0.86167
  97     0.98001     0.89321
  98     0.99002     0.93274
  99           1           1
-----------------------------------------

----------------- PPP$ and local currency --------------
         PPP used in computation: 4091.94
     Data mean in local currency: 496002
               Data mean in PPP$: 136.364
        Poverty line in PPP$/Day: 1.9
      Poverty line in PPP$/Month: 57.7917
  Poverty line in local currency: 210208
-------------------------------------------------------

----------------- Estimation result --------------
     Number of observation: 26639
          Total population: 1.09575E+08
              Total wealth: 1.32821E+10(PPP$)
                   Minimum: 15.7189(PPP$)
                   Maximum: 5044.15(PPP$)
             Headcount(HC): 0.153235
          Poverty gap (PG): 0.0294061
       Poverty gap squared: 0.00854119
                      Gini: 0.36717
                    Median: 104.113
                       MLD: 0.22029
                      Watt: 0.035169
--------------------------------------------------

-------------------------------- Income or Consumption share by deciles (%) -------------------------------------
     3.1143     4.2166     5.1148     6.1049     7.1125     8.2794     9.7677     11.839     15.254     29.197
-----------------------------------------------------------------------------------------------------------------


