

**********************************************************************************************
**                                   Basic Information                                      **
**********************************************************************************************

----------------- Dataset Information -----------------
                         Country: Indonesia
                    Country dode: IDN
                       Data Year: 1998
                        Coverage: Urban
             Welfare measurement: Consumption
                     Data format: Unit record
                     Data source: IDN_U1998X
                  Data time span: UnDefined
-------------------------------------------------------


----------- Distribution ------------
   i           P           L 
-------------------------------------
   0     0.01001   0.0016762
   1     0.02001   0.0045013
   2    0.030015   0.0076056
   3     0.04001    0.010919
   4    0.050033    0.014421
   5    0.060034    0.018064
   6        0.07    0.021826
   7    0.080001    0.025729
   8    0.090006    0.029755
   9     0.10001    0.033904
  10     0.11001    0.038169
  11     0.12004    0.042547
  12        0.13    0.046997
  13     0.14002    0.051568
  14     0.15003    0.056237
  15     0.16004    0.061002
  16     0.17006     0.06587
  17     0.18004    0.070805
  18        0.19    0.075821
  19     0.20002    0.080948
  20        0.21    0.086141
  21     0.22001    0.091434
  22     0.23002    0.096818
  23     0.24002     0.10228
  24     0.25001     0.10782
  25        0.26     0.11345
  26     0.27002     0.11918
  27     0.28003     0.12499
  28        0.29     0.13087
  29     0.30004     0.13688
  30        0.31     0.14294
  31     0.32002     0.14911
  32     0.33002     0.15536
  33     0.34004     0.16171
  34     0.35001     0.16811
  35     0.36002     0.17463
  36     0.37003     0.18123
  37        0.38      0.1879
  38     0.39001     0.19469
  39     0.40002     0.20156
  40     0.41003     0.20853
  41        0.42     0.21557
  42     0.43002     0.22275
  43     0.44001     0.23002
  44        0.45     0.23737
  45     0.46005     0.24486
  46     0.47005     0.25241
  47     0.48003     0.26005
  48     0.49001     0.26778
  49     0.50002     0.27565
  50     0.51001     0.28361
  51        0.52     0.29169
  52        0.53     0.29989
  53     0.54001     0.30821
  54        0.55     0.31665
  55        0.56     0.32521
  56     0.57001     0.33391
  57     0.58003     0.34274
  58     0.59001     0.35167
  59     0.60001     0.36075
  60     0.61001     0.36998
  61     0.62002     0.37936
  62        0.63     0.38885
  63        0.64      0.3985
  64        0.65      0.4083
  65     0.66002     0.41826
  66     0.67002     0.42838
  67        0.68     0.43864
  68     0.69001     0.44911
  69         0.7     0.45974
  70     0.71001     0.47057
  71     0.72002     0.48159
  72        0.73      0.4928
  73     0.74001     0.50425
  74        0.75     0.51589
  75        0.76     0.52779
  76     0.77001     0.53992
  77     0.78003     0.55234
  78     0.79001     0.56496
  79     0.80001     0.57789
  80        0.81     0.59111
  81        0.82     0.60466
  82        0.83     0.61853
  83     0.84001     0.63276
  84        0.85     0.64734
  85        0.86     0.66235
  86     0.87002     0.67784
  87     0.88002     0.69377
  88        0.89     0.71021
  89     0.90002     0.72728
  90     0.91001     0.74498
  91        0.92     0.76343
  92     0.93001     0.78283
  93     0.94002     0.80325
  94        0.95     0.82489
  95        0.96     0.84817
  96     0.97001     0.87354
  97     0.98001     0.90191
  98     0.99002     0.93557
  99           1           1
-----------------------------------------

----------------- PPP$ and local currency --------------
         PPP used in computation: 4091.94
     Data mean in local currency: 104154
               Data mean in PPP$: 72.7996
        Poverty line in PPP$/Day: 1.9
      Poverty line in PPP$/Month: 57.7917
  Poverty line in local currency: 82682
-------------------------------------------------------

----------------- Estimation result --------------
     Number of observation: 68105
          Total population: 0.999956
              Total wealth: 25.4523(PPP$)
                   Minimum: 0(PPP$)
                   Maximum: 2197.55(PPP$)
             Headcount(HC): 0.502271
          Poverty gap (PG): 0.152792
       Poverty gap squared: 0.0634343
                      Gini: 0.337744
                    Median: 57.5962
                       MLD: 0.213058
                      Watt: 0.196551
--------------------------------------------------

-------------------------------- Income or Consumption share by deciles (%) -------------------------------------
       3.39     4.7039      5.592     6.4687     7.4087     8.5116     9.8993     11.813     14.938     27.275
-----------------------------------------------------------------------------------------------------------------


