

**********************************************************************************************
**                                   Basic Information                                      **
**********************************************************************************************

----------------- Dataset Information -----------------
                         Country: Indonesia
                    Country dode: IDN
                       Data Year: 2007
                        Coverage: Rural
             Welfare measurement: Consumption
                     Data format: Unit record
                     Data source: IDN_R2007X
                  Data time span: UnDefined
-------------------------------------------------------


----------- Distribution ------------
   i           P           L 
-------------------------------------
   0    0.010019   0.0028641
   1    0.020039   0.0062287
   2     0.03004   0.0098334
   3    0.040008    0.013631
   4    0.050016    0.017611
   5    0.060051     0.02176
   6    0.070007     0.02601
   7    0.080012    0.030408
   8    0.090025    0.034934
   9     0.10001    0.039557
  10     0.11003    0.044306
  11     0.12002    0.049151
  12     0.13004    0.054109
  13     0.14002    0.059151
  14     0.15001    0.064293
  15     0.16001    0.069534
  16     0.17003    0.074864
  17     0.18001    0.080259
  18     0.19001    0.085756
  19     0.20001    0.091327
  20     0.21004    0.097008
  21        0.22     0.10274
  22     0.23001     0.10858
  23     0.24004     0.11451
  24        0.25      0.1205
  25     0.26002     0.12661
  26     0.27001     0.13277
  27     0.28001     0.13901
  28     0.29001     0.14535
  29     0.30001     0.15175
  30     0.31001     0.15825
  31     0.32001     0.16482
  32     0.33001     0.17149
  33     0.34001     0.17824
  34     0.35002      0.1851
  35     0.36001     0.19202
  36     0.37001     0.19904
  37     0.38001     0.20614
  38     0.39002     0.21334
  39     0.40003     0.22062
  40     0.41001     0.22796
  41     0.42004     0.23544
  42     0.43003     0.24298
  43        0.44     0.25059
  44     0.45003     0.25835
  45     0.46002     0.26616
  46     0.47004     0.27408
  47     0.48002     0.28207
  48     0.49002     0.29017
  49     0.50001     0.29835
  50     0.51001     0.30664
  51     0.52004     0.31505
  52        0.53      0.3235
  53        0.54     0.33209
  54     0.55003     0.34081
  55     0.56001      0.3496
  56     0.57005     0.35856
  57        0.58     0.36756
  58     0.59001     0.37673
  59         0.6     0.38601
  60     0.61001     0.39543
  61     0.62004       0.405
  62        0.63     0.41464
  63     0.64002     0.42446
  64        0.65     0.43439
  65        0.66     0.44449
  66     0.67003     0.45476
  67     0.68004     0.46517
  68     0.69004     0.47573
  69     0.70001     0.48642
  70        0.71      0.4973
  71        0.72     0.50837
  72     0.73001     0.51962
  73     0.74001     0.53106
  74     0.75003     0.54274
  75     0.76002     0.55459
  76        0.77     0.56665
  77     0.78002     0.57896
  78     0.79001      0.5915
  79     0.80001      0.6043
  80     0.81003     0.61743
  81     0.82004     0.63084
  82     0.83002     0.64451
  83     0.84001     0.65855
  84     0.85002     0.67297
  85     0.86001     0.68774
  86        0.87     0.70287
  87        0.88     0.71846
  88     0.89003     0.73454
  89     0.90002     0.75109
  90     0.91001     0.76823
  91     0.92001     0.78609
  92        0.93      0.8047
  93     0.94002     0.82427
  94     0.95001     0.84489
  95     0.96002      0.8669
  96     0.97001     0.89069
  97        0.98      0.9172
  98     0.99002     0.94835
  99           1           1
-----------------------------------------

----------------- PPP$ and local currency --------------
         PPP used in computation: 4091.94
     Data mean in local currency: 255328
               Data mean in PPP$: 89.5822
        Poverty line in PPP$/Day: 1.9
      Poverty line in PPP$/Month: 57.7917
  Poverty line in local currency: 164718
-------------------------------------------------------

----------------- Estimation result --------------
     Number of observation: 39162
          Total population: 1.15448E+08
              Total wealth: 7.20372E+09(PPP$)
                   Minimum: 10.4204(PPP$)
                   Maximum: 1509.78(PPP$)
             Headcount(HC): 0.300399
          Poverty gap (PG): 0.0647719
       Poverty gap squared: 0.0202782
                      Gini: 0.301149
                    Median: 73.7699
                       MLD: 0.146702
                      Watt: 0.0787147
--------------------------------------------------

-------------------------------- Income or Consumption share by deciles (%) -------------------------------------
     3.9552     5.1773     6.0427     6.8848     7.7745     8.7668      10.04     11.788     14.677     24.894
-----------------------------------------------------------------------------------------------------------------


