

**********************************************************************************************
**                                   Basic Information                                      **
**********************************************************************************************

----------------- Dataset Information -----------------
                         Country: Indonesia
                    Country dode: IDN
                       Data Year: 2009
                        Coverage: Urban
             Welfare measurement: Consumption
                     Data format: Unit record
                     Data source: IDN_U2009X
                  Data time span: UnDefined
-------------------------------------------------------


----------- Distribution ------------
   i           P           L 
-------------------------------------
   0    0.010048   0.0021485
   1    0.020045   0.0047033
   2    0.030018   0.0074817
   3    0.040033    0.010437
   4     0.05002    0.013525
   5    0.060037    0.016768
   6    0.070019    0.020123
   7    0.080005    0.023605
   8    0.090045    0.027217
   9     0.10005    0.030923
  10     0.11003    0.034724
  11     0.12008    0.038662
  12     0.13005    0.042662
  13     0.14005    0.046766
  14     0.15003     0.05096
  15     0.16001    0.055238
  16     0.17011    0.059657
  17     0.18005    0.064091
  18     0.19001    0.068632
  19     0.20006    0.073296
  20     0.21002    0.078011
  21     0.22002    0.082829
  22     0.23001    0.087724
  23     0.24003    0.092732
  24     0.25001    0.097811
  25     0.26009     0.10302
  26     0.27003     0.10826
  27     0.28004     0.11362
  28     0.29003     0.11905
  29     0.30001     0.12457
  30     0.31002     0.13018
  31     0.32003     0.13589
  32        0.33     0.14168
  33     0.34001     0.14758
  34     0.35005      0.1536
  35     0.36005     0.15968
  36     0.37004     0.16584
  37     0.38002      0.1721
  38        0.39     0.17846
  39     0.40006     0.18497
  40     0.41002     0.19152
  41     0.42002     0.19818
  42     0.43002     0.20494
  43     0.44004     0.21182
  44     0.45001     0.21878
  45     0.46005     0.22588
  46     0.47002     0.23304
  47     0.48004     0.24034
  48     0.49002      0.2477
  49     0.50004     0.25522
  50     0.51005     0.26283
  51     0.52003     0.27054
  52     0.53002      0.2784
  53        0.54     0.28638
  54     0.55013     0.29459
  55     0.56003     0.30274
  56     0.57002     0.31109
  57     0.58001     0.31958
  58     0.59002     0.32823
  59     0.60001       0.337
  60     0.61001     0.34593
  61     0.62003     0.35503
  62     0.63002     0.36425
  63     0.64008      0.3737
  64     0.65001     0.38319
  65     0.66001      0.3929
  66     0.67004     0.40283
  67     0.68002      0.4129
  68     0.69008     0.42323
  69         0.7     0.43361
  70     0.71002     0.44429
  71     0.72001     0.45515
  72     0.73001     0.46623
  73     0.74001     0.47752
  74     0.75001     0.48906
  75     0.76001     0.50085
  76     0.77002     0.51294
  77        0.78     0.52522
  78     0.79001     0.53782
  79     0.80004     0.55076
  80     0.81001     0.56391
  81     0.82001     0.57745
  82     0.83003     0.59136
  83     0.84001     0.60558
  84     0.85002     0.62028
  85     0.86005     0.63542
  86     0.87003     0.65097
  87     0.88002     0.66712
  88     0.89001     0.68387
  89     0.90001     0.70126
  90     0.91001     0.71933
  91        0.92     0.73825
  92        0.93     0.75819
  93        0.94     0.77934
  94        0.95     0.80187
  95     0.96002     0.82623
  96     0.97003     0.85332
  97     0.98003     0.88457
  98     0.99002     0.92299
  99           1           1
-----------------------------------------

----------------- PPP$ and local currency --------------
         PPP used in computation: 4091.94
     Data mean in local currency: 549094
               Data mean in PPP$: 139.877
        Poverty line in PPP$/Day: 1.9
      Poverty line in PPP$/Month: 57.7917
  Poverty line in local currency: 226865
-------------------------------------------------------

----------------- Estimation result --------------
     Number of observation: 26820
          Total population: 1.11081E+08
              Total wealth: 1.49058E+10(PPP$)
                   Minimum: 18.1071(PPP$)
                   Maximum: 37327.1(PPP$)
             Headcount(HC): 0.137707
          Poverty gap (PG): 0.0268642
       Poverty gap squared: 0.00777818
                      Gini: 0.37202
                    Median: 105.588
                       MLD: 0.228659
                      Watt: 0.0320856
--------------------------------------------------

-------------------------------- Income or Consumption share by deciles (%) -------------------------------------
     3.0904     4.2367     5.1288     6.0373     7.0252     8.1806     9.6619      11.71     15.054     29.875
-----------------------------------------------------------------------------------------------------------------


