

**********************************************************************************************
**                                   Basic Information                                      **
**********************************************************************************************

----------------- Dataset Information -----------------
                         Country: Indonesia
                    Country dode: IDN
                       Data Year: 2010
                        Coverage: Urban
             Welfare measurement: Consumption
                     Data format: Unit record
                     Data source: IDN_U2010X
                  Data time span: UnDefined
-------------------------------------------------------


----------- Distribution ------------
   i           P           L 
-------------------------------------
   0    0.010043   0.0020589
   1    0.020049   0.0045168
   2    0.030006   0.0071776
   3    0.040025     0.01003
   4    0.050027    0.013008
   5    0.060041    0.016107
   6    0.070005      0.0193
   7    0.080048     0.02262
   8     0.09003    0.026012
   9     0.10003    0.029512
  10     0.11002    0.033108
  11     0.12002    0.036798
  12     0.13006    0.040607
  13     0.14005    0.044484
  14     0.15005    0.048449
  15     0.16006    0.052504
  16     0.17006    0.056644
  17     0.18001    0.060838
  18     0.19001    0.065142
  19     0.20001    0.069548
  20     0.21001    0.074047
  21     0.22005    0.078638
  22     0.23005    0.083276
  23     0.24003    0.087986
  24     0.25002    0.092785
  25     0.26007    0.097689
  26     0.27003     0.10263
  27     0.28004     0.10769
  28     0.29005     0.11283
  29         0.3     0.11802
  30     0.31004     0.12336
  31     0.32003     0.12875
  32     0.33003     0.13426
  33     0.34004     0.13989
  34     0.35001     0.14558
  35     0.36002      0.1514
  36      0.3701     0.15736
  37     0.38004     0.16335
  38     0.39005     0.16948
  39         0.4     0.17568
  40     0.41001     0.18203
  41     0.42002     0.18849
  42     0.43001     0.19505
  43     0.44006     0.20176
  44     0.45001      0.2085
  45        0.46      0.2154
  46     0.47004     0.22246
  47     0.48002      0.2296
  48     0.49006     0.23692
  49     0.50001     0.24428
  50     0.51002     0.25182
  51        0.52     0.25946
  52     0.53001     0.26725
  53     0.54001     0.27518
  54     0.55004     0.28328
  55     0.56002     0.29148
  56        0.57     0.29983
  57     0.58004      0.3084
  58     0.59002     0.31708
  59     0.60004     0.32595
  60     0.61002     0.33493
  61     0.62001     0.34411
  62     0.63001     0.35345
  63     0.64004       0.363
  64     0.65001      0.3727
  65        0.66     0.38262
  66     0.67003     0.39278
  67        0.68     0.40308
  68     0.69003     0.41365
  69     0.70002     0.42439
  70        0.71     0.43532
  71     0.72001     0.44652
  72     0.73001     0.45798
  73        0.74     0.46966
  74     0.75002     0.48163
  75     0.76003     0.49387
  76        0.77     0.50633
  77        0.78     0.51911
  78     0.79002     0.53223
  79     0.80001     0.54563
  80        0.81     0.55935
  81     0.82005     0.57353
  82     0.83001     0.58799
  83     0.84001     0.60293
  84     0.85002     0.61833
  85     0.86001     0.63419
  86     0.87001     0.65056
  87        0.88     0.66753
  88     0.89002     0.68518
  89     0.90001     0.70347
  90     0.91002     0.72245
  91     0.92001     0.74225
  92     0.93002     0.76321
  93     0.94006     0.78549
  94     0.95002     0.80912
  95     0.96005     0.83483
  96     0.97007     0.86304
  97     0.98001      0.8945
  98     0.99004     0.93269
  99           1           1
-----------------------------------------

----------------- PPP$ and local currency --------------
         PPP used in computation: 4091.94
     Data mean in local currency: 627043
               Data mean in PPP$: 154.435
        Poverty line in PPP$/Day: 1.9
      Poverty line in PPP$/Month: 57.7917
  Poverty line in local currency: 234647
-------------------------------------------------------

----------------- Estimation result --------------
     Number of observation: 26342
          Total population: 1.12429E+08
              Total wealth: 1.72284E+10(PPP$)
                   Minimum: 20.7176(PPP$)
                   Maximum: 6724.19(PPP$)
             Headcount(HC): 0.119596
          Poverty gap (PG): 0.0216821
       Poverty gap squared: 0.00587344
                      Gini: 0.382048
                    Median: 115.292
                       MLD: 0.238572
                      Watt: 0.025564
--------------------------------------------------

-------------------------------- Income or Consumption share by deciles (%) -------------------------------------
     2.9503     4.0039     4.8478     5.7661     6.8595     8.1641     9.8448     12.125     15.782     29.656
-----------------------------------------------------------------------------------------------------------------


