

**********************************************************************************************
**                                   Basic Information                                      **
**********************************************************************************************

----------------- Dataset Information -----------------
                         Country: Indonesia
                    Country dode: IDN
                       Data Year: 2001
                        Coverage: Rural
             Welfare measurement: Consumption
                     Data format: Unit record
                     Data source: IDN_R2001X
                  Data time span: UnDefined
-------------------------------------------------------


----------- Distribution ------------
   i           P           L 
-------------------------------------
   0    0.010003   0.0033028
   1    0.020003   0.0073072
   2    0.030005    0.011656
   3     0.04001    0.016253
   4     0.05002    0.021059
   5     0.06001    0.026031
   6    0.070018    0.031154
   7    0.080014    0.036404
   8    0.090003    0.041786
   9     0.10001    0.047291
  10     0.11001    0.052904
  11        0.12    0.058625
  12        0.13    0.064452
  13     0.14001    0.070385
  14        0.15    0.076405
  15     0.16001    0.082522
  16     0.17002    0.088735
  17     0.18002    0.095028
  18     0.19001      0.1014
  19         0.2     0.10787
  20     0.21001     0.11442
  21        0.22     0.12105
  22     0.23002     0.12778
  23     0.24002     0.13458
  24     0.25002     0.14146
  25     0.26001     0.14842
  26     0.27002     0.15546
  27     0.28001     0.16257
  28     0.29001     0.16976
  29     0.30001     0.17704
  30     0.31001     0.18438
  31        0.32      0.1918
  32     0.33001     0.19931
  33     0.34002     0.20689
  34        0.35     0.21454
  35     0.36002     0.22229
  36        0.37     0.23008
  37        0.38     0.23797
  38     0.39001     0.24594
  39     0.40001     0.25399
  40        0.41      0.2621
  41     0.42001     0.27032
  42     0.43001      0.2786
  43     0.44001     0.28696
  44        0.45     0.29539
  45        0.46     0.30391
  46        0.47     0.31251
  47        0.48     0.32119
  48        0.49     0.32995
  49         0.5      0.3388
  50        0.51     0.34773
  51        0.52     0.35674
  52        0.53     0.36584
  53        0.54     0.37502
  54        0.55     0.38428
  55        0.56     0.39364
  56        0.57     0.40309
  57     0.58001     0.41264
  58     0.59002      0.4223
  59         0.6     0.43202
  60        0.61     0.44186
  61        0.62     0.45179
  62        0.63     0.46183
  63     0.64001     0.47198
  64     0.65001     0.48222
  65        0.66     0.49256
  66     0.67002     0.50305
  67        0.68     0.51361
  68        0.69     0.52431
  69         0.7     0.53513
  70     0.71001     0.54609
  71     0.72002     0.55718
  72        0.73     0.56838
  73        0.74     0.57975
  74        0.75     0.59128
  75     0.76001     0.60297
  76        0.77      0.6148
  77        0.78     0.62681
  78     0.79002     0.63901
  79     0.80001     0.65136
  80     0.81001     0.66393
  81     0.82001     0.67671
  82        0.83     0.68969
  83        0.84     0.70294
  84        0.85     0.71644
  85        0.86      0.7302
  86        0.87     0.74424
  87     0.88001     0.75861
  88        0.89     0.77333
  89     0.90001     0.78841
  90        0.91     0.80393
  91        0.92     0.81995
  92        0.93     0.83653
  93        0.94     0.85379
  94        0.95     0.87187
  95        0.96     0.89093
  96        0.97     0.91132
  97     0.98001     0.93371
  98        0.99      0.9594
  99           1           1
-----------------------------------------

----------------- PPP$ and local currency --------------
         PPP used in computation: 4091.94
     Data mean in local currency: 113868
               Data mean in PPP$: 69.4011
        Poverty line in PPP$/Day: 1.9
      Poverty line in PPP$/Month: 57.7917
  Poverty line in local currency: 94819.9
-------------------------------------------------------

----------------- Estimation result --------------
     Number of observation: 120364
          Total population: 1.14289E+08
              Total wealth: 3.18036E+09(PPP$)
                   Minimum: 4.14679(PPP$)
                   Maximum: 859.851(PPP$)
             Headcount(HC): 0.430777
          Poverty gap (PG): 0.0954473
       Poverty gap squared: 0.0304569
                      Gini: 0.239026
                    Median: 61.6708
                       MLD: 0.0937486
                      Watt: 0.116679
--------------------------------------------------

-------------------------------- Income or Consumption share by deciles (%) -------------------------------------
     4.7287      6.058     6.9162     7.6951     8.4813     9.3226     10.311     11.623     13.705     21.159
-----------------------------------------------------------------------------------------------------------------


