

**********************************************************************************************
**                                   Basic Information                                      **
**********************************************************************************************

----------------- Dataset Information -----------------
                         Country: Indonesia
                    Country dode: IDN
                       Data Year: 2003
                        Coverage: Urban
             Welfare measurement: Consumption
                     Data format: Unit record
                     Data source: IDN_U2003X
                  Data time span: UnDefined
-------------------------------------------------------


----------- Distribution ------------
   i           P           L 
-------------------------------------
   0      0.0102   0.0022831
   1    0.020514   0.0052279
   2    0.030017   0.0081838
   3    0.040224    0.011565
   4     0.05024    0.015061
   5    0.060236    0.018665
   6     0.07035    0.022448
   7    0.080389    0.026355
   8    0.090185    0.030294
   9         0.1    0.034348
  10     0.11017     0.03865
  11      0.1203     0.04301
  12     0.13028    0.047394
  13      0.1402    0.051834
  14     0.15029    0.056455
  15     0.16002    0.060998
  16     0.17006    0.065767
  17     0.18042    0.070783
  18     0.19016    0.075582
  19     0.20004    0.080536
  20     0.21074     0.08599
  21     0.22014    0.090861
  22     0.23036    0.096236
  23     0.24045     0.10163
  24     0.25012     0.10688
  25     0.26017     0.11244
  26     0.27018     0.11805
  27     0.28032     0.12382
  28     0.29008     0.12947
  29     0.30009     0.13534
  30     0.31034     0.14145
  31     0.32024     0.14742
  32     0.33007     0.15341
  33     0.34042     0.15981
  34     0.35038     0.16604
  35     0.36025     0.17231
  36     0.37045     0.17891
  37     0.38009     0.18522
  38     0.39002     0.19181
  39     0.40011     0.19857
  40     0.41006     0.20535
  41     0.42025     0.21243
  42     0.43017     0.21942
  43     0.44019     0.22659
  44     0.45005     0.23375
  45      0.4602     0.24123
  46     0.47021     0.24873
  47     0.48006     0.25622
  48     0.49008     0.26397
  49     0.50009      0.2718
  50     0.51026     0.27988
  51     0.52008     0.28778
  52     0.53018     0.29605
  53     0.54035     0.30453
  54     0.55024     0.31289
  55     0.56023     0.32143
  56     0.57026     0.33011
  57     0.58003     0.33869
  58     0.59003     0.34761
  59     0.60041     0.35703
  60     0.61015     0.36601
  61     0.62005     0.37527
  62     0.63025     0.38498
  63     0.64013     0.39454
  64     0.65012      0.4043
  65     0.66001     0.41411
  66     0.67005     0.42425
  67     0.68024     0.43477
  68     0.69033     0.44538
  69     0.70025     0.45605
  70     0.71038     0.46719
  71     0.72007     0.47802
  72      0.7303     0.48965
  73     0.74002     0.50094
  74     0.75015     0.51297
  75     0.76014     0.52509
  76     0.77021     0.53759
  77     0.78009     0.55008
  78     0.79009     0.56299
  79     0.80005      0.5762
  80     0.81013     0.58986
  81     0.82019     0.60379
  82     0.83001     0.61774
  83     0.84004     0.63234
  84     0.85005     0.64726
  85     0.86007     0.66267
  86     0.87006     0.67846
  87     0.88006     0.69486
  88     0.89005     0.71182
  89     0.90033     0.72988
  90     0.91024      0.7479
  91     0.92007     0.76652
  92     0.93002     0.78624
  93     0.94016     0.80741
  94     0.95015     0.82976
  95     0.96003     0.85382
  96     0.97019     0.88099
  97     0.98011     0.91089
  98     0.99063     0.94866
  99           1           1
-----------------------------------------

----------------- PPP$ and local currency --------------
         PPP used in computation: 4091.94
     Data mean in local currency: 305364
               Data mean in PPP$: 126.316
        Poverty line in PPP$/Day: 1.9
      Poverty line in PPP$/Month: 57.7917
  Poverty line in local currency: 139709
-------------------------------------------------------

----------------- Estimation result --------------
     Number of observation: 4315
          Total population: 8.96158E+07
              Total wealth: 6.68765E+09(PPP$)
                   Minimum: 10.371(PPP$)
                   Maximum: 670.041(PPP$)
             Headcount(HC): 0.145339
          Poverty gap (PG): 0.0269261
       Poverty gap squared: 0.00786176
                      Gini: 0.340121
                    Median: 99.5989
                       MLD: 0.18667
                      Watt: 0.0323431
--------------------------------------------------

-------------------------------- Income or Consumption share by deciles (%) -------------------------------------
     3.4347     4.6168     5.4778     6.3204     7.3233      8.493      9.912     12.035     15.316      27.07
-----------------------------------------------------------------------------------------------------------------


