

**********************************************************************************************
**                                   Basic Information                                      **
**********************************************************************************************

----------------- Dataset Information -----------------
                         Country: Indonesia
                    Country dode: IDN
                       Data Year: 2013
                        Coverage: Rural
             Welfare measurement: Consumption
                     Data format: Unit record
                     Data source: IDN_R2013X
                  Data time span: UnDefined
-------------------------------------------------------


----------- Distribution ------------
   i           P           L 
-------------------------------------
   0    0.010002    0.002719
   1    0.020046   0.0059675
   2    0.030006   0.0094703
   3    0.040066    0.013226
   4    0.050016    0.017098
   5    0.060088    0.021159
   6    0.070039    0.025291
   7     0.08003    0.029552
   8    0.090008     0.03392
   9     0.10004    0.038403
  10     0.11002    0.042949
  11     0.12001    0.047586
  12     0.13005    0.052335
  13     0.14001    0.057128
  14        0.15    0.062017
  15        0.16    0.066992
  16        0.17    0.072046
  17        0.18    0.077177
  18        0.19    0.082385
  19     0.20001    0.087668
  20     0.21016    0.093112
  21     0.22004     0.09849
  22     0.23006     0.10403
  23     0.24006     0.10964
  24     0.25005     0.11531
  25     0.26001     0.12104
  26        0.27     0.12687
  27        0.28     0.13279
  28     0.29005     0.13881
  29     0.30016     0.14495
  30     0.31001     0.15102
  31     0.32005     0.15729
  32     0.33004     0.16362
  33     0.34002     0.17002
  34     0.35004     0.17653
  35     0.36004     0.18312
  36     0.37006     0.18982
  37     0.38003     0.19656
  38     0.39001      0.2034
  39     0.40001     0.21034
  40     0.41005      0.2174
  41     0.42001      0.2245
  42     0.43001     0.23173
  43        0.44     0.23906
  44     0.45004     0.24651
  45     0.46005     0.25405
  46     0.47001     0.26164
  47        0.48     0.26937
  48        0.49     0.27721
  49     0.50007      0.2852
  50     0.51003     0.29324
  51     0.52006     0.30144
  52     0.53001     0.30968
  53        0.54     0.31809
  54     0.55001     0.32662
  55     0.56002     0.33527
  56     0.57005     0.34407
  57     0.58001     0.35292
  58     0.59003     0.36196
  59     0.60008     0.37117
  60     0.61002     0.38041
  61        0.62     0.38984
  62        0.63     0.39945
  63     0.64003     0.40922
  64     0.65004     0.41913
  65     0.66001     0.42915
  66     0.67008     0.43944
  67     0.68001     0.44975
  68     0.69004     0.46037
  69     0.70002     0.47111
  70     0.71002     0.48204
  71     0.72005     0.49321
  72     0.73007     0.50457
  73        0.74     0.51603
  74     0.75011     0.52791
  75     0.76001     0.53973
  76     0.77002     0.55192
  77     0.78001     0.56435
  78     0.79001     0.57704
  79     0.80005     0.59005
  80        0.81     0.60321
  81     0.82004     0.61676
  82     0.83006     0.63062
  83     0.84001     0.64475
  84        0.85     0.65927
  85     0.86002     0.67423
  86     0.87001      0.6896
  87        0.88     0.70541
  88     0.89004     0.72177
  89     0.90001     0.73857
  90        0.91     0.75601
  91     0.92001     0.77416
  92        0.93      0.7931
  93     0.94001     0.81301
  94     0.95003     0.83405
  95     0.96002      0.8564
  96     0.97002     0.88078
  97        0.98     0.90785
  98     0.99004     0.94051
  99           1           1
-----------------------------------------

----------------- PPP$ and local currency --------------
         PPP used in computation: 4091.94
     Data mean in local currency: 505462
               Data mean in PPP$: 126.1
        Poverty line in PPP$/Day: 1.9
      Poverty line in PPP$/Month: 57.7917
  Poverty line in local currency: 231654
-------------------------------------------------------

----------------- Estimation result --------------
     Number of observation: 39852
          Total population: 1.23932E+08
              Total wealth: 1.53089E+10(PPP$)
                   Minimum: 18.3636(PPP$)
                   Maximum: 8229.16(PPP$)
             Headcount(HC): 0.108212
          Poverty gap (PG): 0.0163055
       Poverty gap squared: 0.00400089
                      Gini: 0.320499
                    Median: 100.94
                       MLD: 0.166418
                      Watt: 0.0188978
--------------------------------------------------

-------------------------------- Income or Consumption share by deciles (%) -------------------------------------
     3.8387     4.9278      5.719     6.5478     7.4817     8.5943     9.9987      11.89     14.857     26.145
-----------------------------------------------------------------------------------------------------------------


