

**********************************************************************************************
**                                   Basic Information                                      **
**********************************************************************************************

----------------- Dataset Information -----------------
                         Country: Indonesia
                    Country dode: IDN
                       Data Year: 2012
                        Coverage: Urban
             Welfare measurement: Consumption
                     Data format: Unit record
                     Data source: IDN_U2012X
                  Data time span: UnDefined
-------------------------------------------------------


----------- Distribution ------------
   i           P           L 
-------------------------------------
   0    0.010004   0.0018723
   1    0.020075   0.0041162
   2    0.030065    0.006538
   3    0.040041   0.0091089
   4    0.050001    0.011808
   5    0.060022    0.014634
   6    0.070036    0.017556
   7    0.080008    0.020563
   8    0.090005    0.023671
   9     0.10001    0.026883
  10     0.11003    0.030187
  11        0.12    0.033554
  12      0.1301    0.037048
  13     0.14001     0.04056
  14     0.15003     0.04418
  15     0.16001    0.047857
  16     0.17023    0.051694
  17     0.18001    0.055431
  18     0.19004    0.059324
  19     0.20006    0.063295
  20     0.21004    0.067328
  21     0.22002    0.071443
  22     0.23001    0.075638
  23     0.24003    0.079918
  24     0.25003    0.084264
  25     0.26002    0.088683
  26     0.27001    0.093192
  27     0.28002      0.0978
  28     0.29007     0.10251
  29         0.3     0.10724
  30     0.31006     0.11212
  31     0.32002     0.11705
  32     0.33001     0.12208
  33     0.34003     0.12722
  34        0.35     0.13243
  35     0.36001     0.13774
  36     0.37004     0.14316
  37     0.38005     0.14868
  38     0.39025     0.15439
  39         0.4     0.15996
  40     0.41002     0.16577
  41     0.42001     0.17167
  42     0.43003      0.1777
  43     0.44015     0.18388
  44     0.45011     0.19009
  45     0.46003     0.19636
  46     0.47002     0.20278
  47     0.48004     0.20934
  48     0.49008     0.21602
  49     0.50002     0.22275
  50        0.51     0.22963
  51     0.52005     0.23669
  52     0.53009     0.24387
  53     0.54004     0.25112
  54     0.55006     0.25855
  55     0.56001     0.26607
  56     0.57001     0.27378
  57     0.58003     0.28165
  58     0.59003     0.28967
  59         0.6     0.29782
  60     0.61006     0.30621
  61     0.62001     0.31469
  62     0.63001     0.32336
  63     0.64002     0.33222
  64     0.65014     0.34139
  65     0.66001     0.35051
  66     0.67001     0.35994
  67     0.68001     0.36958
  68     0.69003     0.37948
  69         0.7     0.38954
  70     0.71001     0.39988
  71     0.72001     0.41044
  72        0.73     0.42123
  73     0.74001     0.43231
  74        0.75     0.44364
  75        0.76     0.45532
  76     0.77001     0.46731
  77        0.78      0.4796
  78      0.7901     0.49238
  79     0.80007     0.50535
  80     0.81007     0.51872
  81     0.82005     0.53246
  82     0.83007     0.54672
  83     0.84001     0.56136
  84     0.85004     0.57672
  85        0.86     0.59256
  86     0.87001     0.60907
  87     0.88001     0.62617
  88        0.89     0.64401
  89     0.90003     0.66276
  90     0.91001     0.68241
  91     0.92001     0.70311
  92        0.93     0.72506
  93     0.94005     0.74861
  94     0.95001     0.77382
  95     0.96006      0.8017
  96     0.97005     0.83256
  97     0.98003     0.86752
  98     0.99007     0.91134
  99           1           1
-----------------------------------------

----------------- PPP$ and local currency --------------
         PPP used in computation: 4091.94
     Data mean in local currency: 806536
               Data mean in PPP$: 179.15
        Poverty line in PPP$/Day: 1.9
      Poverty line in PPP$/Month: 57.7917
  Poverty line in local currency: 260179
-------------------------------------------------------

----------------- Estimation result --------------
     Number of observation: 30175
          Total population: 1.2131E+08
              Total wealth: 2.39106E+10(PPP$)
                   Minimum: 20.149(PPP$)
                   Maximum: 18402(PPP$)
             Headcount(HC): 0.0970929
          Poverty gap (PG): 0.016693
       Poverty gap squared: 0.00435933
                      Gini: 0.424809
                    Median: 122.249
                       MLD: 0.296657
                      Watt: 0.0195389
--------------------------------------------------

-------------------------------- Income or Consumption share by deciles (%) -------------------------------------
     2.6878     3.6392     4.3971     5.2717     6.2781     7.5074     9.1723     11.571     15.745      33.73
-----------------------------------------------------------------------------------------------------------------


