

**********************************************************************************************
**                                   Basic Information                                      **
**********************************************************************************************

----------------- Dataset Information -----------------
                         Country: Indonesia
                    Country dode: IDN
                       Data Year: 2006
                        Coverage: Rural
             Welfare measurement: Consumption
                     Data format: Unit record
                     Data source: IDN_R2006X
                  Data time span: UnDefined
-------------------------------------------------------


----------- Distribution ------------
   i           P           L 
-------------------------------------
   0     0.01007   0.0023989
   1    0.020339   0.0056102
   2    0.030109   0.0089745
   3    0.040095    0.012723
   4     0.05001    0.016665
   5    0.060279    0.020925
   6    0.070035    0.025147
   7    0.080219    0.029717
   8    0.090024    0.034268
   9     0.10009    0.039083
  10     0.11022    0.044025
  11     0.12039    0.049108
  12     0.13002    0.054023
  13     0.14001    0.059239
  14     0.15046    0.064793
  15      0.1602    0.070079
  16        0.17    0.075483
  17     0.18001     0.08109
  18     0.19016    0.086887
  19     0.20021    0.092732
  20     0.21008    0.098576
  21     0.22024     0.10468
  22     0.23013     0.11071
  23     0.24007     0.11686
  24     0.25015     0.12319
  25     0.26013     0.12954
  26     0.27021     0.13602
  27     0.28012     0.14249
  28     0.29001     0.14903
  29     0.30009     0.15578
  30     0.31018     0.16261
  31     0.32001     0.16933
  32     0.33006      0.1763
  33     0.34002     0.18329
  34      0.3501     0.19043
  35     0.36002     0.19754
  36     0.37023     0.20494
  37     0.38022     0.21227
  38     0.39003     0.21952
  39     0.40005     0.22703
  40     0.41013     0.23466
  41     0.42025     0.24241
  42     0.43017     0.25011
  43     0.44008     0.25792
  44     0.45011     0.26591
  45     0.46003      0.2739
  46     0.47021     0.28219
  47     0.48025     0.29047
  48     0.49011     0.29868
  49     0.50006     0.30706
  50     0.51013     0.31564
  51     0.52017     0.32426
  52     0.53001     0.33282
  53     0.54026     0.34184
  54     0.55002     0.35053
  55     0.56005     0.35957
  56        0.57     0.36865
  57     0.58009     0.37796
  58     0.59003     0.38725
  59     0.60011     0.39679
  60      0.6101     0.40636
  61     0.62003     0.41599
  62     0.63005     0.42585
  63     0.64001     0.43577
  64     0.65003      0.4459
  65     0.66003     0.45611
  66     0.67017     0.46657
  67     0.68019     0.47707
  68     0.69014     0.48762
  69     0.70003     0.49829
  70     0.71011     0.50932
  71     0.72035     0.52069
  72     0.73009     0.53164
  73     0.74006     0.54301
  74     0.75029     0.55485
  75     0.76012     0.56639
  76     0.77018     0.57839
  77     0.78011     0.59043
  78     0.79007     0.60273
  79     0.80005     0.61531
  80     0.81011     0.62819
  81     0.82023     0.64137
  82     0.83018     0.65454
  83     0.84004     0.66787
  84     0.85001     0.68164
  85     0.86013     0.69596
  86     0.87022     0.71068
  87     0.88017     0.72569
  88     0.89013      0.7412
  89     0.90021     0.75742
  90     0.91019     0.77402
  91     0.92003     0.79106
  92     0.93009     0.80933
  93     0.94002     0.82828
  94     0.95014     0.84876
  95     0.96016     0.87026
  96     0.97005     0.89335
  97     0.98004     0.91933
  98     0.99005     0.95052
  99           1           1
-----------------------------------------

----------------- PPP$ and local currency --------------
         PPP used in computation: 4091.94
     Data mean in local currency: 213829
               Data mean in PPP$: 79.5752
        Poverty line in PPP$/Day: 1.9
      Poverty line in PPP$/Month: 57.7917
  Poverty line in local currency: 155294
-------------------------------------------------------

----------------- Estimation result --------------
     Number of observation: 5544
          Total population: 1.09375E+08
              Total wealth: 5.7155E+09(PPP$)
                   Minimum: 7.77973(PPP$)
                   Maximum: 663.618(PPP$)
             Headcount(HC): 0.368279
          Poverty gap (PG): 0.088051
       Poverty gap squared: 0.0313843
                      Gini: 0.289172
                    Median: 67.3676
                       MLD: 0.137748
                      Watt: 0.111357
--------------------------------------------------

-------------------------------- Income or Consumption share by deciles (%) -------------------------------------
     3.9038      5.357     6.3113     7.1274     8.0014     8.9673     10.158     11.699     14.184     24.292
-----------------------------------------------------------------------------------------------------------------


