

**********************************************************************************************
**                                   Basic Information                                      **
**********************************************************************************************

----------------- Dataset Information -----------------
                         Country: Indonesia
                    Country dode: IDN
                       Data Year: 2008
                        Coverage: Rural
             Welfare measurement: Consumption
                     Data format: Unit record
                     Data source: IDN_R2008X
                  Data time span: UnDefined
-------------------------------------------------------


----------- Distribution ------------
   i           P           L 
-------------------------------------
   0    0.010001   0.0027741
   1    0.020003     0.00611
   2    0.030013   0.0097353
   3        0.04    0.013555
   4    0.050037    0.017556
   5    0.060013     0.02168
   6    0.070015    0.025958
   7    0.080028    0.030387
   8    0.090032    0.034949
   9     0.10001    0.039606
  10        0.11    0.044384
  11     0.12003    0.049277
  12     0.13003    0.054249
  13     0.14003     0.05931
  14     0.15001    0.064456
  15     0.16001      0.0697
  16     0.17002    0.075036
  17     0.18001    0.080447
  18     0.19001    0.085949
  19     0.20001    0.091536
  20     0.21001    0.097207
  21     0.22002     0.10295
  22     0.23002     0.10877
  23        0.24     0.11465
  24     0.25002     0.12063
  25        0.26     0.12667
  26     0.27007     0.13286
  27     0.28001     0.13906
  28     0.29002     0.14538
  29     0.30001     0.15176
  30     0.31001     0.15823
  31     0.32001      0.1648
  32     0.33004     0.17147
  33     0.34002     0.17818
  34     0.35001       0.185
  35     0.36001     0.19191
  36        0.37     0.19892
  37     0.38004     0.20605
  38        0.39     0.21325
  39     0.40004     0.22061
  40     0.41003     0.22803
  41     0.42001     0.23555
  42        0.43     0.24316
  43     0.44001     0.25087
  44     0.45001     0.25866
  45     0.46002     0.26656
  46     0.47002     0.27454
  47     0.48003     0.28264
  48     0.49001      0.2908
  49         0.5     0.29909
  50     0.51001     0.30749
  51     0.52001     0.31597
  52        0.53     0.32454
  53     0.54005     0.33326
  54     0.55001     0.34201
  55     0.56001     0.35092
  56     0.57001     0.35993
  57        0.58     0.36905
  58     0.59002     0.37831
  59     0.60002     0.38766
  60     0.61001     0.39712
  61     0.62001     0.40672
  62     0.63001     0.41643
  63     0.64001     0.42628
  64     0.65001     0.43628
  65     0.66002     0.44641
  66     0.67002     0.45668
  67     0.68002      0.4671
  68     0.69001     0.47768
  69     0.70001     0.48844
  70     0.71001     0.49935
  71     0.72001     0.51047
  72     0.73001     0.52174
  73     0.74003     0.53324
  74        0.75     0.54486
  75     0.76002     0.55672
  76     0.77001     0.56878
  77     0.78002     0.58107
  78     0.79001     0.59358
  79         0.8     0.60638
  80     0.81001     0.61944
  81     0.82001     0.63278
  82     0.83002     0.64641
  83        0.84     0.66032
  84     0.85001      0.6746
  85        0.86     0.68917
  86     0.87002     0.70413
  87     0.88004     0.71955
  88     0.89002      0.7354
  89     0.90001     0.75177
  90        0.91     0.76868
  91     0.92003     0.78631
  92        0.93     0.80464
  93        0.94     0.82399
  94        0.95     0.84446
  95     0.96002      0.8663
  96     0.97004     0.88989
  97        0.98     0.91586
  98     0.99003     0.94622
  99           1           1
-----------------------------------------

----------------- PPP$ and local currency --------------
         PPP used in computation: 4091.94
     Data mean in local currency: 283933
               Data mean in PPP$: 92.8442
        Poverty line in PPP$/Day: 1.9
      Poverty line in PPP$/Month: 57.7917
  Poverty line in local currency: 176737
-------------------------------------------------------

----------------- Estimation result --------------
     Number of observation: 40024
          Total population: 1.17245E+08
              Total wealth: 8.13544E+09(PPP$)
                   Minimum: 10.1052(PPP$)
                   Maximum: 7536.08(PPP$)
             Headcount(HC): 0.273824
          Poverty gap (PG): 0.0566424
       Poverty gap squared: 0.0172368
                      Gini: 0.299829
                    Median: 77.4235
                       MLD: 0.146648
                      Watt: 0.0684759
--------------------------------------------------

-------------------------------- Income or Consumption share by deciles (%) -------------------------------------
     3.9603      5.193     6.0224     6.8824     7.8509     8.8555     10.078     11.795     14.538     24.825
-----------------------------------------------------------------------------------------------------------------


