

**********************************************************************************************
**                                   Basic Information                                      **
**********************************************************************************************

----------------- Dataset Information -----------------
                         Country: India
                    Country dode: IND
                       Data Year: 2011
                        Coverage: Urban
             Welfare measurement: Consumption
                     Data format: Unit record
                     Data source: IND_U2011X
                  Data time span: UnDefined
-------------------------------------------------------


----------- Distribution ------------
   i           P           L 
-------------------------------------
   0    0.010358   0.0020845
   1    0.020001   0.0044507
   2    0.030018   0.0071125
   3    0.040005   0.0099179
   4    0.050034    0.012883
   5    0.060132    0.016006
   6    0.070018    0.019179
   7    0.080015    0.022505
   8    0.090036    0.025938
   9     0.10007     0.02948
  10        0.11    0.033101
  11     0.12014    0.036901
  12     0.13001    0.040691
  13     0.14003    0.044647
  14     0.15004    0.048703
  15     0.16002    0.052837
  16     0.17001    0.057053
  17     0.18004    0.061377
  18        0.19    0.065752
  19      0.2001    0.070283
  20     0.21004    0.074839
  21     0.22031    0.079638
  22     0.23002     0.08426
  23     0.24006    0.089124
  24      0.2501    0.094071
  25     0.26005    0.099051
  26     0.27007     0.10415
  27     0.28019      0.1094
  28     0.29002     0.11458
  29     0.30011     0.11998
  30     0.31007     0.12541
  31     0.32013     0.13097
  32      0.3306     0.13686
  33     0.34003     0.14223
  34     0.35003     0.14801
  35     0.36008     0.15391
  36        0.37     0.15983
  37     0.38016     0.16598
  38     0.39009      0.1721
  39     0.40006     0.17834
  40        0.41     0.18466
  41     0.42018     0.19123
  42        0.43     0.19767
  43     0.44001     0.20434
  44     0.45002     0.21109
  45     0.46004     0.21795
  46     0.47001     0.22487
  47     0.48001     0.23192
  48     0.49006      0.2391
  49     0.50022     0.24649
  50     0.51002     0.25373
  51     0.52012     0.26129
  52     0.53001     0.26883
  53     0.54001     0.27656
  54     0.55002     0.28444
  55     0.56009      0.2925
  56     0.57013     0.30067
  57      0.5802     0.30901
  58     0.59001     0.31727
  59     0.60003     0.32586
  60     0.61006     0.33458
  61     0.62005     0.34337
  62     0.63009     0.35234
  63     0.64003     0.36136
  64     0.65002     0.37058
  65     0.66002        0.38
  66     0.67005     0.38961
  67     0.68001     0.39935
  68     0.69024     0.40954
  69     0.70005     0.41949
  70     0.71001     0.42979
  71        0.72     0.44031
  72     0.73001     0.45103
  73     0.74002     0.46199
  74     0.75003      0.4732
  75     0.76027     0.48491
  76     0.77006     0.49635
  77     0.78002     0.50829
  78     0.79001     0.52059
  79         0.8     0.53322
  80     0.81001      0.5462
  81     0.82005     0.55956
  82        0.83     0.57313
  83     0.84027     0.58751
  84     0.85005      0.6016
  85     0.86006     0.61649
  86     0.87002     0.63183
  87     0.88002     0.64777
  88     0.89002     0.66438
  89     0.90007     0.68184
  90     0.91001         0.7
  91     0.92004     0.71941
  92     0.93003     0.73992
  93     0.94003     0.76193
  94     0.95001      0.7858
  95     0.96001     0.81225
  96     0.97007     0.84193
  97     0.98005     0.87655
  98     0.99138     0.92747
  99           1           1
-----------------------------------------

----------------- PPP$ and local currency --------------
         PPP used in computation: 14.9752
     Data mean in local currency: 2399.24
               Data mean in PPP$: 146.662
        Poverty line in PPP$/Day: 1.9
      Poverty line in PPP$/Month: 57.7917
  Poverty line in local currency: 945.409
-------------------------------------------------------

----------------- Estimation result --------------
     Number of observation: 26422
          Total population: 3.16854E+08
              Total wealth: 5.07646E+10(PPP$)
                   Minimum: 3.37225(PPP$)
                   Maximum: 40873.6(PPP$)
             Headcount(HC): 0.133871
          Poverty gap (PG): 0.0267718
       Poverty gap squared: 0.00784909
                      Gini: 0.390144
                    Median: 107.464
                       MLD: 0.250274
                      Watt: 0.0321319
--------------------------------------------------

-------------------------------- Income or Consumption share by deciles (%) -------------------------------------
     2.9457     4.0783     4.9681     5.8382     6.8029     7.9505     9.3604     11.378     14.849     31.829
-----------------------------------------------------------------------------------------------------------------


