

**********************************************************************************************
**                                   Basic Information                                      **
**********************************************************************************************

----------------- Dataset Information -----------------
                         Country: India
                    Country dode: IND
                       Data Year: 2009
                        Coverage: Rural
             Welfare measurement: Consumption
                     Data format: Unit record
                     Data source: IND_R2009X
                  Data time span: UnDefined
-------------------------------------------------------


----------- Distribution ------------
   i           P           L 
-------------------------------------
   0    0.010022   0.0027084
   1    0.020004   0.0060803
   2    0.030019   0.0097809
   3     0.04031     0.01384
   4    0.050041    0.017873
   5    0.060179     0.02224
   6    0.070023    0.026607
   7    0.080045    0.031177
   8    0.090218    0.035954
   9         0.1    0.040645
  10     0.11003    0.045565
  11     0.12032    0.050714
  12     0.13014     0.05574
  13     0.14013    0.060944
  14     0.15005    0.066217
  15     0.16045    0.071845
  16        0.17    0.077088
  17     0.18015    0.082758
  18     0.19011    0.088405
  19     0.20001    0.094097
  20        0.21    0.099924
  21     0.22012     0.10591
  22        0.23     0.11183
  23     0.24005     0.11794
  24     0.25003     0.12409
  25     0.26003     0.13034
  26     0.27009     0.13671
  27     0.28001     0.14307
  28     0.29009     0.14963
  29     0.30039      0.1564
  30        0.31      0.1628
  31     0.32024     0.16969
  32     0.33013     0.17643
  33     0.34003     0.18324
  34     0.35001     0.19018
  35     0.36008     0.19726
  36     0.37004     0.20434
  37     0.38001     0.21151
  38        0.39     0.21878
  39     0.40011     0.22621
  40     0.41007      0.2336
  41     0.42001     0.24106
  42      0.4302      0.2488
  43        0.44     0.25632
  44     0.45008     0.26415
  45        0.46     0.27193
  46     0.47018        0.28
  47     0.48027      0.2881
  48     0.49009     0.29606
  49     0.50004     0.30421
  50     0.51004      0.3125
  51     0.52004     0.32087
  52     0.53005     0.32935
  53     0.54012     0.33798
  54     0.55006     0.34659
  55     0.56004     0.35533
  56     0.57002     0.36418
  57     0.58031     0.37339
  58        0.59     0.38216
  59     0.60001     0.39131
  60     0.61013     0.40067
  61     0.62001     0.40994
  62     0.63006     0.41949
  63     0.64002     0.42907
  64     0.65005     0.43883
  65     0.66002     0.44865
  66      0.6702     0.45882
  67     0.68009     0.46882
  68     0.69001       0.479
  69     0.70011     0.48952
  70     0.71001         0.5
  71     0.72009      0.5108
  72     0.73007     0.52165
  73     0.74001     0.53265
  74     0.75009     0.54398
  75        0.76     0.55531
  76     0.77014     0.56708
  77      0.7801     0.57885
  78     0.79011     0.59085
  79     0.80013      0.6031
  80     0.81005     0.61546
  81     0.82008     0.62823
  82     0.83006     0.64123
  83     0.84007     0.65457
  84     0.85001     0.66813
  85     0.86001     0.68208
  86     0.87007     0.69648
  87      0.8801      0.7112
  88     0.89004     0.72626
  89     0.90003     0.74191
  90     0.91004     0.75815
  91     0.92001     0.77494
  92        0.93     0.79246
  93     0.94001     0.81084
  94     0.95002     0.83019
  95     0.96001     0.85085
  96     0.97001     0.87342
  97     0.98006     0.89901
  98        0.99     0.92919
  99           1           1
-----------------------------------------

----------------- PPP$ and local currency --------------
         PPP used in computation: 14.9752
     Data mean in local currency: 927.704
               Data mean in PPP$: 81.6945
        Poverty line in PPP$/Day: 1.9
      Poverty line in PPP$/Month: 57.7917
  Poverty line in local currency: 656.269
-------------------------------------------------------

----------------- Estimation result --------------
     Number of observation: 25099
          Total population: 7.61152E+08
              Total wealth: 4.7153E+10(PPP$)
                   Minimum: 0.166943(PPP$)
                   Maximum: 27086.1(PPP$)
             Headcount(HC): 0.360594
          Poverty gap (PG): 0.0812261
       Poverty gap squared: 0.0267482
                      Gini: 0.299503
                    Median: 67.3666
                       MLD: 0.151813
                      Watt: 0.100267
--------------------------------------------------

-------------------------------- Income or Consumption share by deciles (%) -------------------------------------
     4.0644     5.3446     6.2056     6.9984     7.8044     8.7132     9.8101     11.353     13.893     25.813
-----------------------------------------------------------------------------------------------------------------


