

**********************************************************************************************
**                                   Basic Information                                      **
**********************************************************************************************

----------------- Dataset Information -----------------
                         Country: India
                    Country dode: IND
                       Data Year: 2011
                        Coverage: Rural
             Welfare measurement: Consumption
                     Data format: Unit record
                     Data source: IND_R2011X
                  Data time span: UnDefined
-------------------------------------------------------


----------- Distribution ------------
   i           P           L 
-------------------------------------
   0    0.010001   0.0026482
   1    0.020048   0.0059812
   2    0.030019   0.0095862
   3    0.040004    0.013423
   4    0.050028    0.017453
   5    0.060226    0.021718
   6    0.070111    0.025966
   7    0.080143    0.030387
   8    0.090042    0.034865
   9     0.10007    0.039512
  10     0.11002    0.044225
  11     0.12008    0.049104
  12     0.13007    0.054062
  13        0.14    0.059094
  14     0.15001    0.064254
  15     0.16013    0.069565
  16     0.17002    0.074838
  17     0.18007    0.080289
  18     0.19003    0.085778
  19     0.20013    0.091432
  20     0.21002    0.097049
  21     0.22013     0.10288
  22        0.23     0.10865
  23     0.24012     0.11466
  24     0.25002      0.1206
  25        0.26     0.12668
  26     0.27012     0.13292
  27     0.28006     0.13914
  28     0.29009      0.1455
  29     0.30024     0.15202
  30     0.31028     0.15854
  31     0.32001     0.16494
  32     0.33028      0.1718
  33     0.34009     0.17842
  34     0.35004      0.1852
  35     0.36005      0.1921
  36     0.37011     0.19911
  37     0.38006     0.20612
  38     0.39014     0.21329
  39     0.40013     0.22047
  40     0.41006     0.22768
  41      0.4201     0.23504
  42     0.43001     0.24239
  43     0.44034     0.25014
  44     0.45024     0.25765
  45        0.46     0.26514
  46     0.47003     0.27292
  47     0.48002     0.28076
  48     0.49007     0.28875
  49     0.50009     0.29681
  50     0.51001     0.30489
  51     0.52008      0.3132
  52     0.53017     0.32163
  53     0.54004     0.32996
  54     0.55009     0.33855
  55     0.56001     0.34713
  56     0.57002     0.35588
  57     0.58004     0.36475
  58     0.59013     0.37379
  59     0.60003     0.38276
  60     0.61001     0.39193
  61     0.62001     0.40124
  62     0.63001     0.41069
  63        0.64     0.42026
  64     0.65018     0.43014
  65     0.66001     0.43979
  66     0.67004     0.44975
  67        0.68     0.45977
  68      0.6901     0.47008
  69     0.70003     0.48038
  70     0.71001     0.49088
  71     0.72005     0.50162
  72     0.73001     0.51243
  73     0.74014     0.52361
  74        0.75     0.53469
  75     0.76014     0.54626
  76     0.77002     0.55774
  77     0.78004      0.5696
  78     0.79001     0.58161
  79     0.80002     0.59389
  80     0.81001     0.60639
  81     0.82002     0.61918
  82     0.83001     0.63222
  83     0.84001     0.64559
  84     0.85002     0.65928
  85     0.86002     0.67329
  86        0.87     0.68764
  87     0.88001     0.70245
  88     0.89006     0.71778
  89     0.90002      0.7335
  90        0.91     0.74982
  91     0.92001     0.76684
  92     0.93001     0.78463
  93     0.94001     0.80327
  94        0.95     0.82307
  95     0.96005     0.84447
  96        0.97     0.86752
  97     0.98007     0.89392
  98        0.99      0.9258
  99           1           1
-----------------------------------------

----------------- PPP$ and local currency --------------
         PPP used in computation: 14.9752
     Data mean in local currency: 1278.94
               Data mean in PPP$: 95.8398
        Poverty line in PPP$/Day: 1.9
      Poverty line in PPP$/Month: 57.7917
  Poverty line in local currency: 771.206
-------------------------------------------------------

----------------- Estimation result --------------
     Number of observation: 28799
          Total population: 7.92116E+08
              Total wealth: 6.76501E+10(PPP$)
                   Minimum: 2.67109(PPP$)
                   Maximum: 27599.7(PPP$)
             Headcount(HC): 0.248272
          Poverty gap (PG): 0.0500181
       Poverty gap squared: 0.0151383
                      Gini: 0.311275
                    Median: 77.597
                       MLD: 0.163323
                      Watt: 0.060531
--------------------------------------------------

-------------------------------- Income or Consumption share by deciles (%) -------------------------------------
     3.9479     5.1878     6.0506     6.8512     7.6361     8.5992     9.7622     11.351     13.961     26.653
-----------------------------------------------------------------------------------------------------------------


