

**********************************************************************************************
**                                   Basic Information                                      **
**********************************************************************************************

----------------- Dataset Information -----------------
                         Country: India
                    Country dode: IND
                       Data Year: 2009
                        Coverage: Urban
             Welfare measurement: Consumption
                     Data format: Unit record
                     Data source: IND_U2009X
                  Data time span: UnDefined
-------------------------------------------------------


----------- Distribution ------------
   i           P           L 
-------------------------------------
   0    0.010011   0.0019452
   1    0.020092   0.0043659
   2    0.030113   0.0069937
   3     0.04002   0.0097482
   4    0.050057    0.012692
   5    0.060047    0.015747
   6    0.070005    0.018905
   7    0.080043    0.022225
   8    0.090005     0.02565
   9     0.10006    0.029215
  10     0.11009    0.032865
  11     0.12006    0.036589
  12     0.13003    0.040395
  13     0.14015    0.044362
  14        0.15    0.048309
  15     0.16003    0.052416
  16     0.17001    0.056589
  17     0.18004    0.060866
  18     0.19002    0.065218
  19     0.20018    0.069716
  20        0.21    0.074132
  21      0.2201    0.078736
  22     0.23005    0.083361
  23     0.24002    0.088095
  24     0.25002    0.092923
  25     0.26023    0.097942
  26      0.2701     0.10288
  27     0.28017       0.108
  28     0.29017     0.11317
  29     0.30002     0.11834
  30     0.31002     0.12368
  31     0.32003     0.12911
  32      0.3301     0.13468
  33     0.34008     0.14028
  34        0.35     0.14595
  35     0.36014     0.15183
  36     0.37009     0.15769
  37     0.38001     0.16363
  38     0.39009     0.16976
  39     0.40001      0.1759
  40     0.41008     0.18223
  41     0.42001     0.18858
  42     0.43004     0.19509
  43     0.44005     0.20169
  44     0.45003     0.20838
  45     0.46015     0.21528
  46     0.47002      0.2221
  47     0.48011     0.22919
  48     0.49006      0.2363
  49     0.50003     0.24354
  50     0.51001      0.2509
  51        0.52     0.25839
  52     0.53012     0.26612
  53        0.54     0.27378
  54     0.55014     0.28176
  55        0.56     0.28965
  56     0.57009     0.29786
  57     0.58003     0.30608
  58     0.59004      0.3145
  59     0.60004     0.32307
  60     0.61006      0.3318
  61     0.62001     0.34064
  62     0.63001     0.34966
  63     0.64002     0.35885
  64     0.65004     0.36823
  65     0.66006     0.37778
  66     0.67001     0.38742
  67     0.68019     0.39745
  68        0.69      0.4073
  69     0.70005     0.41759
  70     0.71007     0.42804
  71     0.72001     0.43865
  72     0.73015     0.44967
  73     0.74006     0.46066
  74     0.75004     0.47195
  75     0.76001     0.48345
  76     0.77001     0.49523
  77     0.78001      0.5073
  78     0.79006     0.51977
  79     0.80004     0.53246
  80        0.81     0.54547
  81     0.82001     0.55889
  82     0.83003     0.57268
  83     0.84001     0.58682
  84        0.85     0.60142
  85        0.86     0.61653
  86        0.87     0.63212
  87     0.88014     0.64854
  88     0.89001     0.66509
  89     0.90013     0.68271
  90     0.91001     0.70063
  91        0.92     0.71971
  92     0.93002     0.74003
  93     0.94005     0.76158
  94     0.95002     0.78428
  95     0.96005     0.80905
  96        0.97     0.83644
  97     0.98003     0.86856
  98     0.99006     0.90821
  99           1           1
-----------------------------------------

----------------- PPP$ and local currency --------------
         PPP used in computation: 14.9752
     Data mean in local currency: 1785.81
               Data mean in PPP$: 129.752
        Poverty line in PPP$/Day: 1.9
      Poverty line in PPP$/Month: 57.7917
  Poverty line in local currency: 795.407
-------------------------------------------------------

----------------- Estimation result --------------
     Number of observation: 24174
          Total population: 2.82201E+08
              Total wealth: 3.3653E+10(PPP$)
                   Minimum: 5.14185(PPP$)
                   Maximum: 13978.6(PPP$)
             Headcount(HC): 0.198451
          Poverty gap (PG): 0.0436558
       Poverty gap squared: 0.0142161
                      Gini: 0.39348
                    Median: 94.9747
                       MLD: 0.257856
                      Watt: 0.0536778
--------------------------------------------------

-------------------------------- Income or Consumption share by deciles (%) -------------------------------------
     2.9192     4.0445     4.8693     5.7559     6.7625     7.9517     9.4508     11.487     15.007     31.752
-----------------------------------------------------------------------------------------------------------------


