

**********************************************************************************************
**                                   Basic Information                                      **
**********************************************************************************************

----------------- Dataset Information -----------------
                         Country: Ireland
                    Country dode: IRL
                       Data Year: 2004
                        Coverage: National
             Welfare measurement: Income
                     Data format: Unit record
                     Data source: IRL_N2004Y
                  Data time span: UnDefined
-------------------------------------------------------


----------- Distribution ------------
   i           P           L 
-------------------------------------
   0    0.010253   0.0010832
   1    0.020152   0.0033917
   2    0.030114   0.0060217
   3    0.040367   0.0089717
   4    0.050075    0.011934
   5    0.060097    0.015156
   6    0.070229    0.018596
   7    0.080203    0.022096
   8    0.090083    0.025695
   9     0.10009    0.029475
  10      0.1102    0.033452
  11     0.12003    0.037434
  12     0.13068    0.041897
  13     0.14001     0.04595
  14     0.15045    0.050638
  15     0.16005    0.055105
  16     0.17004    0.059882
  17     0.18013    0.064855
  18     0.19038    0.070009
  19     0.20035    0.075135
  20     0.21028    0.080363
  21     0.22011    0.085672
  22      0.2304    0.091326
  23     0.24026    0.096839
  24      0.2501     0.10242
  25     0.26006     0.10815
  26     0.27005     0.11399
  27     0.28037     0.12013
  28     0.29003     0.12597
  29     0.30003     0.13211
  30     0.31017     0.13842
  31     0.32003     0.14467
  32     0.33008     0.15111
  33     0.34051     0.15791
  34     0.35006     0.16423
  35     0.36004     0.17094
  36     0.37022      0.1779
  37     0.38053     0.18505
  38     0.39002     0.19172
  39      0.4006     0.19923
  40     0.41063     0.20644
  41     0.42031     0.21346
  42     0.43005     0.22062
  43     0.44006     0.22809
  44     0.45006     0.23566
  45     0.46021     0.24341
  46     0.47005     0.25102
  47     0.48053     0.25924
  48     0.49006     0.26685
  49     0.50032      0.2752
  50     0.51004     0.28324
  51     0.52006     0.29163
  52     0.53006      0.3001
  53     0.54042     0.30903
  54     0.55062     0.31793
  55     0.56002     0.32623
  56      0.5703     0.33546
  57      0.5803      0.3446
  58     0.59087     0.35439
  59     0.60006     0.36304
  60     0.61011     0.37265
  61     0.62011     0.38236
  62     0.63036     0.39251
  63     0.64011     0.40229
  64     0.65003     0.41243
  65     0.66011      0.4229
  66     0.67039     0.43377
  67     0.68039     0.44448
  68     0.69002     0.45494
  69     0.70014     0.46613
  70     0.71015     0.47736
  71     0.72031     0.48887
  72     0.73025     0.50026
  73     0.74044     0.51214
  74     0.75019     0.52372
  75     0.76007     0.53561
  76     0.77015     0.54793
  77     0.78009     0.56036
  78     0.79009     0.57315
  79     0.80038     0.58658
  80     0.81001     0.59935
  81     0.82025     0.61317
  82     0.83002     0.62662
  83     0.84018     0.64086
  84      0.8501     0.65513
  85     0.86002     0.66977
  86     0.87015     0.68515
  87      0.8801     0.70069
  88     0.89007     0.71677
  89     0.90002     0.73343
  90     0.91004     0.75078
  91      0.9203      0.7694
  92     0.93005     0.78785
  93     0.94016     0.80781
  94     0.95001     0.82811
  95     0.96013     0.85013
  96      0.9702     0.87382
  97     0.98002     0.90019
  98     0.99018     0.93261
  99           1           1
-----------------------------------------

----------------- PPP$ and local currency --------------
         PPP used in computation: 0.951714
     Data mean in local currency: 1153.59
               Data mean in PPP$: 1366.88
        Poverty line in PPP$/Day: 1.9
      Poverty line in PPP$/Month: 57.7917
  Poverty line in local currency: 48.7739
-------------------------------------------------------

----------------- Estimation result --------------
     Number of observation: 5969
          Total population: 1
              Total wealth: 1212.12(PPP$)
                   Minimum: -601.252(PPP$)
                   Maximum: 26649.3(PPP$)
             Headcount(HC): 0.0014523
          Poverty gap (PG): 0.00750437
       Poverty gap squared: 0.0569136
                      Gini: 0.337155
                    Median: 1123.2
                       MLD: 0.200273
                      Watt: 0.000210715
--------------------------------------------------

-------------------------------- Income or Consumption share by deciles (%) -------------------------------------
     2.9442     4.5515      5.714     6.6707     7.6135     8.8045     10.299     12.011     14.731     26.661
-----------------------------------------------------------------------------------------------------------------


