

**********************************************************************************************
**                                   Basic Information                                      **
**********************************************************************************************

----------------- Dataset Information -----------------
                         Country: Ireland
                    Country dode: IRL
                       Data Year: 2012
                        Coverage: National
             Welfare measurement: Income
                     Data format: Unit record
                     Data source: IRL_N2012Y
                  Data time span: UnDefined
-------------------------------------------------------


----------- Distribution ------------
   i           P           L 
-------------------------------------
   0    0.010001  0.00058707
   1    0.020209   0.0024452
   2    0.030764    0.005169
   3    0.040263   0.0080859
   4    0.050217    0.011389
   5    0.060193    0.014928
   6    0.070125     0.01862
   7    0.080155    0.022512
   8    0.090172    0.026525
   9     0.10037    0.030696
  10      0.1101      0.0348
  11     0.12034    0.039222
  12     0.13016    0.043561
  13     0.14001    0.048003
  14     0.15076    0.052985
  15     0.16028    0.057496
  16     0.17017     0.06229
  17     0.18005    0.067189
  18     0.19003    0.072231
  19     0.20035    0.077551
  20     0.21035    0.082833
  21     0.22008      0.0881
  22     0.23009    0.093642
  23     0.24032    0.099401
  24     0.25036     0.10517
  25     0.26009     0.11085
  26     0.27011     0.11681
  27     0.28036     0.12303
  28     0.29041     0.12924
  29     0.30013     0.13534
  30     0.31014     0.14175
  31     0.32007     0.14824
  32     0.33013     0.15488
  33     0.34058     0.16188
  34     0.35002     0.16832
  35     0.36019     0.17534
  36     0.37005     0.18227
  37      0.3802      0.1895
  38     0.39058       0.197
  39     0.40027     0.20407
  40     0.41022     0.21144
  41        0.42     0.21877
  42     0.43082     0.22698
  43     0.44018     0.23417
  44     0.45002     0.24184
  45      0.4604     0.25002
  46     0.47007     0.25772
  47     0.48029     0.26593
  48     0.49026     0.27405
  49     0.50013     0.28223
  50      0.5104     0.29086
  51     0.52004     0.29906
  52     0.53002     0.30768
  53     0.54007     0.31647
  54     0.55004     0.32529
  55     0.56019     0.33442
  56     0.57009     0.34346
  57     0.58006     0.35267
  58     0.59117     0.36308
  59     0.60018     0.37161
  60     0.61107     0.38203
  61     0.62015     0.39082
  62     0.63016     0.40064
  63     0.64045     0.41093
  64     0.65015     0.42077
  65      0.6604      0.4313
  66     0.67045     0.44178
  67     0.68059     0.45251
  68     0.69058     0.46326
  69     0.70001     0.47359
  70     0.71015     0.48485
  71     0.72001     0.49597
  72     0.73013     0.50763
  73     0.74005     0.51925
  74     0.75002     0.53116
  75     0.76004     0.54339
  76        0.77     0.55571
  77     0.78023     0.56856
  78     0.79009     0.58124
  79     0.80009     0.59439
  80     0.81005     0.60782
  81      0.8202     0.62182
  82        0.83     0.63553
  83     0.84021     0.65017
  84     0.85012     0.66476
  85     0.86008     0.67979
  86     0.87005     0.69524
  87     0.88018     0.71132
  88     0.89043     0.72819
  89     0.90011     0.74467
  90     0.91008     0.76214
  91     0.92003     0.78021
  92     0.93003     0.79917
  93     0.94027     0.81948
  94     0.95007     0.83994
  95        0.96     0.86187
  96      0.9706      0.8873
  97      0.9801     0.91266
  98     0.99034     0.94482
  99           1           1
-----------------------------------------

----------------- PPP$ and local currency --------------
         PPP used in computation: 0.951714
     Data mean in local currency: 1208.38
               Data mean in PPP$: 1248.55
        Poverty line in PPP$/Day: 1.9
      Poverty line in PPP$/Month: 57.7917
  Poverty line in local currency: 55.9322
-------------------------------------------------------

----------------- Estimation result --------------
     Number of observation: 4598
          Total population: 1
              Total wealth: 1269.69(PPP$)
                   Minimum: -1475.11(PPP$)
                   Maximum: 40305.6(PPP$)
             Headcount(HC): 0.00287439
          Poverty gap (PG): 0.00315023
       Poverty gap squared: 0.0394932
                      Gini: 0.325222
                    Median: 1041.22
                       MLD: 0.190689
                      Watt: 0.000579036
--------------------------------------------------

-------------------------------- Income or Consumption share by deciles (%) -------------------------------------
     3.0546     4.6827     5.7887     6.8613      7.825     8.9325     10.213      12.07     15.021     25.552
-----------------------------------------------------------------------------------------------------------------


