

**********************************************************************************************
**                                   Basic Information                                      **
**********************************************************************************************

----------------- Dataset Information -----------------
                         Country: Ireland
                    Country dode: IRL
                       Data Year: 2006
                        Coverage: National
             Welfare measurement: Income
                     Data format: Unit record
                     Data source: IRL_N2006Y
                  Data time span: UnDefined
-------------------------------------------------------


----------- Distribution ------------
   i           P           L 
-------------------------------------
   0    0.011435   0.0012764
   1    0.020835   0.0034474
   2    0.030194   0.0060814
   3     0.04041   0.0091637
   4    0.050023    0.012265
   5    0.060108    0.015723
   6    0.071442    0.019801
   7    0.080157    0.023052
   8    0.091013    0.027365
   9     0.10026    0.031172
  10     0.11022     0.03541
  11     0.12014    0.039762
  12     0.13015    0.044216
  13     0.14005    0.048729
  14     0.15002    0.053417
  15     0.16006    0.058277
  16     0.17005    0.063211
  17     0.18037    0.068387
  18     0.19003    0.073316
  19     0.20115    0.079101
  20     0.21029    0.083956
  21     0.22005    0.089266
  22     0.23009    0.094841
  23     0.24049     0.10074
  24     0.25078     0.10669
  25     0.26011     0.11215
  26      0.2701     0.11808
  27      0.2801     0.12412
  28     0.29007     0.13023
  29     0.30012     0.13645
  30     0.31005     0.14272
  31     0.32003     0.14911
  32     0.33094     0.15618
  33     0.34004     0.16214
  34     0.35006     0.16875
  35     0.36003     0.17539
  36     0.37022     0.18225
  37     0.38003     0.18895
  38     0.39014     0.19596
  39     0.40003     0.20291
  40     0.41011     0.21008
  41     0.42004     0.21726
  42     0.43001     0.22459
  43     0.44005     0.23206
  44     0.45001     0.23958
  45     0.46055     0.24766
  46     0.47003     0.25501
  47        0.48     0.26285
  48     0.49003      0.2709
  49     0.50011     0.27915
  50      0.5101     0.28742
  51     0.52011     0.29586
  52     0.53026     0.30454
  53     0.54015     0.31313
  54     0.55002     0.32181
  55     0.56082     0.33139
  56     0.57084     0.34037
  57     0.58026     0.34891
  58     0.59051     0.35835
  59      0.6002     0.36742
  60     0.61054     0.37723
  61     0.62001     0.38636
  62     0.63011     0.39628
  63     0.64008     0.40624
  64     0.65009     0.41646
  65     0.66004     0.42678
  66     0.67011     0.43743
  67     0.68002     0.44805
  68     0.69005     0.45897
  69     0.70083     0.47091
  70     0.71009     0.48137
  71     0.72001     0.49278
  72     0.73032     0.50492
  73     0.74017     0.51669
  74     0.75012     0.52877
  75     0.76012     0.54111
  76     0.77004     0.55357
  77     0.78006     0.56635
  78      0.7908     0.58032
  79      0.8004     0.59304
  80     0.81009     0.60609
  81     0.82002     0.61972
  82     0.83077     0.63481
  83     0.84059     0.64897
  84     0.85008     0.66301
  85     0.86135      0.6801
  86     0.87017     0.69382
  87     0.88009     0.70972
  88     0.89006     0.72644
  89     0.90016     0.74401
  90     0.91086     0.76338
  91     0.92003     0.78044
  92     0.93004     0.79971
  93     0.94019     0.82011
  94     0.95041     0.84174
  95     0.96013     0.86359
  96     0.97001     0.88713
  97        0.98     0.91339
  98     0.99126     0.94934
  99           1           1
-----------------------------------------

----------------- PPP$ and local currency --------------
         PPP used in computation: 0.951714
     Data mean in local currency: 1377.04
               Data mean in PPP$: 1532.55
        Poverty line in PPP$/Day: 1.9
      Poverty line in PPP$/Month: 57.7917
  Poverty line in local currency: 51.9277
-------------------------------------------------------

----------------- Estimation result --------------
     Number of observation: 5565
          Total population: 1
              Total wealth: 1446.91(PPP$)
                   Minimum: -64.4836(PPP$)
                   Maximum: 41653.3(PPP$)
             Headcount(HC): 0.00398429
          Poverty gap (PG): 0.000753689
       Poverty gap squared: 0.000680545
                      Gini: 0.327295
                    Median: 1262.25
                       MLD: 0.187417
                      Watt: 0.000215611
--------------------------------------------------

-------------------------------- Income or Consumption share by deciles (%) -------------------------------------
     3.1064      4.744     5.7876     6.6507      7.617     8.8173     10.276     12.252     15.121     25.628
-----------------------------------------------------------------------------------------------------------------


