

**********************************************************************************************
**                                   Basic Information                                      **
**********************************************************************************************

----------------- Dataset Information -----------------
                         Country: Ireland
                    Country dode: IRL
                       Data Year: 2010
                        Coverage: National
             Welfare measurement: Income
                     Data format: Unit record
                     Data source: IRL_N2010Y
                  Data time span: UnDefined
-------------------------------------------------------


----------- Distribution ------------
   i           P           L 
-------------------------------------
   0    0.010243  0.00042724
   1    0.020029   0.0017606
   2    0.030258   0.0039686
   3    0.040056   0.0065682
   4    0.050198   0.0097744
   5    0.060211    0.013211
   6    0.070261    0.016831
   7    0.080055    0.020504
   8     0.09006    0.024431
   9     0.10006    0.028526
  10     0.11003    0.032725
  11     0.12061     0.03733
  12     0.13044    0.041735
  13     0.14012    0.046183
  14     0.15018    0.050871
  15     0.16008    0.055594
  16     0.17034    0.060608
  17     0.18007    0.065501
  18     0.19001    0.070618
  19     0.20016    0.075952
  20     0.21021    0.081341
  21     0.22007    0.086705
  22     0.23025    0.092349
  23     0.24009    0.097897
  24      0.2501     0.10366
  25     0.26041     0.10967
  26     0.27007      0.1154
  27     0.28001      0.1214
  28     0.29017     0.12765
  29     0.30021     0.13395
  30      0.3102      0.1404
  31     0.32011     0.14693
  32     0.33037     0.15379
  33     0.34001      0.1603
  34     0.35012     0.16724
  35     0.36024      0.1743
  36     0.37025     0.18135
  37     0.38006     0.18836
  38     0.39071     0.19613
  39     0.40001     0.20302
  40     0.41001     0.21052
  41     0.42009     0.21817
  42        0.43     0.22578
  43     0.44043     0.23392
  44     0.45009     0.24156
  45     0.46045     0.24982
  46     0.47007      0.2576
  47     0.48034     0.26602
  48     0.49069     0.27458
  49     0.50006     0.28243
  50     0.51016     0.29099
  51     0.52005     0.29949
  52     0.53025     0.30839
  53     0.54006     0.31704
  54     0.55031     0.32617
  55     0.56031     0.33519
  56     0.57026     0.34428
  57     0.58017     0.35348
  58     0.59103     0.36369
  59     0.60001     0.37221
  60     0.61008      0.3819
  61     0.62023     0.39179
  62     0.63034     0.40177
  63     0.64008     0.41153
  64     0.65024     0.42184
  65     0.66021     0.43207
  66     0.67028     0.44259
  67        0.68     0.45295
  68     0.69036     0.46416
  69     0.70024     0.47503
  70     0.71002     0.48601
  71     0.72011     0.49763
  72     0.73028     0.50962
  73     0.74005     0.52129
  74      0.7504     0.53385
  75     0.76042     0.54622
  76      0.7701     0.55839
  77     0.78021     0.57133
  78     0.79001     0.58416
  79     0.80056      0.5984
  80     0.81025     0.61187
  81     0.82002     0.62564
  82     0.83149     0.64215
  83     0.84028     0.65504
  84     0.85017     0.66985
  85     0.86039     0.68544
  86     0.87006     0.70065
  87     0.88001      0.7168
  88     0.89004     0.73359
  89     0.90004     0.75103
  90     0.91016     0.76925
  91     0.92019     0.78798
  92        0.93     0.80713
  93     0.94013     0.82788
  94     0.95009     0.84926
  95     0.96036     0.87265
  96     0.97067     0.89789
  97     0.98037     0.92353
  98     0.99095     0.95653
  99           1           1
-----------------------------------------

----------------- PPP$ and local currency --------------
         PPP used in computation: 0.951714
     Data mean in local currency: 1234.26
               Data mean in PPP$: 1330.33
        Poverty line in PPP$/Day: 1.9
      Poverty line in PPP$/Month: 57.7917
  Poverty line in local currency: 53.6184
-------------------------------------------------------

----------------- Estimation result --------------
     Number of observation: 4073
          Total population: 0.999996
              Total wealth: 1296.88(PPP$)
                   Minimum: 0(PPP$)
                   Maximum: 19143.2(PPP$)
             Headcount(HC): 0.00542752
          Poverty gap (PG): 0.0032592
       Poverty gap squared: 0.00290801
                      Gini: 0.322971
                    Median: 1123.74
                       MLD: 0.199116
                      Watt: 0.000821966
--------------------------------------------------

-------------------------------- Income or Consumption share by deciles (%) -------------------------------------
       2.85     4.7369     5.7953      6.919      7.936     8.9828     10.257     12.288     15.332     24.903
-----------------------------------------------------------------------------------------------------------------


