

**********************************************************************************************
**                                   Basic Information                                      **
**********************************************************************************************

----------------- Dataset Information -----------------
                         Country: Ireland
                    Country dode: IRL
                       Data Year: 2005
                        Coverage: National
             Welfare measurement: Income
                     Data format: Unit record
                     Data source: IRL_N2005Y
                  Data time span: UnDefined
-------------------------------------------------------


----------- Distribution ------------
   i           P           L 
-------------------------------------
   0    0.010068   0.0016498
   1    0.020168   0.0041574
   2    0.030193   0.0070105
   3    0.040035    0.010004
   4    0.050068    0.013192
   5    0.060272    0.016599
   6    0.070169    0.020078
   7     0.08023    0.023789
   8    0.092036    0.028296
   9     0.10066      0.0317
  10     0.11301    0.036722
  11     0.12035    0.039764
  12     0.13005    0.043859
  13     0.14011    0.048234
  14     0.15002    0.052705
  15     0.16074    0.057675
  16     0.17079    0.062483
  17     0.18042    0.067199
  18     0.19033    0.072134
  19     0.20002    0.077069
  20     0.21039    0.082458
  21     0.22027    0.087748
  22     0.23007    0.093129
  23     0.24005    0.098714
  24     0.25042     0.10461
  25      0.2601     0.11022
  26      0.2705     0.11633
  27     0.28006     0.12203
  28     0.29014     0.12813
  29     0.30018     0.13429
  30     0.31011     0.14048
  31     0.32001     0.14675
  32     0.33002     0.15319
  33     0.34053     0.16005
  34     0.35029     0.16656
  35     0.36001     0.17315
  36     0.37001     0.18002
  37     0.38077     0.18747
  38     0.39058     0.19434
  39     0.40003     0.20101
  40     0.41167     0.20933
  41     0.42007     0.21538
  42     0.43143     0.22366
  43     0.44004        0.23
  44      0.4502     0.23756
  45     0.46002     0.24496
  46     0.47002     0.25261
  47     0.48008     0.26042
  48     0.49012     0.26829
  49     0.50156     0.27742
  50        0.51     0.28421
  51     0.52009     0.29246
  52     0.53039     0.30105
  53     0.54001      0.3092
  54     0.55053     0.31824
  55     0.56002      0.3265
  56     0.57062     0.33586
  57     0.58016      0.3444
  58     0.59009     0.35344
  59     0.60011     0.36269
  60     0.61028     0.37219
  61     0.62001     0.38143
  62     0.63007     0.39115
  63     0.64009       0.401
  64     0.65011       0.411
  65     0.66008     0.42109
  66     0.67004     0.43132
  67      0.6803     0.44204
  68     0.69033     0.45268
  69         0.7     0.46307
  70     0.71002     0.47401
  71        0.72      0.4851
  72     0.73002     0.49643
  73      0.7402     0.50809
  74     0.75035     0.51994
  75     0.76002     0.53149
  76     0.77032     0.54405
  77     0.78001     0.55617
  78     0.79007     0.56895
  79     0.80073     0.58274
  80     0.81025     0.59527
  81     0.82014     0.60864
  82     0.83017     0.62244
  83     0.84001     0.63636
  84     0.85007      0.6511
  85     0.86068     0.66705
  86     0.87181     0.68436
  87     0.88036     0.69795
  88     0.89021     0.71397
  89     0.90044      0.7312
  90     0.91004     0.74801
  91     0.92032     0.76667
  92     0.93045     0.78588
  93     0.94001     0.80458
  94     0.95006      0.8252
  95        0.96     0.84672
  96     0.97019     0.87095
  97     0.98033     0.89801
  98     0.99005     0.93038
  99           1           1
-----------------------------------------

----------------- PPP$ and local currency --------------
         PPP used in computation: 0.951714
     Data mean in local currency: 1242.45
               Data mean in PPP$: 1437.21
        Poverty line in PPP$/Day: 1.9
      Poverty line in PPP$/Month: 57.7917
  Poverty line in local currency: 49.9598
-------------------------------------------------------

----------------- Estimation result --------------
     Number of observation: 5740
          Total population: 1
              Total wealth: 1305.48(PPP$)
                   Minimum: -182.124(PPP$)
                   Maximum: 45601.9(PPP$)
             Headcount(HC): 0.0002739
          Poverty gap (PG): 0.000401875
       Poverty gap squared: 0.00125843
                      Gini: 0.337589
                    Median: 1151.72
                       MLD: 0.194507
                      Watt: 0.000122115
--------------------------------------------------

-------------------------------- Income or Consumption share by deciles (%) -------------------------------------
     3.1441     4.5618     5.7118     6.6816     7.5177     8.6423     10.047     11.872     14.867     26.954
-----------------------------------------------------------------------------------------------------------------


