

**********************************************************************************************
**                                   Basic Information                                      **
**********************************************************************************************

----------------- Dataset Information -----------------
                         Country: Ireland
                    Country dode: IRL
                       Data Year: 2007
                        Coverage: National
             Welfare measurement: Income
                     Data format: Unit record
                     Data source: IRL_N2007Y
                  Data time span: UnDefined
-------------------------------------------------------


----------- Distribution ------------
   i           P           L 
-------------------------------------
   0    0.010213   0.0013551
   1    0.020404   0.0040627
   2    0.030003   0.0069304
   3    0.040123     0.01016
   4    0.051063    0.013858
   5    0.060371    0.017143
   6    0.070148    0.020797
   7    0.080707    0.024987
   8    0.091034     0.02923
   9     0.10077    0.033365
  10     0.11034    0.037572
  11     0.12064    0.042217
  12     0.13003    0.046575
  13     0.14016    0.051415
  14     0.15001    0.056181
  15     0.16038    0.061276
  16     0.17071    0.066459
  17      0.1801     0.07124
  18     0.19116     0.07699
  19     0.20013    0.081754
  20      0.2103    0.087295
  21     0.22013    0.092765
  22     0.23045    0.098625
  23     0.24056     0.10446
  24     0.25013     0.11007
  25     0.26064     0.11631
  26        0.27     0.12195
  27     0.28006     0.12811
  28     0.29045     0.13458
  29     0.30003     0.14065
  30     0.31037     0.14735
  31     0.32013     0.15377
  32     0.33008      0.1604
  33      0.3402     0.16722
  34     0.35015     0.17403
  35     0.36043     0.18115
  36     0.37003     0.18788
  37     0.38048     0.19529
  38     0.39019     0.20223
  39     0.40023     0.20948
  40     0.41002     0.21666
  41     0.42154     0.22522
  42     0.43207     0.23313
  43     0.44022     0.23933
  44     0.45002     0.24687
  45     0.46008     0.25468
  46     0.47041     0.26279
  47     0.48002     0.27045
  48     0.49013     0.27861
  49         0.5     0.28666
  50     0.51009     0.29495
  51     0.52005     0.30323
  52        0.53     0.31158
  53     0.54005     0.32012
  54     0.55016     0.32883
  55      0.5607     0.33803
  56      0.5703     0.34656
  57     0.58026     0.35558
  58     0.59069     0.36523
  59     0.60004     0.37399
  60     0.61013     0.38353
  61     0.62002     0.39303
  62     0.63026     0.40306
  63     0.64094     0.41368
  64     0.65016     0.42292
  65     0.66011     0.43302
  66     0.67032     0.44351
  67     0.68005     0.45371
  68     0.69061     0.46504
  69     0.70053     0.47582
  70     0.71044     0.48677
  71     0.72074     0.49838
  72     0.73032     0.50943
  73     0.74066     0.52166
  74     0.75004      0.5329
  75     0.76002      0.5451
  76     0.77016      0.5578
  77      0.7811     0.57181
  78     0.79012     0.58351
  79     0.80012     0.59667
  80     0.81002     0.60991
  81     0.82029     0.62394
  82     0.83005     0.63752
  83        0.84      0.6517
  84     0.85049     0.66691
  85     0.86003     0.68106
  86     0.87036     0.69684
  87     0.88003     0.71199
  88     0.89041     0.72887
  89     0.90007     0.74508
  90     0.91012     0.76252
  91      0.9201     0.78031
  92     0.93003     0.79855
  93     0.94022     0.81812
  94     0.95006     0.83801
  95     0.96012     0.85967
  96     0.97033     0.88358
  97     0.98021     0.90984
  98     0.99006     0.94138
  99           1           1
-----------------------------------------

----------------- PPP$ and local currency --------------
         PPP used in computation: 0.951714
     Data mean in local currency: 1434.04
               Data mean in PPP$: 1521.72
        Poverty line in PPP$/Day: 1.9
      Poverty line in PPP$/Month: 57.7917
  Poverty line in local currency: 54.4617
-------------------------------------------------------

----------------- Estimation result --------------
     Number of observation: 5219
          Total population: 1
              Total wealth: 1506.79(PPP$)
                   Minimum: -762.382(PPP$)
                   Maximum: 30917.1(PPP$)
             Headcount(HC): 0.0009431
          Poverty gap (PG): 0.000889969
       Poverty gap squared: 0.0047179
                      Gini: 0.319563
                    Median: 1245.19
                       MLD: 0.175425
                      Watt: 0.000358471
--------------------------------------------------

-------------------------------- Income or Consumption share by deciles (%) -------------------------------------
     3.3036     4.8651     5.8951     6.8672     7.7345     8.7298     10.129     12.127     14.845     25.504
-----------------------------------------------------------------------------------------------------------------


