

**********************************************************************************************
**                                   Basic Information                                      **
**********************************************************************************************

----------------- Dataset Information -----------------
                         Country: Iran, Islamic Republic of
                    Country dode: IRN
                       Data Year: 2005
                        Coverage: National
             Welfare measurement: Consumption
                     Data format: Unit record
                     Data source: IRN_N2005X
                  Data time span: UnDefined
-------------------------------------------------------


----------- Distribution ------------
   i           P           L 
-------------------------------------
   0    0.010016   0.0013297
   1    0.020086   0.0031844
   2    0.030013   0.0052935
   3    0.040003   0.0076483
   4    0.050072    0.010221
   5    0.060009    0.012937
   6    0.070007    0.015826
   7    0.080023    0.018874
   8    0.090004    0.022048
   9     0.10009    0.025381
  10     0.11003    0.028776
  11     0.12003     0.03231
  12     0.13002    0.035953
  13     0.14005    0.039716
  14     0.15006    0.043587
  15     0.16001    0.047554
  16        0.17    0.051647
  17     0.18002    0.055854
  18     0.19002    0.060157
  19     0.20002    0.064572
  20     0.21004    0.069086
  21     0.22004    0.073696
  22     0.23005    0.078415
  23     0.24004    0.083237
  24     0.25002    0.088143
  25     0.26001    0.093144
  26        0.27     0.09824
  27     0.28002     0.10345
  28        0.29     0.10873
  29     0.30002     0.11413
  30     0.31003     0.11962
  31     0.32001      0.1252
  32        0.33      0.1309
  33     0.34001     0.13669
  34     0.35001     0.14258
  35     0.36001     0.14858
  36     0.37007     0.15473
  37     0.38002     0.16091
  38     0.39001     0.16723
  39         0.4     0.17366
  40     0.41001     0.18021
  41     0.42004      0.1869
  42     0.43002     0.19366
  43     0.44004     0.20058
  44     0.45002     0.20759
  45     0.46001     0.21472
  46     0.47004       0.222
  47     0.48005     0.22939
  48     0.49005      0.2369
  49     0.50001     0.24451
  50     0.51004     0.25229
  51     0.52003     0.26017
  52     0.53004     0.26819
  53     0.54002     0.27631
  54     0.55004     0.28462
  55        0.56     0.29301
  56     0.57002      0.3016
  57     0.58001      0.3103
  58     0.59001     0.31916
  59     0.60003     0.32819
  60     0.61002     0.33735
  61     0.62006     0.34671
  62     0.63001     0.35616
  63     0.64006     0.36587
  64     0.65003     0.37568
  65     0.66003     0.38571
  66     0.67002     0.39594
  67        0.68     0.40635
  68        0.69     0.41699
  69     0.70001     0.42786
  70     0.71003     0.43896
  71     0.72002     0.45023
  72     0.73001      0.4617
  73     0.74003     0.47343
  74     0.75005     0.48542
  75     0.76001      0.4976
  76     0.77001     0.51006
  77     0.78002     0.52279
  78     0.79001     0.53576
  79     0.80003     0.54909
  80        0.81     0.56268
  81        0.82     0.57667
  82     0.83001     0.59103
  83     0.84001     0.60579
  84     0.85001       0.621
  85     0.86001     0.63664
  86        0.87     0.65274
  87     0.88004     0.66946
  88     0.89005     0.68672
  89     0.90002     0.70455
  90     0.91002     0.72314
  91     0.92001     0.74252
  92     0.93002     0.76291
  93     0.94001     0.78439
  94     0.95003     0.80738
  95     0.96007     0.83236
  96     0.97002     0.85969
  97     0.98002     0.89077
  98     0.99001     0.92832
  99           1           1
-----------------------------------------

----------------- PPP$ and local currency --------------
         PPP used in computation: 2714.82
     Data mean in local currency: 988556
               Data mean in PPP$: 496.486
        Poverty line in PPP$/Day: 1.9
      Poverty line in PPP$/Month: 57.7917
  Poverty line in local currency: 62461.5
-------------------------------------------------------

----------------- Estimation result --------------
     Number of observation: 23962
          Total population: 112817
              Total wealth: 2.22991E+07(PPP$)
                   Minimum: 5.70917(PPP$)
                   Maximum: 13272.9(PPP$)
             Headcount(HC): 0.00212734
          Poverty gap (PG): 0.000388502
       Poverty gap squared: 0.000111833
                      Gini: 0.383459
                    Median: 207.565
                       MLD: 0.249162
                      Watt: 0.000467285
--------------------------------------------------

-------------------------------- Income or Consumption share by deciles (%) -------------------------------------
     2.5351     3.9211     4.9555     5.9541      7.084     8.3665     9.9684     12.121     15.545     29.549
-----------------------------------------------------------------------------------------------------------------


