

**********************************************************************************************
**                                   Basic Information                                      **
**********************************************************************************************

----------------- Dataset Information -----------------
                         Country: Iceland
                    Country dode: ISL
                       Data Year: 2009
                        Coverage: National
             Welfare measurement: Income
                     Data format: Unit record
                     Data source: ISL_N2009Y
                  Data time span: UnDefined
-------------------------------------------------------


----------- Distribution ------------
   i           P           L 
-------------------------------------
   0    0.010114   0.0011591
   1    0.020109   0.0038294
   2    0.030234   0.0070228
   3    0.040693      0.0107
   4    0.050363     0.01435
   5    0.060046    0.018207
   6    0.070025    0.022388
   7    0.080085    0.026852
   8    0.090791    0.031797
   9     0.10033     0.03634
  10     0.11043     0.04128
  11     0.12018    0.046192
  12     0.13035    0.051402
  13        0.14    0.056477
  14     0.15023    0.061979
  15     0.16009    0.067373
  16     0.17015    0.072961
  17      0.1803    0.078695
  18     0.19015    0.084351
  19     0.20046    0.090367
  20     0.21027    0.096192
  21     0.22014     0.10217
  22     0.23021     0.10838
  23     0.24023     0.11467
  24     0.25011     0.12097
  25     0.26011     0.12743
  26     0.27007     0.13395
  27     0.28039      0.1408
  28     0.29024     0.14743
  29     0.30016     0.15423
  30     0.31016     0.16119
  31     0.32032     0.16833
  32      0.3301     0.17526
  33     0.34014     0.18251
  34     0.35015     0.18985
  35     0.36019     0.19731
  36     0.37025     0.20487
  37      0.3802     0.21243
  38     0.39004     0.21998
  39      0.4003     0.22795
  40     0.41013     0.23567
  41        0.42      0.2435
  42     0.43024      0.2517
  43     0.44013     0.25968
  44     0.45032     0.26802
  45     0.46015     0.27612
  46     0.47024     0.28451
  47     0.48005     0.29277
  48     0.49015     0.30136
  49     0.50007     0.30989
  50     0.51005     0.31856
  51     0.52006     0.32736
  52     0.53022     0.33639
  53     0.54008     0.34521
  54     0.55001     0.35415
  55     0.56039      0.3636
  56     0.57014     0.37258
  57     0.58003     0.38179
  58     0.59014     0.39131
  59     0.60001     0.40071
  60     0.61023     0.41054
  61     0.62044     0.42049
  62     0.63009     0.42998
  63     0.64022     0.44004
  64     0.65005     0.44993
  65     0.66019     0.46026
  66     0.67011     0.47046
  67     0.68005     0.48085
  68     0.69019     0.49159
  69         0.7     0.50211
  70     0.71024     0.51322
  71     0.72011     0.52409
  72     0.73003     0.53523
  73     0.74049     0.54715
  74     0.75008     0.55822
  75     0.76008     0.56991
  76     0.77008     0.58182
  77     0.78013     0.59401
  78     0.79016     0.60639
  79     0.80005     0.61882
  80     0.81015     0.63178
  81     0.82018     0.64489
  82     0.83026     0.65829
  83     0.84021     0.67182
  84     0.85003     0.68545
  85     0.86005     0.69961
  86     0.87017     0.71422
  87      0.8801     0.72894
  88     0.89012     0.74424
  89     0.90001     0.75978
  90     0.91032     0.77647
  91     0.92012     0.79294
  92     0.93003     0.81032
  93     0.94019     0.82899
  94     0.95025     0.84851
  95     0.96011     0.86887
  96      0.9702     0.89147
  97     0.98009     0.91697
  98     0.99023     0.94852
  99           1           1
-----------------------------------------

----------------- PPP$ and local currency --------------
         PPP used in computation: 138.895
     Data mean in local currency: 197950
               Data mean in PPP$: 1561.98
        Poverty line in PPP$/Day: 1.9
      Poverty line in PPP$/Month: 57.7917
  Poverty line in local currency: 7323.93
-------------------------------------------------------

----------------- Estimation result --------------
     Number of observation: 3011
          Total population: 1
              Total wealth: 1425.18(PPP$)
                   Minimum: -601.847(PPP$)
                   Maximum: 14543.9(PPP$)
             Headcount(HC): 0.001932
          Poverty gap (PG): 0.00542525
       Poverty gap squared: 0.0477302
                      Gini: 0.287435
                    Median: 1350.3
                       MLD: 0.153737
                      Watt: 0.00165365
--------------------------------------------------

-------------------------------- Income or Consumption share by deciles (%) -------------------------------------
     3.6181     5.3916     6.4022     7.3598     8.2119     9.0863     10.141     11.664     14.101     24.024
-----------------------------------------------------------------------------------------------------------------


