

**********************************************************************************************
**                                   Basic Information                                      **
**********************************************************************************************

----------------- Dataset Information -----------------
                         Country: Iceland
                    Country dode: ISL
                       Data Year: 2006
                        Coverage: National
             Welfare measurement: Income
                     Data format: Unit record
                     Data source: ISL_N2006Y
                  Data time span: UnDefined
-------------------------------------------------------


----------- Distribution ------------
   i           P           L 
-------------------------------------
   0    0.010138   0.0013609
   1     0.02051   0.0041602
   2    0.030079   0.0071399
   3    0.040243    0.010612
   4    0.050247    0.014252
   5    0.060215    0.018093
   6    0.070231    0.022229
   7    0.080221    0.026549
   8    0.090387    0.031152
   9     0.10044    0.035819
  10     0.11005    0.040422
  11      0.1202    0.045453
  12     0.13036    0.050656
  13     0.14002    0.055699
  14      0.1504     0.06119
  15     0.16019    0.066467
  16     0.17043    0.072108
  17     0.18015    0.077559
  18     0.19006    0.083196
  19     0.20008    0.088989
  20     0.21028    0.094975
  21     0.22007     0.10081
  22     0.23025     0.10699
  23     0.24017     0.11312
  24     0.25034     0.11949
  25     0.26039     0.12585
  26     0.27003     0.13203
  27     0.28027     0.13865
  28      0.2901     0.14508
  29     0.30015     0.15174
  30     0.31045     0.15865
  31     0.32016     0.16522
  32      0.3302      0.1721
  33      0.3402     0.17906
  34      0.3502     0.18608
  35     0.36014     0.19316
  36     0.37011     0.20034
  37     0.38011     0.20766
  38     0.39004       0.215
  39     0.40016     0.22258
  40     0.41021     0.23016
  41     0.42003     0.23764
  42     0.43004     0.24535
  43     0.44008     0.25316
  44     0.45008     0.26102
  45     0.46031     0.26916
  46     0.47021     0.27712
  47     0.48018     0.28519
  48     0.49018     0.29337
  49     0.50005     0.30151
  50     0.51028     0.31005
  51     0.52003     0.31829
  52        0.53     0.32681
  53     0.54016     0.33563
  54     0.55007     0.34434
  55     0.56005     0.35319
  56     0.57007      0.3622
  57     0.58032     0.37153
  58     0.59015     0.38059
  59     0.60024     0.38997
  60     0.61005      0.3992
  61     0.62013     0.40881
  62      0.6302     0.41856
  63     0.64015     0.42833
  64     0.65038     0.43849
  65     0.66023     0.44839
  66     0.67003     0.45838
  67     0.68002     0.46869
  68     0.69022     0.47934
  69     0.70005     0.48973
  70     0.71002     0.50043
  71     0.72017      0.5115
  72     0.73012     0.52254
  73     0.74002     0.53368
  74     0.75024     0.54537
  75     0.76008     0.55678
  76     0.77002     0.56849
  77     0.78003     0.58046
  78     0.79018     0.59283
  79     0.80013     0.60527
  80     0.81001     0.61787
  81     0.82002     0.63088
  82     0.83022     0.64438
  83     0.84018     0.65786
  84     0.85003     0.67147
  85     0.86003     0.68567
  86      0.8702     0.70049
  87     0.88034     0.71562
  88      0.8901     0.73057
  89     0.90006     0.74624
  90     0.91017     0.76269
  91      0.9203     0.77963
  92     0.93023      0.7969
  93     0.94012     0.81493
  94     0.95017     0.83418
  95     0.96029     0.85516
  96     0.97002     0.87692
  97     0.98025      0.9035
  98     0.99025     0.93573
  99           1           1
-----------------------------------------

----------------- PPP$ and local currency --------------
         PPP used in computation: 138.895
     Data mean in local currency: 161766
               Data mean in PPP$: 1692.55
        Poverty line in PPP$/Day: 1.9
      Poverty line in PPP$/Month: 57.7917
  Poverty line in local currency: 5523.46
-------------------------------------------------------

----------------- Estimation result --------------
     Number of observation: 2863
          Total population: 1
              Total wealth: 1164.67(PPP$)
                   Minimum: 2.02815(PPP$)
                   Maximum: 18782.4(PPP$)
             Headcount(HC): 0.001468
          Poverty gap (PG): 0.00069783
       Poverty gap squared: 0.000521406
                      Gini: 0.302451
                    Median: 1405.2
                       MLD: 0.161925
                      Watt: 0.0016772
--------------------------------------------------

-------------------------------- Income or Consumption share by deciles (%) -------------------------------------
     3.5615     5.3329     6.2696     7.0819     7.9012     8.8277     9.9933     11.543     14.104     25.385
-----------------------------------------------------------------------------------------------------------------


