

**********************************************************************************************
**                                   Basic Information                                      **
**********************************************************************************************

----------------- Dataset Information -----------------
                         Country: Iceland
                    Country dode: ISL
                       Data Year: 2008
                        Coverage: National
             Welfare measurement: Income
                     Data format: Unit record
                     Data source: ISL_N2008Y
                  Data time span: UnDefined
-------------------------------------------------------


----------- Distribution ------------
   i           P           L 
-------------------------------------
   0    0.010375   0.0013416
   1    0.020018   0.0039121
   2    0.030474   0.0072203
   3    0.040107    0.010574
   4    0.050193    0.014331
   5    0.060216    0.018247
   6    0.070307    0.022336
   7    0.080349    0.026555
   8    0.090304    0.030846
   9     0.10049    0.035347
  10     0.11045    0.039918
  11     0.12022    0.044523
  12     0.13025    0.049372
  13     0.14031    0.054364
  14     0.15069    0.059593
  15     0.16001    0.064354
  16     0.17006    0.069565
  17     0.18052    0.075091
  18     0.19009    0.080253
  19     0.20036    0.085903
  20     0.21018    0.091405
  21     0.22012    0.097084
  22     0.23003     0.10282
  23     0.24025     0.10884
  24     0.25011     0.11475
  25     0.26039     0.12103
  26     0.27011     0.12706
  27     0.28023     0.13342
  28     0.29016     0.13975
  29     0.30016     0.14621
  30     0.31003     0.15268
  31     0.32031      0.1595
  32     0.33012     0.16608
  33      0.3403     0.17297
  34     0.35019     0.17977
  35      0.3601     0.18667
  36     0.37012     0.19372
  37     0.38017     0.20086
  38     0.39017     0.20805
  39     0.40013     0.21528
  40      0.4101      0.2226
  41     0.42007        0.23
  42     0.43002     0.23746
  43     0.44013     0.24514
  44     0.45067     0.25328
  45     0.46041     0.26086
  46     0.47007     0.26848
  47     0.48051     0.27679
  48     0.49002     0.28446
  49     0.50013     0.29272
  50     0.51006     0.30091
  51     0.52031     0.30945
  52     0.53008     0.31766
  53     0.54031     0.32637
  54      0.5504     0.33508
  55     0.56023     0.34367
  56     0.57016     0.35243
  57     0.58027     0.36147
  58     0.59011     0.37036
  59     0.60039     0.37972
  60     0.61022     0.38879
  61     0.62013     0.39804
  62     0.63038     0.40774
  63     0.64034     0.41731
  64      0.6501     0.42681
  65     0.66006     0.43666
  66     0.67001     0.44661
  67        0.68     0.45672
  68     0.69024     0.46726
  69     0.70015     0.47763
  70     0.71045     0.48857
  71     0.72016     0.49902
  72     0.73019     0.50998
  73     0.74017     0.52103
  74     0.75022     0.53232
  75     0.76022      0.5438
  76     0.77012     0.55534
  77     0.78017     0.56723
  78     0.79001     0.57906
  79     0.80031     0.59165
  80     0.81034     0.60412
  81     0.82016     0.61656
  82     0.83002     0.62928
  83      0.8401     0.64257
  84     0.85002     0.65593
  85     0.86022     0.66996
  86     0.87019     0.68401
  87      0.8801     0.69836
  88     0.89007     0.71345
  89     0.90023     0.72935
  90     0.91014     0.74567
  91     0.92001     0.76259
  92     0.93018     0.78079
  93      0.9401     0.79973
  94     0.95019     0.82042
  95     0.96013     0.84233
  96     0.97005       0.867
  97     0.98009     0.89527
  98     0.99018     0.93238
  99           1           1
-----------------------------------------

----------------- PPP$ and local currency --------------
         PPP used in computation: 138.895
     Data mean in local currency: 210490
               Data mean in PPP$: 1860.34
        Poverty line in PPP$/Day: 1.9
      Poverty line in PPP$/Month: 57.7917
  Poverty line in local currency: 6538.88
-------------------------------------------------------

----------------- Estimation result --------------
     Number of observation: 2890
          Total population: 0.999999
              Total wealth: 1515.46(PPP$)
                   Minimum: -547.177(PPP$)
                   Maximum: 28437(PPP$)
             Headcount(HC): 0.0018615
          Poverty gap (PG): 0.00558727
       Poverty gap squared: 0.0450888
                      Gini: 0.318908
                    Median: 1526.63
                       MLD: 0.186842
                      Watt: 0.000914215
--------------------------------------------------

-------------------------------- Income or Consumption share by deciles (%) -------------------------------------
     3.5133     5.0572     6.0406     6.9075     7.7423     8.6765     9.8101      11.38     13.772     27.101
-----------------------------------------------------------------------------------------------------------------


