

**********************************************************************************************
**                                   Basic Information                                      **
**********************************************************************************************

----------------- Dataset Information -----------------
                         Country: Iceland
                    Country dode: ISL
                       Data Year: 2005
                        Coverage: National
             Welfare measurement: Income
                     Data format: Unit record
                     Data source: ISL_N2005Y
                  Data time span: UnDefined
-------------------------------------------------------


----------- Distribution ------------
   i           P           L 
-------------------------------------
   0    0.010287 -0.00042386
   1    0.020281    0.002102
   2    0.030661   0.0054075
   3    0.040033   0.0087222
   4    0.050021    0.012541
   5    0.060701    0.016887
   6    0.070496    0.021043
   7    0.080147    0.025327
   8     0.09031    0.030016
   9     0.10028    0.034734
  10     0.11005    0.039549
  11     0.12004    0.044609
  12     0.13063    0.050133
  13     0.14006    0.055135
  14     0.15067     0.06087
  15     0.16034    0.066184
  16     0.17033    0.071786
  17     0.18009    0.077384
  18      0.1909    0.083667
  19     0.20026    0.089178
  20     0.21002    0.095016
  21     0.22038     0.10132
  22     0.23065     0.10768
  23     0.24044     0.11382
  24     0.25017        0.12
  25      0.2608     0.12686
  26     0.27046     0.13316
  27     0.28026     0.13965
  28     0.29045     0.14649
  29     0.30041     0.15328
  30     0.31021     0.16004
  31     0.32033      0.1671
  32     0.33028      0.1741
  33     0.34023     0.18117
  34     0.35003     0.18821
  35      0.3602      0.1956
  36     0.37012     0.20289
  37     0.38007     0.21029
  38      0.3901     0.21786
  39     0.40006     0.22546
  40        0.41     0.23314
  41     0.42022     0.24112
  42     0.43045      0.2492
  43     0.44052     0.25721
  44      0.4503     0.26507
  45     0.46014     0.27307
  46     0.47036     0.28148
  47     0.48029     0.28973
  48     0.49007     0.29795
  49     0.50055     0.30685
  50     0.51039      0.3153
  51     0.52018     0.32377
  52     0.53021     0.33255
  53     0.54007     0.34129
  54     0.55009     0.35029
  55     0.56044     0.35968
  56     0.57017     0.36861
  57     0.58023     0.37796
  58     0.59002     0.38717
  59     0.60009     0.39672
  60     0.61004     0.40623
  61      0.6201     0.41594
  62     0.63053     0.42612
  63     0.64006      0.4355
  64     0.65013     0.44554
  65     0.66004     0.45553
  66      0.6701     0.46577
  67     0.68012     0.47609
  68      0.6901     0.48654
  69     0.70008     0.49716
  70     0.71027     0.50819
  71     0.72005     0.51893
  72     0.73031      0.5304
  73     0.74002      0.5414
  74     0.75039     0.55331
  75     0.76018     0.56475
  76     0.77034     0.57687
  77     0.78002     0.58866
  78     0.79019     0.60127
  79      0.8001     0.61378
  80     0.81007     0.62662
  81     0.82005     0.63979
  82     0.83031     0.65359
  83     0.84023     0.66716
  84     0.85016     0.68102
  85     0.86015     0.69523
  86     0.87022     0.70987
  87     0.88017      0.7248
  88     0.89006        0.74
  89     0.90017     0.75591
  90     0.91001     0.77199
  91     0.92059      0.7899
  92     0.93005     0.80644
  93     0.94011     0.82471
  94     0.95014     0.84371
  95     0.96016     0.86388
  96     0.97017     0.88584
  97      0.9801     0.91006
  98     0.99015      0.9401
  99           1           1
-----------------------------------------

----------------- PPP$ and local currency --------------
         PPP used in computation: 138.895
     Data mean in local currency: 131764
               Data mean in PPP$: 1470.67
        Poverty line in PPP$/Day: 1.9
      Poverty line in PPP$/Month: 57.7917
  Poverty line in local currency: 5177.8
-------------------------------------------------------

----------------- Estimation result --------------
     Number of observation: 2824
          Total population: 0.999996
              Total wealth: 948.655(PPP$)
                   Minimum: -2532.39(PPP$)
                   Maximum: 18636.8(PPP$)
             Headcount(HC): 0.00281521
          Poverty gap (PG): 0.0426884
       Poverty gap squared: 2.1287
                      Gini: 0.293797
                    Median: 1257.35
                       MLD: 0.170104
                      Watt: 0.000121015
--------------------------------------------------

-------------------------------- Income or Consumption share by deciles (%) -------------------------------------
     3.4601     5.4424     6.3973     7.2417     8.0971     9.0247     10.045     11.658     14.198     24.436
-----------------------------------------------------------------------------------------------------------------


