

**********************************************************************************************
**                                   Basic Information                                      **
**********************************************************************************************

----------------- Dataset Information -----------------
                         Country: Iceland
                    Country dode: ISL
                       Data Year: 2010
                        Coverage: National
             Welfare measurement: Income
                     Data format: Unit record
                     Data source: ISL_N2010Y
                  Data time span: UnDefined
-------------------------------------------------------


----------- Distribution ------------
   i           P           L 
-------------------------------------
   0    0.010084   0.0002542
   1    0.020306   0.0029808
   2    0.030188   0.0062802
   3    0.040369    0.010027
   4    0.050147    0.013945
   5    0.060225    0.018229
   6    0.070195    0.022647
   7    0.080101     0.02721
   8    0.090115    0.032041
   9     0.10102    0.037477
  10     0.11049    0.042317
  11     0.12019    0.047427
  12     0.13058    0.053034
  13     0.14015    0.058292
  14     0.15006    0.063881
  15     0.16011    0.069639
  16     0.17043    0.075674
  17     0.18042     0.08163
  18     0.19048    0.087752
  19     0.20016     0.09375
  20     0.21003     0.09997
  21     0.22028     0.10654
  22      0.2301     0.11292
  23     0.24021     0.11958
  24     0.25016     0.12624
  25     0.26051     0.13326
  26     0.27007     0.13983
  27     0.28013     0.14683
  28     0.29045     0.15412
  29     0.30046      0.1613
  30     0.31033     0.16847
  31     0.32065     0.17607
  32     0.33014     0.18314
  33     0.34047     0.19093
  34      0.3501     0.19829
  35     0.36019     0.20609
  36     0.37005     0.21383
  37     0.38046     0.22208
  38     0.39019     0.22987
  39     0.40002     0.23784
  40     0.41001     0.24602
  41     0.42022     0.25447
  42      0.4303     0.26292
  43      0.4402     0.27128
  44     0.45015     0.27977
  45     0.46026     0.28846
  46     0.47006     0.29696
  47     0.48001     0.30569
  48     0.49003     0.31457
  49     0.50007     0.32353
  50     0.51016     0.33264
  51     0.52007     0.34165
  52     0.53015      0.3509
  53     0.54003     0.36007
  54      0.5501     0.36948
  55     0.56004     0.37887
  56     0.57009     0.38848
  57     0.58003     0.39807
  58     0.59002     0.40781
  59     0.60022     0.41786
  60     0.61013      0.4277
  61     0.62017     0.43777
  62      0.6302     0.44794
  63      0.6403     0.45826
  64     0.65038     0.46866
  65     0.66003     0.47873
  66     0.67024     0.48949
  67     0.68016     0.50007
  68     0.69015     0.51085
  69     0.70017      0.5218
  70     0.71031     0.53305
  71      0.7201     0.54401
  72     0.73004     0.55526
  73     0.74024     0.56696
  74     0.75007      0.5784
  75     0.76002     0.59018
  76     0.77009     0.60225
  77      0.7802     0.61451
  78      0.7901     0.62674
  79     0.80015     0.63938
  80     0.81021     0.65221
  81     0.82015     0.66509
  82     0.83031      0.6785
  83     0.84003     0.69158
  84     0.85026      0.7057
  85     0.86019     0.71975
  86     0.87019     0.73422
  87     0.88008     0.74882
  88      0.8901     0.76396
  89     0.90022     0.77963
  90     0.91002     0.79535
  91     0.92002     0.81181
  92      0.9301     0.82904
  93     0.94026     0.84701
  94     0.95017     0.86521
  95     0.96008      0.8844
  96     0.97015     0.90518
  97      0.9802     0.92761
  98     0.99028     0.95399
  99           1           1
-----------------------------------------

----------------- PPP$ and local currency --------------
         PPP used in computation: 138.895
     Data mean in local currency: 184856
               Data mean in PPP$: 1384.01
        Poverty line in PPP$/Day: 1.9
      Poverty line in PPP$/Month: 57.7917
  Poverty line in local currency: 7718.95
-------------------------------------------------------

----------------- Estimation result --------------
     Number of observation: 3007
          Total population: 1
              Total wealth: 1330.9(PPP$)
                   Minimum: -1063.89(PPP$)
                   Maximum: 20704(PPP$)
             Headcount(HC): 0.0038892
          Poverty gap (PG): 0.0182335
       Poverty gap squared: 0.273149
                      Gini: 0.264271
                    Median: 1243.98
                       MLD: 0.15061
                      Watt: 0.00366671
--------------------------------------------------

-------------------------------- Income or Consumption share by deciles (%) -------------------------------------
     3.6969     5.6684     6.7313     7.6853     8.5653     9.4166     10.398     11.757     14.011      22.07
-----------------------------------------------------------------------------------------------------------------


