

**********************************************************************************************
**                                   Basic Information                                      **
**********************************************************************************************

----------------- Dataset Information -----------------
                         Country: Iceland
                    Country dode: ISL
                       Data Year: 2004
                        Coverage: National
             Welfare measurement: Income
                     Data format: Unit record
                     Data source: ISL_N2004Y
                  Data time span: UnDefined
-------------------------------------------------------


----------- Distribution ------------
   i           P           L 
-------------------------------------
   0    0.010199  0.00096242
   1    0.020398     0.00366
   2    0.030339    0.006711
   3    0.040004     0.01015
   4    0.050373    0.014228
   5    0.060577    0.018497
   6    0.070078     0.02272
   7    0.080377    0.027516
   8    0.090195    0.032286
   9     0.10024    0.037343
  10     0.11061    0.042702
  11     0.12017    0.047727
  12     0.13041    0.053211
  13     0.14036    0.058625
  14     0.15001     0.06399
  15     0.16044    0.069901
  16      0.1701    0.075488
  17     0.18021    0.081462
  18     0.19053    0.087646
  19     0.20061    0.093776
  20     0.21002    0.099581
  21     0.22069     0.10625
  22     0.23009      0.1122
  23     0.24026     0.11875
  24     0.25012     0.12523
  25     0.26029     0.13199
  26      0.2701      0.1386
  27     0.28007     0.14539
  28     0.29023      0.1524
  29     0.30027     0.15942
  30     0.31007     0.16632
  31     0.32011     0.17346
  32     0.33046     0.18091
  33     0.34026     0.18804
  34     0.35022     0.19534
  35     0.36003      0.2026
  36     0.37021     0.21024
  37     0.38045       0.218
  38     0.39006     0.22536
  39     0.40065     0.23358
  40     0.41016     0.24103
  41     0.42016     0.24892
  42     0.43037     0.25707
  43     0.44025     0.26501
  44     0.45023     0.27311
  45     0.46063     0.28163
  46     0.47001     0.28938
  47     0.48019     0.29786
  48     0.49025     0.30633
  49      0.5002     0.31479
  50     0.51001     0.32321
  51     0.52017       0.332
  52     0.53006     0.34065
  53     0.54003     0.34947
  54     0.55027     0.35865
  55     0.56018     0.36763
  56     0.57041     0.37699
  57     0.58003      0.3859
  58     0.59036      0.3956
  59     0.60027       0.405
  60     0.61009     0.41446
  61     0.62008      0.4242
  62     0.63003     0.43401
  63      0.6401     0.44404
  64     0.65011     0.45413
  65     0.66022     0.46447
  66     0.67046     0.47507
  67     0.68019     0.48525
  68     0.69002     0.49567
  69      0.7002     0.50657
  70     0.71011     0.51732
  71     0.72006     0.52827
  72     0.73015     0.53955
  73     0.74026     0.55104
  74     0.75018     0.56247
  75      0.7602     0.57419
  76      0.7704     0.58629
  77     0.78021     0.59811
  78     0.79011     0.61023
  79     0.80001     0.62254
  80     0.81027     0.63559
  81     0.82041     0.64869
  82     0.83017     0.66155
  83     0.84006     0.67485
  84     0.85017     0.68871
  85     0.86011     0.70272
  86     0.87003     0.71698
  87     0.88011     0.73182
  88     0.89007     0.74692
  89     0.90003     0.76238
  90     0.91005     0.77832
  91     0.92019     0.79496
  92     0.93019     0.81194
  93     0.94002     0.82944
  94     0.95026     0.84852
  95     0.96008     0.86789
  96     0.97021     0.88932
  97     0.98012     0.91283
  98      0.9902     0.94187
  99           1           1
-----------------------------------------

----------------- PPP$ and local currency --------------
         PPP used in computation: 138.895
     Data mean in local currency: 121769
               Data mean in PPP$: 1413.48
        Poverty line in PPP$/Day: 1.9
      Poverty line in PPP$/Month: 57.7917
  Poverty line in local currency: 4978.65
-------------------------------------------------------

----------------- Estimation result --------------
     Number of observation: 2904
          Total population: 0.999996
              Total wealth: 876.695(PPP$)
                   Minimum: -270.592(PPP$)
                   Maximum: 16448.3(PPP$)
             Headcount(HC): 0.00297411
          Poverty gap (PG): 0.00873436
       Poverty gap squared: 0.0556005
                      Gini: 0.281078
                    Median: 1207.7
                       MLD: 0.154356
                      Watt: 0.00269752
--------------------------------------------------

-------------------------------- Income or Consumption share by deciles (%) -------------------------------------
     3.7223     5.6181     6.5821     7.3847     8.1549     9.0122     10.162     11.618      13.98     23.766
-----------------------------------------------------------------------------------------------------------------


