

**********************************************************************************************
**                                   Basic Information                                      **
**********************************************************************************************

----------------- Dataset Information -----------------
                         Country: Iceland
                    Country dode: ISL
                       Data Year: 2007
                        Coverage: National
             Welfare measurement: Income
                     Data format: Unit record
                     Data source: ISL_N2007Y
                  Data time span: UnDefined
-------------------------------------------------------


----------- Distribution ------------
   i           P           L 
-------------------------------------
   0    0.010128   0.0011207
   1    0.020262   0.0040306
   2    0.030061   0.0072079
   3    0.040101    0.010736
   4    0.050531    0.014752
   5     0.06045    0.018782
   6    0.070125    0.022892
   7    0.080084    0.027262
   8     0.09026    0.031893
   9     0.10014     0.03652
  10     0.11021    0.041397
  11     0.12001     0.04626
  12     0.13012      0.0514
  13     0.14001    0.056518
  14     0.15002    0.061826
  15      0.1601    0.067274
  16     0.17004    0.072752
  17        0.18    0.078323
  18     0.19008    0.084047
  19     0.20009    0.089844
  20     0.21026    0.095852
  21     0.22037     0.10193
  22     0.23036     0.10802
  23     0.24031      0.1142
  24      0.2501     0.12037
  25     0.26021     0.12683
  26     0.27003     0.13321
  27     0.28014      0.1399
  28     0.29014      0.1466
  29     0.30045     0.15362
  30     0.31004      0.1602
  31     0.32047     0.16744
  32     0.33016     0.17425
  33     0.34015     0.18135
  34     0.35022     0.18859
  35     0.36027     0.19587
  36      0.3703     0.20321
  37     0.38039     0.21069
  38     0.39019     0.21802
  39     0.40001     0.22543
  40     0.41015     0.23315
  41     0.42019     0.24087
  42     0.43008     0.24854
  43     0.44015     0.25647
  44     0.45015     0.26442
  45     0.46005     0.27235
  46     0.47023      0.2806
  47     0.48017     0.28874
  48     0.49001     0.29688
  49     0.50027     0.30545
  50     0.51005     0.31371
  51     0.52026     0.32243
  52     0.53022       0.331
  53     0.54014     0.33963
  54     0.55036     0.34863
  55     0.56019     0.35736
  56     0.57025     0.36641
  57     0.58005      0.3753
  58     0.59003     0.38446
  59     0.60004     0.39378
  60     0.61022     0.40339
  61     0.62042     0.41311
  62     0.63009     0.42246
  63      0.6403     0.43249
  64     0.65024     0.44239
  65     0.66036     0.45264
  66     0.67032     0.46286
  67        0.68     0.47296
  68     0.69003     0.48355
  69     0.70003     0.49427
  70      0.7106     0.50576
  71     0.72014      0.5163
  72      0.7302     0.52757
  73     0.74002     0.53872
  74     0.75022     0.55045
  75     0.76014     0.56201
  76     0.77004     0.57373
  77     0.78059     0.58644
  78     0.79019      0.5982
  79     0.80016      0.6106
  80     0.81017     0.62334
  81     0.82013     0.63631
  82     0.83011     0.64961
  83     0.84024     0.66344
  84     0.85024     0.67734
  85     0.86013     0.69138
  86     0.87032     0.70629
  87     0.88021     0.72111
  88     0.89016     0.73645
  89     0.90009     0.75207
  90     0.91008      0.7683
  91     0.92014     0.78528
  92     0.93015     0.80288
  93     0.94045     0.82188
  94     0.95008     0.84052
  95     0.96028     0.86155
  96     0.97015     0.88386
  97     0.98011     0.90993
  98     0.99009     0.94232
  99           1           1
-----------------------------------------

----------------- PPP$ and local currency --------------
         PPP used in computation: 138.895
     Data mean in local currency: 179251
               Data mean in PPP$: 1785.1
        Poverty line in PPP$/Day: 1.9
      Poverty line in PPP$/Month: 57.7917
  Poverty line in local currency: 5803.15
-------------------------------------------------------

----------------- Estimation result --------------
     Number of observation: 2881
          Total population: 1
              Total wealth: 1290.55(PPP$)
                   Minimum: -754.949(PPP$)
                   Maximum: 18040.6(PPP$)
             Headcount(HC): 0.001218
          Poverty gap (PG): 0.0115958
       Poverty gap squared: 0.175907
                      Gini: 0.295845
                    Median: 1500.91
                       MLD: 0.160185
                      Watt: 0.000683062
--------------------------------------------------

-------------------------------- Income or Consumption share by deciles (%) -------------------------------------
     3.6455     5.3339     6.3513     7.2112     7.9804     8.8521     10.049     11.616     14.153     24.808
-----------------------------------------------------------------------------------------------------------------


