

**********************************************************************************************
**                                   Basic Information                                      **
**********************************************************************************************

----------------- Dataset Information -----------------
                         Country: Iceland
                    Country dode: ISL
                       Data Year: 2012
                        Coverage: National
             Welfare measurement: Income
                     Data format: Unit record
                     Data source: ISL_N2012Y
                  Data time span: UnDefined
-------------------------------------------------------


----------- Distribution ------------
   i           P           L 
-------------------------------------
   0    0.010065  0.00083801
   1    0.020342   0.0035013
   2    0.030113   0.0066403
   3    0.040344    0.010339
   4    0.050417    0.014304
   5    0.060064    0.018282
   6    0.070074    0.022668
   7    0.080032    0.027206
   8    0.090129    0.031936
   9      0.1002    0.036795
  10     0.11003    0.041665
  11     0.12012    0.046854
  12     0.13026    0.052189
  13     0.14012    0.057487
  14     0.15055    0.063192
  15     0.16006    0.068474
  16      0.1701    0.074172
  17     0.18013    0.079981
  18     0.19029    0.085981
  19     0.20018    0.091909
  20     0.21001      0.0979
  21     0.22004     0.10416
  22     0.23012     0.11059
  23     0.24022     0.11711
  24     0.25006     0.12356
  25     0.26003     0.13018
  26     0.27028      0.1371
  27     0.28012     0.14388
  28     0.29022     0.15092
  29      0.3001     0.15791
  30     0.31014     0.16511
  31     0.32032     0.17251
  32     0.33018     0.17977
  33     0.34016     0.18721
  34     0.35024     0.19483
  35     0.36008     0.20237
  36     0.37022     0.21022
  37      0.3804      0.2182
  38     0.39008      0.2259
  39     0.40027     0.23412
  40     0.41017      0.2422
  41     0.42011     0.25038
  42     0.43021     0.25877
  43     0.44017     0.26709
  44     0.45014      0.2755
  45     0.46018     0.28404
  46     0.47021     0.29267
  47     0.48022     0.30137
  48     0.49003     0.30997
  49         0.5      0.3188
  50     0.51035     0.32804
  51        0.52     0.33677
  52     0.53012     0.34601
  53     0.54003     0.35513
  54     0.55041      0.3648
  55      0.5605     0.37429
  56     0.57021     0.38351
  57     0.58005     0.39299
  58     0.59019     0.40285
  59     0.60014     0.41261
  60     0.61025     0.42264
  61     0.62026     0.43269
  62     0.63029     0.44287
  63     0.64001     0.45283
  64     0.65008     0.46326
  65     0.66005      0.4737
  66     0.67027     0.48455
  67      0.6804     0.49543
  68     0.69022     0.50608
  69     0.70026     0.51712
  70     0.71009     0.52805
  71     0.72019     0.53946
  72     0.73014     0.55089
  73        0.74     0.56241
  74     0.75044     0.57479
  75     0.76015     0.58646
  76     0.77033     0.59888
  77     0.78015     0.61103
  78      0.7902     0.62365
  79     0.80012     0.63633
  80     0.81017     0.64941
  81     0.82003     0.66247
  82     0.83026     0.67633
  83     0.84004     0.68983
  84     0.85002     0.70386
  85     0.86004     0.71822
  86     0.87031     0.73323
  87     0.88008     0.74787
  88     0.89023     0.76346
  89     0.90019     0.77919
  90     0.91004     0.79519
  91     0.92006     0.81199
  92     0.93024      0.8296
  93     0.94008     0.84727
  94     0.95001     0.86593
  95      0.9601     0.88594
  96     0.97026     0.90733
  97     0.98014     0.92995
  98     0.99001     0.95633
  99           1           1
-----------------------------------------

----------------- PPP$ and local currency --------------
         PPP used in computation: 138.895
     Data mean in local currency: 206507
               Data mean in PPP$: 1413.36
        Poverty line in PPP$/Day: 1.9
      Poverty line in PPP$/Month: 57.7917
  Poverty line in local currency: 8444
-------------------------------------------------------

----------------- Estimation result --------------
     Number of observation: 3013
          Total population: 0.999994
              Total wealth: 1486.78(PPP$)
                   Minimum: -466.102(PPP$)
                   Maximum: 20169.1(PPP$)
             Headcount(HC): 0.00203561
          Poverty gap (PG): 0.0111181
       Poverty gap squared: 0.083101
                      Gini: 0.269416
                    Median: 1256.03
                       MLD: 0.142951
                      Watt: 0.00034667
--------------------------------------------------

-------------------------------- Income or Consumption share by deciles (%) -------------------------------------
     3.6699     5.5101     6.6034      7.607     8.4892     9.3678     10.436     11.935     14.271     22.111
-----------------------------------------------------------------------------------------------------------------


