

**********************************************************************************************
**                                   Basic Information                                      **
**********************************************************************************************

----------------- Dataset Information -----------------
                         Country: Iceland
                    Country dode: ISL
                       Data Year: 2011
                        Coverage: National
             Welfare measurement: Income
                     Data format: Unit record
                     Data source: ISL_N2011Y
                  Data time span: UnDefined
-------------------------------------------------------


----------- Distribution ------------
   i           P           L 
-------------------------------------
   0    0.010099  0.00036616
   1    0.020492   0.0027641
   2    0.030153   0.0057691
   3    0.040455   0.0094239
   4    0.050097    0.013164
   5    0.060121    0.017327
   6    0.070289    0.021788
   7    0.080586    0.026477
   8     0.09008    0.030956
   9     0.10026    0.035906
  10     0.11018    0.040908
  11     0.12029    0.046128
  12      0.1304    0.051502
  13     0.14025    0.056828
  14     0.15024    0.062339
  15     0.16002    0.067823
  16     0.17039    0.073759
  17      0.1803    0.079535
  18     0.19022    0.085391
  19     0.20009    0.091297
  20     0.21015     0.09744
  21     0.22017     0.10367
  22     0.23058     0.11023
  23     0.24012     0.11633
  24     0.25025      0.1229
  25     0.26008     0.12939
  26     0.27024      0.1362
  27     0.28016     0.14294
  28     0.29005     0.14978
  29     0.30001     0.15677
  30     0.31012     0.16395
  31     0.32055     0.17144
  32      0.3301      0.1784
  33     0.34024      0.1859
  34     0.35038     0.19352
  35     0.36009     0.20093
  36     0.37021     0.20874
  37     0.38005     0.21646
  38     0.39022     0.22457
  39      0.4001     0.23256
  40     0.41024     0.24086
  41     0.42006     0.24899
  42      0.4301     0.25737
  43     0.44014     0.26583
  44      0.4502     0.27443
  45     0.46009     0.28297
  46     0.47014     0.29173
  47     0.48004     0.30042
  48     0.49026     0.30949
  49      0.5001     0.31831
  50     0.51007     0.32732
  51      0.5201     0.33646
  52     0.53007     0.34564
  53     0.54001     0.35487
  54     0.55039      0.3646
  55     0.56027     0.37395
  56     0.57006      0.3833
  57     0.58003     0.39292
  58     0.59018     0.40284
  59     0.60005     0.41257
  60      0.6101     0.42258
  61     0.62003     0.43258
  62     0.63027     0.44304
  63     0.64013     0.45324
  64     0.65021     0.46379
  65     0.66019     0.47434
  66     0.67023     0.48504
  67     0.68011     0.49569
  68     0.69028      0.5068
  69     0.70012     0.51769
  70     0.71036     0.52912
  71     0.72015     0.54017
  72     0.73018     0.55169
  73     0.74022      0.5634
  74     0.75003     0.57499
  75     0.76005     0.58701
  76     0.77032     0.59952
  77     0.78019     0.61175
  78     0.79012     0.62425
  79     0.80019     0.63711
  80     0.81015     0.65003
  81     0.82009     0.66317
  82     0.83022     0.67679
  83     0.84023     0.69048
  84     0.85005     0.70413
  85     0.86019     0.71848
  86        0.87     0.73268
  87     0.88016      0.7477
  88     0.89015     0.76287
  89     0.90023     0.77857
  90     0.91028     0.79476
  91     0.92005     0.81108
  92      0.9301     0.82846
  93     0.94019     0.84655
  94     0.95001     0.86499
  95      0.9602     0.88527
  96     0.97005     0.90623
  97      0.9804     0.93015
  98     0.99012     0.95612
  99           1           1
-----------------------------------------

----------------- PPP$ and local currency --------------
         PPP used in computation: 138.895
     Data mean in local currency: 192261
               Data mean in PPP$: 1384.22
        Poverty line in PPP$/Day: 1.9
      Poverty line in PPP$/Month: 57.7917
  Poverty line in local currency: 8026.97
-------------------------------------------------------

----------------- Estimation result --------------
     Number of observation: 3075
          Total population: 1
              Total wealth: 1384.23(PPP$)
                   Minimum: -597.82(PPP$)
                   Maximum: 17149.4(PPP$)
             Headcount(HC): 0.00316299
          Poverty gap (PG): 0.0137644
       Poverty gap squared: 0.113223
                      Gini: 0.270296
                    Median: 1245.81
                       MLD: 0.15273
                      Watt: 0.00436675
--------------------------------------------------

-------------------------------- Income or Consumption share by deciles (%) -------------------------------------
      3.578     5.5461     6.5523     7.5713     8.5738     9.4308     10.503     11.931     14.136     22.178
-----------------------------------------------------------------------------------------------------------------


