

**********************************************************************************************
**                                   Basic Information                                      **
**********************************************************************************************

----------------- Dataset Information -----------------
                         Country: Italy
                    Country dode: ITA
                       Data Year: 2012
                        Coverage: National
             Welfare measurement: Income
                     Data format: Unit record
                     Data source: ITA_N2012Y
                  Data time span: UnDefined
-------------------------------------------------------


----------- Distribution ------------
   i           P           L 
-------------------------------------
   0    0.010047 -0.00037245
   1    0.020093  0.00012709
   2    0.030011   0.0011754
   3    0.040076    0.002764
   4    0.050099    0.004763
   5    0.060078   0.0070758
   6     0.07004   0.0096596
   7    0.080024     0.01256
   8    0.090038    0.015777
   9     0.10007    0.019218
  10     0.11002    0.022842
  11     0.12007    0.026687
  12     0.13022    0.030727
  13     0.14003    0.034778
  14     0.15003    0.039058
  15     0.16009    0.043503
  16     0.17022      0.0481
  17     0.18046    0.052856
  18     0.19028    0.057524
  19     0.20002    0.062278
  20     0.21005    0.067283
  21     0.22051    0.072623
  22     0.23021    0.077685
  23     0.24012    0.082971
  24     0.25001    0.088363
  25     0.26001    0.093957
  26     0.27003      0.0997
  27     0.28002     0.10555
  28     0.29001     0.11153
  29     0.30003     0.11767
  30     0.31003     0.12391
  31     0.32003     0.13024
  32     0.33011     0.13674
  33     0.34007     0.14326
  34     0.35001      0.1499
  35     0.36001      0.1567
  36     0.37004     0.16366
  37     0.38023     0.17085
  38     0.39003     0.17786
  39     0.40003     0.18512
  40     0.41001     0.19247
  41     0.42001     0.19996
  42     0.43001     0.20757
  43        0.44     0.21531
  44     0.45005     0.22319
  45        0.46     0.23111
  46     0.47017     0.23931
  47     0.48015     0.24747
  48     0.49001     0.25563
  49     0.50001     0.26403
  50        0.51     0.27255
  51     0.52007     0.28124
  52     0.53007     0.28999
  53     0.54005     0.29886
  54     0.55004     0.30786
  55     0.56003     0.31697
  56     0.57014     0.32633
  57     0.58004     0.33562
  58     0.59004     0.34514
  59     0.60015     0.35492
  60     0.61001      0.3646
  61     0.62005     0.37462
  62     0.63015     0.38482
  63     0.64005     0.39496
  64     0.65002     0.40532
  65     0.66004     0.41589
  66        0.67     0.42653
  67     0.68014     0.43753
  68     0.69001     0.44842
  69     0.70009     0.45972
  70        0.71       0.471
  71        0.72     0.48256
  72     0.73003     0.49432
  73     0.74005     0.50628
  74        0.75      0.5184
  75     0.76002     0.53083
  76     0.77007      0.5436
  77     0.78001      0.5565
  78     0.79001     0.56975
  79     0.80012     0.58343
  80        0.81     0.59705
  81        0.82     0.61113
  82     0.83004      0.6256
  83     0.84004     0.64031
  84        0.85      0.6553
  85     0.86012     0.67093
  86     0.87003     0.68665
  87     0.88008     0.70305
  88     0.89004     0.71976
  89     0.90002     0.73706
  90     0.91006     0.75511
  91        0.92     0.77366
  92        0.93     0.79306
  93     0.94001      0.8133
  94     0.95002     0.83467
  95     0.96003     0.85756
  96     0.97007     0.88277
  97     0.98041     0.91204
  98     0.99007     0.94429
  99           1           1
-----------------------------------------

----------------- PPP$ and local currency --------------
         PPP used in computation: 0.825395
     Data mean in local currency: 1027.58
               Data mean in PPP$: 1208.21
        Poverty line in PPP$/Day: 1.9
      Poverty line in PPP$/Month: 57.7917
  Poverty line in local currency: 49.1517
-------------------------------------------------------

----------------- Estimation result --------------
     Number of observation: 17090
          Total population: 0.999999
              Total wealth: 1244.96(PPP$)
                   Minimum: -1454.86(PPP$)
                   Maximum: 67120.6(PPP$)
             Headcount(HC): 0.0147677
          Poverty gap (PG): 0.0190988
       Poverty gap squared: 0.127232
                      Gini: 0.351617
                    Median: 1022.05
                       MLD: 0.274604
                      Watt: 0.00584475
--------------------------------------------------

-------------------------------- Income or Consumption share by deciles (%) -------------------------------------
     1.9193     4.3076     5.5382     6.7449     7.8914     9.0762     10.484     12.365     15.377     26.297
-----------------------------------------------------------------------------------------------------------------


