

**********************************************************************************************
**                                   Basic Information                                      **
**********************************************************************************************

----------------- Dataset Information -----------------
                         Country: Italy
                    Country dode: ITA
                       Data Year: 2011
                        Coverage: National
             Welfare measurement: Income
                     Data format: Unit record
                     Data source: ITA_N2011Y
                  Data time span: UnDefined
-------------------------------------------------------


----------- Distribution ------------
   i           P           L 
-------------------------------------
   0    0.010014 -2.5287E-05
   1    0.020045  0.00067923
   2    0.030117    0.002056
   3    0.040069   0.0038877
   4    0.050028   0.0061025
   5    0.060136   0.0086854
   6    0.070076     0.01152
   7    0.080018    0.014603
   8     0.09002    0.017909
   9     0.10006     0.02142
  10     0.11025    0.025163
  11     0.12003    0.028922
  12     0.13005    0.032914
  13     0.14001    0.037017
  14      0.1501    0.041313
  15     0.16001     0.04566
  16      0.1701    0.050237
  17     0.18008    0.054912
  18     0.19012    0.059742
  19     0.20005    0.064637
  20     0.21002    0.069685
  21     0.22022    0.074976
  22     0.23007    0.080202
  23     0.24004     0.08562
  24     0.25006    0.091184
  25     0.26012    0.096892
  26     0.27007     0.10268
  27     0.28003     0.10862
  28     0.29001     0.11469
  29     0.30003     0.12091
  30     0.31003     0.12723
  31        0.32     0.13364
  32     0.33001     0.14017
  33     0.34041     0.14705
  34     0.35024     0.15365
  35     0.36003     0.16033
  36     0.37012     0.16733
  37     0.38015     0.17438
  38     0.39001     0.18144
  39     0.40001     0.18871
  40     0.41002      0.1961
  41     0.42001     0.20358
  42     0.43005     0.21123
  43     0.44003     0.21893
  44     0.45002     0.22674
  45     0.46005      0.2347
  46     0.47013     0.24283
  47     0.48004     0.25091
  48     0.49001     0.25918
  49     0.50001     0.26761
  50     0.51007     0.27622
  51     0.52002     0.28484
  52     0.53003     0.29365
  53     0.54014     0.30268
  54     0.55011     0.31173
  55     0.56004     0.32087
  56     0.57003     0.33018
  57     0.58019     0.33977
  58     0.59011     0.34926
  59     0.60003     0.35889
  60        0.61      0.3687
  61     0.62005     0.37874
  62     0.63006     0.38888
  63     0.64001     0.39911
  64     0.65001     0.40955
  65        0.66     0.42015
  66     0.67006     0.43096
  67     0.68011     0.44191
  68     0.69009     0.45296
  69     0.70006     0.46414
  70     0.71012      0.4756
  71     0.72005     0.48709
  72     0.73003      0.4988
  73     0.74005     0.51077
  74     0.75002      0.5229
  75     0.76002      0.5353
  76     0.77002     0.54796
  77     0.78006     0.56089
  78     0.79002     0.57397
  79     0.80001     0.58735
  80     0.81005     0.60109
  81     0.82007     0.61509
  82     0.83013     0.62947
  83     0.84013     0.64411
  84     0.85006       0.659
  85     0.86009      0.6744
  86     0.87003     0.69006
  87     0.88008     0.70633
  88     0.89002     0.72295
  89         0.9     0.74021
  90     0.91003     0.75814
  91     0.92001     0.77668
  92        0.93     0.79606
  93     0.94003      0.8164
  94     0.95001     0.83775
  95     0.96003      0.8605
  96     0.97002     0.88505
  97        0.98     0.91252
  98     0.99001     0.94507
  99           1           1
-----------------------------------------

----------------- PPP$ and local currency --------------
         PPP used in computation: 0.825395
     Data mean in local currency: 1044.12
               Data mean in PPP$: 1265
        Poverty line in PPP$/Day: 1.9
      Poverty line in PPP$/Month: 57.7917
  Poverty line in local currency: 47.7009
-------------------------------------------------------

----------------- Estimation result --------------
     Number of observation: 17879
          Total population: 1
              Total wealth: 1265(PPP$)
                   Minimum: -923.595(PPP$)
                   Maximum: 66247.3(PPP$)
             Headcount(HC): 0.012301
          Poverty gap (PG): 0.0111764
       Poverty gap squared: 0.0207553
                      Gini: 0.345199
                    Median: 1074.73
                       MLD: 0.259262
                      Watt: 0.00664091
--------------------------------------------------

-------------------------------- Income or Consumption share by deciles (%) -------------------------------------
     2.1398     4.3216     5.6278     6.7812     7.8896     9.1258     10.521     12.327     15.287     25.979
-----------------------------------------------------------------------------------------------------------------


