

**********************************************************************************************
**                                   Basic Information                                      **
**********************************************************************************************

----------------- Dataset Information -----------------
                         Country: Italy
                    Country dode: ITA
                       Data Year: 2006
                        Coverage: National
             Welfare measurement: Income
                     Data format: Unit record
                     Data source: ITA_N2006Y
                  Data time span: UnDefined
-------------------------------------------------------


----------- Distribution ------------
   i           P           L 
-------------------------------------
   0    0.010019 -0.00045157
   1    0.020097  0.00050329
   2    0.030135   0.0022084
   3    0.040009   0.0043001
   4    0.050163   0.0068239
   5    0.060005   0.0095314
   6    0.070107    0.012572
   7    0.080041    0.015804
   8    0.090014    0.019242
   9     0.10001    0.022854
  10      0.1101    0.026654
  11     0.12015    0.030563
  12     0.13007    0.034563
  13     0.14007    0.038727
  14     0.15008     0.04301
  15     0.16006    0.047399
  16      0.1702    0.051993
  17     0.18001    0.056564
  18     0.19003    0.061368
  19     0.20027    0.066399
  20     0.21009    0.071339
  21     0.22003    0.076454
  22     0.23002    0.081715
  23     0.24001    0.087103
  24     0.25002    0.092628
  25     0.26008    0.098322
  26      0.2701     0.10412
  27     0.28001     0.10997
  28     0.29008     0.11602
  29     0.30004     0.12211
  30     0.31003     0.12833
  31     0.32003     0.13468
  32     0.33003     0.14115
  33     0.34001     0.14771
  34     0.35007     0.15445
  35     0.36007     0.16128
  36     0.37018     0.16831
  37        0.38     0.17523
  38     0.39021     0.18254
  39     0.40004     0.18969
  40      0.4102     0.19722
  41     0.42018     0.20472
  42     0.43003     0.21222
  43     0.44006     0.21998
  44     0.45004     0.22781
  45        0.46     0.23575
  46     0.47001     0.24383
  47     0.48003     0.25204
  48     0.49006     0.26037
  49     0.50016     0.26888
  50     0.51005     0.27734
  51     0.52015      0.2861
  52     0.53011     0.29485
  53      0.5401     0.30376
  54     0.55016     0.31287
  55     0.56006     0.32195
  56     0.57009     0.33126
  57     0.58007     0.34067
  58     0.59002     0.35016
  59     0.60001     0.35984
  60     0.61018     0.36983
  61     0.62003     0.37967
  62     0.63008     0.38985
  63     0.64001     0.40006
  64        0.65      0.4105
  65     0.66003     0.42114
  66     0.67006     0.43194
  67     0.68001     0.44283
  68     0.69008     0.45403
  69     0.70003     0.46529
  70     0.71002     0.47676
  71        0.72     0.48843
  72     0.73001      0.5003
  73        0.74     0.51236
  74     0.75004     0.52468
  75     0.76008     0.53725
  76        0.77     0.54987
  77        0.78     0.56281
  78     0.79003     0.57604
  79     0.80003     0.58949
  80     0.81006     0.60326
  81     0.82001      0.6172
  82     0.83001     0.63148
  83        0.84     0.64605
  84     0.85002       0.661
  85     0.86002     0.67629
  86     0.87006     0.69207
  87     0.88004     0.70824
  88     0.89003     0.72487
  89     0.90003     0.74206
  90     0.91001     0.75985
  91     0.92002     0.77836
  92     0.93001     0.79751
  93     0.94001     0.81749
  94        0.95     0.83866
  95     0.96001     0.86144
  96     0.97001     0.88605
  97     0.98001     0.91372
  98     0.99001     0.94685
  99           1           1
-----------------------------------------

----------------- PPP$ and local currency --------------
         PPP used in computation: 0.825395
     Data mean in local currency: 976.283
               Data mean in PPP$: 1308.57
        Poverty line in PPP$/Day: 1.9
      Poverty line in PPP$/Month: 57.7917
  Poverty line in local currency: 43.1165
-------------------------------------------------------

----------------- Estimation result --------------
     Number of observation: 19151
          Total population: 0.999995
              Total wealth: 1182.8(PPP$)
                   Minimum: -6066.8(PPP$)
                   Maximum: 29855(PPP$)
             Headcount(HC): 0.0100948
          Poverty gap (PG): 0.0202483
       Poverty gap squared: 0.306451
                      Gini: 0.342626
                    Median: 1111.64
                       MLD: 0.246488
                      Watt: 0.00216948
--------------------------------------------------

-------------------------------- Income or Consumption share by deciles (%) -------------------------------------
     2.2851     4.3414     5.5822     6.7579     7.9084     9.1076     10.543     12.419     15.256     25.799
-----------------------------------------------------------------------------------------------------------------


