

**********************************************************************************************
**                                   Basic Information                                      **
**********************************************************************************************

----------------- Dataset Information -----------------
                         Country: Italy
                    Country dode: ITA
                       Data Year: 2010
                        Coverage: National
             Welfare measurement: Income
                     Data format: Unit record
                     Data source: ITA_N2010Y
                  Data time span: UnDefined
-------------------------------------------------------


----------- Distribution ------------
   i           P           L 
-------------------------------------
   0    0.010004 -0.00015141
   1     0.02006  0.00038792
   2    0.030007   0.0016045
   3    0.040121     0.00336
   4    0.050001   0.0054662
   5    0.060108   0.0079651
   6    0.070092      0.0107
   7    0.080073    0.013699
   8    0.090045    0.016946
   9     0.10002    0.020418
  10     0.11003    0.024066
  11     0.12008    0.027891
  12     0.13003    0.031833
  13     0.14005    0.035965
  14     0.15014    0.040279
  15     0.16002    0.044653
  16        0.17    0.049225
  17     0.18004    0.053968
  18     0.19012    0.058869
  19     0.20003    0.063829
  20     0.21001    0.068948
  21     0.22015    0.074262
  22     0.23009    0.079587
  23     0.24003    0.085035
  24        0.25    0.090627
  25     0.26001    0.096365
  26     0.27011     0.10228
  27     0.28006     0.10824
  28     0.29006     0.11436
  29     0.30001     0.12057
  30     0.31008     0.12699
  31     0.32007     0.13345
  32     0.33003     0.13999
  33     0.34003     0.14667
  34     0.35006     0.15349
  35     0.36018     0.16048
  36     0.37002     0.16737
  37     0.38004      0.1745
  38     0.39001     0.18168
  39     0.40011     0.18907
  40     0.41005     0.19645
  41     0.42001     0.20397
  42     0.43008     0.21167
  43     0.44002     0.21939
  44     0.45004     0.22729
  45     0.46001     0.23525
  46     0.47022     0.24353
  47     0.48007     0.25163
  48     0.49002     0.25993
  49     0.50005     0.26842
  50     0.51004     0.27703
  51     0.52007     0.28578
  52     0.53004      0.2946
  53     0.54004     0.30355
  54     0.55002     0.31262
  55     0.56005     0.32184
  56      0.5701     0.33123
  57     0.58004     0.34063
  58     0.59003     0.35022
  59         0.6     0.35992
  60     0.61006     0.36984
  61     0.62001      0.3798
  62     0.63002     0.38999
  63     0.64003     0.40034
  64     0.65011     0.41091
  65     0.66001     0.42143
  66     0.67001     0.43221
  67     0.68003     0.44318
  68     0.69001     0.45426
  69     0.70002     0.46556
  70     0.71021     0.47722
  71     0.72007     0.48869
  72     0.73004     0.50045
  73     0.74005     0.51247
  74     0.75008     0.52475
  75     0.76003     0.53714
  76     0.77003     0.54981
  77     0.78004     0.56274
  78     0.79001     0.57588
  79     0.80008     0.58943
  80     0.81001     0.60306
  81     0.82001     0.61711
  82     0.83002     0.63143
  83     0.84004     0.64612
  84     0.85002     0.66108
  85     0.86003     0.67649
  86     0.87001     0.69226
  87     0.88004     0.70859
  88     0.89007     0.72531
  89     0.90004     0.74244
  90     0.91003     0.76016
  91        0.92     0.77847
  92        0.93     0.79759
  93     0.94006     0.81765
  94     0.95005     0.83876
  95        0.96     0.86122
  96     0.97001     0.88576
  97     0.98002     0.91303
  98     0.99004     0.94484
  99           1           1
-----------------------------------------

----------------- PPP$ and local currency --------------
         PPP used in computation: 0.825395
     Data mean in local currency: 1032.55
               Data mean in PPP$: 1285.27
        Poverty line in PPP$/Day: 1.9
      Poverty line in PPP$/Month: 57.7917
  Poverty line in local currency: 46.4281
-------------------------------------------------------

----------------- Estimation result --------------
     Number of observation: 17862
          Total population: 1
              Total wealth: 1250.98(PPP$)
                   Minimum: -1597.21(PPP$)
                   Maximum: 73478.5(PPP$)
             Headcount(HC): 0.0141287
          Poverty gap (PG): 0.0145077
       Poverty gap squared: 0.0757547
                      Gini: 0.344117
                    Median: 1097.66
                       MLD: 0.262527
                      Watt: 0.00648142
--------------------------------------------------

-------------------------------- Income or Consumption share by deciles (%) -------------------------------------
     2.0411     4.3402     5.6755     6.8425     7.9392     9.1531     10.562     12.379     15.305     25.763
-----------------------------------------------------------------------------------------------------------------


