

**********************************************************************************************
**                                   Basic Information                                      **
**********************************************************************************************

----------------- Dataset Information -----------------
                         Country: Italy
                    Country dode: ITA
                       Data Year: 2007
                        Coverage: National
             Welfare measurement: Income
                     Data format: Unit record
                     Data source: ITA_N2007Y
                  Data time span: UnDefined
-------------------------------------------------------


----------- Distribution ------------
   i           P           L 
-------------------------------------
   0    0.010092  -0.0004207
   1    0.020136  0.00061287
   2    0.030021   0.0024126
   3    0.040026   0.0047063
   4    0.050001   0.0073435
   5    0.060066    0.010281
   6    0.070015    0.013416
   7    0.080106    0.016826
   8    0.090083    0.020399
   9     0.10011    0.024177
  10     0.11026    0.028134
  11     0.12012     0.03212
  12     0.13005    0.036262
  13     0.14003    0.040568
  14     0.15005    0.045043
  15     0.16004    0.049634
  16     0.17016    0.054431
  17     0.18019    0.059324
  18     0.19007    0.064256
  19     0.20006    0.069364
  20     0.21004    0.074561
  21     0.22002    0.079876
  22        0.23    0.085303
  23     0.24006    0.090902
  24     0.25012    0.096621
  25     0.26014     0.10241
  26     0.27015     0.10831
  27     0.28004     0.11424
  28     0.29002     0.12031
  29     0.30002     0.12652
  30     0.31018     0.13292
  31     0.32005     0.13928
  32     0.33002     0.14583
  33        0.34     0.15251
  34     0.35021     0.15947
  35     0.36001     0.16626
  36     0.37003     0.17331
  37     0.38005     0.18049
  38     0.39002     0.18775
  39      0.4001     0.19518
  40     0.41001     0.20257
  41     0.42001     0.21014
  42     0.43005     0.21786
  43     0.44004     0.22564
  44     0.45001     0.23352
  45     0.46003     0.24155
  46     0.47009     0.24975
  47     0.48001     0.25796
  48     0.49002     0.26635
  49     0.50001     0.27486
  50     0.51003     0.28353
  51     0.52002     0.29229
  52     0.53013     0.30129
  53     0.54004     0.31024
  54     0.55007     0.31941
  55     0.56008     0.32871
  56     0.57001     0.33806
  57     0.58003     0.34762
  58     0.59006     0.35734
  59     0.60002     0.36713
  60     0.61003      0.3771
  61     0.62004      0.3872
  62     0.63002     0.39741
  63     0.64005     0.40781
  64     0.65005     0.41834
  65     0.66002     0.42897
  66     0.67001     0.43977
  67     0.68004     0.45078
  68     0.69007     0.46197
  69     0.70006     0.47332
  70        0.71     0.48481
  71     0.72002     0.49657
  72     0.73004     0.50853
  73        0.74      0.5206
  74     0.75002     0.53294
  75     0.76001     0.54546
  76     0.77002     0.55825
  77     0.78004     0.57127
  78     0.79002      0.5845
  79     0.80002     0.59799
  80     0.81006     0.61177
  81     0.82001     0.62567
  82     0.83004     0.64002
  83     0.84008     0.65467
  84     0.85005     0.66953
  85     0.86009     0.68485
  86     0.87001     0.70037
  87     0.88002     0.71646
  88     0.89012     0.73314
  89         0.9     0.74991
  90     0.91003     0.76744
  91     0.92004     0.78562
  92     0.93002     0.80443
  93     0.94002     0.82404
  94     0.95002     0.84477
  95     0.96004     0.86686
  96     0.97001     0.89051
  97     0.98002     0.91687
  98        0.99     0.94787
  99           1           1
-----------------------------------------

----------------- PPP$ and local currency --------------
         PPP used in computation: 0.825395
     Data mean in local currency: 1006.11
               Data mean in PPP$: 1324.43
        Poverty line in PPP$/Day: 1.9
      Poverty line in PPP$/Month: 57.7917
  Poverty line in local currency: 43.9019
-------------------------------------------------------

----------------- Estimation result --------------
     Number of observation: 19172
          Total population: 1
              Total wealth: 1218.95(PPP$)
                   Minimum: -2298.09(PPP$)
                   Maximum: 25779.6(PPP$)
             Headcount(HC): 0.00913203
          Poverty gap (PG): 0.0198603
       Poverty gap squared: 0.31622
                      Gini: 0.331937
                    Median: 1137.83
                       MLD: 0.229887
                      Watt: 0.00233246
--------------------------------------------------

-------------------------------- Income or Consumption share by deciles (%) -------------------------------------
     2.4136     4.5197     5.7174     6.8599     7.9748     9.2251     10.615      12.47     15.195     25.009
-----------------------------------------------------------------------------------------------------------------


