

**********************************************************************************************
**                                   Basic Information                                      **
**********************************************************************************************

----------------- Dataset Information -----------------
                         Country: Italy
                    Country dode: ITA
                       Data Year: 2008
                        Coverage: National
             Welfare measurement: Income
                     Data format: Unit record
                     Data source: ITA_N2008Y
                  Data time span: UnDefined
-------------------------------------------------------


----------- Distribution ------------
   i           P           L 
-------------------------------------
   0    0.010026  -2.623E-05
   1    0.020172   0.0010935
   2    0.030059   0.0028204
   3    0.040258   0.0050014
   4    0.050041   0.0074578
   5    0.060073    0.010308
   6    0.070009    0.013383
   7    0.080074    0.016725
   8    0.090022    0.020214
   9         0.1    0.023871
  10        0.11    0.027712
  11     0.12003    0.031721
  12     0.13007    0.035875
  13     0.14005    0.040152
  14     0.15001    0.044544
  15     0.16001    0.049086
  16     0.17001    0.053759
  17        0.18    0.058555
  18     0.19006     0.06349
  19         0.2    0.068465
  20     0.21002    0.073584
  21     0.22011     0.07887
  22     0.23015     0.08424
  23        0.24    0.089626
  24     0.25004    0.095244
  25      0.2601     0.10098
  26     0.27014     0.10682
  27     0.28009     0.11271
  28     0.29001      0.1187
  29      0.3001     0.12489
  30        0.31     0.13105
  31     0.32011     0.13747
  32     0.33005     0.14388
  33     0.34002     0.15043
  34     0.35008     0.15717
  35     0.36001     0.16393
  36     0.37019     0.17096
  37     0.38007     0.17793
  38        0.39     0.18503
  39     0.40004     0.19232
  40     0.41005      0.1997
  41     0.42012     0.20724
  42     0.43004     0.21479
  43     0.44026      0.2227
  44     0.45009     0.23043
  45     0.46007     0.23839
  46     0.47002     0.24646
  47     0.48014     0.25478
  48     0.49003     0.26304
  49     0.50002      0.2715
  50     0.51007     0.28013
  51        0.52     0.28881
  52     0.53004      0.2977
  53     0.54003     0.30667
  54     0.55001     0.31579
  55        0.56     0.32504
  56     0.57005     0.33447
  57     0.58003     0.34398
  58     0.59003     0.35365
  59     0.60005     0.36347
  60     0.61008     0.37343
  61     0.62006     0.38348
  62     0.63002     0.39366
  63     0.64003     0.40403
  64     0.65003     0.41452
  65     0.66003     0.42516
  66     0.67005     0.43597
  67     0.68011     0.44701
  68     0.69003     0.45805
  69     0.70003     0.46934
  70     0.71009     0.48088
  71     0.72013     0.49257
  72     0.73001     0.50424
  73     0.74001     0.51626
  74     0.75003      0.5285
  75     0.76018     0.54111
  76     0.77004     0.55355
  77     0.78001     0.56635
  78     0.79019     0.57964
  79     0.80003     0.59275
  80     0.81006     0.60637
  81        0.82     0.62017
  82     0.83002     0.63437
  83     0.84002      0.6489
  84     0.85001     0.66378
  85        0.86     0.67906
  86     0.87001     0.69482
  87     0.88019      0.7113
  88     0.89001     0.72769
  89     0.90015     0.74517
  90     0.91001     0.76269
  91     0.92001     0.78112
  92     0.93003     0.80037
  93     0.94001     0.82044
  94     0.95003     0.84169
  95     0.96001     0.86415
  96        0.97      0.8884
  97     0.98001     0.91534
  98     0.99002     0.94682
  99           1           1
-----------------------------------------

----------------- PPP$ and local currency --------------
         PPP used in computation: 0.825395
     Data mean in local currency: 1023.2
               Data mean in PPP$: 1302.94
        Poverty line in PPP$/Day: 1.9
      Poverty line in PPP$/Month: 57.7917
  Poverty line in local currency: 45.3836
-------------------------------------------------------

----------------- Estimation result --------------
     Number of observation: 18667
          Total population: 1.00001
              Total wealth: 1239.65(PPP$)
                   Minimum: -5467.08(PPP$)
                   Maximum: 33659.5(PPP$)
             Headcount(HC): 0.00809706
          Poverty gap (PG): 0.0109229
       Poverty gap squared: 0.11304
                      Gini: 0.337419
                    Median: 1110.82
                       MLD: 0.231998
                      Watt: 0.00300428
--------------------------------------------------

-------------------------------- Income or Consumption share by deciles (%) -------------------------------------
     2.3871     4.4593     5.6362     6.7468     7.9185     9.1944     10.588     12.341     15.221     25.508
-----------------------------------------------------------------------------------------------------------------


