

**********************************************************************************************
**                                   Basic Information                                      **
**********************************************************************************************

----------------- Dataset Information -----------------
                         Country: Italy
                    Country dode: ITA
                       Data Year: 2004
                        Coverage: National
             Welfare measurement: Income
                     Data format: Unit record
                     Data source: ITA_N2004Y
                  Data time span: UnDefined
-------------------------------------------------------


----------- Distribution ------------
   i           P           L 
-------------------------------------
   0    0.010085 -0.00046085
   1    0.020063   0.0005923
   2    0.030051   0.0023246
   3    0.040133   0.0044885
   4    0.050124   0.0069337
   5    0.060085   0.0096728
   6    0.070043    0.012651
   7    0.080093    0.015854
   8    0.090011     0.01923
   9     0.10002    0.022824
  10     0.11008    0.026651
  11     0.12006    0.030604
  12     0.13004    0.034698
  13     0.14001    0.038907
  14     0.15007    0.043312
  15        0.16    0.047778
  16        0.17    0.052397
  17     0.18003    0.057167
  18     0.19005    0.062043
  19     0.20005    0.067029
  20     0.21001     0.07212
  21      0.2202     0.07743
  22     0.23001    0.082653
  23     0.24002    0.088098
  24     0.25003    0.093662
  25     0.26005    0.099356
  26     0.27002     0.10512
  27     0.28002       0.111
  28     0.29002     0.11699
  29     0.30008     0.12313
  30        0.31     0.12928
  31     0.32001     0.13559
  32     0.33004     0.14203
  33        0.34     0.14855
  34     0.35005     0.15524
  35     0.36001     0.16197
  36     0.37003     0.16886
  37     0.38004     0.17584
  38        0.39      0.1829
  39     0.40021     0.19025
  40     0.41006     0.19747
  41     0.42011     0.20496
  42     0.43036     0.21272
  43     0.44033     0.22038
  44     0.45009       0.228
  45     0.46006     0.23587
  46     0.47002     0.24385
  47     0.48003     0.25198
  48     0.49012      0.2603
  49     0.50006     0.26862
  50     0.51007     0.27711
  51     0.52008     0.28573
  52     0.53001     0.29441
  53      0.5401     0.30336
  54     0.55001     0.31226
  55        0.56     0.32138
  56     0.57003     0.33066
  57     0.58004     0.34006
  58     0.59007     0.34963
  59     0.60004     0.35925
  60     0.61001     0.36899
  61        0.62     0.37888
  62     0.63001     0.38894
  63     0.64006     0.39918
  64     0.65003     0.40949
  65        0.66     0.41998
  66     0.67001     0.43068
  67     0.68004     0.44155
  68     0.69001     0.45254
  69     0.70002     0.46375
  70     0.71003     0.47515
  71     0.72005     0.48673
  72     0.73007     0.49845
  73     0.74024     0.51057
  74     0.75002     0.52241
  75     0.76003     0.53471
  76     0.77002     0.54721
  77     0.78051     0.56056
  78     0.79002     0.57289
  79         0.8     0.58606
  80     0.81003     0.59958
  81     0.82001     0.61329
  82     0.83007     0.62742
  83     0.84003     0.64173
  84     0.85001     0.65643
  85     0.86006     0.67159
  86     0.87001     0.68703
  87     0.88001     0.70298
  88     0.89001     0.71937
  89     0.90006     0.73638
  90        0.91     0.75375
  91     0.92005       0.772
  92     0.93002      0.7908
  93     0.94005     0.81055
  94      0.9501     0.83139
  95     0.96001     0.85339
  96     0.97001     0.87767
  97     0.98003     0.90534
  98        0.99     0.93918
  99           1           1
-----------------------------------------

----------------- PPP$ and local currency --------------
         PPP used in computation: 0.825395
     Data mean in local currency: 935.287
               Data mean in PPP$: 1305.15
        Poverty line in PPP$/Day: 1.9
      Poverty line in PPP$/Month: 57.7917
  Poverty line in local currency: 41.4143
-------------------------------------------------------

----------------- Estimation result --------------
     Number of observation: 19855
          Total population: 1
              Total wealth: 1133.14(PPP$)
                   Minimum: -3732.97(PPP$)
                   Maximum: 34036.2(PPP$)
             Headcount(HC): 0.00834386
          Poverty gap (PG): 0.0206855
       Poverty gap squared: 0.527245
                      Gini: 0.345274
                    Median: 1099.96
                       MLD: 0.243047
                      Watt: 0.00383431
--------------------------------------------------

-------------------------------- Income or Consumption share by deciles (%) -------------------------------------
     2.2818     4.4188     5.6073     6.7019     7.8468     9.0647     10.452     12.232     15.023     26.372
-----------------------------------------------------------------------------------------------------------------


