

**********************************************************************************************
**                                   Basic Information                                      **
**********************************************************************************************

----------------- Dataset Information -----------------
                         Country: Jamaica
                    Country dode: JAM
                       Data Year: 2004
                        Coverage: National
             Welfare measurement: Consumption
                     Data format: Unit record
                     Data source: JAM_N2004X
                  Data time span: UnDefined
-------------------------------------------------------


----------- Distribution ------------
   i           P           L 
-------------------------------------
   0     0.01018   0.0010817
   1    0.020366   0.0026329
   2    0.030328   0.0043492
   3    0.040081   0.0062131
   4    0.050058    0.008324
   5    0.060003    0.010551
   6    0.070105    0.012908
   7     0.08021    0.015405
   8     0.09015     0.01799
   9      0.1003    0.020723
  10     0.11004    0.023439
  11     0.12062    0.026535
  12      0.1303    0.029451
  13     0.14013    0.032493
  14     0.15003    0.035627
  15      0.1604    0.038999
  16     0.17045    0.042367
  17     0.18015    0.045705
  18     0.19002    0.049189
  19     0.20031    0.052916
  20     0.21015    0.056591
  21     0.22024    0.060475
  22     0.23013    0.064389
  23     0.24006    0.068426
  24     0.25022    0.072654
  25     0.26031    0.076907
  26     0.27037    0.081242
  27     0.28035    0.085603
  28     0.29015     0.08997
  29     0.30044     0.09466
  30     0.31006    0.099131
  31     0.32001     0.10386
  32     0.33017     0.10879
  33     0.34012     0.11368
  34     0.35005     0.11866
  35     0.36048     0.12397
  36      0.3705     0.12917
  37     0.38045     0.13443
  38     0.39028     0.13972
  39     0.40027     0.14518
  40     0.41013     0.15066
  41     0.42013     0.15629
  42     0.43065      0.1623
  43     0.44007     0.16776
  44     0.45041     0.17386
  45     0.46039      0.1799
  46      0.4703     0.18605
  47     0.48011     0.19223
  48     0.49028     0.19873
  49     0.50033     0.20526
  50     0.51049     0.21196
  51     0.52065     0.21875
  52     0.53007     0.22516
  53     0.54001     0.23213
  54     0.55019     0.23941
  55     0.56029     0.24679
  56     0.57013     0.25412
  57     0.58039     0.26193
  58     0.59047     0.26977
  59     0.60019     0.27744
  60     0.61041     0.28566
  61     0.62007     0.29363
  62     0.63024     0.30223
  63     0.64059      0.3112
  64     0.65029     0.31983
  65     0.66058     0.32924
  66     0.67053     0.33856
  67     0.68028     0.34788
  68     0.69031     0.35776
  69     0.70023     0.36786
  70     0.71021     0.37825
  71     0.72018     0.38883
  72     0.73023     0.39975
  73     0.74018      0.4108
  74     0.75022     0.42227
  75     0.76028     0.43407
  76     0.77028     0.44617
  77     0.78033     0.45861
  78     0.79066     0.47168
  79     0.80024     0.48409
  80     0.81025      0.4974
  81     0.82011     0.51089
  82     0.83045      0.5255
  83     0.84031     0.54016
  84     0.85026     0.55564
  85     0.86005      0.5715
  86     0.87042     0.58889
  87     0.88128     0.60775
  88     0.89009     0.62381
  89     0.90034     0.64307
  90     0.91003     0.66253
  91     0.92064     0.68556
  92     0.93047     0.70819
  93     0.94039     0.73251
  94     0.95008     0.75839
  95     0.96002     0.78796
  96     0.97038     0.82331
  97     0.98014     0.86346
  98     0.99051     0.92027
  99           1           1
-----------------------------------------

----------------- PPP$ and local currency --------------
         PPP used in computation: 63.3544
     Data mean in local currency: 10316.7
               Data mean in PPP$: 368.03
        Poverty line in PPP$/Day: 1.9
      Poverty line in PPP$/Month: 57.7917
  Poverty line in local currency: 1620.03
-------------------------------------------------------

----------------- Estimation result --------------
     Number of observation: 1981
          Total population: 2860.08
              Total wealth: 465737(PPP$)
                   Minimum: 11.1079(PPP$)
                   Maximum: 2210.61(PPP$)
             Headcount(HC): 0.0169755
          Poverty gap (PG): 0.0037096
       Poverty gap squared: 0.00122984
                      Gini: 0.454575
                    Median: 240.907
                       MLD: 0.348624
                      Watt: 0.00456737
--------------------------------------------------

-------------------------------- Income or Consumption share by deciles (%) -------------------------------------
     2.0643     3.2158     4.1657     5.0575     6.0014     7.2243     9.0328     11.616     15.865     35.758
-----------------------------------------------------------------------------------------------------------------


