

**********************************************************************************************
**                                   Basic Information                                      **
**********************************************************************************************

----------------- Dataset Information -----------------
                         Country: Jamaica
                    Country dode: JAM
                       Data Year: 1999
                        Coverage: National
             Welfare measurement: Consumption
                     Data format: Unit record
                     Data source: JAM_N1999X
                  Data time span: UnDefined
-------------------------------------------------------


----------- Distribution ------------
   i           P           L 
-------------------------------------
   0    0.011294   0.0010723
   1    0.021985   0.0025643
   2    0.031008     0.00407
   3    0.041013   0.0059795
   4     0.05006    0.007908
   5    0.060382    0.010254
   6    0.070191    0.012625
   7    0.081306     0.01542
   8    0.090253    0.017774
   9     0.10107    0.020798
  10      0.1111    0.023733
  11     0.12058    0.026596
  12     0.13053    0.029706
  13     0.14004    0.032792
  14     0.15045    0.036268
  15      0.1601    0.039662
  16     0.17062    0.043473
  17     0.18041      0.0471
  18     0.19076    0.051019
  19     0.20019    0.054655
  20     0.21129    0.059014
  21     0.22006    0.062531
  22     0.23031    0.066743
  23     0.24002    0.070818
  24      0.2503    0.075261
  25     0.26054    0.079836
  26     0.27092    0.084594
  27     0.28028    0.088968
  28     0.29091    0.094042
  29     0.30061     0.09875
  30     0.31059     0.10367
  31     0.32124     0.10905
  32     0.33024      0.1137
  33      0.3404     0.11904
  34     0.35095     0.12468
  35     0.36095     0.13012
  36     0.37043     0.13537
  37     0.38092     0.14127
  38     0.39009     0.14651
  39     0.40089     0.15282
  40     0.41111     0.15886
  41     0.42088     0.16471
  42     0.43062     0.17064
  43     0.44043     0.17673
  44     0.45011     0.18283
  45     0.46023     0.18935
  46     0.47079     0.19628
  47     0.48041     0.20268
  48     0.49011     0.20928
  49     0.50065     0.21653
  50     0.51093     0.22372
  51     0.52034     0.23043
  52        0.53     0.23742
  53     0.54012     0.24488
  54     0.55025     0.25246
  55     0.56039     0.26017
  56     0.57159     0.26885
  57     0.58021     0.27563
  58      0.5903     0.28371
  59     0.60059      0.2921
  60     0.61034     0.30016
  61     0.62027     0.30848
  62     0.63066     0.31735
  63     0.64027      0.3257
  64     0.65116     0.33533
  65     0.66076     0.34392
  66      0.6702     0.35251
  67     0.68128     0.36282
  68     0.69027     0.37136
  69     0.70083     0.38165
  70     0.71065     0.39138
  71     0.72019     0.40107
  72      0.7304     0.41183
  73     0.74015     0.42239
  74     0.75015     0.43347
  75     0.76079      0.4456
  76     0.77001     0.45638
  77      0.7802     0.46857
  78     0.79024     0.48088
  79     0.80034     0.49362
  80     0.81022      0.5064
  81     0.82011     0.51975
  82     0.83024     0.53409
  83     0.84127     0.55029
  84     0.85005     0.56355
  85     0.86008     0.57924
  86     0.87015     0.59581
  87     0.88002     0.61288
  88      0.8909     0.63255
  89     0.90008     0.64984
  90     0.91043     0.67061
  91     0.92069      0.6927
  92     0.93021     0.71463
  93     0.94024     0.73981
  94     0.95012     0.76617
  95     0.96007     0.79488
  96     0.97047     0.82814
  97     0.98074     0.86766
  98     0.99007     0.91295
  99           1           1
-----------------------------------------

----------------- PPP$ and local currency --------------
         PPP used in computation: 63.3544
     Data mean in local currency: 6251.87
               Data mean in PPP$: 339.014
        Poverty line in PPP$/Day: 1.9
      Poverty line in PPP$/Month: 57.7917
  Poverty line in local currency: 1065.76
-------------------------------------------------------

----------------- Estimation result --------------
     Number of observation: 1866
          Total population: 8853.65
              Total wealth: 873686(PPP$)
                   Minimum: 0(PPP$)
                   Maximum: 4116.84(PPP$)
             Headcount(HC): 0.0261433
          Poverty gap (PG): 0.00721919
       Poverty gap squared: 0.00295519
                      Gini: 0.440802
                    Median: 235.004
                       MLD: 0.336505
                      Watt: 0.00849165
--------------------------------------------------

-------------------------------- Income or Consumption share by deciles (%) -------------------------------------
     2.0499     3.4084     4.3872     5.3843     6.3787     7.5535      8.922     11.235      15.65     35.031
-----------------------------------------------------------------------------------------------------------------


