

**********************************************************************************************
**                                   Basic Information                                      **
**********************************************************************************************

----------------- Dataset Information -----------------
                         Country: Jamaica
                    Country dode: JAM
                       Data Year: 1996
                        Coverage: National
             Welfare measurement: Consumption
                     Data format: Unit record
                     Data source: JAM_N1996X
                  Data time span: UnDefined
-------------------------------------------------------


----------- Distribution ------------
   i           P           L 
-------------------------------------
   0    0.010938   0.0014165
   1    0.020356   0.0030322
   2    0.030091   0.0050394
   3    0.041006   0.0076147
   4    0.050196    0.010062
   5    0.061789    0.013305
   6    0.070081    0.015757
   7    0.080945    0.019057
   8    0.090432     0.02203
   9     0.10012    0.025174
  10     0.11229    0.029303
  11     0.12062    0.032243
  12     0.13023    0.035776
  13     0.14137     0.04002
  14     0.15099     0.04379
  15     0.16012    0.047463
  16     0.17115    0.051972
  17     0.18049     0.05583
  18     0.19006    0.059852
  19     0.20099    0.064525
  20     0.21119    0.068971
  21     0.22009    0.072924
  22     0.23058    0.077678
  23     0.24151    0.082737
  24     0.25035    0.086898
  25     0.26073    0.091893
  26     0.27052    0.096698
  27     0.28023     0.10156
  28     0.29079     0.10699
  29     0.30045     0.11202
  30     0.31008     0.11715
  31     0.32034     0.12272
  32     0.33046     0.12831
  33     0.34062     0.13402
  34     0.35038     0.13963
  35     0.36018     0.14533
  36      0.3702     0.15126
  37     0.38059     0.15751
  38     0.39066     0.16372
  39     0.40026      0.1697
  40     0.41026     0.17603
  41     0.42027     0.18252
  42     0.43056     0.18929
  43      0.4404     0.19592
  44      0.4501     0.20258
  45     0.46021     0.20962
  46     0.47045     0.21684
  47     0.48041     0.22394
  48     0.49003     0.23092
  49     0.50021     0.23838
  50     0.51039     0.24597
  51     0.52035     0.25356
  52     0.53085     0.26174
  53     0.54068     0.26953
  54     0.55089     0.27771
  55     0.56034     0.28532
  56     0.57069     0.29381
  57     0.58042     0.30187
  58     0.59363     0.31303
  59     0.60061     0.31899
  60     0.61001     0.32711
  61     0.62057      0.3364
  62     0.63054     0.34534
  63     0.64051     0.35446
  64     0.65022     0.36349
  65     0.66046     0.37311
  66     0.67064     0.38284
  67     0.68223     0.39413
  68     0.69014     0.40196
  69     0.70015     0.41199
  70     0.71108     0.42315
  71     0.72046     0.43291
  72     0.73002     0.44308
  73     0.74042     0.45441
  74      0.7505     0.46567
  75     0.76035     0.47695
  76     0.77011     0.48848
  77      0.7829       0.504
  78     0.79064     0.51355
  79     0.80008     0.52543
  80     0.81003     0.53815
  81     0.82006     0.55119
  82     0.83024     0.56471
  83     0.84037     0.57862
  84     0.85023     0.59266
  85      0.8609     0.60865
  86     0.87046      0.6236
  87     0.88005     0.63907
  88     0.89017     0.65596
  89      0.9001      0.6734
  90     0.91007     0.69212
  91     0.92077     0.71351
  92     0.93039     0.73396
  93     0.94028     0.75634
  94     0.95018     0.78055
  95      0.9602     0.80759
  96     0.97021     0.83795
  97     0.98046     0.87524
  98     0.99002     0.91754
  99           1           1
-----------------------------------------

----------------- PPP$ and local currency --------------
         PPP used in computation: 63.3544
     Data mean in local currency: 3690.65
               Data mean in PPP$: 252.252
        Poverty line in PPP$/Day: 1.9
      Poverty line in PPP$/Month: 57.7917
  Poverty line in local currency: 845.541
-------------------------------------------------------

----------------- Estimation result --------------
     Number of observation: 1822
          Total population: 9393.45
              Total wealth: 547206(PPP$)
                   Minimum: 4.70527(PPP$)
                   Maximum: 1474.5(PPP$)
             Headcount(HC): 0.0342804
          Poverty gap (PG): 0.0082093
       Poverty gap squared: 0.00295305
                      Gini: 0.403949
                    Median: 186.516
                       MLD: 0.274932
                      Watt: 0.0104343
--------------------------------------------------

-------------------------------- Income or Consumption share by deciles (%) -------------------------------------
     2.5136     3.8968     4.7685     5.7753      6.869     8.0241     9.3363     11.349      14.79     32.677
-----------------------------------------------------------------------------------------------------------------


