

**********************************************************************************************
**                                   Basic Information                                      **
**********************************************************************************************

----------------- Dataset Information -----------------
                         Country: Jamaica
                    Country dode: JAM
                       Data Year: 1990
                        Coverage: National
             Welfare measurement: Consumption
                     Data format: Unit record
                     Data source: JAM_N1990X
                  Data time span: UnDefined
-------------------------------------------------------


----------- Distribution ------------
   i           P           L 
-------------------------------------
   0    0.011356   0.0015916
   1    0.020219     0.00326
   2    0.030466   0.0055059
   3     0.04016   0.0077721
   4      0.0511    0.010502
   5    0.060102    0.012862
   6    0.070211    0.015629
   7    0.080182     0.01854
   8    0.090707    0.021756
   9     0.10082    0.024913
  10     0.11023    0.027951
  11      0.1202    0.031286
  12     0.13073    0.034952
  13     0.14028    0.038394
  14      0.1515    0.042505
  15      0.1605    0.045856
  16      0.1702     0.04954
  17     0.18017    0.053407
  18     0.19014    0.057379
  19      0.2008    0.061763
  20     0.21022    0.065699
  21     0.22033     0.07006
  22     0.23016    0.074361
  23     0.24055    0.078986
  24     0.25135    0.083872
  25     0.26007    0.087904
  26     0.27046    0.092817
  27     0.28001     0.09744
  28      0.2904     0.10255
  29     0.30051     0.10763
  30     0.31076     0.11289
  31     0.32031     0.11792
  32     0.33015     0.12319
  33     0.34067     0.12892
  34     0.35106     0.13469
  35     0.36047     0.13999
  36     0.37072     0.14585
  37     0.38055     0.15158
  38     0.39011     0.15721
  39     0.40091     0.16366
  40     0.41019     0.16931
  41      0.4203     0.17556
  42     0.43013     0.18178
  43      0.4401     0.18826
  44     0.45077     0.19529
  45     0.46032     0.20172
  46     0.47001     0.20838
  47     0.48012      0.2154
  48     0.49009     0.22242
  49      0.5002     0.22965
  50     0.51031     0.23699
  51     0.52042     0.24445
  52     0.53025     0.25187
  53      0.5405     0.25969
  54     0.55006      0.2671
  55     0.56127     0.27598
  56     0.57055     0.28342
  57     0.58011     0.29117
  58     0.59036     0.29968
  59     0.60019     0.30803
  60     0.61099     0.31739
  61     0.62041     0.32568
  62     0.63052     0.33472
  63     0.64021     0.34357
  64      0.6506     0.35331
  65     0.66015     0.36242
  66     0.67012     0.37208
  67     0.68037     0.38229
  68     0.69034     0.39252
  69     0.70004      0.4026
  70     0.71042     0.41362
  71     0.72039     0.42441
  72     0.73023     0.43529
  73     0.74047     0.44692
  74     0.75017     0.45815
  75        0.76     0.46985
  76     0.77039     0.48248
  77     0.78077      0.4955
  78     0.79019     0.50763
  79      0.8003     0.52102
  80     0.81041     0.53473
  81      0.8201     0.54825
  82     0.83049     0.56316
  83     0.84032      0.5778
  84     0.85057     0.59363
  85     0.86013     0.60898
  86     0.87037     0.62604
  87     0.88034     0.64325
  88     0.89032     0.66133
  89     0.90001      0.6795
  90     0.91012     0.69945
  91     0.92009     0.72012
  92      0.9302      0.7419
  93     0.94017     0.76482
  94     0.95014     0.79008
  95     0.96025     0.81827
  96     0.97036     0.84955
  97     0.98006     0.88402
  98     0.99044     0.93004
  99           1           1
-----------------------------------------

----------------- PPP$ and local currency --------------
         PPP used in computation: 63.3544
     Data mean in local currency: 592.059
               Data mean in PPP$: 233.818
        Poverty line in PPP$/Day: 1.9
      Poverty line in PPP$/Month: 57.7917
  Poverty line in local currency: 146.336
-------------------------------------------------------

----------------- Estimation result --------------
     Number of observation: 1820
          Total population: 1.00001
              Total wealth: 9.34527(PPP$)
                   Minimum: 0.53177(PPP$)
                   Maximum: 219.712(PPP$)
             Headcount(HC): 0.045561
          Poverty gap (PG): 0.00875996
       Poverty gap squared: 0.00296193
                      Gini: 0.411141
                    Median: 168.064
                       MLD: 0.281551
                      Watt: 0.0109569
--------------------------------------------------

-------------------------------- Income or Consumption share by deciles (%) -------------------------------------
     2.4658     3.6775     4.5939     5.5742     6.6393     7.8359     9.4692     11.806     15.886     32.052
-----------------------------------------------------------------------------------------------------------------


