

**********************************************************************************************
**                                   Basic Information                                      **
**********************************************************************************************

----------------- Dataset Information -----------------
                         Country: Kazakhstan
                    Country dode: KAZ
                       Data Year: 2004
                        Coverage: National
             Welfare measurement: Consumption
                     Data format: Unit record
                     Data source: KAZ_N2004X
                  Data time span: UnDefined
-------------------------------------------------------


----------- Distribution ------------
   i           P           L 
-------------------------------------
   0    0.010022   0.0021153
   1    0.020016   0.0048282
   2    0.030014   0.0078543
   3    0.040007     0.01111
   4    0.050008    0.014587
   5    0.060036    0.018251
   6    0.070018    0.022066
   7    0.080023    0.026032
   8    0.090015    0.030135
   9     0.10002    0.034374
  10     0.11002    0.038733
  11     0.12004    0.043213
  12     0.13002     0.04778
  13        0.14    0.052461
  14        0.15    0.057253
  15        0.16    0.062155
  16     0.17001    0.067162
  17     0.18003    0.072272
  18        0.19    0.077461
  19     0.20001    0.082762
  20        0.21     0.08815
  21     0.22001     0.09364
  22     0.23002    0.099229
  23     0.24002     0.10491
  24     0.25002     0.11068
  25     0.26003     0.11656
  26     0.27003     0.12252
  27     0.28002     0.12858
  28     0.29002     0.13473
  29     0.30001     0.14097
  30        0.31     0.14729
  31        0.32     0.15373
  32     0.33003     0.16027
  33     0.34001     0.16688
  34        0.35     0.17359
  35     0.36001     0.18041
  36        0.37     0.18731
  37        0.38     0.19432
  38     0.39001     0.20142
  39     0.40002     0.20864
  40        0.41     0.21593
  41     0.42002     0.22335
  42        0.43     0.23086
  43     0.44003      0.2385
  44     0.45001     0.24621
  45     0.46002     0.25405
  46     0.47002       0.262
  47     0.48002     0.27005
  48     0.49004     0.27824
  49         0.5     0.28649
  50     0.51001      0.2949
  51     0.52001      0.3034
  52     0.53001     0.31204
  53     0.54003     0.32081
  54     0.55002     0.32968
  55     0.56001     0.33867
  56     0.57001      0.3478
  57     0.58002     0.35708
  58     0.59003     0.36648
  59         0.6       0.376
  60     0.61001     0.38569
  61        0.62     0.39552
  62        0.63      0.4055
  63     0.64001     0.41565
  64        0.65     0.42593
  65        0.66     0.43639
  66        0.67     0.44699
  67     0.68001     0.45777
  68     0.69001     0.46872
  69     0.70001     0.47983
  70     0.71002     0.49114
  71        0.72     0.50259
  72        0.73     0.51427
  73     0.74003     0.52615
  74     0.75002     0.53821
  75     0.76002      0.5505
  76        0.77     0.56299
  77     0.78001     0.57573
  78     0.79001     0.58871
  79         0.8     0.60195
  80     0.81001     0.61548
  81     0.82001     0.62926
  82        0.83     0.64333
  83     0.84001     0.65774
  84        0.85     0.67248
  85     0.86001     0.68758
  86        0.87     0.70304
  87     0.88001     0.71893
  88     0.89001     0.73528
  89     0.90002     0.75215
  90     0.91001     0.76958
  91     0.92001     0.78772
  92     0.93002     0.80667
  93        0.94     0.82648
  94        0.95     0.84742
  95        0.96     0.86972
  96        0.97     0.89374
  97     0.98003     0.92026
  98     0.99001     0.95099
  99           1           1
-----------------------------------------

----------------- PPP$ and local currency --------------
         PPP used in computation: 83.6116
     Data mean in local currency: 8112.41
               Data mean in PPP$: 183.179
        Poverty line in PPP$/Day: 1.9
      Poverty line in PPP$/Month: 57.7917
  Poverty line in local currency: 2559.4
-------------------------------------------------------

----------------- Estimation result --------------
     Number of observation: 47235
          Total population: 1.4968E+07
              Total wealth: 1.45227E+09(PPP$)
                   Minimum: 10.5836(PPP$)
                   Maximum: 2719.42(PPP$)
             Headcount(HC): 0.0303735
          Poverty gap (PG): 0.0051189
       Poverty gap squared: 0.00142775
                      Gini: 0.314223
                    Median: 152.67
                       MLD: 0.162209
                      Watt: 0.00608623
--------------------------------------------------

-------------------------------- Income or Consumption share by deciles (%) -------------------------------------
     3.4368     4.8391       5.82     6.7662     7.7864     8.9515     10.382     12.213     15.016     24.789
-----------------------------------------------------------------------------------------------------------------


