

**********************************************************************************************
**                                   Basic Information                                      **
**********************************************************************************************

----------------- Dataset Information -----------------
                         Country: Kazakhstan
                    Country dode: KAZ
                       Data Year: 2005
                        Coverage: National
             Welfare measurement: Consumption
                     Data format: Unit record
                     Data source: KAZ_N2005X
                  Data time span: UnDefined
-------------------------------------------------------


----------- Distribution ------------
   i           P           L 
-------------------------------------
   0    0.010016   0.0022254
   1    0.020011   0.0050831
   2    0.030004   0.0082652
   3     0.04001     0.01171
   4    0.050014    0.015373
   5    0.060006    0.019217
   6    0.070001    0.023217
   7    0.080009     0.02737
   8    0.090011    0.031664
   9     0.10001    0.036089
  10        0.11    0.040636
  11     0.12002    0.045312
  12     0.13002      0.0501
  13     0.14001    0.054987
  14     0.15001    0.059986
  15     0.16001    0.065089
  16     0.17002      0.0703
  17     0.18001    0.075595
  18     0.19001    0.081003
  19     0.20002    0.086521
  20     0.21002     0.09213
  21        0.22    0.097829
  22     0.23001     0.10364
  23     0.24001     0.10954
  24     0.25001     0.11554
  25        0.26     0.12163
  26     0.27001     0.12782
  27     0.28001     0.13412
  28     0.29001     0.14049
  29         0.3     0.14697
  30     0.31002     0.15356
  31     0.32002     0.16023
  32     0.33002     0.16699
  33     0.34001     0.17385
  34     0.35001     0.18082
  35     0.36001     0.18788
  36     0.37002     0.19504
  37        0.38     0.20228
  38     0.39002     0.20963
  39         0.4     0.21706
  40        0.41      0.2246
  41     0.42002     0.23225
  42        0.43     0.23998
  43     0.44003     0.24784
  44     0.45002     0.25579
  45     0.46001     0.26383
  46        0.47     0.27198
  47     0.48001     0.28025
  48     0.49001     0.28862
  49         0.5      0.2971
  50     0.51002     0.30573
  51     0.52003     0.31446
  52     0.53002      0.3233
  53     0.54003     0.33225
  54     0.55001     0.34132
  55     0.56001     0.35052
  56     0.57002     0.35986
  57     0.58002      0.3693
  58        0.59     0.37886
  59     0.60001     0.38859
  60        0.61     0.39844
  61        0.62     0.40842
  62     0.63001     0.41856
  63     0.64001     0.42883
  64     0.65001     0.43924
  65        0.66      0.4498
  66     0.67002     0.46053
  67     0.68001      0.4714
  68     0.69002     0.48244
  69     0.70003     0.49365
  70     0.71002     0.50501
  71     0.72001     0.51654
  72     0.73001     0.52827
  73     0.74001     0.54016
  74     0.75001     0.55228
  75     0.76002      0.5646
  76        0.77      0.5771
  77        0.78     0.58985
  78     0.79001     0.60284
  79     0.80001     0.61606
  80     0.81001     0.62954
  81        0.82     0.64327
  82        0.83      0.6573
  83     0.84001     0.67166
  84     0.85001     0.68632
  85        0.86     0.70131
  86     0.87001     0.71669
  87     0.88001     0.73247
  88     0.89002     0.74871
  89     0.90001     0.76541
  90     0.91001     0.78271
  91     0.92001     0.80063
  92     0.93001     0.81925
  93     0.94002     0.83871
  94     0.95001     0.85911
  95     0.96001     0.88075
  96     0.97001     0.90387
  97     0.98001     0.92918
  98        0.99     0.95802
  99           1           1
-----------------------------------------

----------------- PPP$ and local currency --------------
         PPP used in computation: 83.6116
     Data mean in local currency: 13696.1
               Data mean in PPP$: 287.471
        Poverty line in PPP$/Day: 1.9
      Poverty line in PPP$/Month: 57.7917
  Poverty line in local currency: 2753.41
-------------------------------------------------------

----------------- Estimation result --------------
     Number of observation: 46898
          Total population: 1.47619E+07
              Total wealth: 2.4181E+09(PPP$)
                   Minimum: 12.9147(PPP$)
                   Maximum: 2273.45(PPP$)
             Headcount(HC): 0.00211889
          Poverty gap (PG): 0.000372969
       Poverty gap squared: 0.000111363
                      Gini: 0.296487
                    Median: 245.908
                       MLD: 0.143953
                      Watt: 0.000450611
--------------------------------------------------

-------------------------------- Income or Consumption share by deciles (%) -------------------------------------
     3.6082      5.043     6.0454     7.0089     8.0045     9.1479     10.504     12.243     14.936      23.46
-----------------------------------------------------------------------------------------------------------------


