

**********************************************************************************************
**                                   Basic Information                                      **
**********************************************************************************************

----------------- Dataset Information -----------------
                         Country: Kazakhstan
                    Country dode: KAZ
                       Data Year: 2010
                        Coverage: National
             Welfare measurement: Consumption
                     Data format: Unit record
                     Data source: KAZ_N2010X
                  Data time span: UnDefined
-------------------------------------------------------


----------- Distribution ------------
   i           P           L 
-------------------------------------
   0    0.010006   0.0024884
   1    0.020027   0.0056607
   2     0.03001   0.0092072
   3    0.040014    0.013039
   4    0.050045    0.017136
   5    0.060015    0.021416
   6     0.07001    0.025901
   7     0.08001    0.030561
   8    0.090014    0.035356
   9         0.1    0.040257
  10        0.11    0.045269
  11     0.12002     0.05039
  12     0.13002    0.055593
  13     0.14004    0.060905
  14     0.15001    0.066284
  15     0.16004    0.071779
  16        0.17    0.077324
  17        0.18    0.082974
  18     0.19002    0.088712
  19     0.20002    0.094528
  20        0.21     0.10042
  21        0.22     0.10639
  22     0.23001     0.11246
  23     0.24001      0.1186
  24     0.25001     0.12483
  25        0.26     0.13113
  26     0.27002     0.13754
  27     0.28003     0.14401
  28     0.29002     0.15055
  29     0.30002     0.15719
  30     0.31005     0.16391
  31     0.32003      0.1707
  32     0.33001     0.17757
  33     0.34002     0.18455
  34     0.35002     0.19159
  35     0.36002     0.19872
  36        0.37     0.20591
  37        0.38     0.21322
  38     0.39001     0.22061
  39         0.4     0.22808
  40     0.41002     0.23565
  41     0.42002     0.24329
  42     0.43001     0.25102
  43        0.44     0.25883
  44     0.45001     0.26674
  45     0.46001     0.27473
  46     0.47001     0.28281
  47     0.48003       0.291
  48     0.49001     0.29924
  49     0.50002      0.3076
  50     0.51001     0.31605
  51     0.52001     0.32461
  52     0.53002     0.33328
  53     0.54001     0.34204
  54     0.55001     0.35091
  55     0.56001     0.35989
  56        0.57     0.36897
  57     0.58001     0.37818
  58     0.59001     0.38751
  59         0.6     0.39695
  60     0.61002     0.40654
  61     0.62002     0.41624
  62     0.63002     0.42606
  63     0.64001     0.43603
  64     0.65002     0.44613
  65     0.66001     0.45636
  66     0.67001     0.46675
  67     0.68001     0.47728
  68     0.69001     0.48797
  69         0.7     0.49881
  70        0.71     0.50982
  71     0.72001       0.521
  72     0.73001     0.53234
  73     0.74001     0.54388
  74     0.75001     0.55561
  75     0.76001     0.56755
  76     0.77003      0.5797
  77        0.78     0.59203
  78     0.79004     0.60468
  79         0.8     0.61746
  80        0.81     0.63052
  81     0.82001     0.64385
  82     0.83001     0.65746
  83     0.84002     0.67139
  84     0.85001     0.68562
  85     0.86002     0.70023
  86     0.87001     0.71519
  87        0.88     0.73055
  88        0.89     0.74639
  89     0.90001     0.76277
  90     0.91001     0.77971
  91     0.92003     0.79731
  92     0.93001     0.81561
  93     0.94002     0.83483
  94        0.95     0.85501
  95        0.96     0.87645
  96     0.97001     0.89954
  97     0.98001     0.92499
  98     0.99001      0.9546
  99           1           1
-----------------------------------------

----------------- PPP$ and local currency --------------
         PPP used in computation: 83.6116
     Data mean in local currency: 22655.7
               Data mean in PPP$: 293.586
        Poverty line in PPP$/Day: 1.9
      Poverty line in PPP$/Month: 57.7917
  Poverty line in local currency: 4459.73
-------------------------------------------------------

----------------- Estimation result --------------
     Number of observation: 47757
          Total population: 1.63908E+07
              Total wealth: 4.44132E+09(PPP$)
                   Minimum: 24.335(PPP$)
                   Maximum: 6053.86(PPP$)
             Headcount(HC): 0.00121998
          Poverty gap (PG): 0.000178559
       Poverty gap squared: 4.86697E-05
                      Gini: 0.285617
                    Median: 246.655
                       MLD: 0.132655
                      Watt: 0.000212016
--------------------------------------------------

-------------------------------- Income or Consumption share by deciles (%) -------------------------------------
     4.0255     5.4261     6.2657     7.0904     7.9509     8.9362     10.186     11.864      14.53     23.725
-----------------------------------------------------------------------------------------------------------------


