

**********************************************************************************************
**                                   Basic Information                                      **
**********************************************************************************************

----------------- Dataset Information -----------------
                         Country: Kazakhstan
                    Country dode: KAZ
                       Data Year: 2006
                        Coverage: National
             Welfare measurement: Consumption
                     Data format: Unit record
                     Data source: KAZ_N2006X
                  Data time span: UnDefined
-------------------------------------------------------


----------- Distribution ------------
   i           P           L 
-------------------------------------
   0    0.010051     0.00223
   1    0.020048   0.0051193
   2    0.030059   0.0084015
   3    0.040119    0.011976
   4    0.050052    0.015751
   5    0.060066    0.019758
   6    0.070081    0.023964
   7    0.080049     0.02829
   8    0.090045    0.032768
   9      0.1001    0.037404
  10     0.11004     0.04211
  11     0.12006     0.04698
  12        0.13    0.051926
  13      0.1401    0.057076
  14     0.15001    0.062231
  15     0.16001    0.067535
  16     0.17006    0.072968
  17     0.18005    0.078459
  18     0.19001    0.084036
  19     0.20006    0.089754
  20     0.21001    0.095497
  21     0.22008     0.10141
  22     0.23006     0.10736
  23     0.24014     0.11345
  24     0.25003     0.11951
  25     0.26004     0.12574
  26     0.27007     0.13206
  27     0.28002     0.13841
  28     0.29006     0.14491
  29     0.30006     0.15146
  30     0.31004     0.15808
  31     0.32004     0.16481
  32     0.33002     0.17159
  33        0.34     0.17846
  34     0.35005     0.18545
  35     0.36004     0.19247
  36     0.37002     0.19957
  37     0.38011     0.20683
  38     0.39004     0.21405
  39     0.40009     0.22144
  40     0.41007     0.22887
  41     0.42003     0.23638
  42     0.43004       0.244
  43     0.44005     0.25172
  44     0.45008     0.25955
  45      0.4601     0.26747
  46     0.47006     0.27544
  47     0.48001      0.2835
  48     0.49005     0.29172
  49     0.50008     0.30002
  50     0.51005     0.30836
  51     0.52011     0.31686
  52     0.53003     0.32534
  53     0.54003     0.33399
  54     0.55008     0.34281
  55     0.56006     0.35169
  56     0.57006      0.3607
  57     0.58008     0.36983
  58     0.59003     0.37901
  59     0.60002     0.38836
  60     0.61001     0.39784
  61     0.62006     0.40752
  62     0.63006     0.41727
  63     0.64001     0.42709
  64     0.65008     0.43717
  65      0.6602     0.44743
  66     0.67001     0.45752
  67     0.68007     0.46802
  68     0.69003     0.47858
  69     0.70003     0.48932
  70     0.71012     0.50032
  71     0.72005     0.51133
  72        0.73     0.52252
  73     0.74005     0.53403
  74     0.75002     0.54565
  75     0.76001     0.55748
  76     0.77001     0.56955
  77     0.78002     0.58186
  78     0.79001      0.5944
  79     0.80005     0.60725
  80     0.81004      0.6203
  81     0.82003     0.63366
  82     0.83007     0.64739
  83        0.84     0.66129
  84     0.85009     0.67572
  85     0.86005     0.69032
  86     0.87001     0.70527
  87     0.88001     0.72064
  88     0.89005     0.73653
  89         0.9     0.75271
  90     0.91006     0.76959
  91     0.92004     0.78697
  92     0.93006     0.80519
  93     0.94005     0.82428
  94     0.95001     0.84444
  95     0.96003     0.86607
  96     0.97003     0.88948
  97     0.98003     0.91554
  98     0.99002     0.94587
  99           1           1
-----------------------------------------

----------------- PPP$ and local currency --------------
         PPP used in computation: 83.6116
     Data mean in local currency: 12320.9
               Data mean in PPP$: 238.146
        Poverty line in PPP$/Day: 1.9
      Poverty line in PPP$/Month: 57.7917
  Poverty line in local currency: 2989.95
-------------------------------------------------------

----------------- Estimation result --------------
     Number of observation: 11994
          Total population: 1.4909E+07
              Total wealth: 2.19697E+09(PPP$)
                   Minimum: 17.2666(PPP$)
                   Maximum: 3030.38(PPP$)
             Headcount(HC): 0.00622189
          Poverty gap (PG): 0.00105726
       Poverty gap squared: 0.000294013
                      Gini: 0.299849
                    Median: 198.159
                       MLD: 0.148754
                      Watt: 0.00125239
--------------------------------------------------

-------------------------------- Income or Consumption share by deciles (%) -------------------------------------
     3.7355     5.2361     6.1706     6.9955     7.8579     8.8385     10.095     11.789     14.553     24.729
-----------------------------------------------------------------------------------------------------------------


