

**********************************************************************************************
**                                   Basic Information                                      **
**********************************************************************************************

----------------- Dataset Information -----------------
                         Country: Kazakhstan
                    Country dode: KAZ
                       Data Year: 2008
                        Coverage: National
             Welfare measurement: Consumption
                     Data format: Unit record
                     Data source: KAZ_N2008X
                  Data time span: UnDefined
-------------------------------------------------------


----------- Distribution ------------
   i           P           L 
-------------------------------------
   0    0.010021   0.0024831
   1    0.020013   0.0056849
   2    0.030018   0.0092788
   3    0.040013    0.013138
   4      0.0501    0.017218
   5    0.060059      0.0214
   6    0.070035    0.025761
   7    0.080063     0.03032
   8    0.090041    0.034988
   9     0.10006    0.039813
  10     0.11008    0.044765
  11     0.12009    0.049819
  12     0.13002     0.05498
  13     0.14012    0.060312
  14     0.15012    0.065679
  15     0.16013    0.071148
  16     0.17004    0.076654
  17     0.18001    0.082263
  18     0.19014    0.088046
  19     0.20015    0.093827
  20     0.21006    0.099642
  21     0.22004     0.10557
  22     0.23008     0.11161
  23     0.24008     0.11771
  24     0.25011     0.12391
  25     0.26009     0.13018
  26     0.27007     0.13652
  27        0.28      0.1429
  28     0.29004     0.14944
  29         0.3     0.15601
  30     0.31014     0.16278
  31     0.32009     0.16949
  32     0.33004     0.17627
  33     0.34009     0.18321
  34      0.3501      0.1902
  35     0.36002     0.19722
  36     0.37004     0.20438
  37     0.38015      0.2117
  38     0.39004     0.21894
  39     0.40009     0.22636
  40     0.41001     0.23379
  41     0.42002     0.24137
  42     0.43003     0.24903
  43     0.44008      0.2568
  44     0.45001     0.26457
  45     0.46004     0.27251
  46     0.47004     0.28052
  47     0.48014     0.28868
  48     0.49008     0.29681
  49     0.50014     0.30513
  50      0.5101     0.31345
  51     0.52002     0.32183
  52     0.53012     0.33047
  53     0.54002     0.33905
  54     0.55004     0.34785
  55     0.56008      0.3568
  56        0.57     0.36575
  57     0.58001     0.37489
  58     0.59002     0.38416
  59         0.6     0.39354
  60     0.61004     0.40311
  61     0.62006      0.4128
  62     0.63006     0.42261
  63     0.64005     0.43256
  64     0.65005     0.44263
  65     0.66003      0.4528
  66     0.67008     0.46321
  67     0.68007     0.47368
  68     0.69003     0.48427
  69     0.70001     0.49505
  70     0.71001       0.506
  71     0.72002     0.51713
  72     0.73004     0.52846
  73     0.74002     0.53991
  74     0.75009     0.55165
  75     0.76009     0.56352
  76     0.77004     0.57555
  77     0.78002     0.58784
  78     0.79001     0.60035
  79     0.80004     0.61314
  80     0.81001     0.62614
  81     0.82003     0.63948
  82     0.83004     0.65309
  83     0.84001     0.66692
  84     0.85007     0.68123
  85     0.86007      0.6958
  86     0.87007      0.7107
  87     0.88001     0.72592
  88        0.89     0.74164
  89     0.90005     0.75788
  90     0.91003     0.77456
  91     0.92001     0.79185
  92     0.93001     0.80996
  93     0.94001     0.82896
  94     0.95006     0.84914
  95     0.96001     0.87069
  96     0.97002     0.89423
  97     0.98001     0.92017
  98     0.99004      0.9509
  99           1           1
-----------------------------------------

----------------- PPP$ and local currency --------------
         PPP used in computation: 83.6116
     Data mean in local currency: 18649
               Data mean in PPP$: 277.774
        Poverty line in PPP$/Day: 1.9
      Poverty line in PPP$/Month: 57.7917
  Poverty line in local currency: 3879.98
-------------------------------------------------------

----------------- Estimation result --------------
     Number of observation: 11999
          Total population: 1.55715E+07
              Total wealth: 3.47312E+09(PPP$)
                   Minimum: 40.3592(PPP$)
                   Maximum: 4081.97(PPP$)
             Headcount(HC): 0.00127117
          Poverty gap (PG): 5.67217E-05
       Poverty gap squared: 4.22324E-06
                      Gini: 0.290739
                    Median: 230.828
                       MLD: 0.137821
                      Watt: 5.89832E-05
--------------------------------------------------

-------------------------------- Income or Consumption share by deciles (%) -------------------------------------
     3.9787     5.3956     6.2266      7.029     7.8711     8.8528      10.15     11.805     14.471      24.22
-----------------------------------------------------------------------------------------------------------------


