

**********************************************************************************************
**                                   Basic Information                                      **
**********************************************************************************************

----------------- Dataset Information -----------------
                         Country: Kazakhstan
                    Country dode: KAZ
                       Data Year: 2003
                        Coverage: National
             Welfare measurement: Consumption
                     Data format: Unit record
                     Data source: KAZ_N2003X
                  Data time span: UnDefined
-------------------------------------------------------


----------- Distribution ------------
   i           P           L 
-------------------------------------
   0    0.010008   0.0018035
   1    0.020017   0.0042081
   2    0.030036    0.006925
   3    0.040023   0.0098862
   4    0.050008    0.013058
   5    0.060023    0.016406
   6     0.07002    0.019907
   7    0.080023     0.02355
   8    0.090038    0.027331
   9     0.10002    0.031234
  10        0.11     0.03526
  11     0.12002    0.039422
  12     0.13001    0.043687
  13     0.14002    0.048077
  14     0.15001    0.052575
  15     0.16001    0.057186
  16     0.17003    0.061911
  17        0.18    0.066715
  18        0.19    0.071629
  19     0.20002    0.076647
  20     0.21001    0.081749
  21     0.22004    0.086974
  22     0.23001    0.092273
  23     0.24001    0.097693
  24     0.25001     0.10321
  25     0.26001     0.10882
  26     0.27002     0.11454
  27     0.28002     0.12035
  28     0.29003     0.12627
  29     0.30003     0.13227
  30        0.31     0.13837
  31     0.32001     0.14459
  32        0.33     0.15088
  33     0.34007     0.15734
  34     0.35004     0.16384
  35        0.36     0.17044
  36     0.37002     0.17719
  37     0.38001     0.18403
  38     0.39001     0.19098
  39     0.40001     0.19804
  40     0.41001     0.20521
  41     0.42002     0.21249
  42     0.43001     0.21986
  43     0.44001     0.22735
  44     0.45001     0.23495
  45     0.46002     0.24267
  46     0.47002     0.25051
  47     0.48003     0.25846
  48     0.49002     0.26651
  49     0.50001     0.27467
  50        0.51     0.28298
  51        0.52     0.29142
  52     0.53003     0.30002
  53     0.54001     0.30871
  54     0.55001     0.31755
  55     0.56001     0.32653
  56     0.57002     0.33567
  57     0.58001     0.34493
  58        0.59     0.35435
  59     0.60001     0.36393
  60     0.61002     0.37365
  61     0.62002     0.38352
  62     0.63001     0.39354
  63     0.64001     0.40373
  64     0.65001     0.41408
  65     0.66001      0.4246
  66     0.67003      0.4353
  67     0.68002     0.44615
  68     0.69001     0.45716
  69         0.7     0.46836
  70     0.71001     0.47977
  71     0.72002     0.49138
  72     0.73001     0.50319
  73     0.74001     0.51522
  74     0.75001     0.52746
  75     0.76002     0.53995
  76     0.77001     0.55267
  77        0.78     0.56563
  78     0.79001     0.57888
  79     0.80001     0.59239
  80        0.81     0.60619
  81        0.82     0.62031
  82     0.83001     0.63478
  83     0.84001     0.64957
  84     0.85001     0.66473
  85     0.86002     0.68031
  86     0.87004      0.6963
  87        0.88     0.71267
  88     0.89001      0.7296
  89         0.9     0.74707
  90        0.91     0.76516
  91        0.92     0.78388
  92     0.93002     0.80343
  93     0.94002     0.82392
  94     0.95002     0.84553
  95     0.96003     0.86856
  96        0.97     0.89322
  97     0.98001     0.92057
  98     0.99001     0.95226
  99           1           1
-----------------------------------------

----------------- PPP$ and local currency --------------
         PPP used in computation: 83.6116
     Data mean in local currency: 7542.65
               Data mean in PPP$: 182.035
        Poverty line in PPP$/Day: 1.9
      Poverty line in PPP$/Month: 57.7917
  Poverty line in local currency: 2394.6
-------------------------------------------------------

----------------- Estimation result --------------
     Number of observation: 47221
          Total population: 1.49255E+07
              Total wealth: 1.34644E+09(PPP$)
                   Minimum: 7.61584(PPP$)
                   Maximum: 1388.05(PPP$)
             Headcount(HC): 0.0446829
          Poverty gap (PG): 0.00895387
       Poverty gap squared: 0.00283934
                      Gini: 0.32994
                    Median: 150.128
                       MLD: 0.18021
                      Watt: 0.0109807
--------------------------------------------------

-------------------------------- Income or Consumption share by deciles (%) -------------------------------------
     3.1226     4.5411     5.5615     6.5782     7.6632      8.925     10.444     12.402      15.47     25.293
-----------------------------------------------------------------------------------------------------------------


