

**********************************************************************************************
**                                   Basic Information                                      **
**********************************************************************************************

----------------- Dataset Information -----------------
                         Country: Kazakhstan
                    Country dode: KAZ
                       Data Year: 2013
                        Coverage: National
             Welfare measurement: Consumption
                     Data format: Unit record
                     Data source: KAZ_N2013X
                  Data time span: UnDefined
-------------------------------------------------------


----------- Distribution ------------
   i           P           L 
-------------------------------------
   0    0.010016   0.0027875
   1    0.020007    0.006341
   2    0.030037    0.010252
   3    0.040008    0.014394
   4    0.050012    0.018788
   5    0.060034     0.02337
   6    0.070011     0.02809
   7    0.080006    0.032959
   8        0.09    0.037964
   9     0.10001    0.043104
  10     0.11005     0.04836
  11        0.12    0.053662
  12        0.13    0.059094
  13     0.14001    0.064632
  14     0.15001    0.070256
  15     0.16001    0.075966
  16     0.17001    0.081752
  17     0.18004    0.087637
  18        0.19    0.093571
  19     0.20002    0.099626
  20     0.21001     0.10575
  21     0.22004     0.11197
  22     0.23003     0.11825
  23     0.24004     0.12463
  24     0.25001     0.13106
  25     0.26002      0.1376
  26        0.27     0.14421
  27     0.28001     0.15091
  28     0.29005     0.15772
  29     0.30007      0.1646
  30     0.31001      0.1715
  31     0.32001     0.17853
  32        0.33     0.18563
  33     0.34002     0.19284
  34     0.35001     0.20012
  35        0.36     0.20749
  36     0.37001     0.21496
  37        0.38      0.2225
  38     0.39002     0.23016
  39     0.40001     0.23789
  40        0.41      0.2457
  41        0.42      0.2536
  42     0.43002     0.26159
  43     0.44003     0.26968
  44        0.45     0.27781
  45     0.46001     0.28608
  46     0.47003     0.29446
  47     0.48001      0.3029
  48     0.49001     0.31146
  49     0.50002     0.32013
  50        0.51     0.32887
  51     0.52001     0.33772
  52     0.53002     0.34667
  53        0.54     0.35571
  54     0.55003      0.3649
  55     0.56004      0.3742
  56     0.57001     0.38357
  57     0.58001     0.39307
  58        0.59     0.40267
  59     0.60002     0.41241
  60     0.61001     0.42223
  61     0.62002      0.4322
  62        0.63     0.44226
  63     0.64001     0.45247
  64     0.65002     0.46283
  65     0.66001     0.47329
  66     0.67003     0.48392
  67     0.68001     0.49467
  68     0.69001     0.50557
  69     0.70001     0.51664
  70     0.71001     0.52785
  71     0.72002     0.53923
  72        0.73     0.55073
  73        0.74     0.56242
  74     0.75001     0.57428
  75     0.76001     0.58632
  76     0.77002     0.59857
  77     0.78001     0.61097
  78     0.79001     0.62358
  79     0.80001     0.63643
  80     0.81003     0.64953
  81     0.82005     0.66286
  82        0.83     0.67637
  83        0.84      0.6902
  84     0.85002     0.70433
  85     0.86003     0.71879
  86     0.87002     0.73356
  87     0.88001     0.74865
  88        0.89     0.76414
  89         0.9     0.78007
  90     0.91001     0.79647
  91        0.92     0.81337
  92     0.93001      0.8309
  93     0.94002     0.84916
  94        0.95     0.86819
  95     0.96001     0.88837
  96     0.97003     0.91006
  97        0.98     0.93359
  98     0.99002     0.96052
  99           1           1
-----------------------------------------

----------------- PPP$ and local currency --------------
         PPP used in computation: 83.6116
     Data mean in local currency: 33917.3
               Data mean in PPP$: 364.636
        Poverty line in PPP$/Day: 1.9
      Poverty line in PPP$/Month: 57.7917
  Poverty line in local currency: 5375.61
-------------------------------------------------------

----------------- Estimation result --------------
     Number of observation: 47541
          Total population: 1.67934E+07
              Total wealth: 6.81229E+09(PPP$)
                   Minimum: 32.9024(PPP$)
                   Maximum: 19746.5(PPP$)
             Headcount(HC): 0.000379303
          Poverty gap (PG): 9.67707E-05
       Poverty gap squared: 3.43406E-05
                      Gini: 0.263338
                    Median: 317.362
                       MLD: 0.112278
                      Watt: 0.000120936
--------------------------------------------------

-------------------------------- Income or Consumption share by deciles (%) -------------------------------------
     4.3097      5.652     6.4931     7.3332     8.2235     9.2276     10.424     11.979     14.364     21.994
-----------------------------------------------------------------------------------------------------------------


