

**********************************************************************************************
**                                   Basic Information                                      **
**********************************************************************************************

----------------- Dataset Information -----------------
                         Country: Kazakhstan
                    Country dode: KAZ
                       Data Year: 2009
                        Coverage: National
             Welfare measurement: Consumption
                     Data format: Unit record
                     Data source: KAZ_N2009X
                  Data time span: UnDefined
-------------------------------------------------------


----------- Distribution ------------
   i           P           L 
-------------------------------------
   0    0.010032   0.0024582
   1    0.020015   0.0055593
   2    0.030011   0.0090036
   3    0.040009    0.012715
   4     0.05005    0.016659
   5    0.060011    0.020772
   6    0.070014    0.025083
   7    0.080005    0.029555
   8        0.09    0.034176
   9     0.10001    0.038938
  10     0.11001    0.043826
  11     0.12002    0.048832
  12     0.13001    0.053959
  13     0.14001    0.059208
  14     0.15001    0.064559
  15     0.16001    0.070005
  16     0.17002    0.075557
  17     0.18002    0.081185
  18     0.19002    0.086899
  19     0.20001    0.092705
  20     0.21001    0.098604
  21     0.22002     0.10459
  22     0.23001     0.11067
  23     0.24003     0.11684
  24     0.25001     0.12306
  25     0.26001     0.12937
  26     0.27006     0.13579
  27     0.28001     0.14222
  28        0.29     0.14877
  29     0.30005     0.15542
  30     0.31001      0.1621
  31     0.32001     0.16889
  32     0.33002     0.17576
  33        0.34     0.18269
  34     0.35001     0.18972
  35     0.36001     0.19683
  36     0.37003     0.20403
  37     0.38001     0.21129
  38     0.39001     0.21865
  39         0.4     0.22609
  40     0.41001     0.23362
  41     0.42001     0.24124
  42     0.43002     0.24895
  43     0.44002     0.25674
  44     0.45004     0.26465
  45        0.46      0.2726
  46     0.47002      0.2807
  47        0.48     0.28886
  48     0.49002     0.29716
  49     0.50001     0.30553
  50     0.51003     0.31403
  51     0.52002     0.32262
  52     0.53003     0.33132
  53     0.54001      0.3401
  54     0.55002     0.34903
  55     0.56001     0.35803
  56        0.57     0.36716
  57     0.58001     0.37642
  58        0.59     0.38578
  59         0.6     0.39527
  60     0.61005     0.40492
  61        0.62     0.41461
  62     0.63001     0.42449
  63     0.64002     0.43453
  64     0.65002     0.44469
  65     0.66001     0.45499
  66     0.67001     0.46545
  67     0.68002     0.47606
  68     0.69001     0.48682
  69     0.70001     0.49774
  70     0.71003     0.50885
  71     0.72001     0.52008
  72     0.73001      0.5315
  73     0.74003     0.54314
  74     0.75001     0.55494
  75     0.76002     0.56695
  76     0.77002     0.57919
  77        0.78      0.5916
  78     0.79003      0.6043
  79     0.80001     0.61718
  80     0.81002     0.63034
  81     0.82001     0.64375
  82     0.83002     0.65748
  83     0.84001      0.6715
  84        0.85     0.68584
  85     0.86002     0.70057
  86        0.87     0.71565
  87     0.88001     0.73113
  88     0.89001     0.74704
  89         0.9     0.76344
  90     0.91001     0.78041
  91     0.92001     0.79798
  92        0.93     0.81624
  93     0.94001     0.83537
  94     0.95002      0.8555
  95     0.96002     0.87694
  96        0.97     0.89992
  97        0.98     0.92528
  98        0.99      0.9547
  99           1           1
-----------------------------------------

----------------- PPP$ and local currency --------------
         PPP used in computation: 83.6116
     Data mean in local currency: 19627
               Data mean in PPP$: 272.436
        Poverty line in PPP$/Day: 1.9
      Poverty line in PPP$/Month: 57.7917
  Poverty line in local currency: 4163.47
-------------------------------------------------------

----------------- Estimation result --------------
     Number of observation: 47608
          Total population: 1.5937E+07
              Total wealth: 3.74107E+09(PPP$)
                   Minimum: 33.3614(PPP$)
                   Maximum: 6744.52(PPP$)
             Headcount(HC): 0.00170211
          Poverty gap (PG): 0.000184109
       Poverty gap squared: 3.26842E-05
                      Gini: 0.287873
                    Median: 229.743
                       MLD: 0.135101
                      Watt: 0.000203446
--------------------------------------------------

-------------------------------- Income or Consumption share by deciles (%) -------------------------------------
     3.8933     5.3764     6.2691     7.0694     7.9442     8.9739     10.247     11.943     14.627     23.657
-----------------------------------------------------------------------------------------------------------------


