

**********************************************************************************************
**                                   Basic Information                                      **
**********************************************************************************************

----------------- Dataset Information -----------------
                         Country: Kazakhstan
                    Country dode: KAZ
                       Data Year: 2012
                        Coverage: National
             Welfare measurement: Consumption
                     Data format: Unit record
                     Data source: KAZ_N2012X
                  Data time span: UnDefined
-------------------------------------------------------


----------- Distribution ------------
   i           P           L 
-------------------------------------
   0    0.010006   0.0026805
   1    0.020026   0.0060508
   2    0.030024   0.0098036
   3     0.04004    0.013835
   4     0.05004    0.018056
   5    0.060002    0.022428
   6     0.07001    0.026961
   7    0.080028    0.031634
   8    0.090024    0.036414
   9     0.10002    0.041309
  10     0.11004    0.046337
  11     0.12006    0.051464
  12     0.13002    0.056666
  13     0.14004    0.062002
  14     0.15005    0.067421
  15     0.16009    0.072951
  16     0.17002    0.078518
  17     0.18005    0.084231
  18        0.19    0.089979
  19     0.20002    0.095858
  20     0.21003     0.10181
  21     0.22004     0.10786
  22        0.23     0.11395
  23     0.24001     0.12015
  24     0.25001     0.12645
  25        0.26     0.13281
  26     0.27001     0.13927
  27     0.28003     0.14581
  28     0.29003     0.15244
  29     0.30003     0.15914
  30     0.31003     0.16593
  31     0.32001     0.17278
  32     0.33002     0.17974
  33     0.34001     0.18676
  34     0.35001     0.19388
  35     0.36003     0.20111
  36     0.37001      0.2084
  37     0.38003     0.21579
  38     0.39002     0.22327
  39     0.40005     0.23085
  40     0.41001     0.23848
  41     0.42002     0.24625
  42        0.43     0.25409
  43        0.44     0.26204
  44     0.45002      0.2701
  45     0.46001     0.27824
  46     0.47004     0.28651
  47        0.48     0.29482
  48     0.49001     0.30327
  49     0.50001     0.31182
  50     0.51009     0.32057
  51        0.52     0.32926
  52     0.53001     0.33816
  53        0.54     0.34714
  54     0.55002     0.35628
  55     0.56002      0.3655
  56     0.57003     0.37485
  57     0.58002     0.38429
  58        0.59     0.39386
  59     0.60003     0.40359
  60     0.61001     0.41341
  61     0.62001     0.42337
  62     0.63001     0.43345
  63        0.64     0.44364
  64     0.65001     0.45399
  65        0.66     0.46449
  66        0.67     0.47513
  67        0.68     0.48592
  68     0.69008     0.49695
  69         0.7     0.50796
  70     0.71001     0.51922
  71     0.72003     0.53067
  72     0.73002     0.54227
  73     0.74001     0.55405
  74     0.75002     0.56602
  75     0.76002     0.57819
  76     0.77001     0.59057
  77     0.78001     0.60316
  78     0.79001     0.61596
  79         0.8     0.62897
  80     0.81002     0.64226
  81     0.82001     0.65578
  82     0.83002     0.66959
  83     0.84001     0.68366
  84     0.85001     0.69807
  85        0.86     0.71282
  86        0.87     0.72793
  87        0.88     0.74343
  88        0.89      0.7593
  89         0.9     0.77564
  90     0.91001     0.79245
  91     0.92002     0.80981
  92        0.93     0.82776
  93     0.94001     0.84645
  94     0.95001     0.86594
  95     0.96001     0.88647
  96     0.97001     0.90841
  97     0.98001     0.93236
  98     0.99001     0.95981
  99           1           1
-----------------------------------------

----------------- PPP$ and local currency --------------
         PPP used in computation: 83.6116
     Data mean in local currency: 30121.9
               Data mean in PPP$: 342.733
        Poverty line in PPP$/Day: 1.9
      Poverty line in PPP$/Month: 57.7917
  Poverty line in local currency: 5079.15
-------------------------------------------------------

----------------- Estimation result --------------
     Number of observation: 47123
          Total population: 1.64158E+07
              Total wealth: 5.91394E+09(PPP$)
                   Minimum: 40.4876(PPP$)
                   Maximum: 8431.64(PPP$)
             Headcount(HC): 0.00055363
          Poverty gap (PG): 6.40403E-05
       Poverty gap squared: 1.25126E-05
                      Gini: 0.274591
                    Median: 295.109
                       MLD: 0.121704
                      Watt: 7.1535E-05
--------------------------------------------------

-------------------------------- Income or Consumption share by deciles (%) -------------------------------------
     4.1302     5.4542     6.3275     7.1698     8.1002     9.1746      10.44       12.1     14.666     22.437
-----------------------------------------------------------------------------------------------------------------


