

**********************************************************************************************
**                                   Basic Information                                      **
**********************************************************************************************

----------------- Dataset Information -----------------
                         Country: Kazakhstan
                    Country dode: KAZ
                       Data Year: 2011
                        Coverage: National
             Welfare measurement: Consumption
                     Data format: Unit record
                     Data source: KAZ_N2011X
                  Data time span: UnDefined
-------------------------------------------------------


----------- Distribution ------------
   i           P           L 
-------------------------------------
   0     0.01011   0.0025218
   1    0.020004   0.0057472
   2    0.030002   0.0094215
   3    0.040019    0.013402
   4    0.050001    0.017597
   5    0.060009    0.021989
   6    0.070005    0.026555
   7     0.08001     0.03127
   8    0.090012    0.036108
   9         0.1    0.041054
  10        0.11    0.046116
  11     0.12001    0.051283
  12     0.13001    0.056554
  13     0.14001    0.061932
  14     0.15002    0.067403
  15     0.16001    0.072953
  16        0.17    0.078601
  17     0.18002    0.084361
  18     0.19003    0.090204
  19     0.20001    0.096112
  20     0.21001     0.10212
  21     0.22004     0.10822
  22     0.23001     0.11437
  23     0.24002     0.12062
  24     0.25003     0.12695
  25     0.26001     0.13334
  26     0.27001     0.13982
  27     0.28002     0.14639
  28     0.29001     0.15304
  29     0.30001     0.15978
  30     0.31002     0.16661
  31     0.32004     0.17353
  32        0.33     0.18049
  33     0.34001     0.18756
  34     0.35001     0.19471
  35     0.36001     0.20195
  36     0.37001     0.20928
  37     0.38005     0.21673
  38     0.39005     0.22424
  39     0.40006     0.23183
  40        0.41     0.23946
  41     0.42001     0.24724
  42     0.43002     0.25511
  43     0.44005      0.2631
  44     0.45004     0.27115
  45     0.46001     0.27928
  46     0.47001     0.28754
  47     0.48002     0.29591
  48        0.49     0.30434
  49     0.50002     0.31292
  50     0.51001     0.32157
  51     0.52001     0.33032
  52     0.53001     0.33918
  53     0.54001     0.34814
  54     0.55001     0.35721
  55     0.56005     0.36644
  56     0.57003     0.37571
  57     0.58002     0.38511
  58     0.59001     0.39464
  59         0.6     0.40428
  60        0.61     0.41405
  61        0.62     0.42395
  62     0.63001     0.43398
  63     0.64003     0.44417
  64        0.65     0.45445
  65     0.66001     0.46492
  66     0.67001     0.47551
  67     0.68001     0.48624
  68     0.69001     0.49713
  69     0.70001     0.50816
  70        0.71     0.51936
  71     0.72002     0.53074
  72     0.73001     0.54228
  73     0.74002     0.55402
  74     0.75001     0.56594
  75     0.76003     0.57808
  76        0.77     0.59036
  77        0.78     0.60289
  78     0.79001     0.61567
  79     0.80001     0.62864
  80     0.81001     0.64188
  81     0.82001     0.65535
  82     0.83002     0.66913
  83     0.84001     0.68317
  84        0.85     0.69752
  85     0.86001      0.7122
  86        0.87     0.72718
  87     0.88001     0.74257
  88        0.89     0.75836
  89     0.90002     0.77469
  90     0.91002     0.79152
  91     0.92002     0.80892
  92        0.93      0.8269
  93     0.94001     0.84567
  94        0.95      0.8653
  95        0.96     0.88595
  96     0.97001     0.90794
  97     0.98002     0.93186
  98        0.99      0.9591
  99           1           1
-----------------------------------------

----------------- PPP$ and local currency --------------
         PPP used in computation: 83.6116
     Data mean in local currency: 28495.6
               Data mean in PPP$: 340.809
        Poverty line in PPP$/Day: 1.9
      Poverty line in PPP$/Month: 57.7917
  Poverty line in local currency: 4832.05
-------------------------------------------------------

----------------- Estimation result --------------
     Number of observation: 46854
          Total population: 1.60964E+07
              Total wealth: 5.4858E+09(PPP$)
                   Minimum: 29.2395(PPP$)
                   Maximum: 7536.91(PPP$)
             Headcount(HC): 0.000306264
          Poverty gap (PG): 5.35637E-05
       Poverty gap squared: 1.8593E-05
                      Gini: 0.274192
                    Median: 293.392
                       MLD: 0.122025
                      Watt: 6.65397E-05
--------------------------------------------------

-------------------------------- Income or Consumption share by deciles (%) -------------------------------------
     4.1053     5.5055     6.3669     7.2009     8.1116     9.1376     10.387     12.048     14.603     22.534
-----------------------------------------------------------------------------------------------------------------


