

**********************************************************************************************
**                                   Basic Information                                      **
**********************************************************************************************

----------------- Dataset Information -----------------
                         Country: Kazakhstan
                    Country dode: KAZ
                       Data Year: 2002
                        Coverage: National
             Welfare measurement: Consumption
                     Data format: Unit record
                     Data source: KAZ_N2002X
                  Data time span: UnDefined
-------------------------------------------------------


----------- Distribution ------------
   i           P           L 
-------------------------------------
   0    0.010012   0.0016836
   1    0.020023   0.0039725
   2    0.030024   0.0065975
   3    0.040008   0.0094525
   4    0.050022    0.012521
   5     0.06001    0.015743
   6    0.070007    0.019119
   7     0.08002    0.022642
   8    0.090023    0.026309
   9     0.10001    0.030102
  10        0.11    0.034017
  11     0.12003    0.038062
  12     0.13003    0.042221
  13     0.14003    0.046495
  14     0.15001    0.050864
  15     0.16001    0.055361
  16     0.17001    0.059967
  17     0.18002    0.064697
  18     0.19003    0.069527
  19         0.2    0.074445
  20     0.21002    0.079489
  21     0.22001    0.084616
  22     0.23001    0.089846
  23     0.24001    0.095176
  24     0.25003      0.1006
  25     0.26003     0.10612
  26     0.27003     0.11173
  27     0.28002     0.11744
  28     0.29001     0.12325
  29     0.30001     0.12916
  30        0.31     0.13517
  31     0.32001     0.14129
  32        0.33      0.1475
  33     0.34001     0.15381
  34     0.35003     0.16024
  35     0.36002     0.16676
  36        0.37     0.17338
  37     0.38002     0.18013
  38     0.39001     0.18696
  39         0.4     0.19391
  40     0.41001     0.20096
  41     0.42004     0.20814
  42     0.43001     0.21536
  43     0.44002     0.22272
  44     0.45003      0.2302
  45        0.46     0.23776
  46        0.47     0.24545
  47     0.48002     0.25328
  48     0.49001     0.26121
  49     0.50002     0.26928
  50     0.51001     0.27744
  51     0.52002     0.28576
  52     0.53001     0.29418
  53     0.54002     0.30275
  54     0.55003     0.31146
  55     0.56002     0.32029
  56        0.57     0.32926
  57     0.58002     0.33841
  58     0.59003     0.34768
  59     0.60002     0.35706
  60     0.61001      0.3666
  61     0.62001     0.37629
  62     0.63001     0.38614
  63     0.64001     0.39614
  64     0.65001     0.40631
  65     0.66001     0.41665
  66     0.67001     0.42718
  67     0.68002      0.4379
  68     0.69001     0.44878
  69     0.70001     0.45987
  70     0.71001     0.47115
  71     0.72002     0.48265
  72     0.73001     0.49434
  73     0.74002     0.50628
  74     0.75001     0.51843
  75     0.76001     0.53083
  76        0.77     0.54347
  77     0.78001     0.55637
  78     0.79002     0.56954
  79         0.8     0.58297
  80        0.81     0.59673
  81     0.82001     0.61081
  82     0.83001     0.62523
  83        0.84     0.63999
  84     0.85001     0.65514
  85     0.86001     0.67069
  86        0.87     0.68666
  87     0.88002     0.70315
  88        0.89      0.7201
  89         0.9     0.73768
  90     0.91002     0.75595
  91     0.92001      0.7749
  92     0.93002     0.79475
  93        0.94     0.81556
  94     0.95001     0.83763
  95     0.96001     0.86123
  96     0.97002     0.88685
  97     0.98001      0.9154
  98        0.99      0.9488
  99           1           1
-----------------------------------------

----------------- PPP$ and local currency --------------
         PPP used in computation: 83.6116
     Data mean in local currency: 6575.99
               Data mean in PPP$: 168.924
        Poverty line in PPP$/Day: 1.9
      Poverty line in PPP$/Month: 57.7917
  Poverty line in local currency: 2249.76
-------------------------------------------------------

----------------- Estimation result --------------
     Number of observation: 47162
          Total population: 1.48755E+07
              Total wealth: 1.16995E+09(PPP$)
                   Minimum: 3.03984(PPP$)
                   Maximum: 1533.92(PPP$)
             Headcount(HC): 0.0680888
          Poverty gap (PG): 0.0141297
       Poverty gap squared: 0.00476236
                      Gini: 0.340476
                    Median: 137.148
                       MLD: 0.192448
                      Watt: 0.0176724
--------------------------------------------------

-------------------------------- Income or Consumption share by deciles (%) -------------------------------------
     3.0097     4.4347     5.4708     6.4751     7.5358     8.7787     10.281     12.311      15.47     26.233
-----------------------------------------------------------------------------------------------------------------


