

**********************************************************************************************
**                                   Basic Information                                      **
**********************************************************************************************

----------------- Dataset Information -----------------
                         Country: Kenya
                    Country dode: KEN
                       Data Year: 2005
                        Coverage: National
             Welfare measurement: Consumption
                     Data format: Unit record
                     Data source: KEN_N2005X
                  Data time span: UnDefined
-------------------------------------------------------


----------- Distribution ------------
   i           P           L 
-------------------------------------
   0    0.010082  0.00061864
   1    0.020018   0.0016871
   2    0.030004   0.0030364
   3    0.040146    0.004624
   4    0.050097    0.006352
   5    0.060026   0.0082227
   6    0.070307     0.01031
   7    0.080077    0.012427
   8    0.090026    0.014711
   9     0.10003     0.01714
  10     0.11006    0.019692
  11     0.12006    0.022331
  12     0.13014    0.025094
  13     0.14002    0.027888
  14     0.15009     0.03085
  15        0.16    0.033844
  16      0.1701     0.03698
  17     0.18003    0.040157
  18     0.19005    0.043468
  19     0.20002    0.046848
  20     0.21001    0.050318
  21        0.22    0.053885
  22     0.23027    0.057639
  23     0.24007     0.06131
  24     0.25005    0.065138
  25     0.26002    0.069059
  26     0.27025     0.07317
  27     0.28013    0.077218
  28     0.29003    0.081361
  29     0.30006     0.08564
  30     0.31004     0.08999
  31     0.32007    0.094453
  32     0.33006    0.099002
  33     0.34021     0.10371
  34     0.35005     0.10836
  35     0.36007     0.11317
  36     0.37011     0.11808
  37     0.38008     0.12305
  38     0.39006     0.12814
  39     0.40001     0.13331
  40     0.41003     0.13863
  41     0.42001     0.14403
  42     0.43005     0.14957
  43        0.44     0.15515
  44     0.45019     0.16096
  45     0.46006     0.16669
  46     0.47014     0.17267
  47     0.48003     0.17866
  48     0.49012      0.1849
  49     0.50009     0.19118
  50     0.51003     0.19759
  51     0.52002     0.20416
  52     0.53004     0.21089
  53     0.54008     0.21776
  54     0.55002     0.22468
  55     0.56006     0.23179
  56      0.5701     0.23904
  57     0.58004     0.24636
  58     0.59074     0.25442
  59         0.6     0.26153
  60        0.61     0.26935
  61     0.62005     0.27738
  62     0.63011     0.28558
  63     0.64004     0.29383
  64     0.65007     0.30235
  65     0.66001     0.31102
  66        0.67     0.31997
  67     0.68012     0.32925
  68     0.69018     0.33873
  69     0.70008     0.34825
  70     0.71009     0.35807
  71     0.72006      0.3681
  72     0.73005     0.37843
  73     0.74002     0.38897
  74     0.75001     0.39982
  75      0.7601     0.41108
  76     0.77001     0.42244
  77     0.78011     0.43432
  78     0.79007     0.44641
  79     0.80018     0.45903
  80     0.81013     0.47184
  81     0.82008      0.4851
  82     0.83005      0.4988
  83     0.84004       0.513
  84     0.85007     0.52785
  85     0.86001     0.54311
  86     0.87004     0.55913
  87     0.88006      0.5758
  88      0.8901     0.59336
  89     0.90003     0.61175
  90     0.91002     0.63129
  91        0.92     0.65209
  92     0.93003     0.67457
  93     0.94002     0.69872
  94     0.95001     0.72488
  95     0.96011     0.75443
  96        0.97     0.78747
  97     0.98001      0.8267
  98     0.99003      0.8788
  99           1           1
-----------------------------------------

----------------- PPP$ and local currency --------------
         PPP used in computation: 35.4296
     Data mean in local currency: 2264.01
               Data mean in PPP$: 124.387
        Poverty line in PPP$/Day: 1.9
      Poverty line in PPP$/Month: 57.7917
  Poverty line in local currency: 1051.89
-------------------------------------------------------

----------------- Estimation result --------------
     Number of observation: 13144
          Total population: 3.54951E+07
              Total wealth: 2.26819E+09(PPP$)
                   Minimum: 0.341892(PPP$)
                   Maximum: 3909.94(PPP$)
             Headcount(HC): 0.336038
          Poverty gap (PG): 0.117004
       Poverty gap squared: 0.0576964
                      Gini: 0.485081
                    Median: 79.0872
                       MLD: 0.411459
                      Watt: 0.17249
--------------------------------------------------

-------------------------------- Income or Consumption share by deciles (%) -------------------------------------
     1.7132     2.9711     3.8773     4.7692     5.7815     7.0407     8.6641     11.063     15.289      38.83
-----------------------------------------------------------------------------------------------------------------


