

**********************************************************************************************
**                                   Basic Information                                      **
**********************************************************************************************

----------------- Dataset Information -----------------
                         Country: Kyrgyz Republic
                    Country dode: KGZ
                       Data Year: 2002
                        Coverage: National
             Welfare measurement: Consumption
                     Data format: Unit record
                     Data source: KGZ_N2002X
                  Data time span: UnDefined
-------------------------------------------------------


----------- Distribution ------------
   i           P           L 
-------------------------------------
   0    0.010106   0.0022978
   1    0.020856   0.0053975
   2    0.030004   0.0083587
   3     0.04015    0.011861
   4    0.050502    0.015655
   5    0.060641    0.019588
   6    0.070247    0.023452
   7    0.080031    0.027491
   8    0.091093    0.032218
   9     0.10011    0.036194
  10     0.11003    0.040713
  11      0.1209    0.045761
  12     0.13018    0.050199
  13     0.14008    0.055045
  14     0.15015     0.06009
  15     0.16021    0.065223
  16     0.17051    0.070546
  17      0.1809    0.076014
  18     0.19031    0.081075
  19     0.20097    0.086942
  20     0.21009    0.092058
  21     0.22005    0.097714
  22     0.23045     0.10374
  23     0.24009     0.10937
  24     0.25077      0.1157
  25     0.26057     0.12163
  26     0.27046     0.12769
  27     0.28023      0.1338
  28     0.29011     0.14008
  29     0.30028     0.14662
  30     0.31009       0.153
  31     0.32008     0.15959
  32     0.33013     0.16627
  33     0.34018     0.17305
  34     0.35003     0.17981
  35     0.36023     0.18692
  36     0.37095     0.19447
  37     0.38009     0.20099
  38     0.39026     0.20832
  39     0.40006     0.21544
  40     0.41007     0.22279
  41     0.42004     0.23019
  42     0.43009     0.23777
  43     0.44045     0.24566
  44     0.45004     0.25308
  45     0.46033     0.26112
  46     0.47023     0.26896
  47     0.48014     0.27691
  48     0.49013     0.28501
  49     0.50009     0.29317
  50      0.5101      0.3015
  51      0.5202     0.31003
  52     0.53061     0.31895
  53      0.5401     0.32721
  54     0.55053     0.33647
  55     0.56024     0.34523
  56     0.57089     0.35496
  57     0.58018      0.3636
  58     0.59032      0.3732
  59     0.60064     0.38308
  60     0.61014     0.39231
  61     0.62172     0.40372
  62     0.63006     0.41203
  63     0.64012     0.42215
  64     0.65009     0.43238
  65     0.66001     0.44276
  66     0.67024     0.45363
  67      0.6804      0.4646
  68     0.69018     0.47534
  69     0.70014     0.48643
  70     0.71064     0.49827
  71     0.72003     0.50902
  72     0.73012     0.52076
  73     0.74003     0.53246
  74     0.75022      0.5447
  75     0.76011     0.55687
  76     0.77001     0.56934
  77     0.78048      0.5828
  78     0.79012     0.59541
  79     0.80009     0.60868
  80     0.81035     0.62269
  81     0.82015     0.63632
  82      0.8301     0.65048
  83     0.84138     0.66685
  84      0.8501     0.67981
  85     0.86071     0.69588
  86     0.87012      0.7106
  87     0.88007     0.72652
  88     0.89029     0.74341
  89     0.90053     0.76109
  90     0.91011     0.77823
  91      0.9204     0.79738
  92     0.93024     0.81632
  93     0.94005      0.8358
  94        0.95      0.8565
  95     0.96127     0.88149
  96     0.97007     0.90196
  97     0.98031     0.92878
  98      0.9902     0.95953
  99           1           1
-----------------------------------------

----------------- PPP$ and local currency --------------
         PPP used in computation: 17.5379
     Data mean in local currency: 680.59
               Data mean in PPP$: 84.5405
        Poverty line in PPP$/Day: 1.9
      Poverty line in PPP$/Month: 57.7917
  Poverty line in local currency: 465.249
-------------------------------------------------------

----------------- Estimation result --------------
     Number of observation: 2846
          Total population: 4.81695E+06
              Total wealth: 1.8693E+08(PPP$)
                   Minimum: 4.20964(PPP$)
                   Maximum: 236.486(PPP$)
             Headcount(HC): 0.342129
          Poverty gap (PG): 0.0870369
       Poverty gap squared: 0.0320178
                      Gini: 0.303024
                    Median: 69.8895
                       MLD: 0.148915
                      Watt: 0.11108
--------------------------------------------------

-------------------------------- Income or Consumption share by deciles (%) -------------------------------------
     3.6147     5.0263     6.0032     6.8957       7.77     8.9368     10.381     12.229      15.16     23.984
-----------------------------------------------------------------------------------------------------------------


