

**********************************************************************************************
**                                   Basic Information                                      **
**********************************************************************************************

----------------- Dataset Information -----------------
                         Country: Kyrgyz Republic
                    Country dode: KGZ
                       Data Year: 2009
                        Coverage: National
             Welfare measurement: Consumption
                     Data format: Unit record
                     Data source: KGZ_N2009X
                  Data time span: UnDefined
-------------------------------------------------------


----------- Distribution ------------
   i           P           L 
-------------------------------------
   0    0.010017   0.0024499
   1    0.020531   0.0058521
   2    0.030038   0.0092053
   3    0.040009    0.012937
   4    0.050162    0.016974
   5    0.060092     0.02109
   6    0.070031    0.025348
   7    0.080084    0.029815
   8    0.090041    0.034346
   9         0.1    0.038976
  10     0.11036    0.043934
  11      0.1208    0.049048
  12     0.13008    0.053678
  13     0.14011    0.058765
  14     0.15008    0.063921
  15     0.16016    0.069235
  16     0.17028    0.074685
  17     0.18032    0.080197
  18     0.19002    0.085586
  19     0.20004    0.091231
  20     0.21004    0.096934
  21     0.22001     0.10269
  22     0.23009     0.10858
  23     0.24021     0.11459
  24     0.25002      0.1205
  25     0.26003     0.12663
  26      0.2701     0.13288
  27     0.28008     0.13915
  28      0.2908     0.14597
  29     0.30003      0.1519
  30     0.31003      0.1584
  31     0.32004     0.16499
  32     0.33033     0.17186
  33     0.34006     0.17846
  34     0.35003     0.18531
  35     0.36002     0.19227
  36     0.37032     0.19956
  37     0.38058     0.20691
  38     0.39004     0.21377
  39     0.40019     0.22121
  40     0.41079     0.22907
  41     0.42003     0.23599
  42     0.43061     0.24402
  43      0.4401      0.2513
  44     0.45002     0.25899
  45     0.46044     0.26718
  46        0.47     0.27479
  47        0.48     0.28285
  48     0.49002     0.29103
  49     0.50004     0.29931
  50     0.51002     0.30767
  51     0.52041     0.31648
  52     0.53004     0.32473
  53     0.54063     0.33394
  54     0.55006     0.34225
  55     0.56028     0.35138
  56     0.57002     0.36017
  57     0.58008     0.36935
  58        0.59     0.37852
  59     0.60018     0.38806
  60     0.61003     0.39741
  61     0.62001     0.40702
  62     0.63003     0.41681
  63     0.64002      0.4267
  64     0.65053     0.43722
  65     0.66001     0.44682
  66     0.67011      0.4572
  67     0.68008     0.46759
  68     0.69006     0.47815
  69     0.70005     0.48892
  70     0.71008     0.49994
  71     0.72003     0.51106
  72     0.73015     0.52253
  73        0.74     0.53391
  74     0.75026     0.54594
  75     0.76018     0.55775
  76     0.77008     0.56974
  77     0.78046     0.58253
  78      0.7902     0.59479
  79     0.80003      0.6074
  80     0.81001     0.62051
  81     0.82019     0.63418
  82     0.83008     0.64777
  83     0.84001     0.66173
  84     0.85001     0.67613
  85     0.86002      0.6909
  86     0.87013      0.7062
  87     0.88024     0.72194
  88        0.89     0.73766
  89     0.90002     0.75424
  90     0.91006      0.7715
  91     0.92023     0.78962
  92        0.93     0.80771
  93     0.94026      0.8277
  94     0.95002     0.84766
  95     0.96014     0.86974
  96        0.97     0.89288
  97     0.98022     0.91941
  98     0.99001     0.94908
  99           1           1
-----------------------------------------

----------------- PPP$ and local currency --------------
         PPP used in computation: 17.5379
     Data mean in local currency: 2363.13
               Data mean in PPP$: 169.478
        Poverty line in PPP$/Day: 1.9
      Poverty line in PPP$/Month: 57.7917
  Poverty line in local currency: 805.821
-------------------------------------------------------

----------------- Estimation result --------------
     Number of observation: 19725
          Total population: 5.37125E+06
              Total wealth: 7.23744E+08(PPP$)
                   Minimum: 1.61799(PPP$)
                   Maximum: 2414(PPP$)
             Headcount(HC): 0.0213227
          Poverty gap (PG): 0.00337034
       Poverty gap squared: 0.00108882
                      Gini: 0.298749
                    Median: 140.915
                       MLD: 0.14583
                      Watt: 0.00451982
--------------------------------------------------

-------------------------------- Income or Consumption share by deciles (%) -------------------------------------
     3.8975     5.2233     6.0671      6.919     7.8208     8.8612     10.097      11.85     14.684      24.58
-----------------------------------------------------------------------------------------------------------------


