

**********************************************************************************************
**                                   Basic Information                                      **
**********************************************************************************************

----------------- Dataset Information -----------------
                         Country: Kyrgyz Republic
                    Country dode: KGZ
                       Data Year: 1998
                        Coverage: National
             Welfare measurement: Consumption
                     Data format: Unit record
                     Data source: KGZ_N1998X
                  Data time span: UnDefined
-------------------------------------------------------


----------- Distribution ------------
   i           P           L 
-------------------------------------
   0     0.01091  0.00044558
   1    0.020004   0.0011237
   2    0.030019   0.0022059
   3     0.04031    0.003518
   4    0.050306   0.0049935
   5    0.060373   0.0066466
   6    0.070053   0.0084034
   7    0.080189    0.010398
   8    0.090648    0.012593
   9     0.10001    0.014694
  10     0.11015    0.017104
  11     0.12023    0.019623
  12     0.13015    0.022192
  13     0.14016    0.024879
  14     0.15008    0.027633
  15     0.16005    0.030545
  16     0.17003    0.033561
  17     0.18008    0.036706
  18     0.19048    0.040076
  19     0.20004    0.043286
  20     0.21091    0.047041
  21     0.22034    0.050387
  22     0.23003    0.053898
  23      0.2407    0.057891
  24     0.25002    0.061454
  25     0.26001    0.065391
  26     0.27017    0.069532
  27     0.28017    0.073712
  28     0.29011    0.077999
  29     0.30498    0.084597
  30     0.31016    0.086921
  31     0.32002    0.091405
  32     0.33027    0.096182
  33     0.34004     0.10087
  34     0.35019     0.10588
  35      0.3601     0.11088
  36     0.37088     0.11643
  37     0.38041     0.12146
  38     0.39029      0.1268
  39     0.40002      0.1322
  40     0.41014     0.13794
  41     0.42007     0.14372
  42     0.43005     0.14966
  43     0.44032     0.15591
  44      0.4502     0.16209
  45     0.46042      0.1686
  46     0.47194     0.17607
  47     0.48001     0.18141
  48     0.49003     0.18822
  49         0.5     0.19518
  50     0.51002     0.20232
  51        0.52     0.20962
  52     0.53033     0.21732
  53     0.54035     0.22496
  54     0.55004     0.23249
  55     0.56004     0.24041
  56     0.57002     0.24853
  57     0.58021     0.25696
  58     0.59011      0.2653
  59      0.6001     0.27385
  60      0.6103     0.28273
  61     0.62016      0.2915
  62     0.63021     0.30061
  63     0.64056     0.31017
  64     0.65003     0.31907
  65     0.66001     0.32862
  66     0.67026     0.33864
  67     0.68027     0.34861
  68     0.69026     0.35881
  69     0.70003     0.36903
  70     0.71004     0.37973
  71     0.72024     0.39086
  72     0.73013     0.40191
  73     0.74034     0.41369
  74     0.75042     0.42561
  75     0.76004     0.43724
  76     0.77073     0.45049
  77     0.78021     0.46262
  78     0.79062     0.47628
  79     0.80016     0.48912
  80     0.81025     0.50303
  81     0.82004     0.51687
  82     0.83022     0.53168
  83     0.84038     0.54698
  84     0.85001     0.56174
  85     0.86041     0.57829
  86     0.87061     0.59495
  87     0.88006     0.61099
  88     0.89008     0.62866
  89     0.90043     0.64785
  90     0.91038      0.6673
  91     0.92012     0.68771
  92     0.93009     0.70991
  93     0.94016     0.73396
  94     0.95043     0.76009
  95     0.96019     0.78703
  96     0.97003     0.81782
  97     0.98004      0.8553
  98     0.99046     0.90395
  99           1           1
-----------------------------------------

----------------- PPP$ and local currency --------------
         PPP used in computation: 17.5379
     Data mean in local currency: 585.111
               Data mean in PPP$: 129.098
        Poverty line in PPP$/Day: 1.9
      Poverty line in PPP$/Month: 57.7917
  Poverty line in local currency: 261.93
-------------------------------------------------------

----------------- Estimation result --------------
     Number of observation: 2808
          Total population: 4.93991E+06
              Total wealth: 1.64808E+08(PPP$)
                   Minimum: 0(PPP$)
                   Maximum: 2419.05(PPP$)
             Headcount(HC): 0.305937
          Poverty gap (PG): 0.116007
       Poverty gap squared: 0.0624517
                      Gini: 0.46402
                    Median: 90.8716
                       MLD: 0.396184
                      Watt: 0.181599
--------------------------------------------------

-------------------------------- Income or Consumption share by deciles (%) -------------------------------------
     1.4693     2.8582     3.9113     4.9804     6.2984      7.859     9.5239      11.99     15.815     35.294
-----------------------------------------------------------------------------------------------------------------


