

**********************************************************************************************
**                                   Basic Information                                      **
**********************************************************************************************

----------------- Dataset Information -----------------
                         Country: Kyrgyz Republic
                    Country dode: KGZ
                       Data Year: 2010
                        Coverage: National
             Welfare measurement: Consumption
                     Data format: Unit record
                     Data source: KGZ_N2010X
                  Data time span: UnDefined
-------------------------------------------------------


----------- Distribution ------------
   i           P           L 
-------------------------------------
   0    0.010204   0.0011792
   1    0.020043   0.0037596
   2    0.031328   0.0074278
   3    0.040024    0.010427
   4    0.050253    0.014168
   5      0.0601    0.017921
   6     0.07015    0.021948
   7    0.080053    0.026093
   8    0.090041    0.030428
   9     0.10013    0.034976
  10     0.11013    0.039605
  11        0.12    0.044324
  12        0.13    0.049249
  13     0.14002    0.054298
  14     0.15014    0.059504
  15     0.16001    0.064672
  16     0.17001    0.070004
  17     0.18004    0.075451
  18     0.19009    0.081016
  19     0.20019    0.086719
  20     0.21008    0.092398
  21     0.22001    0.098205
  22     0.23002     0.10416
  23     0.24004     0.11022
  24     0.25001     0.11637
  25      0.2601     0.12269
  26     0.27012     0.12905
  27     0.28003     0.13542
  28      0.2902     0.14204
  29     0.30003     0.14853
  30     0.31004     0.15523
  31     0.32004       0.162
  32     0.33002     0.16885
  33     0.34002     0.17579
  34     0.35001     0.18282
  35     0.36014     0.19003
  36     0.37012     0.19721
  37     0.38001     0.20442
  38     0.39008     0.21183
  39         0.4     0.21921
  40     0.41001     0.22675
  41     0.42001     0.23438
  42     0.43009     0.24217
  43     0.44002     0.24992
  44     0.45001     0.25782
  45     0.46002     0.26584
  46        0.47     0.27393
  47     0.48013     0.28221
  48        0.49     0.29037
  49     0.50013     0.29885
  50     0.51002     0.30724
  51     0.52003     0.31582
  52     0.53001     0.32449
  53     0.54001     0.33328
  54     0.55007     0.34225
  55     0.56006     0.35126
  56     0.57005     0.36038
  57     0.58003     0.36958
  58     0.59003     0.37892
  59      0.6001     0.38842
  60     0.61003     0.39793
  61     0.62008     0.40769
  62     0.63016     0.41761
  63     0.64002     0.42745
  64     0.65022     0.43777
  65     0.66001      0.4478
  66     0.67001      0.4582
  67     0.68005     0.46877
  68     0.69006     0.47944
  69     0.70008     0.49027
  70      0.7101     0.50125
  71     0.72025     0.51254
  72     0.73005     0.52362
  73     0.74008     0.53514
  74        0.75     0.54671
  75     0.76011     0.55871
  76     0.77011     0.57079
  77     0.78001     0.58298
  78     0.79001     0.59553
  79     0.80002     0.60834
  80     0.81024     0.62166
  81     0.82001     0.63468
  82     0.83003     0.64832
  83     0.84003     0.66221
  84     0.85002     0.67638
  85     0.86002     0.69096
  86     0.87002     0.70595
  87     0.88001      0.7214
  88     0.89006     0.73743
  89     0.90023      0.7542
  90     0.91002     0.77088
  91     0.92008     0.78866
  92     0.93009     0.80711
  93     0.94004     0.82646
  94     0.95003      0.8471
  95     0.96002     0.86915
  96     0.97001      0.8929
  97        0.98     0.91939
  98        0.99     0.94985
  99           1           1
-----------------------------------------

----------------- PPP$ and local currency --------------
         PPP used in computation: 17.5379
     Data mean in local currency: 2430.52
               Data mean in PPP$: 161.447
        Poverty line in PPP$/Day: 1.9
      Poverty line in PPP$/Month: 57.7917
  Poverty line in local currency: 870.027
-------------------------------------------------------

----------------- Estimation result --------------
     Number of observation: 19559
          Total population: 5.41222E+06
              Total wealth: 7.50059E+08(PPP$)
                   Minimum: 4.7536(PPP$)
                   Maximum: 3676.94(PPP$)
             Headcount(HC): 0.0407531
          Poverty gap (PG): 0.0108998
       Poverty gap squared: 0.00581774
                      Gini: 0.301339
                    Median: 136.027
                       MLD: 0.156148
                      Watt: 0.017472
--------------------------------------------------

-------------------------------- Income or Consumption share by deciles (%) -------------------------------------
     3.4916     5.1694     6.1897     7.0706     7.9531     8.9585     10.185     11.813     14.551     24.617
-----------------------------------------------------------------------------------------------------------------


