

**********************************************************************************************
**                                   Basic Information                                      **
**********************************************************************************************

----------------- Dataset Information -----------------
                         Country: Kyrgyz Republic
                    Country dode: KGZ
                       Data Year: 2007
                        Coverage: National
             Welfare measurement: Consumption
                     Data format: Unit record
                     Data source: KGZ_N2007X
                  Data time span: UnDefined
-------------------------------------------------------


----------- Distribution ------------
   i           P           L 
-------------------------------------
   0    0.010046   0.0020828
   1    0.021209   0.0048877
   2    0.030005   0.0072663
   3    0.042567    0.011058
   4    0.050001    0.013398
   5    0.060017    0.016698
   6    0.070024    0.020157
   7    0.080017    0.023735
   8    0.090153    0.027511
   9     0.10004    0.031329
  10     0.11003    0.035301
  11     0.12032    0.039503
  12     0.13001    0.043587
  13     0.14184    0.048768
  14     0.15003    0.052431
  15     0.16001    0.056993
  16     0.17032    0.061808
  17      0.1801    0.066464
  18        0.19    0.071283
  19     0.20006    0.076284
  20     0.21002    0.081352
  21     0.22015    0.086628
  22      0.2301    0.091908
  23     0.24006    0.097286
  24     0.25015     0.10283
  25     0.26005     0.10837
  26     0.27001     0.11402
  27     0.28002     0.11979
  28     0.29009     0.12569
  29         0.3     0.13159
  30     0.31002     0.13767
  31     0.32019     0.14395
  32     0.33005     0.15013
  33     0.34003     0.15648
  34     0.35008     0.16297
  35     0.36005     0.16949
  36     0.37007     0.17614
  37     0.38001     0.18288
  38     0.39001     0.18975
  39     0.40002     0.19671
  40     0.41006     0.20378
  41     0.42016     0.21098
  42     0.43022     0.21827
  43     0.44021     0.22559
  44        0.45     0.23285
  45     0.46001     0.24036
  46     0.47009     0.24803
  47     0.48005      0.2557
  48     0.49016     0.26361
  49     0.50017     0.27156
  50     0.51003     0.27951
  51     0.52006     0.28773
  52     0.53003     0.29602
  53     0.54023     0.30465
  54        0.55     0.31306
  55     0.56004     0.32183
  56     0.57009     0.33071
  57        0.58     0.33958
  58     0.59002     0.34867
  59     0.60005     0.35793
  60     0.61013      0.3674
  61     0.62034     0.37716
  62     0.63007     0.38663
  63      0.6401     0.39655
  64     0.65002     0.40653
  65     0.66021     0.41695
  66     0.67003     0.42718
  67     0.68013     0.43789
  68     0.69008     0.44861
  69     0.70022     0.45975
  70     0.71049     0.47126
  71     0.72027     0.48241
  72     0.73064     0.49448
  73     0.74016     0.50576
  74     0.75043     0.51814
  75     0.76001     0.52989
  76     0.77011     0.54249
  77     0.78054     0.55583
  78      0.7902     0.56845
  79     0.80014      0.5817
  80     0.81001     0.59511
  81     0.82006     0.60909
  82     0.83005     0.62326
  83     0.84001     0.63779
  84     0.85018     0.65309
  85     0.86013     0.66845
  86     0.87021     0.68447
  87     0.88017     0.70076
  88     0.89007     0.71758
  89     0.90007     0.73527
  90     0.91001     0.75336
  91     0.92003     0.77235
  92        0.93     0.79233
  93     0.94004     0.81366
  94     0.95074     0.83789
  95     0.96002      0.8603
  96     0.97002     0.88621
  97     0.98005     0.91474
  98     0.99002     0.94762
  99           1           1
-----------------------------------------

----------------- PPP$ and local currency --------------
         PPP used in computation: 17.5379
     Data mean in local currency: 1549.1
               Data mean in PPP$: 147.888
        Poverty line in PPP$/Day: 1.9
      Poverty line in PPP$/Month: 57.7917
  Poverty line in local currency: 605.359
-------------------------------------------------------

----------------- Estimation result --------------
     Number of observation: 19200
          Total population: 5.22426E+06
              Total wealth: 4.61452E+08(PPP$)
                   Minimum: 9.94888(PPP$)
                   Maximum: 1623.63(PPP$)
             Headcount(HC): 0.0993617
          Poverty gap (PG): 0.0198745
       Poverty gap squared: 0.00592778
                      Gini: 0.339118
                    Median: 118.344
                       MLD: 0.18876
                      Watt: 0.0238889
--------------------------------------------------

-------------------------------- Income or Consumption share by deciles (%) -------------------------------------
     3.1312     4.4945     5.5332      6.511     7.4721     8.6467     10.163       12.2     15.363     26.486
-----------------------------------------------------------------------------------------------------------------


