

**********************************************************************************************
**                                   Basic Information                                      **
**********************************************************************************************

----------------- Dataset Information -----------------
                         Country: Kyrgyz Republic
                    Country dode: KGZ
                       Data Year: 2006
                        Coverage: National
             Welfare measurement: Consumption
                     Data format: Unit record
                     Data source: KGZ_N2006X
                  Data time span: UnDefined
-------------------------------------------------------


----------- Distribution ------------
   i           P           L 
-------------------------------------
   0    0.010016   0.0019743
   1    0.020007   0.0044697
   2    0.030255   0.0072933
   3    0.041505    0.010631
   4    0.050628    0.013466
   5    0.060508    0.016664
   6    0.070018    0.019813
   7    0.080006    0.023273
   8    0.090009    0.026853
   9      0.1003    0.030639
  10     0.11005    0.034318
  11     0.12017    0.038288
  12     0.13086    0.042601
  13     0.14007    0.046385
  14     0.15043    0.050731
  15     0.16024    0.054936
  16     0.17035    0.059346
  17     0.18019     0.06371
  18     0.19011    0.068179
  19     0.20006    0.072752
  20     0.21022    0.077499
  21     0.22046    0.082353
  22     0.23036      0.0871
  23     0.24009    0.091845
  24     0.25049     0.09702
  25     0.26003     0.10185
  26     0.27002     0.10701
  27     0.28017     0.11234
  28     0.29023     0.11771
  29      0.3001     0.12309
  30     0.31002     0.12859
  31     0.32042     0.13441
  32     0.33014     0.13993
  33     0.34003     0.14562
  34     0.35006     0.15147
  35      0.3602     0.15749
  36     0.37001      0.1634
  37     0.38015     0.16958
  38     0.39001     0.17569
  39     0.40006     0.18202
  40     0.41001     0.18841
  41     0.42008     0.19495
  42     0.43006     0.20156
  43     0.44006      0.2083
  44     0.45002     0.21513
  45        0.46     0.22208
  46     0.47016     0.22926
  47      0.4801     0.23638
  48     0.49033     0.24379
  49     0.50003     0.25097
  50     0.51033     0.25873
  51     0.52001      0.2662
  52     0.53001     0.27405
  53     0.54002     0.28204
  54     0.55004      0.2902
  55        0.56     0.29849
  56        0.57     0.30693
  57     0.58001      0.3155
  58     0.59022     0.32442
  59         0.6     0.33313
  60     0.61004     0.34222
  61     0.62012      0.3515
  62     0.63018     0.36089
  63     0.64002     0.37022
  64     0.65001     0.37983
  65     0.66002     0.38965
  66     0.67016     0.39976
  67        0.68     0.40976
  68     0.69032     0.42046
  69     0.70002     0.43073
  70        0.71     0.44149
  71     0.72046     0.45304
  72        0.73     0.46382
  73     0.74021     0.47555
  74     0.75001      0.4871
  75     0.76006      0.4993
  76     0.77021     0.51189
  77     0.78001     0.52427
  78        0.79     0.53722
  79     0.80061     0.55136
  80     0.81006     0.56427
  81     0.82007     0.57832
  82      0.8304     0.59313
  83      0.8401     0.60738
  84     0.85001     0.62222
  85     0.86049     0.63852
  86     0.87001      0.6538
  87     0.88001     0.67046
  88     0.89025     0.68822
  89     0.90133     0.70832
  90     0.91011     0.72471
  91     0.92005     0.74398
  92     0.93007     0.76434
  93     0.94015     0.78599
  94     0.95001     0.80844
  95     0.96043     0.83397
  96        0.97     0.85934
  97     0.98004     0.89019
  98     0.99001     0.92719
  99           1           1
-----------------------------------------

----------------- PPP$ and local currency --------------
         PPP used in computation: 17.5379
     Data mean in local currency: 1479.01
               Data mean in PPP$: 155.564
        Poverty line in PPP$/Day: 1.9
      Poverty line in PPP$/Month: 57.7917
  Poverty line in local currency: 549.451
-------------------------------------------------------

----------------- Estimation result --------------
     Number of observation: 19444
          Total population: 5.18984E+06
              Total wealth: 4.37671E+08(PPP$)
                   Minimum: 7.53578(PPP$)
                   Maximum: 4011.08(PPP$)
             Headcount(HC): 0.0986888
          Poverty gap (PG): 0.017829
       Poverty gap squared: 0.00507183
                      Gini: 0.373812
                    Median: 116.079
                       MLD: 0.228905
                      Watt: 0.021291
--------------------------------------------------

-------------------------------- Income or Consumption share by deciles (%) -------------------------------------
     3.0528     4.2196     5.0316     5.8947     6.8965     8.2175     9.7581     11.984     15.536     29.409
-----------------------------------------------------------------------------------------------------------------


