

**********************************************************************************************
**                                   Basic Information                                      **
**********************************************************************************************

----------------- Dataset Information -----------------
                         Country: Kyrgyz Republic
                    Country dode: KGZ
                       Data Year: 2014
                        Coverage: National
             Welfare measurement: Consumption
                     Data format: Unit record
                     Data source: KGZ_N2014X
                  Data time span: UnDefined
-------------------------------------------------------


----------- Distribution ------------
   i           P           L 
-------------------------------------
   0    0.010066   0.0028355
   1    0.020154   0.0065545
   2    0.030093    0.010604
   3    0.040083    0.014898
   4    0.050024    0.019358
   5    0.060215    0.024066
   6    0.070061    0.028739
   7    0.080144    0.033673
   8    0.090059    0.038642
   9     0.10002    0.043739
  10     0.11008    0.048982
  11     0.12002    0.054297
  12     0.13003    0.059753
  13     0.14002     0.06528
  14     0.15003    0.070896
  15     0.16001     0.07658
  16     0.17002    0.082378
  17     0.18002    0.088257
  18     0.19001    0.094212
  19     0.20003     0.10027
  20     0.21002     0.10641
  21     0.22007     0.11267
  22     0.23007     0.11896
  23      0.2402     0.12544
  24     0.25008     0.13184
  25     0.26006     0.13839
  26     0.27003       0.145
  27     0.28007     0.15175
  28     0.29005     0.15853
  29     0.30002     0.16537
  30     0.31028     0.17249
  31     0.32003     0.17932
  32     0.33002     0.18641
  33     0.34007      0.1936
  34     0.35007     0.20084
  35     0.36002     0.20813
  36     0.37013     0.21562
  37     0.38001     0.22303
  38     0.39023     0.23077
  39     0.40007      0.2383
  40     0.41006     0.24604
  41     0.42009     0.25388
  42     0.43026     0.26191
  43     0.44003     0.26969
  44        0.45     0.27772
  45     0.46001     0.28587
  46     0.47006     0.29414
  47     0.48002     0.30241
  48     0.49002     0.31081
  49         0.5     0.31929
  50     0.51003     0.32791
  51     0.52011     0.33668
  52     0.53009     0.34546
  53     0.54001     0.35429
  54     0.55004     0.36333
  55     0.56007     0.37248
  56     0.57005     0.38169
  57     0.58005     0.39102
  58     0.59001     0.40042
  59     0.60004        0.41
  60     0.61001     0.41964
  61     0.62017     0.42959
  62     0.63001     0.43932
  63     0.64004     0.44939
  64     0.65006     0.45956
  65     0.66002     0.46979
  66     0.67011      0.4803
  67      0.6801     0.49084
  68        0.69     0.50143
  69     0.70019     0.51248
  70        0.71     0.52327
  71     0.72002     0.53444
  72     0.73002     0.54573
  73     0.74002     0.55719
  74     0.75004     0.56888
  75     0.76001     0.58067
  76     0.77002     0.59268
  77     0.78003     0.60487
  78     0.79004     0.61727
  79     0.80004     0.62984
  80     0.81003     0.64266
  81     0.82004     0.65574
  82        0.83     0.66905
  83     0.84004     0.68269
  84     0.85004     0.69657
  85     0.86003     0.71079
  86        0.87      0.7253
  87     0.88009      0.7403
  88     0.89001     0.75546
  89         0.9     0.77115
  90     0.91004     0.78745
  91     0.92002     0.80421
  92     0.93007     0.82182
  93     0.94002     0.84001
  94     0.95001     0.85923
  95     0.96001     0.87962
  96     0.97004     0.90166
  97     0.98008     0.92592
  98     0.99004     0.95376
  99           1           1
-----------------------------------------

----------------- PPP$ and local currency --------------
         PPP used in computation: 17.5379
     Data mean in local currency: 3312.86
               Data mean in PPP$: 160.464
        Poverty line in PPP$/Day: 1.9
      Poverty line in PPP$/Month: 57.7917
  Poverty line in local currency: 1193.13
-------------------------------------------------------

----------------- Estimation result --------------
     Number of observation: 19836
          Total population: 5.84258E+06
              Total wealth: 1.10365E+09(PPP$)
                   Minimum: 14.2792(PPP$)
                   Maximum: 4511.54(PPP$)
             Headcount(HC): 0.0129029
          Poverty gap (PG): 0.00226388
       Poverty gap squared: 0.000695661
                      Gini: 0.26819
                    Median: 137.092
                       MLD: 0.11752
                      Watt: 0.00276496
--------------------------------------------------

-------------------------------- Income or Consumption share by deciles (%) -------------------------------------
     4.3727     5.6525     6.5105     7.2891     8.1036     9.0677     10.231     11.751     14.136     22.885
-----------------------------------------------------------------------------------------------------------------


