

**********************************************************************************************
**                                   Basic Information                                      **
**********************************************************************************************

----------------- Dataset Information -----------------
                         Country: Kyrgyz Republic
                    Country dode: KGZ
                       Data Year: 2005
                        Coverage: National
             Welfare measurement: Consumption
                     Data format: Unit record
                     Data source: KGZ_N2005X
                  Data time span: UnDefined
-------------------------------------------------------


----------- Distribution ------------
   i           P           L 
-------------------------------------
   0    0.010085   0.0022546
   1    0.020011   0.0050513
   2    0.030058   0.0082561
   3    0.040527    0.011832
   4     0.05001    0.015283
   5    0.060283    0.019182
   6    0.070012    0.022988
   7    0.080214     0.02708
   8    0.090001     0.03109
   9     0.10141    0.035944
  10     0.11074    0.040037
  11     0.12017    0.044263
  12     0.13132    0.049375
  13     0.14001    0.053448
  14     0.15074     0.05858
  15     0.16044    0.063329
  16     0.17004     0.06812
  17     0.18012    0.073232
  18        0.19    0.078325
  19     0.20026    0.083686
  20     0.21029    0.089033
  21     0.22012    0.094383
  22     0.23033     0.10005
  23     0.24006     0.10549
  24     0.25005     0.11116
  25     0.26005     0.11694
  26     0.27012     0.12286
  27     0.28009     0.12882
  28     0.29014     0.13488
  29     0.30028     0.14112
  30     0.31028     0.14734
  31     0.32008      0.1535
  32     0.33052     0.16015
  33        0.34     0.16627
  34     0.35001      0.1728
  35      0.3601     0.17946
  36     0.37001      0.1861
  37     0.38008     0.19297
  38     0.39002     0.19983
  39     0.40049     0.20716
  40     0.41015     0.21399
  41        0.42     0.22107
  42     0.43065     0.22883
  43     0.44004     0.23574
  44     0.45014     0.24324
  45     0.46036     0.25094
  46     0.47005     0.25832
  47     0.48025     0.26623
  48     0.49028      0.2741
  49     0.50007     0.28186
  50     0.51042      0.2902
  51     0.52006     0.29808
  52      0.5306     0.30684
  53     0.54028     0.31497
  54     0.55006     0.32331
  55     0.56024      0.3321
  56      0.5701     0.34071
  57     0.58004     0.34953
  58     0.59005     0.35857
  59     0.60004     0.36771
  60     0.61001     0.37696
  61        0.62      0.3864
  62     0.63002     0.39602
  63     0.64007     0.40585
  64     0.65004     0.41577
  65     0.66016     0.42595
  66        0.67     0.43599
  67      0.6802     0.44657
  68     0.69004     0.45694
  69      0.7001     0.46778
  70     0.71006     0.47871
  71     0.72019     0.48997
  72     0.73006     0.50112
  73     0.74012     0.51269
  74      0.7501     0.52439
  75     0.76004     0.53632
  76      0.7707      0.5494
  77     0.78007      0.5611
  78     0.79022     0.57403
  79     0.80013     0.58689
  80     0.81002     0.60006
  81     0.82035     0.61418
  82     0.83001     0.62768
  83     0.84004     0.64206
  84     0.85005      0.6569
  85     0.86004     0.67219
  86     0.87014     0.68809
  87     0.88004     0.70426
  88     0.89002     0.72107
  89     0.90007     0.73861
  90     0.91024     0.75704
  91        0.92     0.77549
  92     0.93109      0.7975
  93     0.94027     0.81654
  94        0.95     0.83766
  95     0.96007     0.86087
  96     0.97008     0.88598
  97     0.98003     0.91399
  98      0.9901     0.94653
  99           1           1
-----------------------------------------

----------------- PPP$ and local currency --------------
         PPP used in computation: 17.5379
     Data mean in local currency: 1067.46
               Data mean in PPP$: 118.52
        Poverty line in PPP$/Day: 1.9
      Poverty line in PPP$/Month: 57.7917
  Poverty line in local currency: 520.504
-------------------------------------------------------

----------------- Estimation result --------------
     Number of observation: 19069
          Total population: 5.13867E+06
              Total wealth: 3.12768E+08(PPP$)
                   Minimum: 2.41857(PPP$)
                   Maximum: 1489.92(PPP$)
             Headcount(HC): 0.153789
          Poverty gap (PG): 0.0306135
       Poverty gap squared: 0.00939467
                      Gini: 0.325614
                    Median: 94.5351
                       MLD: 0.172345
                      Watt: 0.0372369
--------------------------------------------------

-------------------------------- Income or Consumption share by deciles (%) -------------------------------------
     3.5343     4.8208     5.7395      6.587     7.4989      8.587     9.9991     11.906     15.176     26.152
-----------------------------------------------------------------------------------------------------------------


