

**********************************************************************************************
**                                   Basic Information                                      **
**********************************************************************************************

----------------- Dataset Information -----------------
                         Country: Kyrgyz Republic
                    Country dode: KGZ
                       Data Year: 2012
                        Coverage: National
             Welfare measurement: Consumption
                     Data format: Unit record
                     Data source: KGZ_N2012X
                  Data time span: UnDefined
-------------------------------------------------------


----------- Distribution ------------
   i           P           L 
-------------------------------------
   0    0.010108   0.0019661
   1    0.020001   0.0048826
   2    0.030028   0.0083872
   3    0.040064    0.012346
   4    0.050184    0.016593
   5     0.06004    0.020898
   6    0.070004    0.025434
   7    0.080045     0.03018
   8    0.090688    0.035408
   9      0.1001    0.040142
  10     0.11007    0.045253
  11     0.12002    0.050469
  12     0.13002    0.055823
  13     0.14002    0.061295
  14     0.15011    0.066912
  15     0.16001    0.072501
  16     0.17001    0.078246
  17     0.18003    0.084111
  18     0.19008    0.090082
  19     0.20003    0.096069
  20        0.21     0.10218
  21     0.22001     0.10843
  22     0.23008     0.11481
  23     0.24035      0.1214
  24     0.25001     0.12766
  25     0.26001     0.13424
  26     0.27002     0.14092
  27     0.28002     0.14768
  28     0.29022     0.15466
  29     0.30006     0.16146
  30     0.31005     0.16844
  31     0.32007     0.17555
  32        0.33     0.18266
  33     0.34029     0.19012
  34     0.35005     0.19728
  35     0.36005      0.2047
  36     0.37029     0.21238
  37        0.38     0.21974
  38     0.39021     0.22755
  39     0.40004     0.23515
  40     0.41004     0.24296
  41     0.42006     0.25086
  42     0.43021     0.25894
  43     0.44003     0.26684
  44     0.45001     0.27497
  45        0.46     0.28319
  46     0.47002     0.29153
  47     0.48007     0.29998
  48     0.49001     0.30843
  49     0.50009     0.31707
  50     0.51003     0.32569
  51     0.52001     0.33445
  52     0.53001     0.34331
  53     0.54006     0.35233
  54     0.55037     0.36169
  55     0.56005     0.37056
  56     0.57011     0.37989
  57     0.58004     0.38917
  58        0.59     0.39857
  59     0.60008      0.4082
  60     0.61004     0.41782
  61     0.62004     0.42758
  62     0.63001     0.43742
  63     0.64001      0.4474
  64     0.65004     0.45755
  65     0.66009     0.46783
  66     0.67001     0.47811
  67     0.68001      0.4886
  68     0.69006     0.49928
  69     0.70007     0.51006
  70     0.71001     0.52091
  71     0.72009     0.53209
  72     0.73001     0.54323
  73     0.74003     0.55467
  74     0.75003     0.56627
  75     0.76005     0.57807
  76        0.77     0.58999
  77     0.78007     0.60224
  78     0.79008     0.61461
  79     0.80015     0.62725
  80     0.81027     0.64018
  81     0.82024     0.65316
  82     0.83002     0.66613
  83     0.84001     0.67965
  84     0.85001     0.69356
  85     0.86003     0.70785
  86        0.87     0.72244
  87     0.88001     0.73741
  88     0.89005     0.75284
  89     0.90001     0.76871
  90        0.91     0.78516
  91     0.92002     0.80223
  92      0.9303     0.82045
  93     0.94003     0.83853
  94     0.95001     0.85813
  95     0.96003     0.87922
  96        0.97     0.90177
  97     0.98003     0.92657
  98     0.99001     0.95573
  99           1           1
-----------------------------------------

----------------- PPP$ and local currency --------------
         PPP used in computation: 17.5379
     Data mean in local currency: 2805.11
               Data mean in PPP$: 155.76
        Poverty line in PPP$/Day: 1.9
      Poverty line in PPP$/Month: 57.7917
  Poverty line in local currency: 1040.78
-------------------------------------------------------

----------------- Estimation result --------------
     Number of observation: 19836
          Total population: 5.63203E+06
              Total wealth: 9.00816E+08(PPP$)
                   Minimum: 4.63896(PPP$)
                   Maximum: 2991.36(PPP$)
             Headcount(HC): 0.0291136
          Poverty gap (PG): 0.00743199
       Poverty gap squared: 0.00298058
                      Gini: 0.273573
                    Median: 134.478
                       MLD: 0.125376
                      Watt: 0.0100484
--------------------------------------------------

-------------------------------- Income or Consumption share by deciles (%) -------------------------------------
     4.0093     5.5961      6.536     7.3705      8.188     9.1124     10.187     11.707     14.163     23.131
-----------------------------------------------------------------------------------------------------------------


