

**********************************************************************************************
**                                   Basic Information                                      **
**********************************************************************************************

----------------- Dataset Information -----------------
                         Country: Kyrgyz Republic
                    Country dode: KGZ
                       Data Year: 2008
                        Coverage: National
             Welfare measurement: Consumption
                     Data format: Unit record
                     Data source: KGZ_N2008X
                  Data time span: UnDefined
-------------------------------------------------------


----------- Distribution ------------
   i           P           L 
-------------------------------------
   0    0.010335   0.0021564
   1    0.020014   0.0048229
   2    0.030215   0.0080122
   3    0.040079     0.01134
   4    0.050007    0.014853
   5    0.060168      0.0186
   6    0.070007    0.022405
   7    0.080204    0.026494
   8    0.090308    0.030694
   9     0.10001    0.034853
  10     0.11077      0.0396
  11     0.12006     0.04381
  12     0.13093     0.04882
  13     0.14012    0.053177
  14        0.15    0.057987
  15     0.16013    0.063039
  16     0.17008    0.068126
  17      0.1803    0.073441
  18     0.19025    0.078723
  19     0.20005    0.084001
  20     0.21003    0.089459
  21      0.2203    0.095172
  22     0.23011     0.10072
  23     0.24041     0.10664
  24     0.25007     0.11226
  25     0.26001     0.11811
  26     0.27006     0.12409
  27     0.28003     0.13013
  28     0.29004      0.1363
  29     0.30001     0.14253
  30     0.31048     0.14915
  31     0.32007     0.15532
  32     0.33001     0.16181
  33     0.34065     0.16887
  34     0.35009     0.17523
  35      0.3604     0.18226
  36     0.37025     0.18905
  37     0.38001     0.19587
  38     0.39085     0.20359
  39     0.40037     0.21046
  40     0.41001      0.2175
  41     0.42001     0.22491
  42     0.43004     0.23245
  43     0.44017     0.24015
  44     0.45001     0.24776
  45        0.46      0.2556
  46     0.47009     0.26363
  47     0.48005     0.27171
  48      0.4903     0.28015
  49     0.50001     0.28826
  50     0.51001     0.29671
  51     0.52016     0.30539
  52        0.53     0.31392
  53     0.54011     0.32278
  54     0.55005     0.33159
  55     0.56005     0.34056
  56     0.57002      0.3496
  57     0.58001     0.35879
  58     0.59002     0.36811
  59     0.60006     0.37759
  60     0.61003     0.38713
  61     0.62001     0.39683
  62     0.63016     0.40686
  63        0.64     0.41673
  64     0.65024     0.42713
  65     0.66014     0.43734
  66     0.67004      0.4477
  67     0.68018     0.45848
  68     0.69024     0.46936
  69     0.70005     0.48012
  70     0.71032     0.49158
  71     0.72007     0.50261
  72     0.73059     0.51474
  73     0.74028     0.52606
  74     0.75005     0.53764
  75     0.76021      0.5499
  76     0.77001     0.56196
  77     0.78036     0.57489
  78     0.79001     0.58717
  79         0.8     0.60014
  80     0.81017      0.6136
  81     0.82018     0.62719
  82     0.83002     0.64082
  83     0.84011     0.65508
  84     0.85108      0.6709
  85     0.86003     0.68404
  86     0.87002     0.69917
  87     0.88079     0.71589
  88     0.89002     0.73061
  89     0.90001     0.74702
  90     0.91003     0.76415
  91     0.92001     0.78191
  92     0.93004     0.80061
  93     0.94057     0.82124
  94     0.95003     0.84075
  95     0.96001     0.86275
  96     0.97001     0.88679
  97     0.98002     0.91381
  98     0.99023     0.94703
  99           1           1
-----------------------------------------

----------------- PPP$ and local currency --------------
         PPP used in computation: 17.5379
     Data mean in local currency: 2166.42
               Data mean in PPP$: 166.089
        Poverty line in PPP$/Day: 1.9
      Poverty line in PPP$/Month: 57.7917
  Poverty line in local currency: 753.818
-------------------------------------------------------

----------------- Estimation result --------------
     Number of observation: 19761
          Total population: 5.22835E+06
              Total wealth: 6.45846E+08(PPP$)
                   Minimum: 4.25998(PPP$)
                   Maximum: 3608.58(PPP$)
             Headcount(HC): 0.0400933
          Poverty gap (PG): 0.00748791
       Poverty gap squared: 0.00234568
                      Gini: 0.314507
                    Median: 139.717
                       MLD: 0.163355
                      Watt: 0.00927914
--------------------------------------------------

-------------------------------- Income or Consumption share by deciles (%) -------------------------------------
     3.4848     4.9125     5.8546     6.7673     7.8063     8.9274     10.254     12.007     14.688     25.299
-----------------------------------------------------------------------------------------------------------------


