

**********************************************************************************************
**                                   Basic Information                                      **
**********************************************************************************************

----------------- Dataset Information -----------------
                         Country: Kyrgyz Republic
                    Country dode: KGZ
                       Data Year: 2000
                        Coverage: National
             Welfare measurement: Consumption
                     Data format: Unit record
                     Data source: KGZ_N2000X
                  Data time span: UnDefined
-------------------------------------------------------


----------- Distribution ------------
   i           P           L 
-------------------------------------
   0    0.010285   0.0024055
   1    0.020604   0.0054572
   2    0.030092   0.0084651
   3    0.040652     0.01214
   4    0.050267    0.015673
   5    0.060218    0.019533
   6     0.07049    0.023691
   7    0.080074    0.027722
   8    0.090484    0.032245
   9     0.10112    0.036999
  10     0.11037     0.04125
  11     0.12043    0.045971
  12     0.13016    0.050607
  13        0.14     0.05538
  14     0.15021    0.060424
  15     0.16037    0.065538
  16     0.17057    0.070775
  17     0.18034    0.075847
  18     0.19006    0.080961
  19     0.20027    0.086435
  20     0.21007    0.091805
  21     0.22005    0.097376
  22     0.23009     0.10307
  23     0.24013     0.10885
  24     0.25047     0.11489
  25     0.26021     0.12066
  26     0.27065     0.12692
  27     0.28025     0.13277
  28     0.29046     0.13911
  29     0.30007     0.14515
  30     0.31023     0.15163
  31     0.32014     0.15805
  32     0.33042     0.16484
  33      0.3401     0.17134
  34      0.3502     0.17823
  35     0.36022     0.18517
  36     0.37039     0.19229
  37      0.3802     0.19923
  38     0.39011     0.20632
  39     0.40001     0.21346
  40     0.41018     0.22086
  41     0.42037     0.22835
  42     0.43005     0.23556
  43     0.44004      0.2431
  44     0.45104     0.25153
  45     0.46019     0.25865
  46     0.47021     0.26653
  47     0.48007     0.27438
  48     0.49021     0.28256
  49     0.50004     0.29058
  50     0.51036     0.29906
  51        0.52     0.30709
  52     0.53066     0.31612
  53     0.54011     0.32421
  54     0.55015     0.33292
  55     0.56018     0.34173
  56     0.57053     0.35098
  57     0.58044     0.35991
  58     0.59003     0.36867
  59     0.60004     0.37788
  60     0.61013      0.3873
  61      0.6201     0.39673
  62     0.63001     0.40624
  63     0.64043     0.41645
  64     0.65036     0.42634
  65     0.66014     0.43619
  66     0.67103     0.44742
  67     0.68017     0.45703
  68     0.69004     0.46754
  69     0.70018     0.47858
  70     0.71005     0.48949
  71      0.7205     0.50127
  72      0.7303     0.51255
  73     0.74004     0.52397
  74     0.75019     0.53602
  75     0.76046     0.54838
  76     0.77021     0.56034
  77     0.78024     0.57288
  78     0.79001     0.58539
  79     0.80031      0.5989
  80     0.81029     0.61234
  81      0.8204     0.62626
  82     0.83004     0.63989
  83     0.84029     0.65481
  84     0.85024     0.66962
  85      0.8605     0.68533
  86     0.87048     0.70107
  87     0.88005     0.71668
  88     0.89018     0.73399
  89     0.90013      0.7518
  90     0.91006     0.77016
  91     0.92005     0.78941
  92     0.93062     0.81075
  93     0.94012     0.83056
  94     0.95035     0.85289
  95     0.96009     0.87563
  96     0.97039     0.90181
  97     0.98005     0.92883
  98     0.99008     0.95987
  99           1           1
-----------------------------------------

----------------- PPP$ and local currency --------------
         PPP used in computation: 17.5379
     Data mean in local currency: 574.115
               Data mean in PPP$: 77.8767
        Poverty line in PPP$/Day: 1.9
      Poverty line in PPP$/Month: 57.7917
  Poverty line in local currency: 426.046
-------------------------------------------------------

----------------- Estimation result --------------
     Number of observation: 2789
          Total population: 5.0427E+06
              Total wealth: 1.65076E+08(PPP$)
                   Minimum: 5.17613(PPP$)
                   Maximum: 188.83(PPP$)
             Headcount(HC): 0.422121
          Poverty gap (PG): 0.112663
       Poverty gap squared: 0.0427263
                      Gini: 0.31035
                    Median: 63.6557
                       MLD: 0.154763
                      Watt: 0.144805
--------------------------------------------------

-------------------------------- Income or Consumption share by deciles (%) -------------------------------------
       3.65     4.9788     5.8819      6.834     7.7099       8.73     10.054      12.01     15.307     24.844
-----------------------------------------------------------------------------------------------------------------


