

**********************************************************************************************
**                                   Basic Information                                      **
**********************************************************************************************

----------------- Dataset Information -----------------
                         Country: Kyrgyz Republic
                    Country dode: KGZ
                       Data Year: 2011
                        Coverage: National
             Welfare measurement: Consumption
                     Data format: Unit record
                     Data source: KGZ_N2011X
                  Data time span: UnDefined
-------------------------------------------------------


----------- Distribution ------------
   i           P           L 
-------------------------------------
   0    0.010343    0.002985
   1    0.020018    0.006385
   2    0.030033    0.010199
   3    0.040028    0.014246
   4     0.05001    0.018474
   5    0.060855    0.023273
   6    0.070363    0.027622
   7    0.080074     0.03217
   8    0.090328    0.037123
   9     0.10015    0.041986
  10        0.11    0.046934
  11     0.12009     0.05209
  12     0.13001    0.057295
  13     0.14038    0.062865
  14     0.15017    0.068199
  15     0.16008    0.073681
  16     0.17005    0.079274
  17     0.18005    0.084985
  18     0.19038    0.090959
  19     0.20033    0.096804
  20     0.21011     0.10264
  21     0.22034     0.10882
  22     0.23007     0.11479
  23     0.24001     0.12095
  24     0.25008      0.1273
  25     0.26045     0.13391
  26     0.27004     0.14011
  27     0.28001     0.14663
  28     0.29018     0.15338
  29     0.30002        0.16
  30     0.31006     0.16684
  31     0.32007     0.17374
  32     0.33002     0.18068
  33        0.34     0.18773
  34     0.35012     0.19495
  35     0.36015     0.20219
  36     0.37003      0.2094
  37     0.38009     0.21684
  38     0.39004     0.22427
  39     0.40006     0.23184
  40     0.41017     0.23958
  41     0.42025     0.24737
  42     0.43002     0.25504
  43     0.44026     0.26316
  44     0.45025     0.27121
  45     0.46015     0.27924
  46        0.47     0.28734
  47     0.48005     0.29569
  48     0.49006     0.30412
  49     0.50008     0.31266
  50     0.51001     0.32121
  51     0.52004     0.32994
  52        0.53     0.33871
  53     0.54025     0.34783
  54     0.55001     0.35662
  55     0.56002     0.36574
  56     0.57034     0.37527
  57     0.58019     0.38446
  58     0.59009     0.39381
  59     0.60001     0.40329
  60     0.61013      0.4131
  61     0.62001     0.42277
  62     0.63003     0.43271
  63      0.6401     0.44281
  64     0.65002     0.45288
  65     0.66004     0.46316
  66     0.67001     0.47353
  67     0.68003     0.48409
  68     0.69003     0.49474
  69     0.70001     0.50554
  70     0.71004     0.51653
  71     0.72001     0.52759
  72     0.73001     0.53886
  73     0.74006     0.55037
  74     0.75002     0.56196
  75        0.76     0.57374
  76     0.77005     0.58579
  77     0.78003     0.59795
  78     0.79005     0.61038
  79     0.80001     0.62296
  80      0.8102     0.63608
  81     0.82005       0.649
  82     0.83003     0.66233
  83     0.84005     0.67601
  84     0.85003     0.68991
  85     0.86001     0.70414
  86     0.87005     0.71883
  87        0.88     0.73378
  88     0.89001      0.7492
  89     0.90006      0.7652
  90     0.91007     0.78167
  91     0.92003     0.79868
  92     0.93015     0.81676
  93     0.94002     0.83531
  94        0.95       0.855
  95     0.96004     0.87611
  96     0.97002     0.89889
  97     0.98001      0.9243
  98     0.99001     0.95392
  99           1           1
-----------------------------------------

----------------- PPP$ and local currency --------------
         PPP used in computation: 17.5379
     Data mean in local currency: 2826.73
               Data mean in PPP$: 161.178
        Poverty line in PPP$/Day: 1.9
      Poverty line in PPP$/Month: 57.7917
  Poverty line in local currency: 1013.55
-------------------------------------------------------

----------------- Estimation result --------------
     Number of observation: 19809
          Total population: 5.48108E+06
              Total wealth: 8.83432E+08(PPP$)
                   Minimum: 4.77321(PPP$)
                   Maximum: 3552.92(PPP$)
             Headcount(HC): 0.0180617
          Poverty gap (PG): 0.00222488
       Poverty gap squared: 0.000584817
                      Gini: 0.278399
                    Median: 137.988
                       MLD: 0.125971
                      Watt: 0.00270127
--------------------------------------------------

-------------------------------- Income or Consumption share by deciles (%) -------------------------------------
      4.191     5.4701     6.3378     7.1809     8.0789     9.0694     10.224     11.743     14.215      23.49
-----------------------------------------------------------------------------------------------------------------


