

**********************************************************************************************
**                                   Basic Information                                      **
**********************************************************************************************

----------------- Dataset Information -----------------
                         Country: Kyrgyz Republic
                    Country dode: KGZ
                       Data Year: 2003
                        Coverage: National
             Welfare measurement: Consumption
                     Data format: Unit record
                     Data source: KGZ_N2003X
                  Data time span: UnDefined
-------------------------------------------------------


----------- Distribution ------------
   i           P           L 
-------------------------------------
   0    0.010892   0.0028152
   1    0.020189   0.0058038
   2    0.030175   0.0093879
   3    0.040059    0.013132
   4    0.052203    0.017976
   5    0.060655    0.021505
   6    0.070344    0.025632
   7    0.080726    0.030242
   8    0.091124    0.035008
   9     0.10276    0.040517
  10     0.11036    0.044193
  11     0.12022    0.049055
  12     0.13128    0.054691
  13      0.1408    0.059706
  14     0.15134    0.065343
  15     0.16071    0.070417
  16     0.17179    0.076554
  17     0.18122    0.081896
  18     0.19174    0.087923
  19     0.20022    0.092858
  20     0.21091    0.099146
  21     0.22138     0.10542
  22     0.23055     0.11097
  23     0.24121     0.11751
  24     0.25008     0.12297
  25     0.26003     0.12918
  26     0.27066      0.1359
  27      0.2803     0.14208
  28     0.29018     0.14854
  29     0.30328     0.15718
  30     0.31069     0.16211
  31     0.32038     0.16861
  32     0.33014     0.17522
  33     0.34034     0.18227
  34     0.35034     0.18926
  35     0.36083     0.19674
  36     0.37034     0.20363
  37     0.38045     0.21104
  38     0.39063     0.21855
  39     0.40001     0.22562
  40     0.41066     0.23372
  41     0.42173     0.24222
  42     0.43004     0.24863
  43     0.44065      0.2569
  44     0.45038     0.26457
  45     0.46031     0.27249
  46     0.47014     0.28043
  47     0.48061     0.28901
  48     0.49035     0.29708
  49     0.50159     0.30647
  50     0.51131     0.31462
  51     0.52024     0.32216
  52     0.53084     0.33121
  53     0.54031     0.33939
  54     0.55056     0.34834
  55     0.56036     0.35699
  56      0.5702      0.3658
  57     0.58004     0.37478
  58     0.59048      0.3845
  59     0.60018     0.39364
  60     0.61078     0.40389
  61     0.62175     0.41478
  62     0.63023     0.42328
  63     0.64088     0.43403
  64     0.65077     0.44416
  65     0.66133     0.45511
  66     0.67043     0.46465
  67     0.68149     0.47636
  68     0.69103     0.48666
  69      0.7003     0.49689
  70     0.71045     0.50822
  71     0.72044     0.51964
  72      0.7302     0.53115
  73     0.74004     0.54298
  74     0.75004     0.55529
  75     0.76018     0.56792
  76     0.77075     0.58124
  77     0.78011     0.59318
  78     0.79088     0.60707
  79     0.80012      0.6191
  80      0.8108      0.6333
  81     0.82093     0.64702
  82     0.83012     0.65963
  83     0.84033      0.6741
  84     0.85294     0.69251
  85     0.86163     0.70556
  86     0.87121     0.72026
  87      0.8811     0.73579
  88     0.89136      0.7524
  89     0.90028     0.76724
  90     0.91019     0.78415
  91     0.92062     0.80261
  92     0.93041     0.82064
  93     0.94081     0.84074
  94      0.9513     0.86232
  95     0.96016     0.88183
  96     0.97019     0.90578
  97     0.98059     0.93315
  98     0.99005     0.96076
  99           1           1
-----------------------------------------

----------------- PPP$ and local currency --------------
         PPP used in computation: 17.5379
     Data mean in local currency: 736.749
               Data mean in PPP$: 88.8727
        Poverty line in PPP$/Day: 1.9
      Poverty line in PPP$/Month: 57.7917
  Poverty line in local currency: 479.089
-------------------------------------------------------

----------------- Estimation result --------------
     Number of observation: 1081
          Total population: 5.06176E+06
              Total wealth: 2.12639E+08(PPP$)
                   Minimum: 8.87791(PPP$)
                   Maximum: 227.315(PPP$)
             Headcount(HC): 0.280671
          Poverty gap (PG): 0.0618087
       Poverty gap squared: 0.0204115
                      Gini: 0.287086
                    Median: 74.3575
                       MLD: 0.132544
                      Watt: 0.0763565
--------------------------------------------------

-------------------------------- Income or Consumption share by deciles (%) -------------------------------------
     3.9211     5.3519     6.2281     7.0598     7.9537     8.8323     10.309     12.239     14.783     23.322
-----------------------------------------------------------------------------------------------------------------


