

**********************************************************************************************
**                                   Basic Information                                      **
**********************************************************************************************

----------------- Dataset Information -----------------
                         Country: Kyrgyz Republic
                    Country dode: KGZ
                       Data Year: 2001
                        Coverage: National
             Welfare measurement: Consumption
                     Data format: Unit record
                     Data source: KGZ_N2001X
                  Data time span: UnDefined
-------------------------------------------------------


----------- Distribution ------------
   i           P           L 
-------------------------------------
   0    0.010238   0.0024531
   1    0.020198   0.0054972
   2    0.030239   0.0088695
   3    0.040047    0.012381
   4    0.050152    0.016157
   5    0.060546    0.020219
   6    0.070029    0.024036
   7    0.080294    0.028364
   8    0.090141    0.032638
   9     0.10002    0.037053
  10     0.11027    0.041743
  11     0.12029    0.046501
  12     0.13042    0.051435
  13     0.14108    0.056731
  14     0.15017    0.061303
  15     0.16088    0.066796
  16     0.17003    0.071576
  17     0.18005    0.076929
  18     0.19056    0.082622
  19     0.20068    0.088159
  20     0.21025    0.093459
  21     0.22063     0.09931
  22     0.23066     0.10508
  23     0.24015     0.11064
  24     0.25012     0.11653
  25     0.26115     0.12315
  26      0.2702     0.12867
  27     0.28021     0.13485
  28     0.29005     0.14101
  29     0.30031     0.14752
  30     0.31027     0.15394
  31     0.32038     0.16054
  32     0.33009     0.16699
  33     0.34026     0.17385
  34     0.35012     0.18062
  35     0.36029     0.18768
  36     0.37002     0.19451
  37      0.3801     0.20171
  38     0.39071     0.20938
  39     0.40046     0.21655
  40     0.41011     0.22372
  41     0.42005     0.23119
  42     0.43007     0.23882
  43     0.44009     0.24655
  44     0.45003     0.25429
  45     0.46085     0.26282
  46     0.47037      0.2704
  47     0.48008     0.27823
  48      0.4905     0.28673
  49     0.50046     0.29495
  50     0.51009     0.30303
  51     0.52069     0.31205
  52     0.53019     0.32021
  53      0.5402     0.32889
  54     0.55008      0.3376
  55     0.56096     0.34731
  56     0.57066     0.35607
  57     0.58038     0.36496
  58     0.59056     0.37449
  59     0.60092      0.3843
  60     0.61037     0.39332
  61     0.62076     0.40336
  62      0.6301     0.41255
  63     0.64008     0.42255
  64     0.65049      0.4332
  65     0.66003     0.44318
  66     0.67007     0.45381
  67     0.68005     0.46451
  68     0.69013     0.47552
  69     0.70007     0.48652
  70     0.71087     0.49867
  71     0.72004     0.50916
  72     0.73062     0.52151
  73      0.7401     0.53278
  74     0.75105     0.54596
  75      0.7601     0.55706
  76     0.77009     0.56956
  77     0.78216     0.58504
  78     0.79026     0.59568
  79     0.80024     0.60907
  80     0.81008     0.62254
  81     0.82032     0.63681
  82     0.83051     0.65137
  83     0.84088      0.6666
  84     0.85045      0.6809
  85     0.86031     0.69594
  86     0.87013     0.71119
  87     0.88011     0.72725
  88     0.89019     0.74393
  89     0.90107     0.76269
  90      0.9106     0.77967
  91     0.92003     0.79689
  92     0.93009      0.8157
  93     0.94016     0.83517
  94     0.95015     0.85575
  95     0.96007     0.87772
  96     0.97004      0.9015
  97     0.98032     0.92847
  98     0.99019     0.95827
  99           1           1
-----------------------------------------

----------------- PPP$ and local currency --------------
         PPP used in computation: 17.5379
     Data mean in local currency: 649.728
               Data mean in PPP$: 82.4294
        Poverty line in PPP$/Day: 1.9
      Poverty line in PPP$/Month: 57.7917
  Poverty line in local currency: 455.527
-------------------------------------------------------

----------------- Estimation result --------------
     Number of observation: 2857
          Total population: 5.10459E+06
              Total wealth: 1.8911E+08(PPP$)
                   Minimum: 5.06876(PPP$)
                   Maximum: 246.082(PPP$)
             Headcount(HC): 0.364198
          Poverty gap (PG): 0.0926139
       Poverty gap squared: 0.0333903
                      Gini: 0.30164
                    Median: 68.556
                       MLD: 0.146803
                      Watt: 0.117209
--------------------------------------------------

-------------------------------- Income or Consumption share by deciles (%) -------------------------------------
     3.7043     5.0744     5.9536     6.8884     7.8366     8.8855     10.302      12.23      15.21     23.915
-----------------------------------------------------------------------------------------------------------------


