

**********************************************************************************************
**                                   Basic Information                                      **
**********************************************************************************************

----------------- Dataset Information -----------------
                         Country: Cambodia
                    Country dode: KHM
                       Data Year: 2004
                        Coverage: National
             Welfare measurement: Consumption
                     Data format: Unit record
                     Data source: KHM_N2004X
                  Data time span: UnDefined
-------------------------------------------------------


----------- Distribution ------------
   i           P           L 
-------------------------------------
   0    0.010013    0.002198
   1     0.02001   0.0049384
   2    0.030107   0.0080113
   3    0.040043    0.011272
   4    0.050011    0.014701
   5    0.060156    0.018317
   6    0.070033    0.021978
   7    0.080044    0.025836
   8    0.090071    0.029803
   9     0.10006    0.033851
  10     0.11011    0.038024
  11     0.12001    0.042217
  12     0.13011    0.046593
  13     0.14002     0.05097
  14     0.15003    0.055479
  15     0.16007    0.060094
  16     0.17006     0.06477
  17        0.18    0.069507
  18     0.19014    0.074419
  19     0.20007    0.079316
  20     0.21001    0.084305
  21     0.22002    0.089426
  22     0.23001    0.094617
  23     0.24003    0.099902
  24     0.25009     0.10529
  25     0.26004      0.1107
  26     0.27006     0.11624
  27     0.28008     0.12185
  28     0.29005     0.12754
  29     0.30001     0.13328
  30     0.31011     0.13919
  31        0.32     0.14505
  32     0.33004     0.15106
  33     0.34004     0.15713
  34     0.35011     0.16334
  35        0.36     0.16952
  36     0.37001     0.17585
  37     0.38013     0.18232
  38     0.39003     0.18874
  39     0.40001     0.19529
  40        0.41     0.20195
  41     0.42005     0.20874
  42     0.43007     0.21562
  43     0.44012     0.22259
  44     0.45004     0.22956
  45     0.46005     0.23669
  46     0.47011     0.24393
  47     0.48007     0.25122
  48     0.49002     0.25859
  49     0.50013     0.26618
  50      0.5101     0.27377
  51     0.52008      0.2815
  52     0.53002      0.2893
  53     0.54009     0.29731
  54     0.55005     0.30536
  55     0.56008      0.3136
  56     0.57011     0.32194
  57     0.58007     0.33034
  58     0.59007     0.33892
  59     0.60003     0.34759
  60        0.61      0.3564
  61      0.6201     0.36547
  62     0.63002     0.37454
  63     0.64006     0.38388
  64     0.65002     0.39331
  65     0.66009       0.403
  66     0.67006     0.41272
  67     0.68009     0.42269
  68     0.69001     0.43271
  69     0.70012     0.44311
  70     0.71002     0.45346
  71     0.72001     0.46408
  72     0.73005     0.47499
  73     0.74004     0.48608
  74     0.75012     0.49753
  75     0.76004     0.50902
  76     0.77002     0.52084
  77     0.78004     0.53302
  78     0.79001     0.54543
  79     0.80007     0.55833
  80     0.81005     0.57151
  81     0.82003     0.58507
  82     0.83002     0.59905
  83     0.84023     0.61377
  84     0.85001     0.62828
  85     0.86004     0.64355
  86     0.87003     0.65926
  87     0.88009      0.6757
  88     0.89007     0.69274
  89     0.90003     0.71071
  90     0.91002     0.72963
  91     0.92014     0.74983
  92     0.93003     0.77097
  93     0.94006     0.79408
  94     0.95004     0.81869
  95        0.96     0.84505
  96     0.97001     0.87414
  97     0.98002     0.90653
  98     0.99003     0.94474
  99           1           1
-----------------------------------------

----------------- PPP$ and local currency --------------
         PPP used in computation: 1615.3
     Data mean in local currency: 89171.1
               Data mean in PPP$: 112.507
        Poverty line in PPP$/Day: 1.9
      Poverty line in PPP$/Month: 57.7917
  Poverty line in local currency: 48435.5
-------------------------------------------------------

----------------- Estimation result --------------
     Number of observation: 11818
          Total population: 1.30328E+07
              Total wealth: 7.6079E+08(PPP$)
                   Minimum: 5.29755(PPP$)
                   Maximum: 608.936(PPP$)
             Headcount(HC): 0.21743
          Poverty gap (PG): 0.0459321
       Poverty gap squared: 0.014442
                      Gini: 0.3546
                    Median: 89.921
                       MLD: 0.202313
                      Watt: 0.0560859
--------------------------------------------------

-------------------------------- Income or Consumption share by deciles (%) -------------------------------------
     3.3827     4.5455     5.3995     6.2006     7.0802     8.1476     9.5422     11.526     15.242     28.933
-----------------------------------------------------------------------------------------------------------------


