

**********************************************************************************************
**                                   Basic Information                                      **
**********************************************************************************************

----------------- Dataset Information -----------------
                         Country: Cambodia
                    Country dode: KHM
                       Data Year: 2012
                        Coverage: National
             Welfare measurement: Consumption
                     Data format: Unit record
                     Data source: KHM_N2012X
                  Data time span: UnDefined
-------------------------------------------------------


----------- Distribution ------------
   i           P           L 
-------------------------------------
   0    0.010507   0.0028803
   1    0.020366   0.0061052
   2    0.030573   0.0097616
   3    0.040406    0.013462
   4    0.050283    0.017389
   5     0.06011    0.021482
   6    0.070033    0.025761
   7     0.08005    0.030196
   8    0.090299    0.034829
   9     0.10005    0.039334
  10     0.11012    0.044071
  11     0.12011    0.048878
  12     0.13004    0.053757
  13     0.14039    0.058904
  14     0.15012    0.063813
  15     0.16005    0.068928
  16     0.17025    0.074298
  17     0.18024    0.079647
  18     0.19013    0.085037
  19     0.20028     0.09065
  20     0.21011    0.096155
  21     0.22033     0.10195
  22     0.23032     0.10767
  23     0.24018     0.11338
  24      0.2501     0.11919
  25     0.26024     0.12522
  26     0.27017     0.13118
  27     0.28025     0.13733
  28     0.29048     0.14365
  29     0.30003     0.14964
  30     0.31016     0.15606
  31     0.32019      0.1625
  32     0.33009     0.16897
  33     0.34033     0.17575
  34     0.35007     0.18229
  35     0.36008      0.1891
  36      0.3702     0.19609
  37     0.38034     0.20316
  38     0.39004     0.20999
  39     0.40021     0.21723
  40     0.41001     0.22427
  41     0.42025     0.23171
  42     0.43023     0.23907
  43     0.44005      0.2464
  44      0.4503     0.25416
  45     0.46009     0.26167
  46     0.47012     0.26947
  47     0.48033     0.27748
  48      0.4903     0.28542
  49     0.50034     0.29352
  50     0.51017     0.30157
  51     0.52017     0.30985
  52      0.5302     0.31826
  53     0.54012     0.32669
  54     0.55004     0.33522
  55     0.56038     0.34424
  56     0.57002     0.35275
  57     0.58026     0.36195
  58     0.59002     0.37083
  59     0.60033     0.38037
  60     0.61051     0.38992
  61     0.62016     0.39908
  62     0.63015     0.40867
  63     0.64011     0.41838
  64     0.65038     0.42851
  65     0.66024     0.43838
  66     0.67002     0.44829
  67     0.68014     0.45876
  68     0.69023     0.46935
  69     0.70008     0.47987
  70     0.71004     0.49068
  71     0.72003     0.50166
  72     0.73005     0.51286
  73     0.74033     0.52461
  74     0.75007     0.53597
  75     0.76012     0.54792
  76      0.7703     0.56026
  77     0.78029     0.57268
  78     0.79008     0.58507
  79     0.80017      0.5981
  80     0.81007     0.61115
  81     0.82001     0.62457
  82     0.83001     0.63844
  83        0.84     0.65268
  84     0.85001      0.6673
  85     0.86022     0.68266
  86     0.87035     0.69837
  87     0.88032     0.71436
  88     0.89028     0.73091
  89     0.90018     0.74797
  90     0.91005      0.7657
  91     0.92004     0.78438
  92     0.93009     0.80403
  93     0.94019     0.82477
  94     0.95007     0.84613
  95      0.9601     0.86919
  96     0.97016     0.89419
  97     0.98001     0.92147
  98     0.99013     0.95437
  99           1           1
-----------------------------------------

----------------- PPP$ and local currency --------------
         PPP used in computation: 1615.3
     Data mean in local currency: 241228
               Data mean in PPP$: 157.305
        Poverty line in PPP$/Day: 1.9
      Poverty line in PPP$/Month: 57.7917
  Poverty line in local currency: 93713.9
-------------------------------------------------------

----------------- Estimation result --------------
     Number of observation: 3823
          Total population: 1.47414E+07
              Total wealth: 2.32792E+09(PPP$)
                   Minimum: 33.1221(PPP$)
                   Maximum: 1416.4(PPP$)
             Headcount(HC): 0.0320733
          Poverty gap (PG): 0.00400353
       Poverty gap squared: 0.000856772
                      Gini: 0.307579
                    Median: 135.465
                       MLD: 0.151063
                      Watt: 0.0045286
--------------------------------------------------

-------------------------------- Income or Consumption share by deciles (%) -------------------------------------
     3.9312     5.1183     5.9125      6.746     7.6166     8.6818     9.9723     11.809     14.978     25.234
-----------------------------------------------------------------------------------------------------------------


