

**********************************************************************************************
**                                   Basic Information                                      **
**********************************************************************************************

----------------- Dataset Information -----------------
                         Country: Cambodia
                    Country dode: KHM
                       Data Year: 2007
                        Coverage: National
             Welfare measurement: Consumption
                     Data format: Unit record
                     Data source: KHM_N2007X
                  Data time span: UnDefined
-------------------------------------------------------


----------- Distribution ------------
   i           P           L 
-------------------------------------
   0    0.010101    0.001867
   1    0.020115   0.0041811
   2    0.030324    0.006817
   3    0.041389   0.0098883
   4    0.050133     0.01243
   5     0.06014    0.015451
   6    0.070522    0.018717
   7    0.080055    0.021833
   8    0.090235    0.025261
   9     0.10033     0.02879
  10     0.11003    0.032291
  11     0.12074    0.036268
  12     0.13007    0.039804
  13        0.14    0.043669
  14     0.15064     0.04792
  15     0.16008    0.051759
  16     0.17025    0.055948
  17     0.18029    0.060173
  18        0.19    0.064316
  19     0.20045    0.068879
  20     0.21011    0.073187
  21     0.22028      0.0778
  22      0.2301    0.082333
  23     0.24021    0.087048
  24     0.25001    0.091671
  25     0.26022    0.096556
  26     0.27004     0.10134
  27     0.28019     0.10635
  28     0.29057     0.11155
  29     0.30014     0.11642
  30      0.3106     0.12182
  31     0.32038     0.12694
  32     0.33072     0.13242
  33        0.34     0.13743
  34        0.35     0.14289
  35     0.36008     0.14849
  36     0.37032     0.15427
  37     0.38041     0.16007
  38     0.39034     0.16584
  39     0.40069     0.17194
  40     0.41031     0.17768
  41     0.42001     0.18355
  42     0.43033      0.1899
  43     0.44066     0.19634
  44     0.45025     0.20243
  45     0.46065     0.20913
  46     0.47013      0.2153
  47     0.48008     0.22188
  48     0.49024     0.22868
  49     0.50022     0.23548
  50     0.51008     0.24228
  51      0.5203     0.24946
  52     0.53028      0.2566
  53     0.54017     0.26376
  54     0.55005       0.271
  55     0.56011     0.27848
  56     0.57009     0.28602
  57     0.58024      0.2938
  58     0.59001     0.30146
  59     0.60001      0.3094
  60     0.61046     0.31787
  61     0.62007     0.32581
  62     0.63032     0.33446
  63     0.64025     0.34299
  64     0.65032     0.35178
  65     0.66019     0.36055
  66     0.67014     0.36953
  67     0.68004     0.37861
  68     0.69032     0.38826
  69     0.70008     0.39762
  70     0.71001     0.40736
  71     0.72012     0.41746
  72     0.73026     0.42781
  73     0.74005     0.43809
  74     0.75015     0.44898
  75     0.76051     0.46048
  76     0.77001     0.47128
  77     0.78004     0.48301
  78     0.79007      0.4951
  79     0.80032     0.50793
  80     0.81022     0.52075
  81     0.82014     0.53409
  82     0.83013     0.54807
  83     0.84005     0.56242
  84     0.85014     0.57754
  85     0.86007     0.59315
  86     0.87012     0.60965
  87     0.88018     0.62717
  88     0.89027     0.64573
  89     0.90061     0.66544
  90     0.91018     0.68447
  91     0.92001     0.70493
  92     0.93013     0.72746
  93     0.94004     0.75121
  94     0.95006     0.77736
  95     0.96007     0.80626
  96     0.97008     0.83857
  97     0.98002     0.87582
  98     0.99001     0.92094
  99           1           1
-----------------------------------------

----------------- PPP$ and local currency --------------
         PPP used in computation: 1615.3
     Data mean in local currency: 134851
               Data mean in PPP$: 131.916
        Poverty line in PPP$/Day: 1.9
      Poverty line in PPP$/Month: 57.7917
  Poverty line in local currency: 62471
-------------------------------------------------------

----------------- Estimation result --------------
     Number of observation: 3571
          Total population: 1.32299E+07
              Total wealth: 1.16793E+09(PPP$)
                   Minimum: 9.67636(PPP$)
                   Maximum: 2546.32(PPP$)
             Headcount(HC): 0.196837
          Poverty gap (PG): 0.0432408
       Poverty gap squared: 0.0142567
                      Gini: 0.411365
                    Median: 95.5921
                       MLD: 0.276034
                      Watt: 0.0534058
--------------------------------------------------

-------------------------------- Income or Consumption share by deciles (%) -------------------------------------
     2.8675     4.0008     4.7662      5.519     6.3793     7.4064     8.8153     10.999     15.675     33.572
-----------------------------------------------------------------------------------------------------------------


