

**********************************************************************************************
**                                   Basic Information                                      **
**********************************************************************************************

----------------- Dataset Information -----------------
                         Country: Cambodia
                    Country dode: KHM
                       Data Year: 2008
                        Coverage: National
             Welfare measurement: Consumption
                     Data format: Unit record
                     Data source: KHM_N2008X
                  Data time span: UnDefined
-------------------------------------------------------


----------- Distribution ------------
   i           P           L 
-------------------------------------
   0     0.01034   0.0022104
   1    0.020262   0.0048443
   2     0.03022   0.0078083
   3    0.040216    0.010954
   4    0.050217    0.014288
   5    0.060237    0.017797
   6    0.070016    0.021354
   7    0.080556     0.02532
   8    0.090236    0.029057
   9     0.10005    0.032955
  10        0.11    0.037006
  11     0.12014    0.041225
  12     0.13004    0.045408
  13     0.14009    0.049771
  14     0.15009    0.054206
  15     0.16038    0.058857
  16     0.17002    0.063328
  17     0.18016     0.06815
  18     0.19047    0.073173
  19     0.20001    0.077907
  20     0.21003    0.083003
  21     0.22016    0.088242
  22     0.23016    0.093499
  23     0.24051    0.099012
  24     0.25037     0.10431
  25     0.26007     0.10959
  26     0.27017     0.11519
  27     0.28021     0.12084
  28     0.29051     0.12673
  29     0.30021     0.13238
  30     0.31031     0.13835
  31      0.3208     0.14464
  32     0.33004     0.15027
  33     0.34004     0.15647
  34     0.35029     0.16293
  35     0.36008      0.1692
  36     0.37004     0.17566
  37     0.38013     0.18229
  38     0.39012     0.18896
  39     0.40008      0.1957
  40        0.41      0.2025
  41     0.42032     0.20964
  42     0.43004     0.21647
  43     0.44028     0.22378
  44     0.45097     0.23151
  45     0.46029     0.23832
  46     0.47032     0.24573
  47     0.48044     0.25329
  48     0.49004     0.26053
  49     0.50001     0.26811
  50     0.51016     0.27592
  51     0.52003     0.28365
  52     0.53003     0.29165
  53     0.54016     0.29986
  54     0.55018     0.30809
  55     0.56026     0.31645
  56     0.57014     0.32481
  57     0.58005     0.33332
  58     0.59034     0.34227
  59         0.6     0.35084
  60     0.61022     0.36006
  61     0.62032     0.36929
  62     0.63011     0.37836
  63     0.64008     0.38771
  64     0.65049     0.39762
  65     0.66002     0.40682
  66     0.67003     0.41665
  67     0.68028     0.42692
  68     0.69008     0.43699
  69     0.70005     0.44747
  70     0.71052     0.45871
  71     0.72021     0.46932
  72     0.73013     0.48034
  73     0.74005     0.49156
  74     0.75007     0.50315
  75     0.76001     0.51483
  76     0.77042     0.52739
  77     0.78043     0.53976
  78     0.79033      0.5522
  79     0.80026     0.56492
  80      0.8105     0.57838
  81     0.82015      0.5914
  82     0.83025     0.60538
  83     0.84044     0.61996
  84     0.85006     0.63409
  85      0.8601     0.64935
  86     0.87037     0.66545
  87     0.88003     0.68116
  88     0.89005     0.69818
  89     0.90016     0.71609
  90     0.91004     0.73454
  91     0.92005      0.7542
  92     0.93048     0.77589
  93     0.94008     0.79692
  94     0.95033     0.82095
  95     0.96005     0.84576
  96     0.97001     0.87351
  97     0.98004     0.90612
  98     0.99004     0.94462
  99           1           1
-----------------------------------------

----------------- PPP$ and local currency --------------
         PPP used in computation: 1615.3
     Data mean in local currency: 197774
               Data mean in PPP$: 135.328
        Poverty line in PPP$/Day: 1.9
      Poverty line in PPP$/Month: 57.7917
  Poverty line in local currency: 89310.4
-------------------------------------------------------

----------------- Estimation result --------------
     Number of observation: 3531
          Total population: 1.33376E+07
              Total wealth: 1.72683E+09(PPP$)
                   Minimum: 19.6766(PPP$)
                   Maximum: 1389.35(PPP$)
             Headcount(HC): 0.129314
          Poverty gap (PG): 0.0237115
       Poverty gap squared: 0.00699679
                      Gini: 0.351043
                    Median: 109.345
                       MLD: 0.199599
                      Watt: 0.0285225
--------------------------------------------------

-------------------------------- Income or Consumption share by deciles (%) -------------------------------------
     3.2935     4.4966     5.4357     6.3383     7.2462     8.2738     9.6582     11.717     15.122     28.419
-----------------------------------------------------------------------------------------------------------------


