

**********************************************************************************************
**                                   Basic Information                                      **
**********************************************************************************************

----------------- Dataset Information -----------------
                         Country: Cambodia
                    Country dode: KHM
                       Data Year: 2009
                        Coverage: National
             Welfare measurement: Consumption
                     Data format: Unit record
                     Data source: KHM_N2009X
                  Data time span: UnDefined
-------------------------------------------------------


----------- Distribution ------------
   i           P           L 
-------------------------------------
   0    0.010069   0.0022445
   1    0.020032   0.0050581
   2    0.030171   0.0081751
   3    0.040065    0.011388
   4    0.050074    0.014803
   5    0.060002    0.018357
   6    0.070022    0.022084
   7    0.080026    0.025922
   8    0.090078      0.0299
   9     0.10002    0.033937
  10     0.11005    0.038122
  11     0.12001     0.04236
  12     0.13009    0.046769
  13     0.14005    0.051213
  14     0.15005     0.05577
  15     0.16007    0.060427
  16     0.17001    0.065134
  17     0.18003    0.069985
  18     0.19007    0.074921
  19     0.20005    0.079917
  20     0.21006    0.085015
  21     0.22004     0.09019
  22     0.23001    0.095445
  23     0.24009     0.10084
  24        0.25     0.10622
  25     0.26008     0.11177
  26     0.27005     0.11734
  27     0.28005       0.123
  28     0.29004     0.12876
  29     0.30011     0.13465
  30     0.31007     0.14056
  31     0.32006     0.14658
  32     0.33005     0.15268
  33     0.34005     0.15886
  34      0.3501     0.16517
  35     0.36002     0.17151
  36     0.37002     0.17798
  37      0.3801      0.1846
  38     0.39006     0.19123
  39     0.40005     0.19799
  40     0.41009     0.20487
  41     0.42007     0.21178
  42     0.43002     0.21877
  43     0.44011     0.22595
  44     0.45007     0.23312
  45     0.46009     0.24043
  46     0.47013     0.24783
  47     0.48004     0.25523
  48     0.49001     0.26277
  49     0.50003     0.27044
  50     0.51002     0.27821
  51     0.52002     0.28609
  52     0.53005     0.29411
  53     0.54007     0.30222
  54     0.55008     0.31046
  55     0.56002     0.31874
  56     0.57002     0.32721
  57        0.58     0.33579
  58     0.59007     0.34458
  59     0.60014     0.35348
  60     0.61006      0.3624
  61     0.62006     0.37153
  62     0.63009     0.38082
  63     0.64005     0.39022
  64     0.65002     0.39979
  65     0.66003     0.40954
  66     0.67005     0.41948
  67     0.68007     0.42959
  68     0.69004     0.43984
  69     0.70002     0.45027
  70     0.71003     0.46094
  71     0.72005     0.47182
  72     0.73012     0.48298
  73     0.74002     0.49414
  74     0.75009     0.50576
  75     0.76001     0.51745
  76     0.77007     0.52954
  77     0.78009      0.5419
  78     0.79006     0.55451
  79     0.80014     0.56759
  80     0.81006     0.58078
  81     0.82003     0.59438
  82     0.83002     0.60836
  83        0.84     0.62271
  84      0.8501     0.63769
  85     0.86003     0.65289
  86     0.87006     0.66874
  87     0.88013     0.68526
  88     0.89004     0.70207
  89     0.90003     0.71981
  90     0.91004     0.73851
  91     0.92001     0.75804
  92     0.93009     0.77882
  93     0.94004     0.80072
  94     0.95002     0.82396
  95     0.96009     0.84913
  96     0.97003     0.87601
  97     0.98004     0.90673
  98     0.99005     0.94388
  99           1           1
-----------------------------------------

----------------- PPP$ and local currency --------------
         PPP used in computation: 1615.3
     Data mean in local currency: 210687
               Data mean in PPP$: 156.715
        Poverty line in PPP$/Day: 1.9
      Poverty line in PPP$/Month: 57.7917
  Poverty line in local currency: 82157.3
-------------------------------------------------------

----------------- Estimation result --------------
     Number of observation: 11866
          Total population: 1.40433E+07
              Total wealth: 1.93691E+09(PPP$)
                   Minimum: 15.7183(PPP$)
                   Maximum: 2153.28(PPP$)
             Headcount(HC): 0.0627174
          Poverty gap (PG): 0.0102292
       Poverty gap squared: 0.00271338
                      Gini: 0.34649
                    Median: 127.863
                       MLD: 0.193825
                      Watt: 0.0120619
--------------------------------------------------

-------------------------------- Income or Consumption share by deciles (%) -------------------------------------
     3.3931     4.5959       5.47     6.3364     7.2465     8.2935     9.6896     11.715     15.237     28.023
-----------------------------------------------------------------------------------------------------------------


