

**********************************************************************************************
**                                   Basic Information                                      **
**********************************************************************************************

----------------- Dataset Information -----------------
                         Country: Cambodia
                    Country dode: KHM
                       Data Year: 2011
                        Coverage: National
             Welfare measurement: Consumption
                     Data format: Unit record
                     Data source: KHM_N2011X
                  Data time span: UnDefined
-------------------------------------------------------


----------- Distribution ------------
   i           P           L 
-------------------------------------
   0    0.010288   0.0025425
   1    0.020023     0.00554
   2    0.030353   0.0091486
   3    0.040241    0.012814
   4    0.050044    0.016583
   5    0.060081    0.020627
   6    0.070019    0.024811
   7    0.080185    0.029224
   8    0.090313    0.033732
   9     0.10004    0.038161
  10     0.11001    0.042793
  11     0.12022    0.047637
  12     0.13042    0.052566
  13     0.14024    0.057415
  14     0.15003    0.062362
  15     0.16015    0.067587
  16     0.17009     0.07284
  17     0.18015    0.078261
  18     0.19023    0.083794
  19     0.20002    0.089248
  20     0.21038    0.095086
  21     0.22047     0.10084
  22     0.23027     0.10651
  23     0.24022     0.11232
  24     0.25034     0.11833
  25      0.2603      0.1243
  26     0.27024     0.13035
  27     0.28009     0.13643
  28     0.29017      0.1427
  29     0.30021     0.14902
  30     0.31006     0.15528
  31     0.32009     0.16173
  32      0.3301     0.16824
  33     0.34062     0.17517
  34     0.35007     0.18149
  35     0.36118       0.189
  36      0.3702     0.19515
  37      0.3802     0.20205
  38     0.39006     0.20895
  39     0.40007     0.21604
  40     0.41019     0.22328
  41     0.42003     0.23039
  42      0.4301     0.23773
  43     0.44026     0.24522
  44        0.45     0.25248
  45     0.46028     0.26023
  46     0.47021     0.26781
  47     0.48031     0.27558
  48     0.49001     0.28313
  49     0.50032     0.29124
  50     0.51078     0.29959
  51     0.52032      0.3073
  52     0.53017     0.31535
  53     0.54038      0.3238
  54     0.55038     0.33221
  55     0.56001     0.34041
  56     0.57008     0.34906
  57     0.58008     0.35774
  58     0.59046     0.36687
  59     0.60064     0.37593
  60     0.61012     0.38448
  61     0.62011     0.39358
  62     0.63006     0.40276
  63     0.64008     0.41213
  64     0.65047     0.42199
  65     0.66041     0.43153
  66     0.67002     0.44091
  67     0.68014     0.45095
  68     0.69022     0.46114
  69      0.7002     0.47147
  70     0.71027     0.48213
  71     0.72013     0.49271
  72     0.73046     0.50404
  73     0.74001     0.51471
  74     0.75004     0.52607
  75     0.76007     0.53761
  76     0.77012     0.54938
  77     0.78001     0.56122
  78     0.79006     0.57353
  79     0.80003     0.58597
  80     0.81054     0.59946
  81     0.82006     0.61197
  82     0.83008     0.62551
  83     0.84012     0.63947
  84     0.85028     0.65408
  85     0.86015     0.66877
  86      0.8702     0.68428
  87      0.8802     0.70034
  88     0.89014     0.71686
  89     0.90009     0.73408
  90     0.91018     0.75241
  91     0.92004     0.77136
  92     0.93013     0.79186
  93     0.94003     0.81303
  94     0.95009     0.83599
  95     0.96013     0.86118
  96     0.97017     0.88846
  97     0.98005     0.91865
  98     0.99002     0.95291
  99           1           1
-----------------------------------------

----------------- PPP$ and local currency --------------
         PPP used in computation: 1615.3
     Data mean in local currency: 227191
               Data mean in PPP$: 148.728
        Poverty line in PPP$/Day: 1.9
      Poverty line in PPP$/Month: 57.7917
  Poverty line in local currency: 93350.8
-------------------------------------------------------

----------------- Estimation result --------------
     Number of observation: 3579
          Total population: 1.37659E+07
              Total wealth: 2.04737E+09(PPP$)
                   Minimum: 22.9038(PPP$)
                   Maximum: 1201.05(PPP$)
             Headcount(HC): 0.0470255
          Poverty gap (PG): 0.00738254
       Poverty gap squared: 0.00200317
                      Gini: 0.317019
                    Median: 124.569
                       MLD: 0.161523
                      Watt: 0.00873105
--------------------------------------------------

-------------------------------- Income or Consumption share by deciles (%) -------------------------------------
     3.8143     5.1094     5.9648     6.7107     7.5001     8.4366     9.5903     11.467     14.798     26.608
-----------------------------------------------------------------------------------------------------------------


