

**********************************************************************************************
**                                   Basic Information                                      **
**********************************************************************************************

----------------- Dataset Information -----------------
                         Country: Cambodia
                    Country dode: KHM
                       Data Year: 1994
                        Coverage: National
             Welfare measurement: Consumption
                     Data format: Unit record
                     Data source: KHM_N1994X
                  Data time span: UnDefined
-------------------------------------------------------


----------- Distribution ------------
   i           P           L 
-------------------------------------
   0    0.010623   0.0025146
   1    0.020298    0.005311
   2    0.030003   0.0083598
   3    0.040306    0.011839
   4    0.050377    0.015385
   5    0.060341    0.019005
   6    0.070164    0.022697
   7    0.080103    0.026531
   8    0.090016    0.030427
   9      0.1002    0.034544
  10     0.11024    0.038694
  11     0.12039     0.04298
  12     0.13007    0.047162
  13     0.14016    0.051607
  14     0.15006    0.056036
  15     0.16012    0.060625
  16     0.17009    0.065243
  17     0.18034    0.070086
  18     0.19027    0.074838
  19     0.20008    0.079597
  20     0.21009    0.084545
  21     0.22017    0.089595
  22     0.23016    0.094665
  23     0.24015    0.099797
  24     0.25033     0.10511
  25        0.26     0.11024
  26      0.2701     0.11565
  27     0.28036     0.12123
  28     0.29019     0.12664
  29     0.30001     0.13209
  30     0.31042     0.13795
  31     0.32004     0.14343
  32     0.33013     0.14925
  33     0.34001     0.15501
  34     0.35006     0.16095
  35     0.36019       0.167
  36     0.37005     0.17295
  37     0.38005     0.17907
  38     0.39007     0.18529
  39      0.4001     0.19157
  40     0.41001     0.19783
  41      0.4202     0.20436
  42     0.43007     0.21076
  43     0.44018      0.2174
  44     0.45024     0.22409
  45     0.46029     0.23087
  46     0.47001      0.2375
  47     0.48006     0.24444
  48     0.49008     0.25143
  49     0.50017     0.25856
  50     0.51004     0.26561
  51     0.52004     0.27282
  52     0.53029     0.28031
  53     0.54042      0.2878
  54     0.55016      0.2951
  55     0.56002     0.30261
  56     0.57008     0.31037
  57     0.58011     0.31822
  58     0.59015     0.32619
  59     0.60003     0.33413
  60     0.61019     0.34241
  61     0.62019      0.3507
  62     0.63002     0.35898
  63      0.6403     0.36779
  64     0.65011     0.37633
  65     0.66017     0.38526
  66     0.67007     0.39422
  67     0.68012     0.40347
  68        0.69      0.4127
  69      0.7002     0.42242
  70     0.71013      0.4321
  71     0.72011     0.44205
  72     0.73052     0.45264
  73     0.74011     0.46258
  74     0.75003      0.4731
  75     0.76001     0.48388
  76     0.77005     0.49497
  77     0.78013     0.50635
  78     0.79007     0.51785
  79     0.80021     0.52983
  80     0.81006     0.54178
  81     0.82015     0.55433
  82        0.83      0.5671
  83     0.84041     0.58103
  84     0.85001     0.59427
  85     0.86002     0.60853
  86     0.87002     0.62335
  87     0.88031     0.63929
  88     0.89004       0.655
  89     0.90002     0.67196
  90        0.91     0.68988
  91     0.92001      0.7089
  92     0.93013     0.72935
  93     0.94002     0.75044
  94     0.95006     0.77369
  95     0.96006     0.79957
  96     0.97012     0.82926
  97     0.98001      0.8633
  98     0.99002     0.90688
  99           1           1
-----------------------------------------

----------------- PPP$ and local currency --------------
         PPP used in computation: 1615.3
     Data mean in local currency: 52711.2
               Data mean in PPP$: 97.5725
        Poverty line in PPP$/Day: 1.9
      Poverty line in PPP$/Month: 57.7917
  Poverty line in local currency: 33013.8
-------------------------------------------------------

----------------- Estimation result --------------
     Number of observation: 5507
          Total population: 6.6813E+06
              Total wealth: 2.3055E+08(PPP$)
                   Minimum: 4.5952(PPP$)
                   Maximum: 2500.03(PPP$)
             Headcount(HC): 0.346485
          Poverty gap (PG): 0.0783305
       Poverty gap squared: 0.0255341
                      Gini: 0.381502
                    Median: 73.23
                       MLD: 0.240181
                      Watt: 0.0963125
--------------------------------------------------

-------------------------------- Income or Consumption share by deciles (%) -------------------------------------
     3.4464     4.5096      5.253     5.9417     6.6938     7.5655     8.8131     10.735     14.234     32.808
-----------------------------------------------------------------------------------------------------------------


