

**********************************************************************************************
**                                   Basic Information                                      **
**********************************************************************************************

----------------- Dataset Information -----------------
                         Country: Kiribati
                    Country dode: KIR
                       Data Year: 2006
                        Coverage: National
             Welfare measurement: Consumption
                     Data format: Unit record
                     Data source: KIR_N2006X
                  Data time span: UnDefined
-------------------------------------------------------


----------- Distribution ------------
   i           P           L 
-------------------------------------
   0    0.010598   0.0010032
   1    0.021102   0.0026028
   2    0.030349   0.0043262
   3    0.040205   0.0063803
   4    0.050057   0.0085968
   5    0.060226    0.010984
   6    0.070984    0.013654
   7    0.083265    0.017018
   8    0.090623    0.019186
   9     0.10072    0.022386
  10     0.11037    0.025604
  11     0.12026     0.02904
  12     0.13006    0.032535
  13     0.14028    0.036294
  14     0.15039    0.040222
  15     0.16002    0.044103
  16     0.17003    0.048263
  17     0.18001    0.052544
  18     0.19334    0.058522
  19     0.20016    0.061636
  20      0.2106    0.066526
  21     0.22037    0.071172
  22     0.23052    0.076064
  23     0.24023    0.080875
  24     0.25018    0.085935
  25     0.26008    0.091103
  26     0.27052    0.096651
  27     0.28063     0.10209
  28     0.29001     0.10717
  29     0.30013     0.11285
  30      0.3103     0.11869
  31     0.32061      0.1247
  32     0.33062     0.13067
  33     0.34121     0.13712
  34     0.35025     0.14276
  35     0.36342      0.1512
  36     0.37063     0.15589
  37     0.38028     0.16229
  38     0.39311     0.17092
  39     0.40019     0.17571
  40     0.41011     0.18252
  41     0.42002      0.1894
  42     0.43134      0.1974
  43     0.44204     0.20513
  44     0.45188     0.21231
  45     0.46045     0.21862
  46     0.47021     0.22598
  47     0.48015     0.23363
  48     0.49047     0.24168
  49     0.50051     0.24963
  50      0.5101     0.25735
  51     0.52003     0.26544
  52     0.53058     0.27411
  53     0.54051     0.28242
  54     0.55054     0.29091
  55     0.56006     0.29906
  56     0.57066     0.30825
  57     0.58299     0.31921
  58     0.59019     0.32572
  59     0.60038      0.3351
  60      0.6106     0.34463
  61     0.62087     0.35439
  62     0.63021     0.36339
  63     0.64086     0.37374
  64     0.65008     0.38291
  65      0.6615     0.39447
  66      0.6703     0.40353
  67     0.68131     0.41516
  68     0.69007     0.42452
  69     0.70117     0.43657
  70     0.71067     0.44714
  71     0.72291     0.46111
  72     0.73223       0.472
  73     0.74248     0.48429
  74     0.75044     0.49401
  75     0.76015     0.50601
  76     0.77001     0.51841
  77     0.78044     0.53182
  78     0.79037     0.54486
  79     0.80024     0.55821
  80     0.81003     0.57175
  81     0.82265     0.58991
  82     0.83039     0.60138
  83     0.84331     0.62102
  84     0.85089     0.63277
  85      0.8607     0.64844
  86     0.87144     0.66604
  87     0.88001     0.68045
  88     0.89016     0.69774
  89     0.90222      0.7189
  90     0.91012     0.73331
  91     0.92074      0.7536
  92     0.93038     0.77279
  93     0.94006     0.79292
  94     0.95048     0.81618
  95      0.9602      0.8401
  96     0.97041     0.86862
  97     0.98153     0.90561
  98     0.99001     0.94029
  99           1           1
-----------------------------------------

----------------- PPP$ and local currency --------------
         PPP used in computation: 1.0657
     Data mean in local currency: 127.541
               Data mean in PPP$: 150.944
        Poverty line in PPP$/Day: 1.9
      Poverty line in PPP$/Month: 57.7917
  Poverty line in local currency: 48.8314
-------------------------------------------------------

----------------- Estimation result --------------
     Number of observation: 1161
          Total population: 86307.4
              Total wealth: 1.03291E+07(PPP$)
                   Minimum: 5.50716(PPP$)
                   Maximum: 2055.49(PPP$)
             Headcount(HC): 0.141403
          Poverty gap (PG): 0.0454963
       Poverty gap squared: 0.0208935
                      Gini: 0.376141
                    Median: 120.12
                       MLD: 0.247647
                      Watt: 0.0639107
--------------------------------------------------

-------------------------------- Income or Consumption share by deciles (%) -------------------------------------
     2.2158     3.9402     5.1217     6.2806     7.3645     8.5519     10.055     12.258     15.713     28.499
-----------------------------------------------------------------------------------------------------------------


