

**********************************************************************************************
**                                   Basic Information                                      **
**********************************************************************************************

----------------- Dataset Information -----------------
                         Country: Kosovo
                    Country dode: KSV
                       Data Year: 2013
                        Coverage: National
             Welfare measurement: Consumption
                     Data format: Unit record
                     Data source: KSV_N2013X
                  Data time span: UnDefined
-------------------------------------------------------


----------- Distribution ------------
   i           P           L 
-------------------------------------
   0    0.010006   0.0018834
   1    0.020887   0.0050222
   2    0.030066   0.0080714
   3    0.040533    0.011961
   4    0.050269    0.015793
   5    0.060107    0.019863
   6    0.070188     0.02426
   7    0.080279    0.028889
   8    0.090799    0.033884
   9     0.10069    0.038748
  10     0.11057    0.043735
  11     0.12019    0.048674
  12     0.13083    0.054296
  13      0.1405    0.059503
  14     0.15109    0.065306
  15     0.16039    0.070491
  16     0.17007    0.075992
  17     0.18021    0.081923
  18     0.19059    0.088146
  19     0.20097      0.0945
  20     0.21109     0.10079
  21     0.22084     0.10697
  22     0.23007      0.1129
  23     0.24019     0.11948
  24     0.25021     0.12611
  25     0.26023     0.13282
  26     0.27028     0.13962
  27     0.28073     0.14678
  28     0.29057     0.15362
  29     0.30043     0.16061
  30     0.31067     0.16795
  31     0.32074     0.17525
  32     0.33028     0.18224
  33     0.34019      0.1896
  34     0.35032     0.19724
  35     0.36018     0.20476
  36      0.3701     0.21239
  37     0.38023     0.22026
  38     0.39036     0.22822
  39     0.40067     0.23639
  40     0.41013     0.24396
  41     0.42018     0.25208
  42     0.43168     0.26146
  43     0.44038     0.26861
  44     0.45033     0.27688
  45     0.46001     0.28503
  46     0.47042      0.2939
  47     0.48021     0.30234
  48     0.49053     0.31132
  49     0.50099      0.3205
  50     0.51014      0.3286
  51     0.52028     0.33768
  52     0.53034     0.34678
  53     0.54023     0.35584
  54     0.55012     0.36501
  55     0.56141     0.37557
  56     0.57039     0.38404
  57     0.58014     0.39335
  58     0.59024     0.40311
  59     0.60014     0.41274
  60      0.6106     0.42301
  61     0.62083      0.4332
  62     0.63022     0.44266
  63     0.64045     0.45309
  64     0.65044      0.4634
  65     0.66026     0.47369
  66     0.67022     0.48425
  67     0.68101      0.4959
  68     0.69002     0.50572
  69     0.70031     0.51707
  70     0.71022     0.52814
  71     0.72012     0.53933
  72     0.73024     0.55093
  73     0.74034     0.56271
  74     0.75017     0.57435
  75     0.76008     0.58628
  76     0.77007     0.59851
  77     0.78024     0.61116
  78     0.79018     0.62373
  79     0.80023     0.63666
  80     0.81018      0.6497
  81     0.82002     0.66283
  82     0.83079     0.67748
  83     0.84017      0.6905
  84     0.85093      0.7057
  85      0.8601     0.71888
  86     0.87029     0.73381
  87     0.88028     0.74883
  88     0.89022     0.76422
  89         0.9     0.77984
  90      0.9101      0.7964
  91     0.92036     0.81362
  92     0.93006     0.83048
  93     0.94039      0.8491
  94     0.95003     0.86744
  95     0.96016      0.8876
  96     0.97007     0.90856
  97     0.98028     0.93251
  98     0.99017     0.95889
  99           1           1
-----------------------------------------

----------------- PPP$ and local currency --------------
         PPP used in computation: 0.348057
     Data mean in local currency: 92.6784
               Data mean in PPP$: 255.338
        Poverty line in PPP$/Day: 1.9
      Poverty line in PPP$/Month: 57.7917
  Poverty line in local currency: 20.9763
-------------------------------------------------------

----------------- Estimation result --------------
     Number of observation: 2367
          Total population: 1.69919E+06
              Total wealth: 4.5245E+08
                   Minimum: 19.6328
                   Maximum: 2853.78
             Headcount(HC): 0.00779762
          Poverty gap (PG): 0.00185815
       Poverty gap squared: 0.000770519
                      Gini: 0.267094
                    Median: 224.915
                       MLD: 0.120968
                      Watt: 0.00245727
--------------------------------------------------

-------------------------------- Income or Consumption share by deciles (%) -------------------------------------
      3.841     5.5495     6.6402     7.5552     8.3772     9.2977     10.413     11.964     14.347     22.016
-----------------------------------------------------------------------------------------------------------------


