

**********************************************************************************************
**                                   Basic Information                                      **
**********************************************************************************************

----------------- Dataset Information -----------------
                         Country: Kosovo
                    Country dode: KSV
                       Data Year: 2003
                        Coverage: National
             Welfare measurement: Consumption
                     Data format: Unit record
                     Data source: KSV_N2003X
                  Data time span: UnDefined
-------------------------------------------------------


----------- Distribution ------------
   i           P           L 
-------------------------------------
   0    0.010226   0.0028544
   1    0.020281   0.0059653
   2    0.030293   0.0094124
   3    0.040667    0.013228
   4    0.050251    0.016929
   5    0.060298    0.020982
   6    0.071342    0.025641
   7    0.080302    0.029524
   8    0.090504    0.034026
   9     0.10024    0.038432
  10     0.11003    0.042992
  11     0.12021    0.047935
  12     0.13013    0.052863
  13     0.14168    0.058746
  14     0.15032     0.06324
  15     0.16014    0.068433
  16     0.17021    0.073859
  17     0.18052    0.079534
  18     0.19001    0.084818
  19     0.20131    0.091199
  20      0.2103    0.096334
  21     0.22241     0.10337
  22      0.2301     0.10789
  23     0.24021      0.1139
  24     0.25022     0.11993
  25     0.26006     0.12593
  26     0.27087     0.13268
  27     0.28006     0.13847
  28     0.29005     0.14483
  29     0.30065      0.1517
  30     0.31004     0.15788
  31     0.32077     0.16502
  32     0.33069     0.17171
  33     0.34013     0.17815
  34     0.35142     0.18593
  35     0.36049     0.19229
  36     0.37008     0.19909
  37     0.38005     0.20625
  38     0.39031     0.21375
  39     0.40001     0.22096
  40     0.41016     0.22866
  41     0.42036     0.23655
  42      0.4301     0.24413
  43     0.44007     0.25198
  44     0.45013     0.25999
  45     0.46016     0.26807
  46      0.4703     0.27634
  47     0.48001     0.28434
  48      0.4902     0.29283
  49     0.50019     0.30129
  50     0.51001     0.30975
  51     0.52054     0.31895
  52     0.53002     0.32734
  53      0.5421     0.33815
  54     0.55055     0.34581
  55      0.5601     0.35456
  56     0.57008     0.36383
  57     0.58027     0.37347
  58     0.59052     0.38334
  59      0.6003     0.39289
  60     0.61123     0.40372
  61     0.62021     0.41269
  62     0.63036     0.42293
  63     0.64013     0.43291
  64     0.65012     0.44327
  65     0.66041     0.45412
  66     0.67035     0.46479
  67     0.68033     0.47567
  68     0.69004     0.48644
  69     0.70048     0.49816
  70      0.7117     0.51095
  71     0.72064     0.52129
  72       0.731     0.53344
  73     0.74021     0.54436
  74     0.75048     0.55669
  75     0.76025     0.56853
  76     0.77018     0.58084
  77     0.78098     0.59443
  78     0.79025     0.60623
  79     0.80057     0.61965
  80      0.8103     0.63261
  81     0.82023     0.64609
  82     0.83049     0.66033
  83     0.84004     0.67393
  84     0.85001     0.68856
  85     0.86118     0.70544
  86     0.87008     0.71915
  87     0.88004     0.73493
  88     0.89033     0.75165
  89     0.90033     0.76843
  90     0.91011     0.78533
  91     0.92013     0.80323
  92     0.93025     0.82209
  93     0.94006     0.84132
  94     0.95003     0.86207
  95     0.96024     0.88489
  96     0.97069     0.91017
  97     0.98003     0.93551
  98     0.99231     0.97293
  99           1           1
-----------------------------------------

----------------- PPP$ and local currency --------------
         PPP used in computation: 0.348057
     Data mean in local currency: 52.8329
               Data mean in PPP$: 184.332
        Poverty line in PPP$/Day: 1.9
      Poverty line in PPP$/Month: 57.7917
  Poverty line in local currency: 16.5641
-------------------------------------------------------

----------------- Estimation result --------------
     Number of observation: 2364
          Total population: 2E+06
              Total wealth: 3.03588E+08
                   Minimum: 41.8771
                   Maximum: 1344.48
             Headcount(HC): 0.0174422
          Poverty gap (PG): 0.00133144
       Poverty gap squared: 0.00013277
                      Gini: 0.289539
                    Median: 157.572
                       MLD: 0.134372
                      Watt: 0.00140309
--------------------------------------------------

-------------------------------- Income or Consumption share by deciles (%) -------------------------------------
     3.8323     5.2138     6.0821     6.9674     8.0168      9.147     10.503     12.129     14.896     23.213
-----------------------------------------------------------------------------------------------------------------


