

**********************************************************************************************
**                                   Basic Information                                      **
**********************************************************************************************

----------------- Dataset Information -----------------
                         Country: Kosovo
                    Country dode: KSV
                       Data Year: 2011
                        Coverage: National
             Welfare measurement: Consumption
                     Data format: Unit record
                     Data source: KSV_N2011X
                  Data time span: UnDefined
-------------------------------------------------------


----------- Distribution ------------
   i           P           L 
-------------------------------------
   0     0.01009   0.0024337
   1    0.020195   0.0052421
   2     0.03006   0.0084322
   3     0.04032    0.012047
   4    0.050403     0.01583
   5    0.060691    0.019959
   6     0.07012    0.023895
   7    0.080007    0.028158
   8    0.090022    0.032595
   9     0.10084    0.037526
  10     0.11013    0.041899
  11     0.12054     0.04699
  12      0.1307    0.052133
  13     0.14004    0.056963
  14     0.15098    0.062728
  15     0.16027     0.06776
  16     0.17079    0.073581
  17     0.18055    0.079086
  18     0.19037     0.08472
  19     0.20037    0.090577
  20     0.21044    0.096573
  21     0.22003     0.10241
  22     0.23022     0.10875
  23     0.24078     0.11541
  24     0.25039     0.12154
  25     0.26014     0.12788
  26     0.27008     0.13444
  27     0.28053     0.14143
  28     0.29071     0.14831
  29     0.30006     0.15471
  30      0.3106     0.16203
  31     0.32022     0.16876
  32      0.3302     0.17578
  33     0.34002     0.18279
  34     0.35011      0.1901
  35     0.36021     0.19753
  36     0.37021     0.20501
  37     0.38049      0.2128
  38     0.39005      0.2201
  39     0.40085     0.22845
  40     0.41006     0.23564
  41     0.42243     0.24542
  42     0.43064       0.252
  43     0.44029     0.25978
  44     0.45022     0.26787
  45     0.46026     0.27614
  46     0.47042     0.28463
  47     0.48017     0.29286
  48     0.49048     0.30163
  49      0.5001      0.3099
  50     0.51023     0.31866
  51     0.52039     0.32758
  52      0.5306     0.33665
  53     0.54038     0.34546
  54     0.55059     0.35479
  55     0.56046     0.36394
  56     0.57013     0.37302
  57      0.5806     0.38294
  58     0.59008     0.39201
  59         0.6     0.40163
  60      0.6102     0.41168
  61     0.62032     0.42184
  62     0.63066     0.43236
  63      0.6402     0.44218
  64     0.65038     0.45278
  65     0.66003     0.46293
  66     0.67046     0.47408
  67      0.6806     0.48513
  68     0.69008     0.49564
  69     0.70027     0.50704
  70     0.71057     0.51876
  71     0.72036     0.53003
  72     0.73019     0.54154
  73     0.74016     0.55342
  74     0.75031     0.56569
  75     0.76014      0.5778
  76     0.77013     0.59033
  77     0.78004     0.60297
  78     0.79066     0.61684
  79     0.80021     0.62956
  80     0.81057     0.64361
  81        0.82     0.65667
  82     0.83111     0.67236
  83     0.84061     0.68605
  84     0.85028     0.70016
  85     0.86023     0.71497
  86      0.8704     0.73037
  87     0.88029      0.7456
  88      0.8901      0.7611
  89     0.90011     0.77733
  90     0.91007     0.79404
  91     0.92015     0.81143
  92     0.93015     0.82933
  93      0.9403     0.84841
  94     0.95012     0.86778
  95     0.96001     0.88854
  96     0.97058     0.91321
  97     0.98007      0.9375
  98     0.99004     0.96688
  99           1           1
-----------------------------------------

----------------- PPP$ and local currency --------------
         PPP used in computation: 0.348057
     Data mean in local currency: 74.2278
               Data mean in PPP$: 213.264
        Poverty line in PPP$/Day: 1.9
      Poverty line in PPP$/Month: 57.7917
  Poverty line in local currency: 20.1148
-------------------------------------------------------

----------------- Estimation result --------------
     Number of observation: 2241
          Total population: 1.63186E+06
              Total wealth: 3.48017E+08
                   Minimum: 51.0597
                   Maximum: 1211.06
             Headcount(HC): 0.0141208
          Poverty gap (PG): 0.00121607
       Poverty gap squared: 0.000127587
                      Gini: 0.278317
                    Median: 183.927
                       MLD: 0.126813
                      Watt: 0.00128503
--------------------------------------------------

-------------------------------- Income or Consumption share by deciles (%) -------------------------------------
     3.7145     5.3213     6.4316     7.3124     8.2011     9.1821     10.511     12.254     14.787     22.285
-----------------------------------------------------------------------------------------------------------------


