

**********************************************************************************************
**                                   Basic Information                                      **
**********************************************************************************************

----------------- Dataset Information -----------------
                         Country: Kosovo
                    Country dode: KSV
                       Data Year: 2009
                        Coverage: National
             Welfare measurement: Consumption
                     Data format: Unit record
                     Data source: KSV_N2009X
                  Data time span: UnDefined
-------------------------------------------------------


----------- Distribution ------------
   i           P           L 
-------------------------------------
   0    0.010164   0.0020271
   1    0.020284   0.0044383
   2    0.030229   0.0071126
   3    0.040657    0.010278
   4    0.050363    0.013496
   5    0.060735    0.017141
   6    0.070114    0.020576
   7    0.080665    0.024608
   8    0.090449    0.028505
   9     0.10029    0.032522
  10     0.11036    0.036781
  11     0.12006    0.041033
  12     0.13016    0.045558
  13     0.14001    0.050071
  14     0.15013     0.05483
  15        0.16    0.059547
  16        0.17    0.064453
  17     0.18002    0.069506
  18     0.19056    0.074943
  19     0.20004     0.07991
  20     0.21023    0.085367
  21     0.22069    0.091066
  22      0.2301    0.096302
  23     0.24047     0.10219
  24     0.25051     0.10797
  25     0.26007     0.11355
  26     0.27066     0.11987
  27     0.28007     0.12559
  28     0.29015     0.13184
  29     0.30005     0.13804
  30      0.3102     0.14452
  31     0.32014     0.15097
  32     0.33005     0.15752
  33     0.34034     0.16445
  34     0.35017     0.17116
  35     0.36014     0.17803
  36     0.37028     0.18513
  37     0.38028     0.19223
  38     0.39007     0.19927
  39     0.40013     0.20661
  40      0.4101     0.21399
  41     0.42011     0.22151
  42     0.43014     0.22917
  43     0.44031     0.23704
  44     0.45068     0.24517
  45     0.46032      0.2528
  46     0.47128      0.2616
  47     0.48044     0.26902
  48     0.49104     0.27775
  49     0.50055     0.28568
  50     0.51015     0.29381
  51     0.52034     0.30255
  52     0.53041     0.31127
  53     0.54061     0.32022
  54     0.55008     0.32864
  55     0.56005     0.33761
  56     0.57115     0.34774
  57     0.58066     0.35654
  58     0.59027     0.36553
  59      0.6003     0.37499
  60     0.61025     0.38448
  61     0.62037     0.39426
  62     0.63088     0.40458
  63     0.64088     0.41455
  64     0.65011     0.42383
  65     0.66034     0.43427
  66     0.67016     0.44443
  67     0.68034     0.45519
  68     0.69075     0.46641
  69     0.70029     0.47683
  70      0.7103       0.488
  71     0.72017      0.4992
  72     0.73011     0.51065
  73     0.74018      0.5224
  74     0.75005     0.53412
  75     0.76068     0.54699
  76     0.77062      0.5593
  77     0.78038      0.5717
  78     0.79023     0.58457
  79      0.8002     0.59782
  80     0.81137     0.61306
  81     0.82003     0.62514
  82     0.83013     0.63946
  83     0.84004     0.65378
  84     0.85032     0.66895
  85     0.86013     0.68384
  86     0.87049     0.70024
  87     0.88014     0.71613
  88     0.89011       0.733
  89     0.90041     0.75097
  90     0.91079     0.76988
  91     0.92009     0.78756
  92     0.93219     0.81194
  93     0.94013     0.82841
  94      0.9502     0.85059
  95     0.96019     0.87484
  96     0.97042       0.902
  97     0.98003     0.92974
  98      0.9901     0.96264
  99           1           1
-----------------------------------------

----------------- PPP$ and local currency --------------
         PPP used in computation: 0.348057
     Data mean in local currency: 66.8149
               Data mean in PPP$: 213.22
        Poverty line in PPP$/Day: 1.9
      Poverty line in PPP$/Month: 57.7917
  Poverty line in local currency: 18.1096
-------------------------------------------------------

----------------- Estimation result --------------
     Number of observation: 2327
          Total population: 1.65157E+06
              Total wealth: 3.17045E+08
                   Minimum: 36.9119
                   Maximum: 1202.58
             Headcount(HC): 0.0266965
          Poverty gap (PG): 0.00404561
       Poverty gap squared: 0.000894864
                      Gini: 0.317817
                    Median: 179.228
                       MLD: 0.166061
                      Watt: 0.00458579
--------------------------------------------------

-------------------------------- Income or Consumption share by deciles (%) -------------------------------------
     3.2405     4.7484     5.8125     6.8499     7.8707     8.9489     10.181     12.104      15.27     24.974
-----------------------------------------------------------------------------------------------------------------


