

**********************************************************************************************
**                                   Basic Information                                      **
**********************************************************************************************

----------------- Dataset Information -----------------
                         Country: Kosovo
                    Country dode: KSV
                       Data Year: 2010
                        Coverage: National
             Welfare measurement: Consumption
                     Data format: Unit record
                     Data source: KSV_N2010X
                  Data time span: UnDefined
-------------------------------------------------------


----------- Distribution ------------
   i           P           L 
-------------------------------------
   0    0.010161   0.0021296
   1    0.020623   0.0046316
   2    0.030129   0.0072492
   3    0.040335    0.010428
   4    0.050668    0.013803
   5    0.060135    0.017086
   6    0.070238    0.020733
   7    0.080227    0.024467
   8    0.090086    0.028306
   9     0.10015    0.032342
  10     0.11053    0.036565
  11     0.12001    0.040525
  12     0.13007    0.044842
  13      0.1401     0.04926
  14     0.15072    0.054043
  15     0.16045    0.058508
  16     0.17042    0.063194
  17     0.18014    0.067868
  18     0.19054    0.072982
  19     0.20003    0.077757
  20     0.21017    0.082949
  21     0.22038    0.088295
  22     0.23034    0.093589
  23     0.24012    0.098874
  24     0.25003     0.10432
  25     0.26026     0.11006
  26     0.27017     0.11576
  27     0.28133     0.12228
  28     0.29003     0.12744
  29     0.30033     0.13364
  30     0.31036      0.1398
  31     0.32025     0.14596
  32     0.33033     0.15236
  33      0.3401     0.15866
  34     0.35111     0.16587
  35     0.36159     0.17282
  36     0.37066     0.17891
  37     0.38047     0.18558
  38     0.39031     0.19239
  39     0.40017      0.1993
  40     0.41032     0.20647
  41     0.42011     0.21352
  42     0.43005     0.22078
  43     0.44052      0.2285
  44     0.45005     0.23563
  45     0.46111     0.24401
  46     0.47039     0.25112
  47     0.48018     0.25871
  48     0.49033     0.26667
  49     0.50028     0.27458
  50     0.51016     0.28257
  51      0.5202     0.29081
  52     0.53006     0.29904
  53     0.54005      0.3075
  54     0.55039     0.31643
  55     0.56075     0.32552
  56     0.57039      0.3341
  57     0.58019     0.34293
  58     0.59015     0.35205
  59     0.60012     0.36133
  60     0.61017     0.37081
  61      0.6203     0.38049
  62     0.63056     0.39047
  63     0.64128     0.40104
  64     0.65002     0.40978
  65     0.66019     0.42012
  66     0.67006      0.4303
  67     0.68041     0.44118
  68     0.69077      0.4523
  69     0.70007     0.46244
  70     0.71029     0.47381
  71      0.7202     0.48504
  72     0.73004     0.49646
  73     0.74069     0.50906
  74     0.75024     0.52057
  75     0.76022     0.53296
  76     0.77003     0.54537
  77     0.78098     0.55953
  78      0.7904       0.572
  79     0.80034     0.58547
  80     0.81067     0.59983
  81     0.82002     0.61315
  82     0.83024     0.62808
  83     0.84011      0.6428
  84     0.85016     0.65826
  85     0.86005     0.67401
  86     0.87018     0.69065
  87        0.88     0.70719
  88      0.8901     0.72483
  89     0.90002     0.74291
  90      0.9101     0.76197
  91      0.9201     0.78182
  92     0.93042     0.80303
  93     0.94023     0.82407
  94     0.95012     0.84652
  95     0.96017      0.8712
  96     0.97008     0.89773
  97     0.98025     0.92762
  98      0.9901     0.96095
  99           1           1
-----------------------------------------

----------------- PPP$ and local currency --------------
         PPP used in computation: 0.348057
     Data mean in local currency: 71.7205
               Data mean in PPP$: 221.177
        Poverty line in PPP$/Day: 1.9
      Poverty line in PPP$/Month: 57.7917
  Poverty line in local currency: 18.7399
-------------------------------------------------------

----------------- Estimation result --------------
     Number of observation: 2331
          Total population: 1.60221E+06
              Total wealth: 3.30152E+08
                   Minimum: 41.3856
                   Maximum: 1946.75
             Headcount(HC): 0.0216709
          Poverty gap (PG): 0.00290683
       Poverty gap squared: 0.000502856
                      Gini: 0.332543
                    Median: 177.478
                       MLD: 0.179617
                      Watt: 0.00319553
--------------------------------------------------

-------------------------------- Income or Consumption share by deciles (%) -------------------------------------
     3.2281     4.5461     5.5697     6.5734     7.5183     8.6862     10.115     12.265     15.786     25.713
-----------------------------------------------------------------------------------------------------------------


