

**********************************************************************************************
**                                   Basic Information                                      **
**********************************************************************************************

----------------- Dataset Information -----------------
                         Country: Kosovo
                    Country dode: KSV
                       Data Year: 2012
                        Coverage: National
             Welfare measurement: Consumption
                     Data format: Unit record
                     Data source: KSV_N2012X
                  Data time span: UnDefined
-------------------------------------------------------


----------- Distribution ------------
   i           P           L 
-------------------------------------
   0     0.01046   0.0022392
   1    0.020038   0.0048344
   2    0.030089   0.0079669
   3    0.040058    0.011359
   4    0.050074    0.014967
   5    0.060645    0.019008
   6    0.070129    0.022825
   7    0.080731    0.027333
   8    0.090176     0.03147
   9     0.10124    0.036435
  10     0.11009    0.040556
  11     0.12004    0.045266
  12     0.13043    0.050298
  13     0.14014    0.055139
  14     0.15022    0.060332
  15     0.16156    0.066317
  16     0.17005    0.070859
  17     0.18005    0.076271
  18     0.19007    0.081795
  19     0.20047    0.087693
  20      0.2106    0.093519
  21     0.22003    0.099036
  22        0.23       0.105
  23     0.24015     0.11115
  24     0.25123     0.11798
  25     0.26036     0.12368
  26        0.27      0.1298
  27     0.28047     0.13661
  28     0.29152     0.14391
  29     0.30045     0.14987
  30     0.31033     0.15653
  31     0.32011     0.16319
  32     0.33028     0.17019
  33     0.34084     0.17754
  34     0.35021     0.18416
  35      0.3602     0.19135
  36      0.3704     0.19877
  37     0.38012     0.20592
  38     0.39002      0.2133
  39     0.40028     0.22103
  40     0.41052     0.22887
  41     0.42029     0.23646
  42     0.43029      0.2443
  43     0.44078     0.25267
  44     0.45002     0.26012
  45     0.46032     0.26851
  46     0.47044     0.27684
  47     0.48003     0.28484
  48     0.49046     0.29364
  49      0.5003     0.30205
  50     0.51006     0.31048
  51     0.52033     0.31944
  52     0.53042     0.32837
  53     0.54016     0.33709
  54     0.55008     0.34613
  55     0.56016     0.35542
  56      0.5702     0.36477
  57     0.58016     0.37417
  58      0.5901     0.38365
  59     0.60018     0.39337
  60     0.61034     0.40331
  61     0.62001     0.41289
  62     0.63014     0.42306
  63     0.64064     0.43371
  64     0.65053     0.44387
  65     0.66014     0.45392
  66     0.67023     0.46461
  67     0.68064      0.4758
  68     0.69021     0.48625
  69     0.70039      0.4975
  70     0.71001      0.5083
  71     0.72006     0.51974
  72     0.73107     0.53247
  73     0.74061     0.54367
  74      0.7504     0.55529
  75     0.76048     0.56744
  76      0.7701     0.57919
  77     0.78022     0.59175
  78     0.79015     0.60426
  79     0.80023     0.61717
  80     0.81012     0.63008
  81     0.82031     0.64364
  82     0.83014     0.65696
  83     0.84009     0.67076
  84     0.85003     0.68489
  85     0.86003     0.69945
  86     0.87029     0.71484
  87     0.88015     0.72987
  88     0.89003     0.74526
  89     0.90005     0.76138
  90     0.91002     0.77811
  91     0.92037     0.79617
  92      0.9307     0.81499
  93     0.94043     0.83348
  94     0.95003      0.8526
  95     0.96014     0.87386
  96     0.97029     0.89651
  97     0.98034     0.92107
  98     0.99016     0.94935
  99           1           1
-----------------------------------------

----------------- PPP$ and local currency --------------
         PPP used in computation: 0.348057
     Data mean in local currency: 90.3158
               Data mean in PPP$: 253.215
        Poverty line in PPP$/Day: 1.9
      Poverty line in PPP$/Month: 57.7917
  Poverty line in local currency: 20.613
-------------------------------------------------------

----------------- Estimation result --------------
     Number of observation: 2340
          Total population: 1.76445E+06
              Total wealth: 4.57849E+08
                   Minimum: 22.2904
                   Maximum: 3822.71
             Headcount(HC): 0.00561744
          Poverty gap (PG): 0.00091946
       Poverty gap squared: 0.000255471
                      Gini: 0.294037
                    Median: 217.447
                       MLD: 0.145119
                      Watt: 0.0011057
--------------------------------------------------

-------------------------------- Income or Consumption share by deciles (%) -------------------------------------
      3.588     5.1544     6.2143     7.1255     8.0976     9.1404     10.387     11.981     14.442      23.87
-----------------------------------------------------------------------------------------------------------------


