

**********************************************************************************************
**                                   Basic Information                                      **
**********************************************************************************************

----------------- Dataset Information -----------------
                         Country: Kosovo
                    Country dode: KSV
                       Data Year: 2005
                        Coverage: National
             Welfare measurement: Consumption
                     Data format: Unit record
                     Data source: KSV_N2005X
                  Data time span: UnDefined
-------------------------------------------------------


----------- Distribution ------------
   i           P           L 
-------------------------------------
   0    0.010516    0.002141
   1    0.020056   0.0043895
   2    0.030553   0.0073736
   3    0.040247    0.010495
   4    0.050266    0.013887
   5    0.060899    0.017749
   6    0.070387    0.021342
   7     0.08001    0.025124
   8    0.090193    0.029215
   9     0.10037    0.033457
  10      0.1103    0.037713
  11     0.12095    0.042409
  12     0.13042    0.046732
  13     0.14056    0.051445
  14     0.15041    0.056156
  15     0.16023    0.060964
  16     0.17006    0.065908
  17     0.18067     0.07137
  18     0.19024    0.076402
  19     0.20019    0.081743
  20     0.21032    0.087284
  21     0.22003    0.092659
  22     0.23044    0.098552
  23     0.24003      0.1041
  24     0.25019     0.11006
  25     0.26022     0.11603
  26      0.2703     0.12213
  27      0.2802     0.12819
  28     0.29006     0.13429
  29     0.30006     0.14059
  30     0.31027     0.14709
  31      0.3205     0.15369
  32     0.33039      0.1602
  33     0.34023      0.1668
  34     0.35032     0.17366
  35     0.36027     0.18046
  36     0.37008     0.18725
  37     0.38038     0.19445
  38     0.39047     0.20162
  39     0.40071       0.209
  40     0.41002      0.2158
  41     0.42084      0.2238
  42     0.43064     0.23112
  43     0.44023     0.23839
  44     0.45248     0.24783
  45     0.46009     0.25377
  46     0.47002     0.26165
  47     0.48004     0.26971
  48     0.49048     0.27821
  49     0.50011     0.28615
  50     0.51051     0.29486
  51      0.5205     0.30337
  52     0.53125     0.31266
  53     0.54011     0.32043
  54     0.55029     0.32947
  55     0.56015     0.33836
  56      0.5701     0.34748
  57     0.58012      0.3568
  58     0.59019     0.36632
  59     0.60032     0.37607
  60     0.61005     0.38554
  61     0.62011     0.39552
  62     0.63179     0.40731
  63     0.64007     0.41579
  64     0.65062      0.4267
  65     0.66031     0.43683
  66      0.6705     0.44757
  67     0.68017      0.4579
  68     0.69003     0.46858
  69     0.70038     0.48001
  70     0.71024     0.49108
  71     0.72017     0.50251
  72     0.73079     0.51496
  73     0.74058     0.52665
  74     0.75057     0.53876
  75     0.76011     0.55052
  76     0.77024     0.56331
  77     0.78029     0.57625
  78     0.79025     0.58942
  79     0.80005     0.60274
  80     0.81003     0.61654
  81     0.82061     0.63155
  82     0.83031     0.64573
  83     0.84042     0.66089
  84      0.8502       0.676
  85     0.86077     0.69265
  86     0.87006     0.70754
  87     0.88017     0.72406
  88     0.89017     0.74092
  89     0.90004     0.75832
  90     0.91037      0.7773
  91     0.92007     0.79576
  92     0.93022     0.81587
  93     0.94001     0.83604
  94     0.95038     0.85837
  95     0.96023     0.88079
  96     0.97005     0.90475
  97     0.98013     0.93249
  98     0.99114     0.96758
  99           1           1
-----------------------------------------

----------------- PPP$ and local currency --------------
         PPP used in computation: 0.348057
     Data mean in local currency: 53.0732
               Data mean in PPP$: 189.791
        Poverty line in PPP$/Day: 1.9
      Poverty line in PPP$/Month: 57.7917
  Poverty line in local currency: 16.1609
-------------------------------------------------------

----------------- Estimation result --------------
     Number of observation: 2358
          Total population: 1.99978E+06
              Total wealth: 3.04936E+08
                   Minimum: 30.3669
                   Maximum: 783.804
             Headcount(HC): 0.0297241
          Poverty gap (PG): 0.00635593
       Poverty gap squared: 0.00173287
                      Gini: 0.312382
                    Median: 157.915
                       MLD: 0.159609
                      Watt: 0.00745056
--------------------------------------------------

-------------------------------- Income or Consumption share by deciles (%) -------------------------------------
     3.3302     4.8341      5.891     6.7943     7.7566     8.9697     10.383     12.307     15.558     24.175
-----------------------------------------------------------------------------------------------------------------


