

**********************************************************************************************
**                                   Basic Information                                      **
**********************************************************************************************

----------------- Dataset Information -----------------
                         Country: Lao People's Democratic Republic
                    Country dode: LAO
                       Data Year: 1997
                        Coverage: National
             Welfare measurement: Consumption
                     Data format: Unit record
                     Data source: LAO_N1997X
                  Data time span: UnDefined
-------------------------------------------------------


----------- Distribution ------------
   i           P           L 
-------------------------------------
   0    0.010071   0.0018496
   1    0.020032   0.0044612
   2    0.030216   0.0075207
   3    0.040095     0.01073
   4    0.050119    0.014201
   5     0.06014    0.017846
   6    0.070001    0.021573
   7    0.080062    0.025498
   8    0.090022    0.029491
   9     0.10008    0.033649
  10     0.11013    0.037932
  11     0.12018     0.04232
  12     0.13054     0.04697
  13     0.14005    0.051338
  14     0.15024      0.0561
  15      0.1601    0.060791
  16     0.17004    0.065612
  17     0.18005    0.070564
  18        0.19    0.075579
  19     0.20005    0.080722
  20     0.21001    0.085923
  21     0.22009    0.091259
  22     0.23007    0.096622
  23     0.24012      0.1021
  24     0.25013     0.10764
  25     0.26007     0.11321
  26     0.27012     0.11895
  27     0.28028     0.12483
  28     0.29054     0.13086
  29     0.30004     0.13653
  30        0.31     0.14254
  31     0.32017     0.14877
  32     0.33006     0.15491
  33     0.34004      0.1612
  34        0.35     0.16755
  35     0.36001     0.17399
  36        0.37     0.18051
  37     0.38023     0.18729
  38     0.39029     0.19404
  39     0.40019     0.20077
  40     0.41003     0.20754
  41     0.42002     0.21448
  42     0.43008     0.22158
  43     0.44005     0.22872
  44     0.45015     0.23607
  45     0.46011      0.2434
  46     0.47003      0.2508
  47     0.48002     0.25834
  48     0.49025     0.26617
  49     0.50042     0.27404
  50     0.51023      0.2817
  51     0.52024     0.28961
  52      0.5301     0.29749
  53     0.54011     0.30556
  54     0.55007     0.31369
  55     0.56002     0.32191
  56     0.57025     0.33046
  57     0.58003     0.33875
  58      0.5904     0.34765
  59     0.60002     0.35601
  60     0.61013      0.3649
  61     0.62006     0.37379
  62     0.63009     0.38289
  63     0.64015     0.39219
  64     0.65009     0.40149
  65     0.66003     0.41093
  66     0.67008      0.4206
  67     0.68013     0.43045
  68     0.69002     0.44034
  69     0.70007     0.45056
  70     0.71016       0.461
  71     0.72022     0.47159
  72     0.73015     0.48221
  73     0.74013     0.49306
  74     0.75014     0.50416
  75     0.76004     0.51533
  76     0.77017     0.52702
  77     0.78001     0.53859
  78     0.79072     0.55151
  79     0.80008      0.5631
  80     0.81003     0.57577
  81     0.82003     0.58882
  82     0.83034     0.60269
  83     0.84002     0.61616
  84     0.85011      0.6306
  85      0.8601     0.64526
  86     0.87003     0.66024
  87     0.88001     0.67574
  88     0.89008     0.69206
  89         0.9      0.7089
  90     0.91018     0.72705
  91     0.92009     0.74554
  92     0.93012     0.76517
  93     0.94009     0.78588
  94      0.9502     0.80868
  95     0.96016     0.83331
  96     0.97024     0.86083
  97     0.98002      0.8911
  98     0.99011     0.92872
  99           1           1
-----------------------------------------

----------------- PPP$ and local currency --------------
         PPP used in computation: 3741.62
     Data mean in local currency: 16074.1
               Data mean in PPP$: 74.3824
        Poverty line in PPP$/Day: 1.9
      Poverty line in PPP$/Month: 57.7917
  Poverty line in local currency: 16031.2
-------------------------------------------------------

----------------- Estimation result --------------
     Number of observation: 8865
          Total population: 1
              Total wealth: 5.51457(PPP$)
                   Minimum: 0.0968645(PPP$)
                   Maximum: 246.433(PPP$)
             Headcount(HC): 0.498669
          Poverty gap (PG): 0.147712
       Poverty gap squared: 0.0602992
                      Gini: 0.348952
                    Median: 74.2345
                       MLD: 0.202003
                      Watt: 0.195678
--------------------------------------------------

-------------------------------- Income or Consumption share by deciles (%) -------------------------------------
     3.3615     4.7083     5.5806     6.4138     7.3071     8.2273     9.4503     11.252     14.588     29.111
-----------------------------------------------------------------------------------------------------------------


