

**********************************************************************************************
**                                   Basic Information                                      **
**********************************************************************************************

----------------- Dataset Information -----------------
                         Country: Lao People's Democratic Republic
                    Country dode: LAO
                       Data Year: 2002
                        Coverage: National
             Welfare measurement: Consumption
                     Data format: Unit record
                     Data source: LAO_N2002X
                  Data time span: UnDefined
-------------------------------------------------------


----------- Distribution ------------
   i           P           L 
-------------------------------------
   0    0.010112   0.0021224
   1    0.020033     0.00494
   2    0.030388   0.0081739
   3    0.040078    0.011406
   4     0.05008    0.014895
   5    0.060088    0.018528
   6    0.070115    0.022319
   7    0.080004    0.026185
   8    0.090709    0.030509
   9     0.10004    0.034374
  10     0.11007    0.038608
  11     0.12009     0.04294
  12     0.13012    0.047383
  13     0.14002    0.051866
  14     0.15014     0.05654
  15      0.1601    0.061224
  16     0.17037    0.066148
  17     0.18005    0.070879
  18     0.19001    0.075824
  19     0.20008    0.080906
  20     0.21006    0.086041
  21     0.22024    0.091354
  22     0.23002    0.096531
  23     0.24012     0.10196
  24     0.25009      0.1074
  25     0.26002      0.1129
  26     0.27004     0.11852
  27     0.28018      0.1243
  28     0.29017     0.13007
  29     0.30013     0.13591
  30      0.3101     0.14185
  31     0.32009     0.14788
  32      0.3301     0.15403
  33     0.34005     0.16022
  34      0.3501     0.16658
  35     0.36004     0.17296
  36     0.37006     0.17949
  37     0.38012     0.18612
  38     0.39026      0.1929
  39     0.40017     0.19961
  40     0.41004     0.20638
  41     0.42015      0.2134
  42     0.43007     0.22038
  43     0.44009     0.22752
  44     0.45005     0.23471
  45     0.46026      0.2422
  46        0.47     0.24944
  47     0.48003       0.257
  48     0.49003     0.26465
  49     0.50009     0.27245
  50     0.51008     0.28029
  51     0.52005     0.28822
  52     0.53023      0.2964
  53     0.54025     0.30457
  54      0.5502     0.31279
  55     0.56012     0.32108
  56     0.57008     0.32953
  57     0.58027     0.33831
  58        0.59      0.3468
  59     0.60008     0.35571
  60     0.61006     0.36467
  61     0.62012      0.3738
  62     0.63013     0.38301
  63     0.64005     0.39227
  64     0.65008      0.4018
  65        0.66     0.41137
  66     0.67004     0.42121
  67     0.68001     0.43119
  68     0.69015     0.44151
  69     0.70002     0.45173
  70     0.71005     0.46231
  71     0.72011     0.47314
  72     0.73011     0.48409
  73     0.74006     0.49519
  74     0.75005     0.50654
  75     0.76007     0.51811
  76      0.7701     0.52991
  77     0.78012     0.54198
  78     0.79004     0.55422
  79     0.80025     0.56713
  80     0.81006     0.57983
  81     0.82005      0.5931
  82     0.83002     0.60676
  83      0.8401     0.62091
  84     0.85029     0.63562
  85     0.86002     0.65009
  86     0.87029     0.66585
  87     0.88017     0.68155
  88     0.89002     0.69784
  89     0.90009     0.71516
  90     0.91001       0.733
  91     0.92003     0.75199
  92     0.93008     0.77199
  93     0.94003     0.79305
  94     0.95005     0.81568
  95     0.96012     0.84012
  96     0.97005     0.86683
  97     0.98005     0.89725
  98     0.99024      0.9354
  99           1           1
-----------------------------------------

----------------- PPP$ and local currency --------------
         PPP used in computation: 3741.62
     Data mean in local currency: 113515
               Data mean in PPP$: 80.71
        Poverty line in PPP$/Day: 1.9
      Poverty line in PPP$/Month: 57.7917
  Poverty line in local currency: 104337
-------------------------------------------------------

----------------- Estimation result --------------
     Number of observation: 7808
          Total population: 5.51937E+06
              Total wealth: 2.14946E+08(PPP$)
                   Minimum: 4.15497(PPP$)
                   Maximum: 840.692(PPP$)
             Headcount(HC): 0.439379
          Poverty gap (PG): 0.122342
       Poverty gap squared: 0.0471053
                      Gini: 0.346569
                    Median: 80.7505
                       MLD: 0.196314
                      Watt: 0.158117
--------------------------------------------------

-------------------------------- Income or Consumption share by deciles (%) -------------------------------------
     3.4359     4.6508     5.4973     6.3653     7.2882     8.3264     9.6071      11.51     14.821     28.499
-----------------------------------------------------------------------------------------------------------------


