

**********************************************************************************************
**                                   Basic Information                                      **
**********************************************************************************************

----------------- Dataset Information -----------------
                         Country: Lao People's Democratic Republic
                    Country dode: LAO
                       Data Year: 1992
                        Coverage: National
             Welfare measurement: Consumption
                     Data format: Unit record
                     Data source: LAO_N1992X
                  Data time span: UnDefined
-------------------------------------------------------


----------- Distribution ------------
   i           P           L 
-------------------------------------
   0    0.010269   0.0022812
   1    0.020296   0.0050249
   2    0.030111   0.0080265
   3    0.040119    0.011354
   4    0.050396    0.014994
   5    0.060224    0.018623
   6    0.070406    0.022521
   7    0.080029    0.026385
   8     0.09034    0.030682
   9      0.1004     0.03497
  10     0.11004    0.039164
  11     0.12009     0.04362
  12      0.1301    0.048176
  13     0.14028    0.052896
  14     0.15002    0.057506
  15     0.16029    0.062457
  16     0.17032    0.067359
  17     0.18027    0.072293
  18     0.19027    0.077358
  19     0.20007    0.082377
  20     0.21031     0.08771
  21     0.22004    0.092859
  22     0.23037    0.098408
  23      0.2402     0.10376
  24     0.25009      0.1092
  25     0.26027     0.11489
  26     0.27024     0.12056
  27     0.28008     0.12622
  28      0.2902     0.13211
  29     0.30008     0.13793
  30     0.31009     0.14389
  31     0.32015     0.14995
  32      0.3301     0.15602
  33      0.3402     0.16226
  34     0.35023     0.16853
  35      0.3604     0.17496
  36     0.37051     0.18144
  37     0.38016      0.1877
  38     0.39013     0.19423
  39     0.40017     0.20089
  40     0.41021     0.20766
  41     0.42019     0.21448
  42     0.43026     0.22145
  43     0.44039     0.22861
  44     0.45001     0.23554
  45     0.46026     0.24303
  46     0.47012     0.25031
  47     0.48036       0.258
  48     0.49013     0.26543
  49     0.50015     0.27313
  50     0.51045     0.28115
  51     0.52018     0.28885
  52     0.53028     0.29699
  53      0.5405     0.30536
  54      0.5501     0.31331
  55     0.56005     0.32168
  56     0.57025     0.33037
  57     0.58036      0.3391
  58     0.59028     0.34779
  59         0.6     0.35639
  60     0.61007     0.36543
  61     0.62018     0.37468
  62     0.63024       0.384
  63     0.64044     0.39358
  64      0.6503     0.40297
  65     0.66002      0.4124
  66     0.67023     0.42246
  67     0.68032     0.43259
  68     0.69018     0.44269
  69     0.70025      0.4532
  70     0.71016     0.46374
  71     0.72003     0.47446
  72     0.73009     0.48559
  73     0.74008     0.49687
  74     0.75007     0.50835
  75     0.76032     0.52044
  76     0.77004     0.53213
  77     0.78018     0.54457
  78     0.79003     0.55698
  79     0.80013     0.57004
  80     0.81036     0.58353
  81     0.82021     0.59678
  82     0.83045     0.61083
  83     0.84012      0.6245
  84     0.85031     0.63941
  85     0.86007     0.65406
  86     0.87026     0.66988
  87     0.88007     0.68562
  88      0.8902     0.70245
  89     0.90044     0.71992
  90     0.91023     0.73742
  91     0.92023     0.75619
  92     0.93004     0.77579
  93     0.94013     0.79727
  94     0.95013     0.82037
  95     0.96014     0.84551
  96     0.97022     0.87315
  97     0.98031     0.90381
  98     0.99011     0.93966
  99           1           1
-----------------------------------------

----------------- PPP$ and local currency --------------
         PPP used in computation: 3741.62
     Data mean in local currency: 9204.49
               Data mean in PPP$: 83.3042
        Poverty line in PPP$/Day: 1.9
      Poverty line in PPP$/Month: 57.7917
  Poverty line in local currency: 8196.76
-------------------------------------------------------

----------------- Estimation result --------------
     Number of observation: 2877
          Total population: 0.999999
              Total wealth: 3.15779(PPP$)
                   Minimum: 0.334099(PPP$)
                   Maximum: 52.1653(PPP$)
             Headcount(HC): 0.427342
          Poverty gap (PG): 0.111061
       Poverty gap squared: 0.0407684
                      Gini: 0.343099
                    Median: 82.7692
                       MLD: 0.191197
                      Watt: 0.141529
--------------------------------------------------

-------------------------------- Income or Consumption share by deciles (%) -------------------------------------
     3.4798     4.7545     5.5541       6.29     7.2227     8.3381     9.6554     11.693     14.931     28.082
-----------------------------------------------------------------------------------------------------------------


