

**********************************************************************************************
**                                   Basic Information                                      **
**********************************************************************************************

----------------- Dataset Information -----------------
                         Country: Lao People's Democratic Republic
                    Country dode: LAO
                       Data Year: 2007
                        Coverage: National
             Welfare measurement: Consumption
                     Data format: Unit record
                     Data source: LAO_N2007X
                  Data time span: UnDefined
-------------------------------------------------------


----------- Distribution ------------
   i           P           L 
-------------------------------------
   0    0.010097   0.0018616
   1    0.020079   0.0043531
   2    0.030052   0.0071456
   3    0.040048    0.010175
   4    0.050062    0.013419
   5    0.060002    0.016803
   6     0.07004    0.020344
   7    0.080047    0.023996
   8    0.090098    0.027782
   9     0.10007    0.031645
  10     0.11008    0.035625
  11     0.12002    0.039686
  12     0.13002    0.043876
  13     0.14002    0.048171
  14        0.15    0.052563
  15     0.16012    0.057124
  16     0.17024    0.061786
  17     0.18003    0.066391
  18     0.19003      0.0712
  19         0.2    0.076107
  20     0.21007    0.081144
  21     0.22007    0.086229
  22     0.23007    0.091389
  23     0.24018    0.096697
  24     0.25006     0.10195
  25      0.2601     0.10737
  26     0.27007     0.11284
  27     0.28006      0.1184
  28     0.29001     0.12401
  29     0.30012     0.12978
  30     0.31014     0.13558
  31     0.32012     0.14147
  32     0.33002     0.14738
  33     0.34002     0.15343
  34     0.35036     0.15975
  35     0.36016     0.16581
  36     0.37002     0.17199
  37     0.38006     0.17835
  38     0.39012     0.18483
  39     0.40012     0.19133
  40     0.41016     0.19795
  41     0.42018     0.20466
  42     0.43009     0.21139
  43     0.44007     0.21826
  44     0.45002      0.2252
  45     0.46005     0.23228
  46     0.47002     0.23943
  47     0.48021     0.24683
  48     0.49007     0.25407
  49      0.5001     0.26155
  50     0.51006     0.26908
  51     0.52014     0.27682
  52     0.53009     0.28456
  53     0.54002     0.29241
  54     0.55009     0.30049
  55     0.56007     0.30862
  56     0.57001     0.31684
  57     0.58004     0.32528
  58     0.59004     0.33382
  59     0.60004     0.34246
  60     0.61003     0.35123
  61     0.62008     0.36021
  62     0.63025     0.36946
  63     0.64011     0.37858
  64     0.65013     0.38802
  65     0.66004     0.39752
  66     0.67001     0.40724
  67     0.68004     0.41715
  68     0.69001     0.42715
  69     0.70002     0.43738
  70     0.71023     0.44797
  71     0.72008     0.45835
  72     0.73009     0.46916
  73     0.74002      0.4801
  74      0.7504     0.49178
  75     0.76005     0.50284
  76     0.77003     0.51452
  77     0.78005     0.52646
  78     0.79008     0.53866
  79     0.80017     0.55128
  80     0.81013     0.56407
  81     0.82009     0.57721
  82     0.83006     0.59071
  83     0.84003     0.60459
  84     0.85007     0.61893
  85     0.86007     0.63364
  86     0.87025     0.64909
  87        0.88     0.66452
  88     0.89007     0.68118
  89     0.90012     0.69841
  90     0.91004     0.71618
  91     0.92001     0.73504
  92     0.93002     0.75522
  93     0.94017     0.77685
  94     0.95009     0.79951
  95     0.96015     0.82515
  96     0.97002     0.85335
  97        0.98     0.88561
  98     0.99011     0.92604
  99           1           1
-----------------------------------------

----------------- PPP$ and local currency --------------
         PPP used in computation: 3741.62
     Data mean in local currency: 220296
               Data mean in PPP$: 91.2236
        Poverty line in PPP$/Day: 1.9
      Poverty line in PPP$/Month: 57.7917
  Poverty line in local currency: 179146
-------------------------------------------------------

----------------- Estimation result --------------
     Number of observation: 8019
          Total population: 5.60768E+06
              Total wealth: 4.23812E+08(PPP$)
                   Minimum: 5.46323(PPP$)
                   Maximum: 3268.08(PPP$)
             Headcount(HC): 0.374431
          Poverty gap (PG): 0.0985547
       Poverty gap squared: 0.0378203
                      Gini: 0.366354
                    Median: 87.9394
                       MLD: 0.221399
                      Watt: 0.127633
--------------------------------------------------

-------------------------------- Income or Consumption share by deciles (%) -------------------------------------
     3.1619     4.4487     5.3608     6.1537     7.0219     8.0961      9.493     11.371     14.714      30.18
-----------------------------------------------------------------------------------------------------------------


