

**********************************************************************************************
**                                   Basic Information                                      **
**********************************************************************************************

----------------- Dataset Information -----------------
                         Country: Sri Lanka
                    Country dode: LKA
                       Data Year: 1995
                        Coverage: National
             Welfare measurement: Consumption
                     Data format: Unit record
                     Data source: LKA_N1995X
                  Data time span: UnDefined
-------------------------------------------------------


----------- Distribution ------------
   i           P           L 
-------------------------------------
   0    0.010043   0.0021331
   1    0.020098   0.0048374
   2    0.030007   0.0078066
   3    0.040008    0.011048
   4    0.050109    0.014529
   5    0.060021    0.018093
   6    0.070057    0.021843
   7    0.080108    0.025732
   8    0.090005    0.029671
   9     0.10013      0.0338
  10     0.11002    0.037933
  11     0.12007    0.042247
  12      0.1301    0.046653
  13     0.14003      0.0511
  14     0.15016    0.055729
  15     0.16001    0.060317
  16     0.17002    0.065074
  17     0.18001    0.069904
  18     0.19004    0.074841
  19     0.20008    0.079865
  20     0.21003    0.084922
  21     0.22004    0.090085
  22     0.23007    0.095333
  23     0.24001     0.10061
  24        0.25     0.10599
  25     0.26003     0.11148
  26        0.27     0.11704
  27     0.28004      0.1227
  28     0.29001      0.1284
  29     0.30002     0.13419
  30     0.31002     0.14006
  31     0.32001     0.14602
  32     0.33001     0.15205
  33     0.34003     0.15818
  34     0.35004     0.16439
  35     0.36006     0.17067
  36     0.37003       0.177
  37     0.38002     0.18343
  38     0.39019     0.19004
  39     0.40016      0.1966
  40     0.41004     0.20319
  41        0.42     0.20992
  42     0.43013     0.21687
  43     0.44006     0.22376
  44     0.45004     0.23079
  45     0.46004     0.23793
  46     0.47006     0.24517
  47     0.48001     0.25246
  48     0.49004     0.25992
  49     0.50007     0.26748
  50     0.51003     0.27508
  51     0.52009     0.28289
  52     0.53001     0.29069
  53     0.54004     0.29868
  54     0.55001     0.30673
  55     0.56004     0.31496
  56     0.57003     0.32328
  57     0.58028     0.33194
  58     0.59013     0.34038
  59     0.60002     0.34897
  60     0.61003      0.3578
  61     0.62006     0.36681
  62     0.63003     0.37593
  63     0.64004     0.38525
  64     0.65003     0.39469
  65     0.66003     0.40429
  66     0.67003     0.41406
  67     0.68001     0.42399
  68     0.69003     0.43415
  69     0.70006     0.44453
  70     0.71011     0.45514
  71        0.72     0.46575
  72     0.73003     0.47674
  73     0.74006     0.48795
  74     0.75005     0.49937
  75     0.76004     0.51102
  76     0.77005     0.52293
  77     0.78002     0.53503
  78     0.79001     0.54741
  79     0.80004     0.56018
  80     0.81002     0.57327
  81     0.82003     0.58672
  82     0.83001     0.60045
  83      0.8401     0.61476
  84      0.8501     0.62936
  85     0.86001     0.64432
  86     0.87015     0.66015
  87     0.88007     0.67619
  88     0.89011     0.69302
  89     0.90001      0.7103
  90     0.91002      0.7286
  91     0.92004     0.74774
  92     0.93003     0.76789
  93     0.94009     0.78948
  94      0.9501     0.81234
  95     0.96004     0.83677
  96     0.97004     0.86435
  97     0.98003     0.89614
  98     0.99002     0.93564
  99           1           1
-----------------------------------------

----------------- PPP$ and local currency --------------
         PPP used in computation: 42.2189
     Data mean in local currency: 1454.64
               Data mean in PPP$: 144.168
        Poverty line in PPP$/Day: 1.9
      Poverty line in PPP$/Month: 57.7917
  Poverty line in local currency: 583.11
-------------------------------------------------------

----------------- Estimation result --------------
     Number of observation: 18768
          Total population: 1.00001
              Total wealth: 34.4549(PPP$)
                   Minimum: 2.31815(PPP$)
                   Maximum: 762.219(PPP$)
             Headcount(HC): 0.0884824
          Poverty gap (PG): 0.0159915
       Poverty gap squared: 0.00475466
                      Gini: 0.353997
                    Median: 109.299
                       MLD: 0.203776
                      Watt: 0.0193262
--------------------------------------------------

-------------------------------- Income or Consumption share by deciles (%) -------------------------------------
     3.3748     4.6078     5.4355      6.232     7.0928     8.1518     9.5523     11.566     15.015     28.971
-----------------------------------------------------------------------------------------------------------------


