

**********************************************************************************************
**                                   Basic Information                                      **
**********************************************************************************************

----------------- Dataset Information -----------------
                         Country: Sri Lanka
                    Country dode: LKA
                       Data Year: 2002
                        Coverage: National
             Welfare measurement: Consumption
                     Data format: Unit record
                     Data source: LKA_N2002X
                  Data time span: UnDefined
-------------------------------------------------------


----------- Distribution ------------
   i           P           L 
-------------------------------------
   0    0.010025   0.0018859
   1    0.020028   0.0042598
   2    0.030056   0.0068784
   3    0.040047   0.0096529
   4    0.050034    0.012557
   5    0.060088    0.015584
   6     0.07005    0.018701
   7    0.080036    0.021937
   8    0.090031    0.025285
   9         0.1    0.028726
  10     0.11001    0.032276
  11     0.12008    0.035934
  12     0.13002    0.039636
  13     0.14005    0.043456
  14     0.15003    0.047348
  15     0.16012    0.051369
  16     0.17005    0.055405
  17     0.18001    0.059536
  18     0.19003    0.063764
  19     0.20002    0.068055
  20     0.21001    0.072422
  21     0.22001     0.07687
  22        0.23    0.081394
  23     0.24003    0.086002
  24     0.25004    0.090679
  25     0.26005    0.095426
  26      0.2701     0.10027
  27     0.28001     0.10514
  28     0.29013      0.1102
  29     0.30001     0.11522
  30     0.31006      0.1204
  31        0.32     0.12561
  32     0.33006     0.13096
  33     0.34004     0.13634
  34        0.35     0.14179
  35     0.36002     0.14736
  36     0.37009     0.15303
  37     0.38002     0.15872
  38     0.39004     0.16455
  39     0.40001     0.17045
  40     0.41003     0.17646
  41     0.42001     0.18255
  42     0.43002     0.18874
  43     0.44005     0.19505
  44     0.45001     0.20141
  45     0.46006     0.20793
  46     0.47005     0.21451
  47        0.48     0.22117
  48     0.49008     0.22803
  49     0.50009     0.23492
  50     0.51001     0.24187
  51     0.52003     0.24899
  52     0.53008     0.25628
  53     0.54001     0.26361
  54     0.55001     0.27112
  55     0.56008      0.2788
  56     0.57006     0.28653
  57     0.58009     0.29443
  58     0.59002     0.30238
  59      0.6001     0.31059
  60     0.61003     0.31882
  61     0.62001     0.32725
  62     0.63001     0.33588
  63     0.64003      0.3447
  64     0.65001     0.35363
  65     0.66008     0.36281
  66     0.67003     0.37211
  67     0.68001     0.38163
  68     0.69006     0.39139
  69     0.70002     0.40126
  70     0.71005      0.4114
  71     0.72002     0.42169
  72     0.73008     0.43227
  73     0.74001     0.44296
  74     0.75011     0.45412
  75      0.7601     0.46547
  76     0.77001     0.47699
  77     0.78003     0.48899
  78     0.79001      0.5013
  79     0.80006     0.51406
  80     0.81001     0.52712
  81     0.82009     0.54074
  82     0.83004     0.55467
  83     0.84001     0.56913
  84     0.85001     0.58415
  85     0.86004     0.59974
  86     0.87004     0.61581
  87     0.88004     0.63257
  88     0.89008     0.65009
  89     0.90001     0.66819
  90        0.91     0.68722
  91     0.92002     0.70733
  92     0.93009     0.72864
  93     0.94005     0.75108
  94     0.95002      0.7754
  95     0.96003     0.80248
  96     0.97001     0.83281
  97     0.98007     0.86874
  98     0.99002     0.91332
  99           1           1
-----------------------------------------

----------------- PPP$ and local currency --------------
         PPP used in computation: 42.2189
     Data mean in local currency: 3137.57
               Data mean in PPP$: 173.836
        Poverty line in PPP$/Day: 1.9
      Poverty line in PPP$/Month: 57.7917
  Poverty line in local currency: 1043.08
-------------------------------------------------------

----------------- Estimation result --------------
     Number of observation: 16790
          Total population: 1.68985E+07
              Total wealth: 1.25584E+09(PPP$)
                   Minimum: 6.43246(PPP$)
                   Maximum: 2623.75(PPP$)
             Headcount(HC): 0.0825005
          Poverty gap (PG): 0.0140644
       Poverty gap squared: 0.00381406
                      Gini: 0.40958
                    Median: 120.653
                       MLD: 0.274633
                      Watt: 0.0166457
--------------------------------------------------

-------------------------------- Income or Consumption share by deciles (%) -------------------------------------
     2.8726     3.9319     4.7164     5.5232     6.4418     7.5648     9.0733     11.274     15.418     33.183
-----------------------------------------------------------------------------------------------------------------


