

**********************************************************************************************
**                                   Basic Information                                      **
**********************************************************************************************

----------------- Dataset Information -----------------
                         Country: Sri Lanka
                    Country dode: LKA
                       Data Year: 2009
                        Coverage: National
             Welfare measurement: Consumption
                     Data format: Unit record
                     Data source: LKA_N2009X
                  Data time span: UnDefined
-------------------------------------------------------


----------- Distribution ------------
   i           P           L 
-------------------------------------
   0    0.010061   0.0019961
   1    0.020014   0.0045139
   2    0.030002   0.0073465
   3    0.040001    0.010435
   4    0.050003    0.013719
   5    0.060053    0.017171
   6    0.070052    0.020757
   7    0.080079    0.024489
   8    0.090027    0.028309
   9     0.10015    0.032302
  10     0.11005    0.036311
  11     0.12001    0.040437
  12     0.13002    0.044689
  13     0.14004    0.049028
  14     0.15002    0.053447
  15     0.16007    0.057983
  16     0.17002    0.062562
  17        0.18    0.067245
  18        0.19    0.072023
  19     0.20005    0.076905
  20     0.21004     0.08186
  21     0.22003      0.0869
  22     0.23001    0.092021
  23     0.24001    0.097226
  24     0.25005     0.10254
  25     0.26003     0.10791
  26     0.27007     0.11339
  27     0.28006     0.11894
  28     0.29008      0.1246
  29     0.30019     0.13038
  30     0.31003     0.13608
  31     0.32009       0.142
  32     0.33008     0.14796
  33     0.34004     0.15398
  34        0.35     0.16009
  35     0.36003     0.16632
  36     0.37002     0.17261
  37     0.38009     0.17904
  38     0.39001     0.18546
  39     0.40001     0.19204
  40     0.41002     0.19872
  41     0.42003     0.20548
  42     0.43004     0.21233
  43        0.44     0.21925
  44     0.45002     0.22629
  45     0.46012      0.2335
  46     0.47001     0.24064
  47     0.48003     0.24798
  48     0.49004     0.25539
  49     0.50006     0.26292
  50     0.51007     0.27054
  51     0.52002      0.2782
  52     0.53007     0.28605
  53     0.54012     0.29399
  54     0.55001     0.30194
  55     0.56028     0.31032
  56     0.57005     0.31841
  57     0.58003     0.32679
  58     0.59008     0.33537
  59     0.60012     0.34408
  60     0.61004      0.3528
  61     0.62001      0.3617
  62     0.63004     0.37082
  63     0.64007     0.38009
  64     0.65008     0.38952
  65     0.66012     0.39913
  66      0.6701     0.40882
  67     0.68001     0.41862
  68     0.69003      0.4287
  69     0.70003     0.43894
  70     0.71001     0.44936
  71     0.72008     0.46006
  72     0.73003     0.47083
  73     0.74001     0.48184
  74     0.75006     0.49317
  75        0.76     0.50462
  76     0.77001     0.51642
  77     0.78005     0.52849
  78     0.79004     0.54078
  79     0.80003     0.55337
  80     0.81001     0.56626
  81     0.82001     0.57954
  82        0.83     0.59315
  83     0.84001     0.60715
  84     0.85004     0.62161
  85     0.86004     0.63652
  86        0.87     0.65189
  87     0.88001     0.66783
  88     0.89002     0.68432
  89     0.90001     0.70135
  90     0.91009     0.71929
  91     0.92003      0.7379
  92     0.93002     0.75769
  93        0.94     0.77867
  94        0.95     0.80119
  95        0.96     0.82579
  96     0.97005     0.85324
  97     0.98004     0.88485
  98     0.99004      0.9243
  99           1           1
-----------------------------------------

----------------- PPP$ and local currency --------------
         PPP used in computation: 42.2189
     Data mean in local currency: 7850.96
               Data mean in PPP$: 204.432
        Poverty line in PPP$/Day: 1.9
      Poverty line in PPP$/Month: 57.7917
  Poverty line in local currency: 2219.42
-------------------------------------------------------

----------------- Estimation result --------------
     Number of observation: 19894
          Total population: 2.03378E+07
              Total wealth: 3.78197E+09(PPP$)
                   Minimum: 15.7233(PPP$)
                   Maximum: 17547.5(PPP$)
             Headcount(HC): 0.0241072
          Poverty gap (PG): 0.00413047
       Poverty gap squared: 0.00113114
                      Gini: 0.363915
                    Median: 154.593
                       MLD: 0.218585
                      Watt: 0.0048997
--------------------------------------------------

-------------------------------- Income or Consumption share by deciles (%) -------------------------------------
     3.2243     4.4639     5.3385     6.1773     7.0832     8.1105     9.4938     11.441       14.8     29.867
-----------------------------------------------------------------------------------------------------------------


