

**********************************************************************************************
**                                   Basic Information                                      **
**********************************************************************************************

----------------- Dataset Information -----------------
                         Country: Sri Lanka
                    Country dode: LKA
                       Data Year: 2012
                        Coverage: National
             Welfare measurement: Consumption
                     Data format: Unit record
                     Data source: LKA_N2012X
                  Data time span: UnDefined
-------------------------------------------------------


----------- Distribution ------------
   i           P           L 
-------------------------------------
   0    0.010047   0.0019302
   1    0.020125   0.0043642
   2    0.030058   0.0070061
   3    0.040063   0.0098365
   4    0.050007    0.012816
   5    0.060011    0.015956
   6    0.070002    0.019228
   7    0.080077    0.022666
   8    0.090079    0.026186
   9     0.10004    0.029809
  10     0.11003    0.033545
  11     0.12004    0.037383
  12     0.13006    0.041325
  13     0.14003    0.045333
  14     0.15005    0.049463
  15     0.16004     0.05367
  16     0.17004    0.057974
  17     0.18001    0.062357
  18     0.19007    0.066854
  19     0.20006    0.071405
  20     0.21007    0.076043
  21     0.22003    0.080745
  22     0.23003    0.085554
  23     0.24003    0.090448
  24     0.25001     0.09543
  25     0.26001      0.1005
  26     0.27008     0.10569
  27     0.28002     0.11089
  28     0.29007     0.11623
  29     0.30002     0.12158
  30        0.31     0.12704
  31     0.32005      0.1326
  32     0.33005     0.13821
  33     0.34002     0.14388
  34     0.35006     0.14968
  35     0.36006     0.15554
  36     0.37006     0.16148
  37     0.38008     0.16751
  38     0.39007     0.17363
  39     0.40007     0.17985
  40        0.41     0.18611
  41     0.42001     0.19251
  42     0.43003       0.199
  43     0.44002     0.20558
  44     0.45001     0.21224
  45     0.46007     0.21907
  46     0.47002     0.22591
  47     0.48004     0.23291
  48     0.49002     0.23997
  49     0.50003     0.24715
  50     0.51002     0.25443
  51     0.52005     0.26183
  52     0.53005     0.26934
  53     0.54008     0.27698
  54     0.55002     0.28466
  55     0.56001     0.29251
  56     0.57007     0.30055
  57     0.58004     0.30863
  58     0.59003     0.31686
  59     0.60009     0.32529
  60     0.61005     0.33379
  61     0.62006     0.34248
  62     0.63006     0.35129
  63     0.64002     0.36022
  64     0.65006     0.36939
  65     0.66004     0.37869
  66     0.67001     0.38815
  67     0.68005     0.39785
  68     0.69001     0.40765
  69     0.70001     0.41769
  70     0.71003     0.42793
  71     0.72001     0.43835
  72     0.73002     0.44901
  73     0.74001     0.45987
  74     0.75002     0.47099
  75      0.7601     0.48242
  76     0.77002     0.49393
  77        0.78     0.50576
  78        0.79      0.5179
  79     0.80001     0.53036
  80     0.81007     0.54322
  81     0.82004      0.5563
  82     0.83005     0.56979
  83     0.84001     0.58362
  84     0.85004       0.598
  85     0.86007     0.61286
  86     0.87001     0.62808
  87     0.88001     0.64401
  88     0.89002     0.66059
  89         0.9     0.67786
  90     0.91001     0.69609
  91     0.92004      0.7154
  92     0.93001      0.7357
  93     0.94001     0.75723
  94     0.95007     0.78058
  95     0.96006      0.8064
  96     0.97001      0.8352
  97     0.98008     0.86948
  98     0.99008     0.91179
  99           1           1
-----------------------------------------

----------------- PPP$ and local currency --------------
         PPP used in computation: 42.2189
     Data mean in local currency: 10725
               Data mean in PPP$: 228.325
        Poverty line in PPP$/Day: 1.9
      Poverty line in PPP$/Month: 57.7917
  Poverty line in local currency: 2714.62
-------------------------------------------------------

----------------- Estimation result --------------
     Number of observation: 20458
          Total population: 1.98801E+07
              Total wealth: 5.05019E+09(PPP$)
                   Minimum: 18.6175(PPP$)
                   Maximum: 26228.8(PPP$)
             Headcount(HC): 0.019227
          Poverty gap (PG): 0.00288814
       Poverty gap squared: 0.00074506
                      Gini: 0.391617
                    Median: 165.081
                       MLD: 0.253493
                      Watt: 0.00339597
--------------------------------------------------

-------------------------------- Income or Consumption share by deciles (%) -------------------------------------
     2.9795     4.1583     5.0197     5.8232     6.7328     7.8085     9.2461     11.267     14.751     32.214
-----------------------------------------------------------------------------------------------------------------


