

**********************************************************************************************
**                                   Basic Information                                      **
**********************************************************************************************

----------------- Dataset Information -----------------
                         Country: Sri Lanka
                    Country dode: LKA
                       Data Year: 2006
                        Coverage: National
             Welfare measurement: Consumption
                     Data format: Unit record
                     Data source: LKA_N2006X
                  Data time span: UnDefined
-------------------------------------------------------


----------- Distribution ------------
   i           P           L 
-------------------------------------
   0    0.010124   0.0019576
   1    0.020065   0.0043185
   2    0.030003   0.0068961
   3    0.040004   0.0096531
   4    0.050052     0.01258
   5    0.060124     0.01565
   6    0.070047    0.018796
   7    0.080004    0.022072
   8    0.090014    0.025486
   9     0.10007    0.029018
  10     0.11006    0.032617
  11     0.12011    0.036329
  12     0.13003    0.040084
  13     0.14006    0.043973
  14     0.15001    0.047905
  15     0.16008    0.051979
  16        0.17    0.056071
  17     0.18006    0.060292
  18     0.19003     0.06457
  19         0.2    0.068926
  20     0.21001    0.073391
  21     0.22003    0.077948
  22     0.23002    0.082565
  23     0.24005    0.087279
  24     0.25006     0.09207
  25     0.26004    0.096945
  26     0.27004     0.10191
  27     0.28004     0.10695
  28     0.29002     0.11208
  29     0.30003      0.1173
  30     0.31003     0.12261
  31     0.32001     0.12799
  32     0.33009     0.13349
  33     0.34003     0.13901
  34     0.35005     0.14465
  35     0.36006     0.15037
  36     0.37007     0.15618
  37     0.38004     0.16205
  38     0.39011     0.16807
  39     0.40001     0.17407
  40     0.41001     0.18021
  41     0.42008      0.1865
  42        0.43     0.19277
  43     0.44004     0.19922
  44     0.45004     0.20573
  45        0.46     0.21231
  46     0.47003     0.21904
  47        0.48     0.22584
  48        0.49     0.23275
  49     0.50008     0.23981
  50     0.51005      0.2469
  51        0.52      0.2541
  52     0.53004     0.26146
  53     0.54003     0.26891
  54     0.55001     0.27648
  55        0.56     0.28422
  56     0.57005     0.29212
  57     0.58005     0.30011
  58     0.59006     0.30824
  59         0.6     0.31645
  60     0.61003      0.3249
  61     0.62011     0.33354
  62     0.63004     0.34222
  63        0.64     0.35108
  64     0.65002     0.36015
  65     0.66001     0.36938
  66     0.67005     0.37882
  67     0.68013     0.38851
  68     0.69002      0.3982
  69     0.70012      0.4083
  70     0.71014     0.41854
  71     0.72002     0.42886
  72     0.73003     0.43954
  73     0.74001      0.4504
  74     0.75003     0.46152
  75     0.76001     0.47287
  76     0.77006     0.48458
  77     0.78002     0.49652
  78     0.79006     0.50888
  79     0.80003      0.5215
  80     0.81002     0.53445
  81     0.82003     0.54781
  82        0.83      0.5615
  83     0.84004     0.57567
  84     0.85003     0.59027
  85     0.86001     0.60538
  86     0.87001     0.62108
  87     0.88006     0.63747
  88     0.89003     0.65446
  89     0.90005     0.67231
  90     0.91001      0.6909
  91     0.92001     0.71058
  92     0.93003     0.73151
  93        0.94     0.75354
  94     0.95012     0.77759
  95     0.96001     0.80327
  96     0.97001     0.83214
  97     0.98002     0.86616
  98        0.99     0.90915
  99           1           1
-----------------------------------------

----------------- PPP$ and local currency --------------
         PPP used in computation: 42.2189
     Data mean in local currency: 5659
               Data mean in PPP$: 206.814
        Poverty line in PPP$/Day: 1.9
      Poverty line in PPP$/Month: 57.7917
  Poverty line in local currency: 1581.34
-------------------------------------------------------

----------------- Estimation result --------------
     Number of observation: 18488
          Total population: 1.83998E+07
              Total wealth: 2.46629E+09(PPP$)
                   Minimum: 13.238(PPP$)
                   Maximum: 6758.43(PPP$)
             Headcount(HC): 0.0375162
          Poverty gap (PG): 0.00548089
       Poverty gap squared: 0.00134481
                      Gini: 0.402542
                    Median: 145.921
                       MLD: 0.267014
                      Watt: 0.00636511
--------------------------------------------------

-------------------------------- Income or Consumption share by deciles (%) -------------------------------------
     2.8993     3.9932     4.8362     5.6777     6.5696     7.6688     9.1735     11.328     15.076     32.778
-----------------------------------------------------------------------------------------------------------------


