

**********************************************************************************************
**                                   Basic Information                                      **
**********************************************************************************************

----------------- Dataset Information -----------------
                         Country: Lesotho
                    Country dode: LSO
                       Data Year: 1994
                        Coverage: National
             Welfare measurement: Consumption
                     Data format: Unit record
                     Data source: LSO_N1994X
                  Data time span: UnDefined
-------------------------------------------------------


----------- Distribution ------------
   i           P           L 
-------------------------------------
   0    0.010575  0.00016676
   1     0.02004  0.00041044
   2     0.03002   0.0007423
   3     0.04012   0.0011434
   4      0.0501   0.0015996
   5    0.060001   0.0021044
   6    0.070021   0.0026544
   7    0.080239   0.0032639
   8    0.090101   0.0039096
   9         0.1   0.0046073
  10      0.1103   0.0053929
  11        0.12   0.0061767
  12      0.1301   0.0070498
  13        0.14   0.0079612
  14      0.1503   0.0089981
  15     0.16012     0.01006
  16      0.1701     0.01121
  17     0.18024    0.012456
  18     0.19018    0.013736
  19      0.2004    0.015113
  20     0.21014     0.01649
  21     0.22016     0.01797
  22      0.2301    0.019518
  23     0.24036    0.021179
  24     0.25002    0.022806
  25     0.26024    0.024594
  26     0.27018     0.02641
  27     0.28012      0.0283
  28     0.29014    0.030312
  29     0.30008     0.03238
  30     0.31002    0.034522
  31        0.32    0.036744
  32     0.33014     0.03908
  33        0.34    0.041436
  34     0.35026    0.043983
  35     0.36024    0.046552
  36     0.37022    0.049204
  37        0.38    0.051941
  38     0.39002    0.054858
  39     0.40032    0.057953
  40     0.41022    0.061028
  41     0.42012    0.064235
  42     0.43026    0.067644
  43        0.44    0.071021
  44     0.45002    0.074629
  45     0.46028      0.0785
  46     0.47002    0.082294
  47        0.48    0.086278
  48      0.4901    0.090451
  49     0.50024    0.094815
  50     0.51018    0.099248
  51     0.52012     0.10385
  52     0.53006      0.1086
  53     0.54004     0.11353
  54     0.55002     0.11865
  55     0.56012     0.12402
  56     0.57014     0.12956
  57     0.58004     0.13524
  58     0.59002     0.14118
  59         0.6      0.1474
  60     0.61002     0.15386
  61     0.62004     0.16055
  62     0.63022     0.16761
  63     0.64012     0.17472
  64     0.65014     0.18221
  65     0.66024     0.19002
  66      0.6701     0.19786
  67     0.68024     0.20619
  68     0.69018     0.21468
  69     0.70012     0.22347
  70     0.71002     0.23259
  71     0.72028      0.2424
  72     0.73002     0.25204
  73     0.74004     0.26237
  74     0.75014     0.27324
  75      0.7602     0.28463
  76     0.77022     0.29657
  77     0.78024     0.30909
  78     0.79006     0.32191
  79     0.80024      0.3357
  80     0.81018     0.34978
  81     0.82012     0.36463
  82     0.83002     0.38005
  83     0.84012     0.39675
  84      0.8501     0.41396
  85     0.86008     0.43198
  86     0.87006     0.45126
  87        0.88     0.47183
  88     0.89002     0.49372
  89      0.9002     0.51773
  90     0.91022     0.54336
  91     0.92012     0.57046
  92     0.93006     0.59973
  93        0.94     0.63179
  94     0.95026     0.66815
  95        0.96     0.70622
  96     0.97006     0.75141
  97        0.98     0.80544
  98     0.99002      0.8718
  99           1           1
-----------------------------------------

----------------- PPP$ and local currency --------------
         PPP used in computation: 3.86435
     Data mean in local currency: 159.504
               Data mean in PPP$: 65.2373
        Poverty line in PPP$/Day: 1.9
      Poverty line in PPP$/Month: 57.7917
  Poverty line in local currency: 141.3
-------------------------------------------------------

----------------- Estimation result --------------
     Number of observation: 4574
          Total population: 0.999912
              Total wealth: 41.2722(PPP$)
                   Minimum: 0(PPP$)
                   Maximum: 1645.69(PPP$)
             Headcount(HC): 0.695606
          Poverty gap (PG): 0.447896
       Poverty gap squared: 0.337262
                      Gini: 0.632404
                    Median: 28.5073
                       MLD: 0.838306
                      Watt: 0.965866
--------------------------------------------------

-------------------------------- Income or Consumption share by deciles (%) -------------------------------------
    0.46072     1.0452     1.7304     2.5494     3.6854     5.2688      7.596     11.202     18.188     48.274
-----------------------------------------------------------------------------------------------------------------


