

**********************************************************************************************
**                                   Basic Information                                      **
**********************************************************************************************

----------------- Dataset Information -----------------
                         Country: Lesotho
                    Country dode: LSO
                       Data Year: 2010
                        Coverage: National
             Welfare measurement: Consumption
                     Data format: Unit record
                     Data source: LSO_N2010X
                  Data time span: UnDefined
-------------------------------------------------------


----------- Distribution ------------
   i           P           L 
-------------------------------------
   0    0.010221  0.00027527
   1    0.020048  0.00074849
   2    0.030373   0.0013829
   3    0.040358   0.0021344
   4    0.050097   0.0029979
   5    0.060153   0.0040098
   6    0.070288   0.0051411
   7    0.080172   0.0063356
   8    0.090032   0.0076168
   9     0.10024   0.0090284
  10     0.11031    0.010527
  11     0.12002    0.012061
  12     0.13002    0.013753
  13      0.1402    0.015583
  14     0.15015    0.017461
  15     0.16044    0.019534
  16     0.17015    0.021577
  17     0.18012    0.023761
  18     0.19035    0.026097
  19     0.20023    0.028422
  20     0.21004    0.030816
  21     0.22019    0.033374
  22     0.23035    0.036017
  23     0.24015    0.038633
  24     0.25049    0.041509
  25     0.26042    0.044377
  26     0.27046     0.04737
  27     0.28013    0.050327
  28     0.29032     0.05355
  29     0.30009     0.05676
  30     0.31025    0.060232
  31        0.32    0.063684
  32     0.33002    0.067341
  33     0.34019    0.071164
  34     0.35001    0.074984
  35     0.36046    0.079168
  36     0.37017    0.083183
  37     0.38009    0.087401
  38     0.39007    0.091765
  39     0.40017    0.096307
  40     0.41014     0.10091
  41     0.42029      0.1057
  42     0.43013     0.11046
  43     0.44028     0.11546
  44     0.45011     0.12042
  45     0.46016     0.12562
  46     0.47058     0.13116
  47     0.48006     0.13634
  48      0.4901     0.14201
  49     0.50006     0.14778
  50     0.51004     0.15372
  51     0.52036     0.16004
  52     0.53022     0.16625
  53     0.54016     0.17267
  54     0.55034      0.1794
  55     0.56006     0.18603
  56     0.57045     0.19329
  57     0.58014     0.20023
  58     0.59015     0.20758
  59     0.60021     0.21522
  60     0.61007     0.22293
  61      0.6201     0.23092
  62     0.63008     0.23904
  63     0.64041     0.24768
  64     0.65004     0.25592
  65     0.66001     0.26464
  66     0.67017     0.27375
  67     0.68022       0.283
  68     0.69033     0.29259
  69         0.7     0.30204
  70     0.71003     0.31212
  71     0.72019     0.32257
  72     0.73038     0.33335
  73     0.74018     0.34406
  74     0.75005     0.35519
  75     0.76016     0.36697
  76     0.77006     0.37885
  77     0.78004     0.39142
  78     0.79006     0.40448
  79     0.80001     0.41789
  80     0.81018     0.43226
  81     0.82031     0.44724
  82     0.83018     0.46244
  83      0.8402     0.47836
  84     0.85081     0.49594
  85     0.86008       0.512
  86     0.87056     0.53106
  87     0.88106     0.55143
  88     0.89006     0.56972
  89     0.90031     0.59187
  90     0.91011     0.61427
  91     0.92004     0.63841
  92     0.93023     0.66482
  93      0.9402     0.69273
  94     0.95003     0.72314
  95        0.96     0.75769
  96     0.97005     0.79695
  97     0.98037     0.84269
  98     0.99043     0.90112
  99           1           1
-----------------------------------------

----------------- PPP$ and local currency --------------
         PPP used in computation: 3.86435
     Data mean in local currency: 278.599
               Data mean in PPP$: 75.7174
        Poverty line in PPP$/Day: 1.9
      Poverty line in PPP$/Month: 57.7917
  Poverty line in local currency: 212.642
-------------------------------------------------------

----------------- Estimation result --------------
     Number of observation: 4330
          Total population: 1.9965E+06
              Total wealth: 1.43937E+08(PPP$)
                   Minimum: 1.02025(PPP$)
                   Maximum: 4568.33(PPP$)
             Headcount(HC): 0.596453
          Poverty gap (PG): 0.318267
       Poverty gap squared: 0.209611
                      Gini: 0.541758
                    Median: 44.4147
                       MLD: 0.560432
                      Watt: 0.581042
--------------------------------------------------

-------------------------------- Income or Consumption share by deciles (%) -------------------------------------
    0.89949     1.9372     2.8365     3.9498     5.1518     6.7315     8.6976     11.584     17.331     40.881
-----------------------------------------------------------------------------------------------------------------


