

**********************************************************************************************
**                                   Basic Information                                      **
**********************************************************************************************

----------------- Dataset Information -----------------
                         Country: Lithuania
                    Country dode: LTU
                       Data Year: 2011
                        Coverage: National
             Welfare measurement: Income
                     Data format: Unit record
                     Data source: LTU_N2011Y
                  Data time span: UnDefined
-------------------------------------------------------


----------- Distribution ------------
   i           P           L 
-------------------------------------
   0    0.010112  0.00022183
   1    0.020331   0.0018012
   2    0.030418   0.0039723
   3    0.040412   0.0064484
   4    0.050308   0.0090925
   5    0.060303    0.012057
   6    0.070112    0.015158
   7    0.080124    0.018477
   8    0.090133     0.02196
   9     0.10019    0.025615
  10      0.1103    0.029468
  11     0.12031    0.033492
  12     0.13062    0.037765
  13     0.14007    0.041784
  14     0.15017    0.046164
  15     0.16026    0.050712
  16     0.17004    0.055318
  17     0.18114    0.060755
  18     0.19153     0.06595
  19     0.20022    0.070385
  20     0.21002    0.075534
  21     0.22053    0.081192
  22      0.2302    0.086489
  23     0.24014    0.092071
  24     0.25029    0.097898
  25     0.26001     0.10362
  26     0.27046     0.10992
  27     0.28003     0.11579
  28     0.29018     0.12215
  29     0.30026     0.12858
  30     0.31044     0.13516
  31     0.32015     0.14153
  32     0.33003     0.14809
  33     0.34041     0.15513
  34     0.35006     0.16181
  35     0.36029     0.16903
  36     0.37005     0.17602
  37     0.38001     0.18327
  38     0.39003     0.19067
  39     0.40029     0.19837
  40     0.41031     0.20601
  41     0.42006     0.21353
  42      0.4301     0.22137
  43     0.44001     0.22921
  44     0.45037     0.23751
  45     0.46014     0.24543
  46     0.47001     0.25352
  47     0.48006     0.26185
  48     0.49049     0.27061
  49     0.50006     0.27875
  50     0.51007     0.28737
  51     0.52001     0.29601
  52     0.53009     0.30493
  53     0.54019     0.31403
  54      0.5501     0.32306
  55     0.56058     0.33275
  56      0.5702     0.34178
  57     0.58006     0.35118
  58      0.5906     0.36134
  59     0.60003     0.37055
  60     0.61018     0.38061
  61     0.62027     0.39069
  62     0.63011     0.40071
  63     0.64009     0.41102
  64     0.65004     0.42142
  65     0.66018     0.43224
  66     0.67036     0.44326
  67      0.6801     0.45397
  68     0.69031     0.46538
  69     0.70161     0.47819
  70      0.7103     0.48819
  71     0.72002     0.49951
  72     0.73007     0.51138
  73       0.741     0.52451
  74     0.75004     0.53556
  75     0.76002       0.548
  76     0.77005     0.56079
  77     0.78057     0.57442
  78     0.79094     0.58815
  79     0.80051     0.60106
  80     0.81057     0.61496
  81     0.82012     0.62837
  82     0.83006      0.6428
  83     0.84003     0.65759
  84     0.85087     0.67409
  85      0.8614     0.69056
  86     0.87001     0.70431
  87     0.88001     0.72056
  88     0.89001     0.73714
  89     0.90108      0.7561
  90     0.91024     0.77218
  91        0.92        0.79
  92     0.93006     0.80902
  93     0.94026      0.8295
  94     0.95005     0.85021
  95     0.96043     0.87364
  96     0.97005     0.89708
  97     0.98004     0.92445
  98     0.99009     0.95646
  99           1           1
-----------------------------------------

----------------- PPP$ and local currency --------------
         PPP used in computation: 1.78586
     Data mean in local currency: 997.3
               Data mean in PPP$: 558.444
        Poverty line in PPP$/Day: 1.9
      Poverty line in PPP$/Month: 57.7917
  Poverty line in local currency: 103.208
-------------------------------------------------------

----------------- Estimation result --------------
     Number of observation: 5313
          Total population: 3.00364E+06
              Total wealth: 1.67736E+09(PPP$)
                   Minimum: -139.522(PPP$)
                   Maximum: 4985.81(PPP$)
             Headcount(HC): 0.00869109
          Poverty gap (PG): 0.00815709
       Poverty gap squared: 0.0126484
                      Gini: 0.326272
                    Median: 478.452
                       MLD: 0.222046
                      Watt: 0.00346898
--------------------------------------------------

-------------------------------- Income or Consumption share by deciles (%) -------------------------------------
     2.5546     4.4725     5.8138     6.9735     8.0552     9.1827     10.585     12.401     15.387     24.575
-----------------------------------------------------------------------------------------------------------------


