

**********************************************************************************************
**                                   Basic Information                                      **
**********************************************************************************************

----------------- Dataset Information -----------------
                         Country: Lithuania
                    Country dode: LTU
                       Data Year: 2007
                        Coverage: National
             Welfare measurement: Income
                     Data format: Unit record
                     Data source: LTU_N2007Y
                  Data time span: UnDefined
-------------------------------------------------------


----------- Distribution ------------
   i           P           L 
-------------------------------------
   0     0.01055  0.00031324
   1    0.020168   0.0014388
   2    0.030432   0.0033606
   3    0.040662   0.0057636
   4    0.052156    0.008841
   5    0.060045    0.011068
   6    0.070266    0.014116
   7    0.080633    0.017407
   8    0.090374    0.020702
   9         0.1    0.024089
  10     0.11047    0.027916
  11     0.12005    0.031596
  12     0.13001    0.035621
  13     0.14014    0.039895
  14     0.15003    0.044277
  15     0.16034    0.049039
  16     0.17085    0.054016
  17     0.18019    0.058551
  18     0.19109    0.063987
  19     0.20006    0.068534
  20     0.21057     0.07401
  21     0.22014    0.079104
  22     0.23008    0.084503
  23     0.24015    0.090136
  24     0.25024    0.095909
  25     0.26013     0.10166
  26     0.27008     0.10755
  27     0.28013      0.1136
  28     0.29004     0.11965
  29     0.30025       0.126
  30     0.31041     0.13242
  31     0.32005     0.13861
  32     0.33045     0.14536
  33     0.34016     0.15173
  34     0.35004     0.15832
  35     0.36005     0.16512
  36     0.37081     0.17255
  37     0.38073     0.17953
  38     0.39101     0.18685
  39     0.40003     0.19334
  40     0.41004     0.20063
  41     0.42268     0.20989
  42     0.43024     0.21548
  43     0.44591     0.22721
  44        0.45     0.23029
  45     0.46034     0.23815
  46     0.47006     0.24566
  47      0.4802     0.25359
  48     0.49058     0.26186
  49     0.50048      0.2699
  50     0.51002     0.27776
  51     0.52008      0.2862
  52     0.53013     0.29476
  53     0.54016     0.30341
  54      0.5508     0.31277
  55     0.56022      0.3212
  56     0.57005     0.33008
  57     0.58119     0.34026
  58     0.59001     0.34841
  59     0.60001     0.35783
  60     0.61001     0.36742
  61     0.62011     0.37724
  62     0.63007     0.38714
  63     0.64111     0.39826
  64     0.65001     0.40739
  65     0.66013      0.4179
  66     0.67003     0.42835
  67     0.68015     0.43916
  68     0.69007     0.44992
  69     0.70178     0.46286
  70     0.71002     0.47206
  71     0.72001      0.4834
  72     0.73004     0.49501
  73     0.74015     0.50692
  74     0.75033     0.51904
  75     0.76018     0.53095
  76     0.77009     0.54311
  77     0.78003     0.55553
  78     0.79008     0.56839
  79     0.80013     0.58156
  80     0.81004     0.59484
  81     0.82031     0.60895
  82     0.83002     0.62261
  83     0.84009     0.63726
  84     0.85225     0.65541
  85     0.86025     0.66754
  86     0.87033     0.68319
  87     0.88033     0.69919
  88     0.89028     0.71566
  89     0.90042     0.73304
  90     0.91003     0.75017
  91     0.92002      0.7687
  92       0.931     0.78985
  93     0.94035     0.80865
  94     0.95001     0.82892
  95     0.96044     0.85227
  96     0.97001     0.87536
  97     0.98022     0.90466
  98     0.99044     0.94107
  99           1           1
-----------------------------------------

----------------- PPP$ and local currency --------------
         PPP used in computation: 1.78586
     Data mean in local currency: 932.452
               Data mean in PPP$: 638.286
        Poverty line in PPP$/Day: 1.9
      Poverty line in PPP$/Month: 57.7917
  Poverty line in local currency: 84.4261
-------------------------------------------------------

----------------- Estimation result --------------
     Number of observation: 4600
          Total population: 3.35624E+06
              Total wealth: 1.7524E+09(PPP$)
                   Minimum: -3.73289(PPP$)
                   Maximum: 8665.43(PPP$)
             Headcount(HC): 0.0123463
          Poverty gap (PG): 0.00714521
       Poverty gap squared: 0.00626068
                      Gini: 0.345864
                    Median: 522.499
                       MLD: 0.251969
                      Watt: 0.00277972
--------------------------------------------------

-------------------------------- Income or Consumption share by deciles (%) -------------------------------------
     2.4089     4.4413     5.7343     6.7473     7.6197     8.8305     10.307      12.05     15.092     26.769
-----------------------------------------------------------------------------------------------------------------


