

**********************************************************************************************
**                                   Basic Information                                      **
**********************************************************************************************

----------------- Dataset Information -----------------
                         Country: Lithuania
                    Country dode: LTU
                       Data Year: 2012
                        Coverage: National
             Welfare measurement: Income
                     Data format: Unit record
                     Data source: LTU_N2012Y
                  Data time span: UnDefined
-------------------------------------------------------


----------- Distribution ------------
   i           P           L 
-------------------------------------
   0    0.010227   0.0002613
   1    0.020332   0.0016515
   2     0.03084   0.0035856
   3    0.040216   0.0055964
   4    0.050399   0.0081522
   5    0.060074    0.010776
   6    0.070129     0.01367
   7    0.081653    0.017228
   8    0.090381    0.020068
   9     0.10055     0.02351
  10     0.11008    0.026864
  11     0.12012    0.030548
  12     0.13009    0.034366
  13     0.14038    0.038466
  14     0.15008    0.042471
  15     0.16037    0.046878
  16     0.17033     0.05126
  17     0.18067    0.055942
  18     0.19006    0.060333
  19     0.20002    0.065104
  20     0.21007    0.070068
  21      0.2202    0.075228
  22     0.23022    0.080442
  23     0.24024    0.085764
  24     0.25004    0.091121
  25      0.2601    0.096756
  26     0.27047     0.10271
  27     0.28007     0.10833
  28     0.29015     0.11433
  29     0.30034      0.1205
  30     0.31001     0.12648
  31     0.32014     0.13289
  32     0.33003     0.13928
  33     0.34006     0.14587
  34     0.35002     0.15254
  35     0.36034     0.15957
  36     0.37005     0.16625
  37     0.38068     0.17365
  38     0.39013     0.18035
  39     0.40026     0.18765
  40     0.41003     0.19477
  41     0.42003     0.20214
  42      0.4301     0.20966
  43     0.44001     0.21714
  44     0.45009     0.22485
  45     0.46038     0.23281
  46      0.4702     0.24053
  47     0.48088     0.24899
  48        0.49     0.25631
  49     0.50004     0.26448
  50     0.51004     0.27276
  51     0.52023     0.28138
  52     0.53012     0.28988
  53     0.54006     0.29857
  54     0.55065     0.30798
  55     0.56013     0.31649
  56     0.57009     0.32561
  57     0.58015     0.33492
  58     0.59045     0.34457
  59      0.6001      0.3537
  60     0.61041     0.36361
  61     0.62024     0.37318
  62     0.63011     0.38295
  63     0.64004     0.39294
  64     0.65007     0.40321
  65     0.66054     0.41416
  66     0.67036     0.42459
  67     0.68002     0.43501
  68     0.69019     0.44612
  69     0.70011     0.45713
  70     0.71077     0.46918
  71     0.72021     0.48003
  72     0.73003     0.49151
  73     0.74029     0.50377
  74      0.7502     0.51579
  75     0.76006       0.528
  76     0.77003     0.54059
  77      0.7802     0.55365
  78        0.79     0.56647
  79     0.80012     0.57994
  80     0.81075     0.59435
  81     0.82022     0.60742
  82     0.83004     0.62129
  83     0.84014     0.63592
  84     0.85002     0.65069
  85     0.86054     0.66683
  86      0.8701     0.68181
  87     0.88009     0.69792
  88     0.89013      0.7146
  89     0.90002     0.73159
  90     0.91002     0.74962
  91     0.92014     0.76859
  92      0.9302     0.78849
  93      0.9401     0.80918
  94     0.95003     0.83135
  95     0.96009     0.85541
  96     0.97009     0.88093
  97     0.98004     0.90956
  98     0.99015     0.94683
  99           1           1
-----------------------------------------

----------------- PPP$ and local currency --------------
         PPP used in computation: 1.78586
     Data mean in local currency: 1108.23
               Data mean in PPP$: 601.977
        Poverty line in PPP$/Day: 1.9
      Poverty line in PPP$/Month: 57.7917
  Poverty line in local currency: 106.394
-------------------------------------------------------

----------------- Estimation result --------------
     Number of observation: 5086
          Total population: 2.97191E+06
              Total wealth: 1.84424E+09(PPP$)
                   Minimum: -120.783(PPP$)
                   Maximum: 6333.48(PPP$)
             Headcount(HC): 0.0102963
          Poverty gap (PG): 0.00750595
       Poverty gap squared: 0.00709476
                      Gini: 0.351502
                    Median: 493.52
                       MLD: 0.255174
                      Watt: 0.0066309
--------------------------------------------------

-------------------------------- Income or Consumption share by deciles (%) -------------------------------------
     2.3325     4.1769     5.5199     6.7174     7.6974     8.9169      10.34     12.276     15.179     26.844
-----------------------------------------------------------------------------------------------------------------


