

**********************************************************************************************
**                                   Basic Information                                      **
**********************************************************************************************

----------------- Dataset Information -----------------
                         Country: Lithuania
                    Country dode: LTU
                       Data Year: 1999
                        Coverage: National
             Welfare measurement: Consumption
                     Data format: Unit record
                     Data source: LTU_N1999X
                  Data time span: UnDefined
-------------------------------------------------------


----------- Distribution ------------
   i           P           L 
-------------------------------------
   0    0.010045   0.0018444
   1    0.020098   0.0041605
   2    0.030138   0.0068165
   3    0.040119   0.0096928
   4    0.050059    0.012814
   5    0.060107    0.016176
   6    0.070086    0.019691
   7    0.080141    0.023406
   8    0.090031    0.027214
   9     0.10002    0.031194
  10     0.11011    0.035391
  11     0.12012    0.039695
  12     0.13011    0.044124
  13     0.14002    0.048667
  14     0.15005    0.053401
  15     0.16001    0.058221
  16      0.1701    0.063207
  17     0.18011    0.068267
  18     0.19004    0.073411
  19     0.20002    0.078687
  20     0.21007    0.084131
  21     0.22013     0.08969
  22     0.23001    0.095253
  23     0.24016     0.10108
  24     0.25005     0.10686
  25     0.26009      0.1128
  26     0.27011     0.11881
  27     0.28001     0.12485
  28     0.29007     0.13109
  29     0.30004     0.13737
  30     0.31018     0.14385
  31     0.32009     0.15028
  32     0.33013      0.1569
  33     0.34011     0.16358
  34     0.35018     0.17041
  35     0.36002      0.1772
  36     0.37004      0.1842
  37      0.3801     0.19133
  38     0.39009     0.19851
  39     0.40004     0.20575
  40     0.41005     0.21313
  41        0.42     0.22057
  42     0.43011     0.22822
  43     0.44007     0.23586
  44     0.45001     0.24359
  45     0.46004     0.25151
  46     0.47007     0.25955
  47     0.48003     0.26764
  48     0.49001     0.27587
  49     0.50006     0.28428
  50     0.51002     0.29271
  51     0.52007     0.30135
  52     0.53002     0.31003
  53     0.54032     0.31915
  54     0.55004     0.32788
  55     0.56005     0.33697
  56     0.57006     0.34619
  57     0.58008     0.35554
  58     0.59011     0.36503
  59     0.60015     0.37466
  60     0.61016     0.38441
  61     0.62001     0.39412
  62     0.63006     0.40417
  63     0.64005     0.41431
  64     0.65004     0.42457
  65     0.66009     0.43502
  66     0.67016     0.44565
  67     0.68001     0.45621
  68     0.69004     0.46715
  69         0.7      0.4782
  70     0.71011     0.48957
  71     0.72004      0.5009
  72     0.73002     0.51248
  73     0.74002     0.52424
  74     0.75001     0.53618
  75        0.76     0.54831
  76     0.77015     0.56084
  77     0.78005     0.57331
  78     0.79007     0.58615
  79     0.80014     0.59931
  80      0.8101     0.61261
  81     0.82006     0.62616
  82     0.83008     0.64009
  83     0.84009     0.65429
  84     0.85012     0.66894
  85     0.86003     0.68375
  86     0.87003     0.69908
  87     0.88005      0.7148
  88     0.89004     0.73091
  89     0.90004     0.74759
  90     0.91022     0.76514
  91     0.92008     0.78283
  92     0.93009     0.80156
  93     0.94002     0.82095
  94     0.95006      0.8416
  95     0.96005     0.86353
  96     0.97003      0.8875
  97      0.9801      0.9149
  98     0.99003     0.94689
  99           1           1
-----------------------------------------

----------------- PPP$ and local currency --------------
         PPP used in computation: 1.78586
     Data mean in local currency: 406.374
               Data mean in PPP$: 321.66
        Poverty line in PPP$/Day: 1.9
      Poverty line in PPP$/Month: 57.7917
  Poverty line in local currency: 73.0118
-------------------------------------------------------

----------------- Estimation result --------------
     Number of observation: 8249
          Total population: 3.68119E+06
              Total wealth: 8.37659E+08(PPP$)
                   Minimum: 20.2473(PPP$)
                   Maximum: 4431.7(PPP$)
             Headcount(HC): 0.00348302
          Poverty gap (PG): 0.000470261
       Poverty gap squared: 0.000112238
                      Gini: 0.320152
                    Median: 270.463
                       MLD: 0.173011
                      Watt: 0.000543726
--------------------------------------------------

-------------------------------- Income or Consumption share by deciles (%) -------------------------------------
     3.1186     4.7491     5.8666     6.8383     7.8499     9.0298     10.367     12.094      14.84     25.247
-----------------------------------------------------------------------------------------------------------------


