

**********************************************************************************************
**                                   Basic Information                                      **
**********************************************************************************************

----------------- Dataset Information -----------------
                         Country: Lithuania
                    Country dode: LTU
                       Data Year: 2003
                        Coverage: National
             Welfare measurement: Consumption
                     Data format: Unit record
                     Data source: LTU_N2003X
                  Data time span: UnDefined
-------------------------------------------------------


----------- Distribution ------------
   i           P           L 
-------------------------------------
   0    0.010067    0.001709
   1    0.020035   0.0039325
   2    0.030081   0.0064687
   3    0.040015   0.0092009
   4    0.050009    0.012133
   5    0.060045    0.015277
   6    0.070066    0.018565
   7    0.080091    0.022029
   8    0.090018    0.025591
   9     0.10019     0.02937
  10     0.11002    0.033136
  11     0.12034    0.037185
  12     0.13006    0.041106
  13     0.14019    0.045314
  14     0.15006    0.049529
  15     0.16015     0.05395
  16     0.17001    0.058352
  17     0.18008    0.062953
  18      0.1901    0.067633
  19     0.20005    0.072399
  20     0.21002    0.077284
  21     0.22002    0.082282
  22     0.23018     0.08748
  23     0.24018    0.092706
  24     0.25002    0.097931
  25      0.2601     0.10336
  26      0.2702     0.10892
  27     0.28013     0.11448
  28     0.29021     0.12022
  29     0.30005     0.12594
  30        0.31     0.13183
  31     0.32063     0.13822
  32      0.3301     0.14399
  33     0.34023     0.15028
  34     0.35007     0.15649
  35     0.36015     0.16295
  36     0.37006     0.16942
  37     0.38008     0.17605
  38     0.39004     0.18275
  39     0.40012     0.18963
  40     0.41007     0.19652
  41     0.42006     0.20355
  42      0.4301     0.21071
  43     0.44013     0.21797
  44     0.45004     0.22524
  45     0.46006     0.23272
  46     0.47001     0.24027
  47     0.48053     0.24834
  48     0.49017     0.25586
  49      0.5001     0.26372
  50     0.51004      0.2717
  51     0.52006     0.27986
  52     0.53005     0.28812
  53     0.54002     0.29647
  54     0.55014     0.30506
  55     0.56002     0.31359
  56     0.57001     0.32236
  57     0.58003     0.33128
  58     0.59014     0.34039
  59     0.60008     0.34949
  60     0.61002     0.35874
  61     0.62001     0.36817
  62     0.63005     0.37778
  63     0.64002     0.38747
  64     0.65002     0.39733
  65     0.66003     0.40738
  66     0.67013     0.41768
  67     0.68004     0.42793
  68     0.69002     0.43843
  69     0.70023     0.44933
  70     0.71012     0.46006
  71     0.72018      0.4712
  72     0.73009      0.4824
  73     0.74008     0.49395
  74     0.75002     0.50567
  75     0.76006      0.5178
  76      0.7701     0.53018
  77     0.78004      0.5427
  78     0.79012     0.55563
  79         0.8     0.56852
  80     0.81011     0.58203
  81     0.82005     0.59563
  82     0.83013     0.60979
  83     0.84003     0.62406
  84     0.85003     0.63884
  85     0.86001     0.65401
  86     0.87005     0.66981
  87        0.88     0.68601
  88     0.89003     0.70301
  89     0.90004      0.7207
  90     0.91006     0.73912
  91     0.92013     0.75855
  92     0.93001     0.77872
  93     0.94002     0.80044
  94     0.95007     0.82365
  95     0.96002      0.8485
  96     0.97013     0.87633
  97     0.98015     0.90685
  98      0.9902     0.94263
  99           1           1
-----------------------------------------

----------------- PPP$ and local currency --------------
         PPP used in computation: 1.78586
     Data mean in local currency: 531.881
               Data mean in PPP$: 414.764
        Poverty line in PPP$/Day: 1.9
      Poverty line in PPP$/Month: 57.7917
  Poverty line in local currency: 74.1103
-------------------------------------------------------

----------------- Estimation result --------------
     Number of observation: 7826
          Total population: 3.46148E+06
              Total wealth: 1.03093E+09(PPP$)
                   Minimum: 23.9681(PPP$)
                   Maximum: 5122.95(PPP$)
             Headcount(HC): 0.00194676
          Poverty gap (PG): 0.000342007
       Poverty gap squared: 9.3001E-05
                      Gini: 0.354565
                    Median: 330.422
                       MLD: 0.208716
                      Watt: 0.000402545
--------------------------------------------------

-------------------------------- Income or Consumption share by deciles (%) -------------------------------------
     2.9301     4.3077      5.353     6.3638     7.4094     8.5777      9.967     11.944      15.21     27.937
-----------------------------------------------------------------------------------------------------------------


