

**********************************************************************************************
**                                   Basic Information                                      **
**********************************************************************************************

----------------- Dataset Information -----------------
                         Country: Lithuania
                    Country dode: LTU
                       Data Year: 2000
                        Coverage: National
             Welfare measurement: Consumption
                     Data format: Unit record
                     Data source: LTU_N2000X
                  Data time span: UnDefined
-------------------------------------------------------


----------- Distribution ------------
   i           P           L 
-------------------------------------
   0    0.010032   0.0020016
   1    0.020104   0.0044834
   2    0.030011   0.0072318
   3    0.040016    0.010198
   4    0.050034    0.013356
   5    0.060024    0.016685
   6    0.070591    0.020409
   7    0.080012    0.023849
   8    0.090053    0.027667
   9     0.10006    0.031646
  10     0.11008    0.035777
  11     0.12008     0.04003
  12     0.13003    0.044403
  13     0.14006    0.048941
  14     0.15004    0.053598
  15     0.16006     0.05836
  16     0.17015    0.063266
  17     0.18002    0.068176
  18     0.19012    0.073343
  19     0.20011    0.078563
  20     0.21014    0.083909
  21     0.22017    0.089363
  22     0.23024    0.094957
  23     0.24012     0.10055
  24     0.25005      0.1063
  25     0.26008     0.11221
  26     0.27031     0.11833
  27     0.28011     0.12431
  28     0.29016     0.13054
  29     0.30039     0.13697
  30     0.31001     0.14312
  31     0.32001     0.14961
  32        0.33     0.15619
  33     0.34009     0.16294
  34     0.35004     0.16971
  35     0.36013     0.17669
  36     0.37006      0.1837
  37     0.38013     0.19092
  38     0.39001     0.19812
  39         0.4     0.20551
  40     0.41008     0.21306
  41     0.42002      0.2206
  42     0.43017     0.22842
  43     0.44002      0.2361
  44     0.45007     0.24404
  45     0.46013     0.25211
  46     0.47004     0.26016
  47     0.48018     0.26852
  48     0.49007     0.27675
  49     0.50002     0.28515
  50        0.51     0.29368
  51     0.52004     0.30236
  52     0.53008     0.31116
  53     0.54029     0.32025
  54     0.55001     0.32902
  55     0.56011     0.33826
  56     0.57009     0.34752
  57     0.58004     0.35688
  58     0.59007     0.36646
  59     0.60025     0.37631
  60     0.61006     0.38597
  61     0.62006     0.39594
  62     0.63003     0.40599
  63     0.64003     0.41623
  64     0.65006     0.42665
  65     0.66003     0.43716
  66     0.67014     0.44796
  67     0.68006      0.4587
  68     0.69016     0.46982
  69     0.70012     0.48094
  70     0.71014     0.49232
  71     0.72003     0.50371
  72     0.73004      0.5154
  73     0.74017     0.52742
  74     0.75002     0.53933
  75     0.76007     0.55166
  76     0.77004     0.56411
  77     0.78014     0.57694
  78     0.79006     0.58976
  79     0.80008     0.60298
  80     0.81009     0.61642
  81     0.82029     0.63038
  82     0.83002     0.64397
  83     0.84001     0.65825
  84     0.85009     0.67309
  85     0.86001     0.68807
  86     0.87012      0.7038
  87     0.88013     0.71981
  88     0.89033     0.73658
  89     0.90004     0.75311
  90      0.9101     0.77081
  91     0.92017     0.78904
  92      0.9301     0.80769
  93     0.94007      0.8273
  94     0.95002     0.84799
  95     0.96006     0.87036
  96        0.97     0.89439
  97     0.98011     0.92169
  98     0.99011     0.95285
  99           1           1
-----------------------------------------

----------------- PPP$ and local currency --------------
         PPP used in computation: 1.78586
     Data mean in local currency: 386.7
               Data mean in PPP$: 303.037
        Poverty line in PPP$/Day: 1.9
      Poverty line in PPP$/Month: 57.7917
  Poverty line in local currency: 73.7469
-------------------------------------------------------

----------------- Estimation result --------------
     Number of observation: 7111
          Total population: 3.61462E+06
              Total wealth: 7.82692E+08(PPP$)
                   Minimum: 22.5682(PPP$)
                   Maximum: 2215.17(PPP$)
             Headcount(HC): 0.00303873
          Poverty gap (PG): 0.000311791
       Poverty gap squared: 7.49602E-05
                      Gini: 0.316749
                    Median: 257.367
                       MLD: 0.167403
                      Watt: 0.000360919
--------------------------------------------------

-------------------------------- Income or Consumption share by deciles (%) -------------------------------------
     3.1622     4.6881     5.8228     6.8773     7.9624     9.0943     10.474     12.207     15.017     24.695
-----------------------------------------------------------------------------------------------------------------


