

**********************************************************************************************
**                                   Basic Information                                      **
**********************************************************************************************

----------------- Dataset Information -----------------
                         Country: Lithuania
                    Country dode: LTU
                       Data Year: 2002
                        Coverage: National
             Welfare measurement: Consumption
                     Data format: Unit record
                     Data source: LTU_N2002X
                  Data time span: UnDefined
-------------------------------------------------------


----------- Distribution ------------
   i           P           L 
-------------------------------------
   0    0.010165   0.0018921
   1    0.020019   0.0042606
   2    0.030275   0.0070158
   3    0.040004   0.0098752
   4     0.05006    0.013084
   5    0.060079    0.016426
   6    0.070166    0.019939
   7    0.080351    0.023687
   8    0.090007    0.027394
   9     0.10013    0.031441
  10     0.11007    0.035556
  11     0.12018    0.039889
  12     0.13016    0.044297
  13     0.14003    0.048747
  14     0.15002    0.053367
  15     0.16023    0.058192
  16     0.17001    0.062929
  17        0.18    0.067887
  18     0.19015    0.073049
  19     0.20023     0.07829
  20     0.21033    0.083646
  21     0.22004    0.088914
  22        0.23     0.09443
  23     0.24001     0.10009
  24     0.25021     0.10599
  25     0.26006     0.11176
  26     0.27003     0.11772
  27     0.28007     0.12381
  28     0.29002     0.12997
  29     0.30008      0.1363
  30     0.31005     0.14266
  31     0.32019     0.14924
  32     0.33014      0.1558
  33     0.34009     0.16247
  34     0.35028      0.1694
  35     0.36007     0.17615
  36     0.37019     0.18321
  37     0.38028     0.19034
  38     0.39006     0.19735
  39     0.40014     0.20469
  40     0.41008     0.21201
  41     0.42009     0.21951
  42     0.43003     0.22708
  43     0.44004     0.23481
  44     0.45032     0.24288
  45      0.4601     0.25064
  46     0.47005     0.25865
  47     0.48007     0.26682
  48     0.49007     0.27509
  49     0.50006     0.28348
  50     0.51014     0.29206
  51     0.52006     0.30061
  52        0.53      0.3093
  53      0.5402     0.31834
  54     0.55002     0.32719
  55     0.56003     0.33633
  56     0.57002     0.34554
  57     0.58011     0.35499
  58     0.59026     0.36464
  59     0.60003     0.37406
  60      0.6103     0.38411
  61     0.62041     0.39414
  62     0.63003     0.40382
  63     0.64003     0.41402
  64     0.65007     0.42443
  65     0.66011     0.43498
  66     0.67002     0.44556
  67     0.68006     0.45641
  68     0.69001     0.46731
  69     0.70021     0.47867
  70     0.71015     0.48994
  71     0.72012     0.50146
  72     0.73007     0.51314
  73     0.74002     0.52501
  74     0.75009     0.53719
  75     0.76006     0.54946
  76     0.77009       0.562
  77     0.78002     0.57464
  78        0.79     0.58758
  79     0.80016       0.601
  80      0.8102     0.61451
  81     0.82005     0.62804
  82     0.83006     0.64209
  83     0.84009     0.65651
  84      0.8501     0.67127
  85     0.86023     0.68665
  86     0.87015      0.7021
  87     0.88044      0.7186
  88     0.89013     0.73457
  89     0.90004     0.75139
  90     0.91007     0.76894
  91     0.92003     0.78695
  92     0.93004     0.80575
  93     0.94005     0.82557
  94     0.95008     0.84684
  95      0.9601     0.86965
  96     0.97006     0.89427
  97     0.98006     0.92148
  98     0.99004     0.95287
  99           1           1
-----------------------------------------

----------------- PPP$ and local currency --------------
         PPP used in computation: 1.78586
     Data mean in local currency: 390.779
               Data mean in PPP$: 301.241
        Poverty line in PPP$/Day: 1.9
      Poverty line in PPP$/Month: 57.7917
  Poverty line in local currency: 74.9692
-------------------------------------------------------

----------------- Estimation result --------------
     Number of observation: 8025
          Total population: 3.47559E+06
              Total wealth: 7.60524E+08(PPP$)
                   Minimum: 19.7042(PPP$)
                   Maximum: 3530.5(PPP$)
             Headcount(HC): 0.00509453
          Poverty gap (PG): 0.000729021
       Poverty gap squared: 0.000197816
                      Gini: 0.319156
                    Median: 254.392
                       MLD: 0.17018
                      Watt: 0.000864373
--------------------------------------------------

-------------------------------- Income or Consumption share by deciles (%) -------------------------------------
     3.1388     4.6782     5.8073     6.8339     7.8849     9.0595     10.441     12.235     15.054     24.867
-----------------------------------------------------------------------------------------------------------------


