

**********************************************************************************************
**                                   Basic Information                                      **
**********************************************************************************************

----------------- Dataset Information -----------------
                         Country: Lithuania
                    Country dode: LTU
                       Data Year: 2005
                        Coverage: National
             Welfare measurement: Income
                     Data format: Unit record
                     Data source: LTU_N2005Y
                  Data time span: UnDefined
-------------------------------------------------------


----------- Distribution ------------
   i           P           L 
-------------------------------------
   0    0.010102  0.00037583
   1     0.02072   0.0016152
   2    0.030014   0.0030954
   3     0.04035    0.005052
   4    0.050018   0.0072227
   5    0.061119    0.010052
   6    0.070138    0.012535
   7    0.080194    0.015512
   8    0.090394     0.01869
   9     0.10021    0.021901
  10     0.11065    0.025506
  11     0.12016    0.028997
  12     0.13007    0.032847
  13      0.1402    0.036917
  14     0.15032    0.041097
  15     0.16023    0.045348
  16     0.17009    0.049731
  17        0.18    0.054324
  18     0.19006    0.059128
  19     0.20008     0.06405
  20     0.21015    0.069098
  21     0.22001     0.07419
  22     0.23025    0.079645
  23     0.24002    0.084977
  24     0.25019    0.090697
  25     0.26117    0.097034
  26     0.27034     0.10243
  27     0.28021     0.10836
  28     0.29057     0.11474
  29     0.30026     0.12081
  30     0.31007     0.12707
  31     0.32016     0.13365
  32     0.33021      0.1403
  33     0.34026     0.14705
  34     0.35004      0.1537
  35     0.36048      0.1609
  36     0.37016     0.16764
  37     0.38003     0.17459
  38     0.39014      0.1818
  39     0.40008       0.189
  40      0.4107     0.19676
  41     0.42064     0.20411
  42     0.43006     0.21119
  43     0.44048     0.21912
  44      0.4502     0.22661
  45     0.46006     0.23431
  46     0.47007     0.24222
  47     0.48001     0.25018
  48     0.49023     0.25844
  49     0.50104     0.26728
  50     0.51067     0.27525
  51     0.52023     0.28326
  52      0.5304     0.29187
  53     0.54018     0.30024
  54     0.55117     0.30974
  55     0.56027     0.31767
  56     0.57066     0.32688
  57     0.58009     0.33537
  58     0.59028     0.34468
  59     0.60036     0.35401
  60     0.61019     0.36326
  61     0.62009     0.37272
  62     0.63003     0.38234
  63     0.64002     0.39215
  64     0.65026     0.40235
  65     0.66016     0.41239
  66     0.67011     0.42268
  67     0.68015     0.43321
  68      0.6902     0.44393
  69     0.70008     0.45461
  70     0.71051     0.46607
  71     0.72015     0.47684
  72     0.73003     0.48805
  73     0.74037         0.5
  74     0.75012     0.51153
  75     0.76005      0.5235
  76     0.77014     0.53584
  77     0.78007      0.5482
  78     0.79023     0.56108
  79     0.80001     0.57375
  80      0.8101     0.58721
  81     0.82005     0.60092
  82     0.83011     0.61523
  83     0.84024     0.63009
  84     0.85022     0.64515
  85      0.8602     0.66071
  86      0.8703     0.67691
  87     0.88007     0.69319
  88     0.89004     0.71044
  89     0.90001     0.72842
  90     0.91055     0.74853
  91     0.92001     0.76754
  92     0.93021     0.78889
  93     0.94013     0.81049
  94     0.95032     0.83389
  95     0.96021     0.85855
  96     0.97002      0.8854
  97     0.98072     0.91846
  98     0.99014     0.95183
  99           1           1
-----------------------------------------

----------------- PPP$ and local currency --------------
         PPP used in computation: 1.78586
     Data mean in local currency: 577.731
               Data mean in PPP$: 433.792
        Poverty line in PPP$/Day: 1.9
      Poverty line in PPP$/Month: 57.7917
  Poverty line in local currency: 76.968
-------------------------------------------------------

----------------- Estimation result --------------
     Number of observation: 4041
          Total population: 3.38728E+06
              Total wealth: 1.0958E+09(PPP$)
                   Minimum: 0(PPP$)
                   Maximum: 3527.72(PPP$)
             Headcount(HC): 0.0178173
          Poverty gap (PG): 0.00874292
       Poverty gap squared: 0.0060284
                      Gini: 0.353022
                    Median: 356.941
                       MLD: 0.24317
                      Watt: 0.0108075
--------------------------------------------------

-------------------------------- Income or Consumption share by deciles (%) -------------------------------------
     2.1832      4.218     5.6635     6.8294     7.7486     8.7251     10.085     11.921     15.466      27.16
-----------------------------------------------------------------------------------------------------------------


