

**********************************************************************************************
**                                   Basic Information                                      **
**********************************************************************************************

----------------- Dataset Information -----------------
                         Country: Luxembourg
                    Country dode: LUX
                       Data Year: 2007
                        Coverage: National
             Welfare measurement: Income
                     Data format: Unit record
                     Data source: LUX_N2007Y
                  Data time span: UnDefined
-------------------------------------------------------


----------- Distribution ------------
   i           P           L 
-------------------------------------
   0    0.010379   0.0013586
   1    0.020088   0.0039559
   2    0.031121   0.0071957
   3    0.040307    0.010042
   4    0.050041    0.013286
   5    0.060091    0.016834
   6    0.071009    0.020932
   7     0.08124    0.024881
   8    0.090065    0.028401
   9     0.10362    0.034079
  10     0.11111     0.03733
  11     0.12036    0.041481
  12     0.13039    0.046131
  13     0.14006    0.050698
  14     0.15025    0.055619
  15      0.1606     0.06074
  16     0.17039     0.06576
  17     0.18055    0.071096
  18     0.19029    0.076293
  19     0.20248    0.082938
  20     0.21012    0.087176
  21     0.22193    0.093843
  22      0.2301    0.098514
  23     0.24008     0.10431
  24     0.25031     0.11036
  25     0.26074     0.11661
  26     0.27015     0.12235
  27     0.28102      0.1291
  28     0.29022     0.13487
  29     0.30018      0.1412
  30     0.31092     0.14824
  31     0.32184     0.15542
  32     0.33098     0.16151
  33     0.34065     0.16805
  34     0.35112     0.17528
  35     0.36041     0.18179
  36     0.37088     0.18923
  37     0.38119     0.19666
  38     0.39012     0.20313
  39     0.40054     0.21076
  40     0.41025     0.21801
  41     0.42005     0.22546
  42     0.43139     0.23419
  43      0.4411     0.24176
  44     0.45085     0.24954
  45     0.46072     0.25754
  46     0.47006     0.26518
  47     0.48102     0.27429
  48     0.49077     0.28252
  49     0.50174     0.29186
  50     0.51004     0.29899
  51     0.52019     0.30779
  52     0.53013     0.31649
  53     0.54029     0.32551
  54     0.55097      0.3351
  55     0.56017     0.34347
  56     0.57105     0.35346
  57     0.58068     0.36239
  58     0.59008     0.37117
  59     0.60093     0.38142
  60     0.61023     0.39034
  61     0.62015         0.4
  62     0.63001     0.40972
  63     0.64009     0.41976
  64     0.65026        0.43
  65     0.66019     0.44018
  66     0.67028     0.45071
  67     0.68044     0.46147
  68     0.69014     0.47193
  69     0.70032     0.48312
  70     0.71006     0.49402
  71     0.72021     0.50556
  72     0.73012     0.51698
  73     0.74004     0.52854
  74      0.7517     0.54244
  75     0.76043     0.55295
  76     0.77139     0.56633
  77     0.78038     0.57752
  78     0.79034     0.59011
  79     0.80031     0.60293
  80     0.81088     0.61676
  81     0.82046     0.62956
  82     0.83035     0.64311
  83     0.84051     0.65733
  84     0.85029     0.67138
  85     0.86015     0.68584
  86     0.87008     0.70075
  87     0.88079     0.71755
  88     0.89006     0.73247
  89      0.9001     0.74928
  90     0.91072     0.76794
  91     0.92007     0.78505
  92      0.9302     0.80431
  93     0.94034     0.82456
  94     0.95036     0.84556
  95     0.96003     0.86745
  96     0.97023     0.89261
  97     0.98007     0.92021
  98     0.99047     0.95458
  99           1           1
-----------------------------------------

----------------- PPP$ and local currency --------------
         PPP used in computation: 0.989306
     Data mean in local currency: 1995.83
               Data mean in PPP$: 2214.33
        Poverty line in PPP$/Day: 1.9
      Poverty line in PPP$/Month: 57.7917
  Poverty line in local currency: 52.0891
-------------------------------------------------------

----------------- Estimation result --------------
     Number of observation: 3765
          Total population: 1
              Total wealth: 2017.41(PPP$)
                   Minimum: -4586.8(PPP$)
                   Maximum: 60547.1(PPP$)
             Headcount(HC): 0.00140751
          Poverty gap (PG): 0.0187013
       Poverty gap squared: 0.85946
                      Gini: 0.312755
                    Median: 1895.08
                       MLD: 0.168537
                      Watt: 8.80922E-05
--------------------------------------------------

-------------------------------- Income or Consumption share by deciles (%) -------------------------------------
     3.2561     4.9023     5.9502     6.9278     8.0016     9.0162     10.223     11.977     14.658     25.089
-----------------------------------------------------------------------------------------------------------------


