

**********************************************************************************************
**                                   Basic Information                                      **
**********************************************************************************************

----------------- Dataset Information -----------------
                         Country: Luxembourg
                    Country dode: LUX
                       Data Year: 2009
                        Coverage: National
             Welfare measurement: Income
                     Data format: Unit record
                     Data source: LUX_N2009Y
                  Data time span: UnDefined
-------------------------------------------------------


----------- Distribution ------------
   i           P           L 
-------------------------------------
   0    0.010817 -0.00015378
   1    0.020423   0.0023759
   2    0.030461   0.0053318
   3    0.040158   0.0083992
   4    0.050207    0.011807
   5    0.060031    0.015298
   6    0.071126     0.01942
   7     0.08015    0.022896
   8     0.09107    0.027242
   9     0.10002    0.030906
  10     0.11008    0.035158
  11     0.12171    0.040231
  12     0.13047    0.044103
  13     0.14061    0.048668
  14     0.15022    0.053064
  15     0.16003     0.05766
  16     0.17022    0.062547
  17     0.18002    0.067362
  18     0.19003    0.072393
  19     0.20073    0.077933
  20     0.21003    0.082881
  21      0.2206    0.088626
  22     0.23038    0.094025
  23     0.24004     0.09946
  24     0.25003     0.10522
  25     0.26046     0.11137
  26     0.27001     0.11712
  27     0.28012     0.12328
  28     0.29009     0.12946
  29     0.30007     0.13573
  30     0.31012     0.14218
  31     0.32045      0.1489
  32     0.33008     0.15526
  33     0.34019     0.16204
  34     0.35013     0.16883
  35     0.36022     0.17586
  36     0.37037     0.18305
  37     0.38006     0.19001
  38      0.3901     0.19735
  39     0.40049     0.20504
  40     0.41011     0.21226
  41      0.4203        0.22
  42     0.43008     0.22754
  43      0.4401     0.23536
  44     0.45008     0.24326
  45     0.46001     0.25127
  46     0.47011     0.25951
  47     0.48049     0.26814
  48     0.49014     0.27627
  49      0.5001     0.28482
  50     0.51035     0.29376
  51     0.52024      0.3025
  52     0.53009     0.31129
  53      0.5402     0.32045
  54     0.55005     0.32946
  55     0.56011      0.3388
  56        0.57     0.34813
  57     0.58026     0.35792
  58      0.5908     0.36814
  59      0.6007     0.37788
  60     0.61002     0.38715
  61     0.62018     0.39734
  62      0.6304     0.40774
  63     0.64014      0.4178
  64     0.65073     0.42888
  65     0.66099     0.43979
  66     0.67004     0.44955
  67     0.68005     0.46056
  68     0.69018     0.47187
  69     0.70081     0.48392
  70     0.71016     0.49469
  71     0.72003     0.50624
  72     0.73051     0.51872
  73     0.74003     0.53021
  74     0.75071     0.54336
  75     0.76046     0.55555
  76     0.77003     0.56772
  77        0.78     0.58061
  78     0.79045     0.59435
  79     0.80085     0.60829
  80      0.8101     0.62091
  81     0.82009     0.63481
  82     0.83016     0.64914
  83     0.84018     0.66371
  84     0.85013     0.67837
  85     0.86017     0.69342
  86     0.87026     0.70887
  87     0.88019     0.72459
  88     0.89003     0.74075
  89     0.90006     0.75765
  90     0.91006     0.77504
  91     0.92001     0.79284
  92     0.93005     0.81145
  93     0.94026     0.83119
  94     0.95028     0.85156
  95      0.9602     0.87302
  96     0.97002     0.89565
  97     0.98012     0.92119
  98        0.99     0.95006
  99           1           1
-----------------------------------------

----------------- PPP$ and local currency --------------
         PPP used in computation: 0.989306
     Data mean in local currency: 2053.52
               Data mean in PPP$: 2195.29
        Poverty line in PPP$/Day: 1.9
      Poverty line in PPP$/Month: 57.7917
  Poverty line in local currency: 54.0594
-------------------------------------------------------

----------------- Estimation result --------------
     Number of observation: 4837
          Total population: 1
              Total wealth: 2075.72(PPP$)
                   Minimum: -3347.63(PPP$)
                   Maximum: 61279.1(PPP$)
             Headcount(HC): 0.00266971
          Poverty gap (PG): 0.0559111
       Poverty gap squared: 2.08721
                      Gini: 0.315348
                    Median: 1901.47
                       MLD: 0.178656
                      Watt: 0.000581982
--------------------------------------------------

-------------------------------- Income or Consumption share by deciles (%) -------------------------------------
     3.0898     4.6655     5.8139      6.899     8.0058     9.2453     10.581     12.415     15.041     24.244
-----------------------------------------------------------------------------------------------------------------


