

**********************************************************************************************
**                                   Basic Information                                      **
**********************************************************************************************

----------------- Dataset Information -----------------
                         Country: Luxembourg
                    Country dode: LUX
                       Data Year: 2004
                        Coverage: National
             Welfare measurement: Income
                     Data format: Unit record
                     Data source: LUX_N2004Y
                  Data time span: UnDefined
-------------------------------------------------------


----------- Distribution ------------
   i           P           L 
-------------------------------------
   0    0.010364   0.0012874
   1     0.02014   0.0038701
   2    0.030081   0.0068345
   3    0.040041   0.0099787
   4    0.050285    0.013397
   5    0.060333    0.016925
   6    0.070042     0.02054
   7    0.080109    0.024552
   8    0.090134    0.028653
   9     0.10011    0.032859
  10     0.11144    0.037825
  11     0.12081    0.042064
  12     0.13029    0.046517
  13     0.14006    0.051219
  14     0.15015    0.056182
  15     0.16256     0.06244
  16     0.17009    0.066317
  17     0.18044    0.071765
  18     0.19066     0.07729
  19     0.20046    0.082725
  20     0.21144    0.088913
  21     0.22128    0.094552
  22     0.23096      0.1002
  23     0.24211     0.10683
  24     0.25003      0.1116
  25     0.26019     0.11781
  26     0.27003     0.12395
  27     0.28001     0.13024
  28     0.29036     0.13685
  29     0.30066     0.14354
  30     0.31008     0.14977
  31     0.32013     0.15653
  32      0.3307      0.1638
  33     0.34007     0.17033
  34     0.35003     0.17738
  35     0.36006     0.18457
  36     0.37086     0.19241
  37     0.38012     0.19921
  38     0.39057     0.20698
  39         0.4     0.21408
  40     0.41015     0.22178
  41     0.42082        0.23
  42     0.43027      0.2374
  43     0.44042     0.24547
  44     0.45002     0.25316
  45     0.46004     0.26127
  46     0.47013     0.26956
  47      0.4801     0.27785
  48     0.49018     0.28637
  49     0.50076     0.29544
  50     0.51007     0.30353
  51     0.52003      0.3123
  52     0.53026     0.32142
  53     0.54064     0.33079
  54     0.55057     0.33983
  55     0.56014     0.34863
  56     0.57024     0.35801
  57     0.58035      0.3675
  58      0.5904     0.37707
  59     0.60082     0.38714
  60     0.61018     0.39629
  61     0.62101     0.40699
  62     0.63005     0.41603
  63     0.64376     0.43001
  64     0.65084     0.43728
  65     0.66029     0.44715
  66     0.67127     0.45882
  67       0.681     0.46931
  68     0.69019     0.47934
  69     0.70049     0.49076
  70     0.71022     0.50175
  71      0.7203     0.51332
  72      0.7312     0.52607
  73     0.74003     0.53655
  74     0.75016      0.5488
  75     0.76088     0.56197
  76     0.77038     0.57383
  77     0.78002      0.5861
  78        0.79     0.59911
  79     0.80032     0.61294
  80     0.81003     0.62629
  81     0.82017     0.64046
  82     0.83008     0.65458
  83     0.84001     0.66899
  84     0.85005     0.68378
  85     0.86022     0.69903
  86     0.87046     0.71472
  87      0.8806     0.73065
  88      0.8901     0.74607
  89     0.90005     0.76271
  90     0.91014     0.78019
  91     0.92069     0.79907
  92     0.93012     0.81669
  93        0.94      0.8359
  94      0.9505     0.85732
  95     0.96015     0.87802
  96     0.97022     0.90098
  97     0.98023     0.92609
  98     0.99038     0.95625
  99           1           1
-----------------------------------------

----------------- PPP$ and local currency --------------
         PPP used in computation: 0.989306
     Data mean in local currency: 1792.67
               Data mean in PPP$: 2141.2
        Poverty line in PPP$/Day: 1.9
      Poverty line in PPP$/Month: 57.7917
  Poverty line in local currency: 48.3848
-------------------------------------------------------

----------------- Estimation result --------------
     Number of observation: 3584
          Total population: 1
              Total wealth: 1812.05(PPP$)
                   Minimum: -3942.16(PPP$)
                   Maximum: 41238.2(PPP$)
             Headcount(HC): 0.0004986
          Poverty gap (PG): 0.0169833
       Poverty gap squared: 0.930827
                      Gini: 0.302532
                    Median: 1842.67
                       MLD: 0.154945
                      Watt: 8.69439E-05
--------------------------------------------------

-------------------------------- Income or Consumption share by deciles (%) -------------------------------------
     3.2811     4.9657     6.0643     7.0962      8.071      9.156     10.387      12.23     15.011     23.738
-----------------------------------------------------------------------------------------------------------------


