

**********************************************************************************************
**                                   Basic Information                                      **
**********************************************************************************************

----------------- Dataset Information -----------------
                         Country: Luxembourg
                    Country dode: LUX
                       Data Year: 2011
                        Coverage: National
             Welfare measurement: Income
                     Data format: Unit record
                     Data source: LUX_N2011Y
                  Data time span: UnDefined
-------------------------------------------------------


----------- Distribution ------------
   i           P           L 
-------------------------------------
   0    0.010191 -0.00053091
   1    0.020133    0.002016
   2     0.03001   0.0048407
   3    0.040211   0.0080224
   4    0.050104     0.01127
   5    0.060046    0.014704
   6    0.071384     0.01876
   7    0.080005    0.021928
   8    0.090007    0.025759
   9     0.10002    0.029712
  10     0.11066    0.034021
  11     0.12011    0.037933
  12     0.13014    0.042179
  13     0.14043     0.04664
  14     0.15047    0.051115
  15     0.16012    0.055575
  16     0.17054    0.060543
  17     0.18022    0.065239
  18     0.19064    0.070423
  19     0.20109    0.075733
  20     0.21019    0.080449
  21        0.22    0.085642
  22     0.23064    0.091452
  23     0.24057    0.096957
  24     0.25002     0.10228
  25      0.2601     0.10805
  26     0.27004     0.11382
  27     0.28044     0.11998
  28     0.29019     0.12584
  29      0.3002     0.13196
  30     0.31028     0.13822
  31     0.32006      0.1444
  32     0.33025     0.15096
  33     0.34004     0.15736
  34     0.35024     0.16416
  35     0.36004      0.1708
  36     0.37039     0.17792
  37     0.38007     0.18468
  38     0.39003     0.19174
  39     0.40007       0.199
  40     0.41003     0.20633
  41     0.42024     0.21399
  42     0.43016     0.22158
  43        0.44     0.22922
  44     0.45034     0.23739
  45     0.46023     0.24537
  46     0.47021     0.25352
  47     0.48084     0.26231
  48     0.49019     0.27014
  49     0.50002     0.27849
  50     0.51019     0.28724
  51     0.52009     0.29585
  52     0.53028     0.30483
  53     0.54001     0.31352
  54     0.55057     0.32306
  55     0.56034     0.33202
  56     0.57017     0.34118
  57     0.58008     0.35055
  58     0.59016      0.3602
  59     0.60007     0.36982
  60     0.61002     0.37961
  61     0.62014     0.38972
  62        0.63     0.39971
  63     0.64032      0.4103
  64     0.65053     0.42092
  65     0.66009     0.43101
  66     0.67003     0.44172
  67     0.68015     0.45283
  68     0.69073     0.46465
  69         0.7     0.47516
  70     0.71007      0.4867
  71     0.72004     0.49828
  72     0.73019     0.51029
  73        0.74     0.52214
  74     0.75015     0.53463
  75     0.76043     0.54754
  76     0.77008     0.55992
  77      0.7809     0.57412
  78     0.79016     0.58646
  79     0.80023     0.60019
  80     0.81011     0.61396
  81     0.82007     0.62812
  82     0.83005     0.64258
  83      0.8405     0.65808
  84     0.85006     0.67267
  85     0.86008     0.68841
  86     0.87005     0.70444
  87     0.88002     0.72081
  88     0.89029     0.73811
  89     0.90001     0.75491
  90     0.91008     0.77286
  91     0.92048     0.79207
  92     0.93016     0.81053
  93     0.94011     0.83039
  94     0.95008      0.8513
  95     0.96011     0.87349
  96     0.97008     0.89699
  97     0.98014     0.92272
  98     0.99004     0.95184
  99           1           1
-----------------------------------------

----------------- PPP$ and local currency --------------
         PPP used in computation: 0.989306
     Data mean in local currency: 2105.95
               Data mean in PPP$: 2128.71
        Poverty line in PPP$/Day: 1.9
      Poverty line in PPP$/Month: 57.7917
  Poverty line in local currency: 57.1736
-------------------------------------------------------

----------------- Estimation result --------------
     Number of observation: 5884
          Total population: 0.999999
              Total wealth: 2128.71(PPP$)
                   Minimum: -11357.5(PPP$)
                   Maximum: 44900.7(PPP$)
             Headcount(HC): 0.00316167
          Poverty gap (PG): 0.0656008
       Poverty gap squared: 8.47742
                      Gini: 0.324157
                    Median: 1817.48
                       MLD: 0.185129
                      Watt: 0.000697499
--------------------------------------------------

-------------------------------- Income or Consumption share by deciles (%) -------------------------------------
     2.9705     4.5476     5.6652     6.7112     7.9525     9.1279     10.541     12.472     15.502     24.511
-----------------------------------------------------------------------------------------------------------------


