

**********************************************************************************************
**                                   Basic Information                                      **
**********************************************************************************************

----------------- Dataset Information -----------------
                         Country: Luxembourg
                    Country dode: LUX
                       Data Year: 2006
                        Coverage: National
             Welfare measurement: Income
                     Data format: Unit record
                     Data source: LUX_N2006Y
                  Data time span: UnDefined
-------------------------------------------------------


----------- Distribution ------------
   i           P           L 
-------------------------------------
   0    0.010535   0.0019439
   1    0.020057   0.0045747
   2    0.030598   0.0077171
   3     0.04012    0.010695
   4    0.050027    0.014002
   5    0.060997    0.017917
   6    0.070071    0.021279
   7    0.080038    0.025139
   8     0.09155    0.029774
   9     0.10155    0.033932
  10     0.11021    0.037649
  11        0.12    0.041996
  12     0.13018    0.046681
  13      0.1411    0.051852
  14     0.15002    0.056173
  15     0.16001    0.061122
  16     0.17026    0.066318
  17     0.18076    0.071727
  18     0.19027    0.076661
  19     0.20013    0.081905
  20     0.21006    0.087299
  21     0.22044    0.093082
  22     0.23046    0.098783
  23     0.24111     0.10492
  24     0.25007     0.11016
  25     0.26017     0.11617
  26      0.2707     0.12259
  27     0.28163     0.12939
  28     0.29017     0.13475
  29     0.30181     0.14222
  30      0.3101     0.14762
  31     0.32047      0.1545
  32      0.3303     0.16112
  33     0.34171      0.1689
  34     0.35025      0.1748
  35     0.36029     0.18185
  36      0.3704     0.18905
  37        0.38     0.19598
  38     0.39035     0.20353
  39      0.4002     0.21083
  40     0.41021     0.21832
  41     0.42013     0.22584
  42     0.43031     0.23367
  43     0.44088     0.24194
  44     0.45016     0.24931
  45     0.46002     0.25725
  46     0.47027     0.26565
  47     0.48026     0.27392
  48     0.49002      0.2821
  49      0.5002     0.29073
  50     0.51006     0.29917
  51      0.5202       0.308
  52     0.53021     0.31685
  53     0.54198     0.32745
  54     0.55014     0.33488
  55     0.56004     0.34396
  56      0.5704     0.35357
  57     0.58002     0.36258
  58     0.59012     0.37213
  59     0.60088     0.38248
  60     0.61189     0.39319
  61     0.62071     0.40185
  62     0.63114     0.41225
  63     0.64029     0.42156
  64     0.65054     0.43208
  65     0.66014     0.44207
  66     0.67012     0.45262
  67     0.68001     0.46321
  68     0.69041     0.47451
  69         0.7     0.48507
  70     0.71051     0.49682
  71     0.72018     0.50782
  72     0.73013     0.51927
  73     0.74041     0.53125
  74     0.75046     0.54317
  75     0.76083     0.55571
  76     0.77095     0.56821
  77     0.78033     0.58002
  78      0.7901     0.59251
  79     0.80024     0.60577
  80     0.81003     0.61882
  81      0.8203     0.63291
  82      0.8301      0.6467
  83     0.84029     0.66141
  84     0.85009     0.67599
  85     0.86034     0.69169
  86     0.87022     0.70727
  87     0.88032     0.72353
  88      0.8901     0.73973
  89     0.90029     0.75719
  90     0.91015     0.77446
  91     0.92002     0.79229
  92     0.93021     0.81134
  93     0.94028     0.83074
  94     0.95143     0.85309
  95     0.96009     0.87152
  96      0.9701      0.8947
  97     0.98001     0.92078
  98     0.99029     0.95194
  99           1           1
-----------------------------------------

----------------- PPP$ and local currency --------------
         PPP used in computation: 0.989306
     Data mean in local currency: 1928.36
               Data mean in PPP$: 2188.75
        Poverty line in PPP$/Day: 1.9
      Poverty line in PPP$/Month: 57.7917
  Poverty line in local currency: 50.9163
-------------------------------------------------------

----------------- Estimation result --------------
     Number of observation: 3857
          Total population: 0.999997
              Total wealth: 1949.2(PPP$)
                   Minimum: -645.149(PPP$)
                   Maximum: 152880(PPP$)
             Headcount(HC): 0.0001517
          Poverty gap (PG): 0.00137244
       Poverty gap squared: 0.0132629
                      Gini: 0.309629
                    Median: 1864.38
                       MLD: 0.161187
                      Watt: 0
--------------------------------------------------

-------------------------------- Income or Consumption share by deciles (%) -------------------------------------
     3.3288     4.8547     5.9222     6.9624     7.9882     9.1066     10.344     12.039     15.124     24.331
-----------------------------------------------------------------------------------------------------------------


