

**********************************************************************************************
**                                   Basic Information                                      **
**********************************************************************************************

----------------- Dataset Information -----------------
                         Country: Luxembourg
                    Country dode: LUX
                       Data Year: 2005
                        Coverage: National
             Welfare measurement: Income
                     Data format: Unit record
                     Data source: LUX_N2005Y
                  Data time span: UnDefined
-------------------------------------------------------


----------- Distribution ------------
   i           P           L 
-------------------------------------
   0    0.010141 -0.00012656
   1    0.020682   0.0025325
   2    0.030049   0.0051773
   3    0.040517   0.0083517
   4    0.050045    0.011466
   5     0.06003    0.014962
   6    0.070426    0.018783
   7    0.080089     0.02248
   8    0.090039    0.026522
   9      0.1002    0.030814
  10     0.11013    0.035154
  11     0.12006    0.039584
  12     0.13006    0.044174
  13     0.14047    0.049071
  14     0.15033    0.053792
  15     0.16156    0.059333
  16     0.17141    0.064386
  17     0.18006    0.068976
  18     0.19006    0.074387
  19      0.2001    0.079908
  20     0.21006     0.08548
  21     0.22018    0.091263
  22     0.23122    0.097695
  23     0.24009     0.10296
  24     0.25075     0.10941
  25     0.26202     0.11629
  26     0.27004     0.12124
  27     0.28005     0.12753
  28      0.2901     0.13392
  29     0.30053     0.14066
  30     0.31036     0.14709
  31     0.32069     0.15397
  32     0.33074     0.16079
  33     0.34239      0.1688
  34     0.35025     0.17428
  35     0.36102     0.18183
  36     0.37065     0.18868
  37     0.38044     0.19574
  38     0.39027     0.20291
  39     0.40062     0.21062
  40     0.41087     0.21838
  41     0.42026     0.22557
  42     0.43048      0.2335
  43     0.44026     0.24115
  44     0.45017       0.249
  45        0.46     0.25693
  46      0.4701     0.26523
  47     0.48233     0.27539
  48     0.49018     0.28198
  49     0.50008     0.29042
  50     0.51004     0.29906
  51     0.52018     0.30796
  52     0.53007     0.31678
  53     0.54035     0.32602
  54     0.55022     0.33494
  55     0.56051     0.34431
  56     0.57031     0.35333
  57     0.58005      0.3624
  58      0.5904     0.37215
  59     0.60075     0.38202
  60     0.61124     0.39216
  61     0.62002     0.40072
  62     0.63081     0.41134
  63     0.64047     0.42096
  64     0.65022     0.43087
  65     0.66018     0.44123
  66     0.67066     0.45228
  67     0.68015     0.46241
  68      0.6903     0.47337
  69     0.70001     0.48401
  70     0.71065      0.4959
  71     0.72071     0.50733
  72     0.73056     0.51863
  73     0.74119     0.53105
  74     0.75005     0.54157
  75     0.76004     0.55365
  76     0.77005     0.56603
  77     0.78045     0.57916
  78     0.79033     0.59194
  79     0.80004     0.60475
  80      0.8102     0.61841
  81     0.82016     0.63207
  82     0.83004     0.64607
  83     0.84032       0.661
  84     0.85022      0.6757
  85     0.86065     0.69153
  86     0.87003     0.70622
  87     0.88075     0.72361
  88     0.89071      0.7401
  89     0.90087     0.75749
  90     0.91011     0.77388
  91     0.92008      0.7922
  92     0.93009     0.81148
  93     0.94008      0.8315
  94     0.95068      0.8538
  95     0.96148     0.87801
  96     0.97009       0.899
  97     0.98031     0.92632
  98     0.99023     0.95659
  99           1           1
-----------------------------------------

----------------- PPP$ and local currency --------------
         PPP used in computation: 0.989306
     Data mean in local currency: 1895.77
               Data mean in PPP$: 2209.34
        Poverty line in PPP$/Day: 1.9
      Poverty line in PPP$/Month: 57.7917
  Poverty line in local currency: 49.5893
-------------------------------------------------------

----------------- Estimation result --------------
     Number of observation: 3809
          Total population: 0.999999
              Total wealth: 1916.26(PPP$)
                   Minimum: -2643.1(PPP$)
                   Maximum: 94216.1(PPP$)
             Headcount(HC): 0.001441
          Poverty gap (PG): 0.0578101
       Poverty gap squared: 3.08329
                      Gini: 0.3111
                    Median: 1900.53
                       MLD: 0.16614
                      Watt: 0.000178749
--------------------------------------------------

-------------------------------- Income or Consumption share by deciles (%) -------------------------------------
     3.0731     4.9125     6.0458     6.9848     8.0195     9.0942      10.27     12.069     15.131       24.4
-----------------------------------------------------------------------------------------------------------------


