

**********************************************************************************************
**                                   Basic Information                                      **
**********************************************************************************************

----------------- Dataset Information -----------------
                         Country: Luxembourg
                    Country dode: LUX
                       Data Year: 2008
                        Coverage: National
             Welfare measurement: Income
                     Data format: Unit record
                     Data source: LUX_N2008Y
                  Data time span: UnDefined
-------------------------------------------------------


----------- Distribution ------------
   i           P           L 
-------------------------------------
   0    0.011028   0.0015635
   1    0.020124   0.0038512
   2     0.03027   0.0067412
   3    0.040175   0.0097686
   4    0.050104    0.012978
   5    0.060527    0.016526
   6    0.070244    0.019914
   7    0.080512    0.023664
   8    0.090276     0.02738
   9     0.10027    0.031365
  10     0.11013    0.035404
  11     0.12063    0.039801
  12     0.13016    0.043872
  13     0.14064    0.048479
  14     0.15051    0.052974
  15     0.16054    0.057675
  16     0.17038    0.062439
  17     0.18019    0.067287
  18     0.19019    0.072344
  19     0.20058    0.077744
  20      0.2102    0.082864
  21     0.22034    0.088325
  22     0.23035    0.093808
  23     0.24057    0.099544
  24      0.2501     0.10502
  25     0.26023     0.11093
  26     0.27047     0.11702
  27     0.28035     0.12298
  28     0.29009     0.12894
  29     0.30058     0.13551
  30     0.31008     0.14155
  31     0.32018     0.14808
  32     0.33001     0.15452
  33     0.34048     0.16157
  34     0.35038     0.16835
  35     0.36056     0.17541
  36     0.37004     0.18206
  37     0.38004     0.18917
  38     0.39024     0.19654
  39     0.40092     0.20436
  40     0.41013     0.21119
  41     0.42021     0.21873
  42     0.43017     0.22626
  43     0.44005     0.23384
  44     0.45055     0.24201
  45     0.46014      0.2496
  46     0.47076     0.25811
  47     0.48081     0.26625
  48     0.49036     0.27407
  49     0.50031     0.28226
  50     0.51002     0.29034
  51     0.52023     0.29893
  52     0.53011     0.30736
  53      0.5401       0.316
  54     0.55115     0.32574
  55     0.56015      0.3338
  56     0.57011     0.34284
  57      0.5803     0.35221
  58     0.59007      0.3613
  59     0.60026     0.37091
  60     0.61019     0.38042
  61     0.62081     0.39069
  62     0.63032         0.4
  63     0.64012     0.40973
  64     0.65035     0.42001
  65     0.66043     0.43026
  66     0.67033      0.4405
  67     0.68008     0.45075
  68     0.69015     0.46153
  69     0.70027     0.47253
  70     0.71053     0.48391
  71     0.72011     0.49471
  72     0.73123      0.5075
  73     0.74012      0.5179
  74     0.75001     0.52965
  75     0.76019     0.54198
  76     0.77025     0.55438
  77     0.78005     0.56662
  78     0.79012     0.57942
  79      0.8001     0.59239
  80     0.81003     0.60556
  81     0.82003      0.6192
  82     0.83059     0.63401
  83     0.84062     0.64848
  84     0.85021     0.66264
  85     0.86037       0.678
  86     0.87074     0.69417
  87     0.88124     0.71096
  88     0.89017     0.72558
  89      0.9004     0.74302
  90     0.91045     0.76095
  91     0.92002     0.77877
  92        0.93      0.7981
  93     0.94026     0.81912
  94     0.95017     0.84036
  95        0.96     0.86249
  96      0.9701     0.88665
  97     0.98001     0.91222
  98     0.99021     0.94432
  99           1           1
-----------------------------------------

----------------- PPP$ and local currency --------------
         PPP used in computation: 0.989306
     Data mean in local currency: 2059.62
               Data mean in PPP$: 2209.95
        Poverty line in PPP$/Day: 1.9
      Poverty line in PPP$/Month: 57.7917
  Poverty line in local currency: 53.8602
-------------------------------------------------------

----------------- Estimation result --------------
     Number of observation: 4192
          Total population: 1
              Total wealth: 2081.88(PPP$)
                   Minimum: -1806.32(PPP$)
                   Maximum: 34539.1(PPP$)
             Headcount(HC): 0.00046949
          Poverty gap (PG): 0.00641901
       Poverty gap squared: 0.131278
                      Gini: 0.326138
                    Median: 1828.18
                       MLD: 0.181428
                      Watt: 0
--------------------------------------------------

-------------------------------- Income or Consumption share by deciles (%) -------------------------------------
     3.1258     4.6187     5.7696     6.8543     7.8328     8.8656     10.157     12.001     15.009     25.766
-----------------------------------------------------------------------------------------------------------------


