

**********************************************************************************************
**                                   Basic Information                                      **
**********************************************************************************************

----------------- Dataset Information -----------------
                         Country: Latvia
                    Country dode: LVA
                       Data Year: 2010
                        Coverage: National
             Welfare measurement: Income
                     Data format: Unit record
                     Data source: LVA_N2010Y
                  Data time span: UnDefined
-------------------------------------------------------


----------- Distribution ------------
   i           P           L 
-------------------------------------
   0    0.010102 -0.00019566
   1    0.020144  0.00074284
   2    0.030103   0.0020883
   3    0.040047   0.0037978
   4    0.051064   0.0060877
   5    0.060008   0.0081415
   6    0.070046    0.010675
   7    0.080132    0.013402
   8    0.090315    0.016394
   9     0.10022     0.01954
  10     0.11015    0.022917
  11     0.12003    0.026442
  12      0.1303    0.030256
  13     0.14001    0.033999
  14     0.15012    0.038042
  15     0.16006    0.042177
  16     0.17035     0.04662
  17     0.18007    0.050931
  18     0.19026    0.055569
  19     0.20048    0.060379
  20     0.21014    0.065078
  21     0.22015    0.070096
  22     0.23002    0.075151
  23     0.24013    0.080447
  24     0.25035    0.085957
  25      0.2601    0.091338
  26      0.2704    0.097134
  27     0.28006     0.10273
  28     0.29007     0.10864
  29     0.30009     0.11473
  30     0.31001     0.12092
  31     0.32001     0.12728
  32     0.33005     0.13379
  33     0.34002     0.14039
  34     0.35003     0.14717
  35     0.36008      0.1541
  36     0.37006     0.16108
  37      0.3801     0.16821
  38     0.39005     0.17541
  39     0.40001     0.18278
  40     0.41009     0.19034
  41     0.42009     0.19796
  42     0.43023     0.20584
  43     0.44008     0.21363
  44     0.45001     0.22159
  45     0.46011     0.22978
  46     0.47009     0.23799
  47     0.48004     0.24627
  48     0.49008     0.25472
  49     0.50039     0.26351
  50     0.51006     0.27185
  51     0.52003     0.28055
  52     0.53003     0.28937
  53     0.54004      0.2983
  54     0.55017     0.30747
  55     0.56017     0.31662
  56        0.57     0.32573
  57     0.58013     0.33522
  58     0.59022      0.3448
  59     0.60008      0.3543
  60     0.61004       0.364
  61     0.62039     0.37423
  62     0.63003     0.38391
  63     0.64008     0.39416
  64      0.6501     0.40454
  65        0.66     0.41493
  66     0.67003     0.42561
  67     0.68057       0.437
  68     0.69031     0.44767
  69     0.70001     0.45846
  70     0.71007     0.46986
  71     0.72014     0.48151
  72     0.73001     0.49313
  73     0.74006     0.50516
  74     0.75006      0.5174
  75     0.76002     0.52982
  76     0.77007     0.54254
  77      0.7802     0.55562
  78     0.79003     0.56854
  79     0.80033     0.58244
  80     0.81007     0.59585
  81     0.82003     0.60989
  82     0.83007     0.62433
  83     0.84011     0.63918
  84     0.85005     0.65434
  85     0.86059     0.67086
  86     0.87014     0.68624
  87     0.88017     0.70278
  88     0.89011      0.7197
  89     0.90003     0.73713
  90      0.9102     0.75588
  91     0.92013     0.77509
  92     0.93012     0.79538
  93     0.94003     0.81671
  94     0.95008     0.83982
  95     0.96004     0.86429
  96     0.97002     0.89071
  97     0.98001     0.92017
  98     0.99014     0.95505
  99           1           1
-----------------------------------------

----------------- PPP$ and local currency --------------
         PPP used in computation: 0.40318
     Data mean in local currency: 200.791
               Data mean in PPP$: 519.935
        Poverty line in PPP$/Day: 1.9
      Poverty line in PPP$/Month: 57.7917
  Poverty line in local currency: 22.3182
-------------------------------------------------------

----------------- Estimation result --------------
     Number of observation: 6369
          Total population: 2.04747E+06
              Total wealth: 1.01968E+09(PPP$)
                   Minimum: -652.305(PPP$)
                   Maximum: 4509.01(PPP$)
             Headcount(HC): 0.01925
          Poverty gap (PG): 0.0134719
       Poverty gap squared: 0.0343023
                      Gini: 0.35273
                    Median: 445.682
                       MLD: 0.259331
                      Watt: 0.0108222
--------------------------------------------------

-------------------------------- Income or Consumption share by deciles (%) -------------------------------------
     1.9471     4.0681     5.4524      6.809     8.0412     9.1044     10.423     12.354     15.509     26.291
-----------------------------------------------------------------------------------------------------------------


