

**********************************************************************************************
**                                   Basic Information                                      **
**********************************************************************************************

----------------- Dataset Information -----------------
                         Country: Latvia
                    Country dode: LVA
                       Data Year: 2006
                        Coverage: National
             Welfare measurement: Income
                     Data format: Unit record
                     Data source: LVA_N2006Y
                  Data time span: UnDefined
-------------------------------------------------------


----------- Distribution ------------
   i           P           L 
-------------------------------------
   0    0.010045  0.00022908
   1    0.020257   0.0014968
   2    0.030498   0.0033278
   3    0.040289    0.005426
   4     0.05017    0.007799
   5    0.060083     0.01048
   6    0.070276    0.013484
   7    0.080087    0.016562
   8    0.090266    0.019922
   9     0.10044    0.023534
  10     0.11011    0.027188
  11      0.1203     0.03122
  12     0.13069     0.03553
  13     0.14006    0.039557
  14     0.15095    0.044381
  15     0.16002    0.048447
  16     0.17019    0.053096
  17     0.18003    0.057715
  18     0.19476    0.064825
  19     0.20093    0.067846
  20     0.21012    0.072404
  21     0.22008    0.077443
  22        0.23    0.082596
  23     0.24003    0.087924
  24     0.25062    0.093632
  25     0.26001    0.098748
  26        0.27     0.10429
  27     0.28003     0.10996
  28      0.2901     0.11574
  29     0.30102     0.12212
  30     0.31013     0.12751
  31     0.32006     0.13346
  32     0.33003     0.13952
  33     0.34012     0.14573
  34     0.35007     0.15192
  35     0.36051     0.15854
  36     0.37039     0.16488
  37     0.38091     0.17172
  38     0.39001      0.1777
  39     0.40038     0.18464
  40     0.41005     0.19124
  41     0.42015     0.19824
  42     0.43067     0.20568
  43     0.44006     0.21246
  44     0.45014     0.21986
  45     0.46049     0.22757
  46     0.47006     0.23481
  47     0.48011     0.24257
  48      0.4906     0.25081
  49      0.5003     0.25855
  50     0.51003     0.26651
  51     0.52003     0.27484
  52     0.53004     0.28332
  53     0.54003     0.29195
  54     0.55039     0.30108
  55        0.56     0.30968
  56     0.57005     0.31881
  57     0.58015     0.32813
  58      0.5909     0.33819
  59     0.60017     0.34697
  60     0.61016     0.35653
  61     0.62007     0.36615
  62     0.63033     0.37629
  63     0.64019     0.38615
  64     0.65178     0.39795
  65     0.66053     0.40701
  66     0.67004       0.417
  67     0.68021     0.42789
  68     0.69032     0.43901
  69     0.70005     0.44989
  70      0.7102     0.46146
  71     0.72021     0.47314
  72     0.73002     0.48478
  73     0.74011     0.49693
  74      0.7502      0.5093
  75     0.76007     0.52169
  76     0.77059     0.53521
  77     0.78007     0.54764
  78     0.79001     0.56084
  79      0.8001      0.5746
  80     0.81018     0.58869
  81     0.82009     0.60284
  82     0.83037       0.618
  83     0.84065     0.63364
  84     0.85035     0.64878
  85     0.86041     0.66494
  86     0.87011     0.68096
  87     0.88007     0.69793
  88     0.89013     0.71558
  89     0.90001     0.73342
  90     0.91111     0.75404
  91     0.92005     0.77111
  92     0.93006     0.79087
  93     0.94083     0.81323
  94     0.95018     0.83369
  95     0.96007     0.85745
  96      0.9701     0.88397
  97      0.9802     0.91357
  98     0.99012     0.94667
  99           1           1
-----------------------------------------

----------------- PPP$ and local currency --------------
         PPP used in computation: 0.40318
     Data mean in local currency: 154.15
               Data mean in PPP$: 519.352
        Poverty line in PPP$/Day: 1.9
      Poverty line in PPP$/Month: 57.7917
  Poverty line in local currency: 17.1533
-------------------------------------------------------

----------------- Estimation result --------------
     Number of observation: 4234
          Total population: 2.23014E+06
              Total wealth: 8.52661E+08(PPP$)
                   Minimum: -35.6319(PPP$)
                   Maximum: 4446.89(PPP$)
             Headcount(HC): 0.0125376
          Poverty gap (PG): 0.00843162
       Poverty gap squared: 0.00749621
                      Gini: 0.356027
                    Median: 419.642
                       MLD: 0.247764
                      Watt: 0.00757461
--------------------------------------------------

-------------------------------- Income or Consumption share by deciles (%) -------------------------------------
     2.3379     4.4011     5.4141     6.2857     7.3932     8.8484     10.304     12.462     15.894      26.66
-----------------------------------------------------------------------------------------------------------------


