

**********************************************************************************************
**                                   Basic Information                                      **
**********************************************************************************************

----------------- Dataset Information -----------------
                         Country: Latvia
                    Country dode: LVA
                       Data Year: 1997
                        Coverage: National
             Welfare measurement: Consumption
                     Data format: Unit record
                     Data source: LVA_N1997X
                  Data time span: UnDefined
-------------------------------------------------------


----------- Distribution ------------
   i           P           L 
-------------------------------------
   0    0.010031   0.0013196
   1    0.020052   0.0033071
   2    0.030032   0.0056872
   3     0.04022   0.0084558
   4    0.050085    0.011367
   5    0.060097    0.014533
   6    0.070124    0.017907
   7    0.080005     0.02137
   8    0.090055    0.025054
   9      0.1003    0.028947
  10     0.11002    0.032768
  11     0.12004    0.036864
  12     0.13007    0.041111
  13     0.14014    0.045516
  14     0.15003    0.049976
  15     0.16007    0.054638
  16     0.17007    0.059402
  17     0.18005    0.064293
  18     0.19008    0.069345
  19     0.20016    0.074554
  20     0.21005    0.079775
  21     0.22001    0.085127
  22     0.23009    0.090681
  23     0.24004     0.09628
  24     0.25016     0.10207
  25     0.26013     0.10786
  26     0.27011     0.11375
  27     0.28002     0.11971
  28     0.29005     0.12583
  29     0.30005     0.13203
  30     0.31009     0.13836
  31        0.32     0.14468
  32     0.33015     0.15128
  33     0.34003     0.15779
  34     0.35005     0.16452
  35     0.36007     0.17133
  36     0.37003     0.17821
  37     0.38011     0.18528
  38        0.39     0.19231
  39     0.40017     0.19967
  40     0.41012     0.20696
  41     0.42003     0.21434
  42     0.43001     0.22186
  43     0.44001     0.22951
  44     0.45008     0.23731
  45     0.46002     0.24513
  46     0.47007     0.25314
  47     0.48008     0.26125
  48     0.49003      0.2694
  49     0.50016     0.27781
  50      0.5101     0.28617
  51        0.52     0.29461
  52     0.53007     0.30329
  53      0.5401     0.31204
  54     0.55017     0.32095
  55        0.56     0.32974
  56     0.57009     0.33886
  57     0.58004       0.348
  58     0.59007     0.35733
  59     0.60015     0.36686
  60     0.61003     0.37633
  61     0.62005     0.38608
  62     0.63002     0.39592
  63     0.64008     0.40598
  64      0.6501     0.41614
  65      0.6601     0.42642
  66     0.67008     0.43681
  67     0.68006     0.44734
  68     0.69014     0.45818
  69     0.70004     0.46902
  70     0.71005     0.48017
  71     0.72025     0.49172
  72      0.7302     0.50319
  73     0.74003     0.51469
  74     0.75011     0.52668
  75      0.7601     0.53876
  76     0.77005     0.55098
  77     0.78003     0.56346
  78      0.7901      0.5763
  79     0.80009     0.58931
  80      0.8101     0.60259
  81     0.82011     0.61618
  82     0.83005     0.62998
  83     0.84003     0.64417
  84      0.8502     0.65903
  85     0.86003     0.67365
  86     0.87009     0.68899
  87     0.88012     0.70479
  88     0.89027     0.72132
  89     0.90032     0.73838
  90     0.91012     0.75563
  91     0.92008     0.77391
  92     0.93013      0.7932
  93     0.94012     0.81345
  94     0.95005     0.83487
  95     0.96002     0.85783
  96     0.97006     0.88331
  97     0.98026     0.91325
  98     0.99002      0.9475
  99           1           1
-----------------------------------------

----------------- PPP$ and local currency --------------
         PPP used in computation: 0.40318
     Data mean in local currency: 61.4453
               Data mean in PPP$: 295.61
        Poverty line in PPP$/Day: 1.9
      Poverty line in PPP$/Month: 57.7917
  Poverty line in local currency: 12.0125
-------------------------------------------------------

----------------- Estimation result --------------
     Number of observation: 5710
          Total population: 3.09639E+06
              Total wealth: 4.71894E+08(PPP$)
                   Minimum: 5.2268(PPP$)
                   Maximum: 1648.53(PPP$)
             Headcount(HC): 0.0139327
          Poverty gap (PG): 0.0034958
       Poverty gap squared: 0.00135491
                      Gini: 0.332649
                    Median: 247.109
                       MLD: 0.189159
                      Watt: 0.00455323
--------------------------------------------------

-------------------------------- Income or Consumption share by deciles (%) -------------------------------------
     2.8833     4.5636     5.7533     6.7538      7.814     8.9043     10.225     12.022     14.864     26.216
-----------------------------------------------------------------------------------------------------------------


