

**********************************************************************************************
**                                   Basic Information                                      **
**********************************************************************************************

----------------- Dataset Information -----------------
                         Country: Latvia
                    Country dode: LVA
                       Data Year: 2002
                        Coverage: National
             Welfare measurement: Consumption
                     Data format: Unit record
                     Data source: LVA_N2002X
                  Data time span: UnDefined
-------------------------------------------------------


----------- Distribution ------------
   i           P           L 
-------------------------------------
   0    0.010459   0.0013032
   1    0.020426   0.0032153
   2    0.030261   0.0054652
   3    0.040264    0.008045
   4    0.050002    0.010826
   5    0.060185    0.013929
   6     0.07069    0.017352
   7     0.08012    0.020566
   8    0.090035    0.024093
   9     0.10011    0.027813
  10     0.11024    0.031679
  11     0.12017    0.035574
  12     0.13001    0.039543
  13     0.14035    0.043853
  14     0.15026    0.048106
  15     0.16013    0.052468
  16     0.17014    0.057016
  17        0.18     0.06159
  18     0.19009    0.066388
  19      0.2003    0.071369
  20     0.21002    0.076227
  21     0.22014    0.081433
  22     0.23007    0.086644
  23     0.24016    0.092041
  24     0.25033     0.09759
  25     0.26014     0.10302
  26     0.27003      0.1086
  27     0.28021     0.11442
  28     0.29008     0.12014
  29     0.30004     0.12602
  30     0.31022     0.13214
  31     0.32009     0.13819
  32     0.33042     0.14466
  33     0.34045       0.151
  34      0.3502     0.15725
  35      0.3604     0.16391
  36     0.37006     0.17031
  37     0.38002     0.17702
  38     0.39017     0.18396
  39     0.40006     0.19081
  40     0.41025     0.19798
  41     0.42015     0.20503
  42     0.43008      0.2122
  43     0.44016     0.21958
  44     0.45001     0.22688
  45     0.46016     0.23452
  46     0.47015     0.24217
  47     0.48009     0.24992
  48     0.49004     0.25778
  49      0.5002     0.26591
  50     0.51025     0.27408
  51     0.52013     0.28226
  52     0.53011     0.29068
  53     0.54002     0.29915
  54      0.5501      0.3079
  55     0.56014     0.31674
  56     0.57008     0.32558
  57     0.58006     0.33461
  58     0.59016     0.34387
  59         0.6     0.35301
  60     0.61008      0.3625
  61     0.62012     0.37211
  62     0.63012     0.38181
  63     0.64039     0.39193
  64     0.65022     0.40179
  65     0.66023     0.41205
  66     0.67014     0.42235
  67     0.68017     0.43295
  68     0.69011     0.44362
  69     0.70004     0.45448
  70     0.71024     0.46582
  71     0.72002     0.47685
  72        0.73      0.4883
  73     0.74022      0.5002
  74     0.75002     0.51178
  75     0.76014     0.52392
  76     0.77003     0.53604
  77     0.78016     0.54878
  78     0.79021     0.56172
  79     0.80002     0.57458
  80     0.81021     0.58816
  81     0.82007     0.60154
  82     0.83008     0.61544
  83     0.84015     0.62984
  84      0.8501     0.64448
  85     0.86079     0.66071
  86     0.87021     0.67537
  87     0.88001     0.69114
  88     0.89017     0.70804
  89     0.90019      0.7254
  90     0.91029     0.74351
  91      0.9202     0.76195
  92     0.93006     0.78103
  93     0.94024     0.80193
  94     0.95019     0.82374
  95     0.96016     0.84726
  96     0.97023     0.87366
  97     0.98006     0.90367
  98     0.99011     0.94169
  99           1           1
-----------------------------------------

----------------- PPP$ and local currency --------------
         PPP used in computation: 0.40318
     Data mean in local currency: 91.0149
               Data mean in PPP$: 381.228
        Poverty line in PPP$/Day: 1.9
      Poverty line in PPP$/Month: 57.7917
  Poverty line in local currency: 13.7972
-------------------------------------------------------

----------------- Estimation result --------------
     Number of observation: 3948
          Total population: 2.30282E+06
              Total wealth: 5.19845E+08(PPP$)
                   Minimum: 7.49(PPP$)
                   Maximum: 5506.88(PPP$)
             Headcount(HC): 0.00653994
          Poverty gap (PG): 0.00206209
       Poverty gap squared: 0.000978238
                      Gini: 0.350912
                    Median: 307.717
                       MLD: 0.210155
                      Watt: 0.00291997
--------------------------------------------------

-------------------------------- Income or Consumption share by deciles (%) -------------------------------------
     2.7772     4.3452     5.4772     6.4779     7.4971     8.7263     10.143     12.011     15.051     27.494
-----------------------------------------------------------------------------------------------------------------


