

**********************************************************************************************
**                                   Basic Information                                      **
**********************************************************************************************

----------------- Dataset Information -----------------
                         Country: Latvia
                    Country dode: LVA
                       Data Year: 2012
                        Coverage: National
             Welfare measurement: Income
                     Data format: Unit record
                     Data source: LVA_N2012Y
                  Data time span: UnDefined
-------------------------------------------------------


----------- Distribution ------------
   i           P           L 
-------------------------------------
   0    0.010167  9.8028E-05
   1    0.020512   0.0013145
   2    0.030506   0.0029871
   3    0.040133   0.0049021
   4    0.050041   0.0071281
   5    0.060121   0.0096231
   6    0.070233    0.012401
   7    0.080078    0.015356
   8    0.090273    0.018617
   9     0.10014     0.02192
  10     0.11008    0.025374
  11     0.12005       0.029
  12     0.13019    0.032863
  13     0.14007     0.03678
  14     0.15003    0.040857
  15     0.16024    0.045164
  16     0.17015    0.049478
  17      0.1801    0.053951
  18     0.19008     0.05858
  19     0.20014    0.063397
  20     0.21021    0.068377
  21     0.22022     0.07347
  22     0.23016    0.078632
  23     0.24006     0.08389
  24     0.25031    0.089426
  25     0.26005    0.094821
  26     0.27012     0.10053
  27      0.2803     0.10645
  28     0.29023     0.11238
  29     0.30009     0.11839
  30     0.31008     0.12463
  31     0.32004     0.13094
  32     0.33011     0.13739
  33     0.34007     0.14388
  34     0.35003     0.15048
  35        0.36      0.1572
  36     0.37032     0.16427
  37     0.38015     0.17111
  38     0.39033     0.17832
  39     0.40001     0.18528
  40     0.41003     0.19257
  41     0.42021     0.20009
  42     0.43005     0.20745
  43     0.44015     0.21511
  44     0.45028     0.22287
  45        0.46     0.23039
  46     0.47009     0.23829
  47     0.48023     0.24634
  48     0.49004     0.25426
  49      0.5001     0.26247
  50        0.51     0.27066
  51     0.52003     0.27903
  52     0.53006     0.28751
  53     0.54002     0.29605
  54     0.55044     0.30518
  55     0.56042     0.31405
  56     0.57015     0.32281
  57     0.58006     0.33185
  58      0.5901     0.34114
  59     0.60019     0.35061
  60     0.61023      0.3602
  61      0.6201     0.36979
  62     0.63009     0.37964
  63     0.64033     0.38988
  64     0.65004     0.39974
  65     0.66022     0.41022
  66     0.67021     0.42071
  67     0.68005     0.43121
  68     0.69015     0.44212
  69     0.70012     0.45307
  70     0.71021     0.46433
  71     0.72007     0.47558
  72     0.73006     0.48719
  73      0.7402     0.49919
  74     0.75003     0.51113
  75     0.76002     0.52353
  76     0.77002     0.53624
  77     0.78018     0.54946
  78     0.79001     0.56253
  79     0.80025     0.57644
  80     0.81016     0.59018
  81     0.82037     0.60472
  82     0.83018      0.6191
  83     0.84008       0.634
  84     0.85015     0.64956
  85     0.86011     0.66542
  86     0.87018     0.68194
  87     0.88017     0.69877
  88     0.89011     0.71604
  89     0.90009     0.73384
  90     0.91004      0.7523
  91      0.9205     0.77265
  92     0.93023     0.79242
  93     0.94021     0.81383
  94     0.95012     0.83605
  95     0.96003     0.85988
  96     0.97017     0.88606
  97     0.98002     0.91406
  98     0.99011     0.94818
  99           1           1
-----------------------------------------

----------------- PPP$ and local currency --------------
         PPP used in computation: 0.40318
     Data mean in local currency: 224.829
               Data mean in PPP$: 545.574
        Poverty line in PPP$/Day: 1.9
      Poverty line in PPP$/Month: 57.7917
  Poverty line in local currency: 23.8157
-------------------------------------------------------

----------------- Estimation result --------------
     Number of observation: 6181
          Total population: 1.99738E+06
              Total wealth: 1.11382E+09(PPP$)
                   Minimum: -445.876(PPP$)
                   Maximum: 6357.85(PPP$)
             Headcount(HC): 0.0137532
          Poverty gap (PG): 0.00968604
       Poverty gap squared: 0.0133657
                      Gini: 0.354829
                    Median: 448.218
                       MLD: 0.251878
                      Watt: 0.00741137
--------------------------------------------------

-------------------------------- Income or Consumption share by deciles (%) -------------------------------------
     2.1873     4.1457     5.5008     6.6932      7.712     8.8049     10.249     12.317     15.758     26.632
-----------------------------------------------------------------------------------------------------------------


