

**********************************************************************************************
**                                   Basic Information                                      **
**********************************************************************************************

----------------- Dataset Information -----------------
                         Country: Morocco
                    Country dode: MAR
                       Data Year: 2006
                        Coverage: National
             Welfare measurement: Consumption
                     Data format: Unit record
                     Data source: MAR_N2006X
                  Data time span: UnDefined
-------------------------------------------------------


----------- Distribution ------------
   i           P           L 
-------------------------------------
   0    0.010022   0.0015183
   1    0.020095   0.0035334
   2     0.03001   0.0058045
   3    0.040045   0.0083009
   4    0.050438    0.011063
   5    0.060115    0.013808
   6    0.070068    0.016765
   7    0.080134    0.019872
   8    0.090001     0.02304
   9     0.10028    0.026463
  10     0.11055    0.030005
  11      0.1203    0.033485
  12     0.13011    0.037087
  13     0.14028    0.040929
  14     0.15004    0.044694
  15     0.16007     0.04866
  16     0.17004    0.052679
  17     0.18019    0.056881
  18      0.1901    0.061083
  19     0.20076    0.065718
  20     0.21008    0.069862
  21      0.2203    0.074481
  22     0.23014    0.079002
  23     0.24015    0.083692
  24     0.25009    0.088431
  25     0.26033    0.093394
  26     0.27012     0.09821
  27     0.28013     0.10322
  28     0.29018     0.10835
  29     0.30021     0.11357
  30      0.3101      0.1188
  31     0.32009     0.12417
  32     0.33019     0.12968
  33     0.34005     0.13515
  34     0.35001     0.14078
  35     0.36015     0.14661
  36     0.37022      0.1525
  37      0.3801     0.15834
  38     0.39001     0.16429
  39     0.40011     0.17043
  40     0.41008     0.17658
  41     0.42009     0.18289
  42      0.4303     0.18941
  43     0.44007     0.19575
  44     0.45012     0.20238
  45     0.46004     0.20904
  46     0.47004     0.21586
  47     0.48027     0.22296
  48     0.49002     0.22985
  49     0.50002       0.237
  50     0.51014     0.24435
  51     0.52006     0.25167
  52     0.53007     0.25917
  53     0.54006     0.26677
  54     0.55006     0.27448
  55     0.56024     0.28247
  56     0.57045     0.29059
  57     0.58006     0.29835
  58     0.59004     0.30654
  59     0.60001     0.31487
  60     0.61007     0.32346
  61     0.62011     0.33215
  62      0.6302     0.34103
  63     0.64023     0.34999
  64     0.65002     0.35889
  65     0.66011     0.36822
  66     0.67004     0.37757
  67     0.68021     0.38732
  68        0.69     0.39688
  69     0.70003     0.40688
  70     0.71024      0.4173
  71     0.72003     0.42745
  72     0.73005     0.43807
  73     0.74011     0.44901
  74     0.75011     0.46011
  75     0.76002     0.47132
  76     0.77002     0.48292
  77     0.78006     0.49486
  78     0.79015     0.50718
  79     0.80007     0.51963
  80     0.81006     0.53248
  81     0.82003     0.54565
  82     0.83002     0.55927
  83     0.84002     0.57331
  84     0.85004     0.58774
  85      0.8601     0.60278
  86     0.87014     0.61838
  87     0.88008     0.63445
  88     0.89005     0.65134
  89      0.9001     0.66918
  90     0.91028     0.68815
  91     0.92013     0.70753
  92     0.93024     0.72871
  93     0.94005     0.75086
  94     0.95005     0.77529
  95     0.96007     0.80236
  96     0.97019     0.83366
  97     0.98013     0.87063
  98     0.99006     0.91665
  99           1           1
-----------------------------------------

----------------- PPP$ and local currency --------------
         PPP used in computation: 4.19314
     Data mean in local currency: 936.087
               Data mean in PPP$: 238.738
        Poverty line in PPP$/Day: 1.9
      Poverty line in PPP$/Month: 57.7917
  Poverty line in local currency: 226.6
-------------------------------------------------------

----------------- Estimation result --------------
     Number of observation: 5977
          Total population: 3.08173E+07
              Total wealth: 6.87972E+09(PPP$)
                   Minimum: 16.4157(PPP$)
                   Maximum: 5199.38(PPP$)
             Headcount(HC): 0.031245
          Poverty gap (PG): 0.00604148
       Poverty gap squared: 0.00185103
                      Gini: 0.407183
                    Median: 172.045
                       MLD: 0.275529
                      Watt: 0.00732941
--------------------------------------------------

-------------------------------- Income or Consumption share by deciles (%) -------------------------------------
     2.6368     3.9021     4.8071     5.6905     6.6619     7.7883     9.1987     11.269     14.945       33.1
-----------------------------------------------------------------------------------------------------------------


