

**********************************************************************************************
**                                   Basic Information                                      **
**********************************************************************************************

----------------- Dataset Information -----------------
                         Country: Morocco
                    Country dode: MAR
                       Data Year: 2000
                        Coverage: National
             Welfare measurement: Consumption
                     Data format: Unit record
                     Data source: MAR_N2000X
                  Data time span: UnDefined
-------------------------------------------------------


----------- Distribution ------------
   i           P           L 
-------------------------------------
   0        0.01    0.001494
   1    0.020023   0.0034993
   2        0.03   0.0057704
   3    0.040045   0.0082665
   4    0.050049    0.010943
   5    0.060017    0.013766
   6    0.070059    0.016743
   7    0.080078    0.019835
   8    0.090026    0.023013
   9     0.10011    0.026346
  10      0.1101    0.029756
  11     0.12003    0.033229
  12     0.13009    0.036841
  13     0.14002    0.040497
  14     0.15003    0.044287
  15     0.16003     0.04816
  16     0.17009    0.052163
  17     0.18003    0.056207
  18     0.19001    0.060345
  19     0.20009    0.064614
  20     0.21007    0.068934
  21     0.22006    0.073333
  22     0.23011     0.07785
  23     0.24014    0.082455
  24     0.25003    0.087074
  25     0.26008    0.091847
  26     0.27002    0.096651
  27     0.28008     0.10159
  28     0.29013      0.1066
  29     0.30001     0.11161
  30     0.31002     0.11677
  31     0.32014     0.12207
  32     0.33001     0.12733
  33     0.34005     0.13278
  34     0.35005     0.13831
  35        0.36      0.1439
  36     0.37005     0.14964
  37     0.38003     0.15544
  38     0.39004     0.16136
  39     0.40002     0.16736
  40     0.41007     0.17353
  41     0.42008     0.17978
  42      0.4301     0.18613
  43     0.44009     0.19258
  44     0.45001     0.19909
  45     0.46003     0.20578
  46     0.47004     0.21257
  47      0.4801     0.21951
  48     0.49004     0.22648
  49     0.50012     0.23368
  50     0.51001     0.24087
  51     0.52004     0.24828
  52     0.53009     0.25584
  53     0.54003     0.26344
  54     0.55006     0.27123
  55     0.56002     0.27908
  56     0.57003     0.28707
  57     0.58013     0.29528
  58     0.59003     0.30347
  59     0.60002      0.3119
  60     0.61001     0.32048
  61      0.6201     0.32933
  62     0.63009     0.33826
  63     0.64002      0.3473
  64     0.65007     0.35664
  65     0.66004     0.36611
  66     0.67003     0.37579
  67     0.68009     0.38572
  68     0.69006     0.39576
  69     0.70002       0.406
  70      0.7101     0.41656
  71     0.72002     0.42716
  72     0.73006     0.43813
  73     0.74001     0.44922
  74     0.75001      0.4606
  75        0.76     0.47227
  76     0.77006     0.48433
  77     0.78013     0.49671
  78     0.79007     0.50924
  79     0.80006     0.52219
  80     0.81002     0.53548
  81     0.82003     0.54924
  82     0.83003     0.56349
  83     0.84004     0.57825
  84     0.85004     0.59356
  85     0.86003     0.60938
  86        0.87     0.62573
  87     0.88005      0.6428
  88     0.89003     0.66038
  89     0.90004     0.67875
  90     0.91006     0.69808
  91     0.92006     0.71841
  92     0.93002      0.7398
  93     0.94002     0.76275
  94     0.95001     0.78761
  95        0.96     0.81496
  96     0.97003     0.84533
  97     0.98006     0.88059
  98     0.99011     0.92272
  99           1           1
-----------------------------------------

----------------- PPP$ and local currency --------------
         PPP used in computation: 4.19314
     Data mean in local currency: 690.011
               Data mean in PPP$: 197.538
        Poverty line in PPP$/Day: 1.9
      Poverty line in PPP$/Month: 57.7917
  Poverty line in local currency: 201.869
-------------------------------------------------------

----------------- Estimation result --------------
     Number of observation: 13545
          Total population: 2.9093E+07
              Total wealth: 4.78746E+09(PPP$)
                   Minimum: 4.72597(PPP$)
                   Maximum: 8039.86(PPP$)
             Headcount(HC): 0.0627446
          Poverty gap (PG): 0.0129777
       Poverty gap squared: 0.00433205
                      Gini: 0.40637
                    Median: 142.135
                       MLD: 0.273692
                      Watt: 0.0162147
--------------------------------------------------

-------------------------------- Income or Consumption share by deciles (%) -------------------------------------
     2.6311     3.8266     4.7027     5.5741     6.6247     7.8291     9.4097     11.613     15.656     32.133
-----------------------------------------------------------------------------------------------------------------


