

**********************************************************************************************
**                                   Basic Information                                      **
**********************************************************************************************

----------------- Dataset Information -----------------
                         Country: Moldova
                    Country dode: MDA
                       Data Year: 1999
                        Coverage: National
             Welfare measurement: Consumption
                     Data format: Unit record
                     Data source: MDA_N1999X
                  Data time span: UnDefined
-------------------------------------------------------


----------- Distribution ------------
   i           P           L 
-------------------------------------
   0    0.010037   0.0012043
   1    0.020027   0.0028054
   2    0.030143   0.0047731
   3    0.040035   0.0069445
   4    0.050118    0.009336
   5    0.060028    0.011856
   6    0.070654    0.014701
   7    0.080267    0.017385
   8    0.090319    0.020337
   9     0.10004    0.023298
  10     0.11002     0.02644
  11     0.12005    0.029722
  12     0.13009    0.033122
  13     0.14014    0.036617
  14     0.15017    0.040199
  15     0.16032     0.04394
  16     0.17002    0.047603
  17     0.18008    0.051496
  18     0.19039    0.055588
  19     0.20019     0.05961
  20     0.21017    0.063791
  21     0.22009    0.068033
  22     0.23012    0.072429
  23     0.24001    0.076853
  24     0.25005    0.081443
  25     0.26019    0.086166
  26     0.27002     0.09083
  27     0.28009    0.095678
  28     0.29012     0.10059
  29     0.30014     0.10557
  30     0.31015     0.11065
  31     0.32021     0.11588
  32     0.33001     0.12109
  33     0.34018     0.12659
  34     0.35024     0.13213
  35     0.36019      0.1377
  36     0.37033     0.14347
  37     0.38011     0.14911
  38     0.39011     0.15495
  39     0.40004     0.16083
  40      0.4101     0.16689
  41     0.42002     0.17297
  42      0.4303     0.17938
  43     0.44015     0.18559
  44      0.4502     0.19207
  45     0.46025     0.19865
  46     0.47007     0.20518
  47     0.48008     0.21192
  48     0.49033     0.21895
  49     0.50006     0.22572
  50     0.51026     0.23293
  51      0.5202     0.24006
  52     0.53007     0.24722
  53      0.5401      0.2546
  54     0.55004     0.26204
  55     0.56004     0.26967
  56     0.57015     0.27753
  57     0.58092     0.28605
  58     0.59038     0.29365
  59     0.60007     0.30155
  60     0.61013     0.30988
  61     0.62003     0.31823
  62     0.63006     0.32681
  63     0.64038      0.3358
  64     0.65022     0.34455
  65      0.6601     0.35354
  66     0.67009     0.36281
  67      0.6802     0.37234
  68     0.69007     0.38186
  69     0.70013     0.39174
  70     0.71009     0.40173
  71     0.72043     0.41236
  72     0.73009     0.42259
  73     0.74051      0.4339
  74     0.75013     0.44463
  75     0.76011     0.45598
  76     0.77018     0.46771
  77      0.7802     0.47966
  78     0.79009     0.49183
  79     0.80001      0.5044
  80     0.81037     0.51784
  81      0.8201     0.53087
  82     0.83017     0.54477
  83     0.84021     0.55904
  84     0.85004     0.57349
  85      0.8603     0.58909
  86     0.87012     0.60459
  87     0.88015     0.62115
  88     0.89003     0.63824
  89     0.90028     0.65692
  90     0.91017     0.67604
  91     0.92016      0.6964
  92     0.93004     0.71774
  93        0.94     0.74108
  94     0.95002     0.76746
  95     0.96206     0.80315
  96      0.9758     0.85161
  97     0.98004     0.86848
  98      0.9905     0.91879
  99           1           1
-----------------------------------------

----------------- PPP$ and local currency --------------
         PPP used in computation: 5.45133
     Data mean in local currency: 152.824
               Data mean in PPP$: 98.2201
        Poverty line in PPP$/Day: 1.9
      Poverty line in PPP$/Month: 57.7917
  Poverty line in local currency: 89.9198
-------------------------------------------------------

----------------- Estimation result --------------
     Number of observation: 6071
          Total population: 3.64831E+06
              Total wealth: 1.02277E+08(PPP$)
                   Minimum: 0.236096(PPP$)
                   Maximum: 517.591(PPP$)
             Headcount(HC): 0.391045
          Poverty gap (PG): 0.126763
       Poverty gap squared: 0.0579995
                      Gini: 0.426242
                    Median: 69.0027
                       MLD: 0.305217
                      Watt: 0.1765
--------------------------------------------------

-------------------------------- Income or Consumption share by deciles (%) -------------------------------------
     2.3286     3.6248     4.5966     5.5308     6.4866     7.5811      9.013     11.276     15.204     34.358
-----------------------------------------------------------------------------------------------------------------


