

**********************************************************************************************
**                                   Basic Information                                      **
**********************************************************************************************

----------------- Dataset Information -----------------
                         Country: Moldova
                    Country dode: MDA
                       Data Year: 2001
                        Coverage: National
             Welfare measurement: Consumption
                     Data format: Unit record
                     Data source: MDA_N2001X
                  Data time span: UnDefined
-------------------------------------------------------


----------- Distribution ------------
   i           P           L 
-------------------------------------
   0    0.010206   0.0013586
   1    0.020409   0.0033101
   2    0.030047   0.0054607
   3    0.040126   0.0079553
   4    0.050116    0.010635
   5    0.060031    0.013491
   6    0.070078     0.01651
   7    0.080075    0.019666
   8    0.090122    0.022995
   9     0.10012    0.026434
  10     0.11016    0.029995
  11     0.12001    0.033609
  12     0.13012    0.037442
  13     0.14018    0.041365
  14     0.15021    0.045391
  15     0.16012     0.04946
  16     0.17016    0.053689
  17     0.18024    0.058052
  18     0.19003    0.062388
  19     0.20013    0.066963
  20     0.21011    0.071576
  21     0.22011    0.076298
  22     0.23005    0.081115
  23     0.24022    0.086136
  24     0.25012    0.091119
  25     0.26022    0.096298
  26     0.27002      0.1014
  27     0.28015     0.10679
  28     0.29012     0.11219
  29     0.30016     0.11775
  30     0.31028     0.12343
  31     0.32005     0.12901
  32     0.33001     0.13479
  33     0.34011     0.14072
  34      0.3501     0.14669
  35     0.36002      0.1527
  36     0.37008      0.1589
  37     0.38008     0.16515
  38     0.39006     0.17147
  39     0.40004     0.17787
  40     0.41004     0.18439
  41     0.42014     0.19107
  42     0.43016      0.1978
  43     0.44005     0.20455
  44     0.45022     0.21163
  45     0.46017     0.21867
  46     0.47009     0.22579
  47     0.48005     0.23306
  48     0.49012     0.24054
  49     0.50005     0.24808
  50     0.51006     0.25579
  51     0.52011     0.26365
  52     0.53021     0.27169
  53     0.54009      0.2797
  54     0.55015       0.288
  55     0.56015     0.29641
  56     0.57014     0.30493
  57      0.5801     0.31356
  58     0.59003     0.32228
  59     0.60008     0.33124
  60      0.6103      0.3405
  61     0.62009     0.34952
  62     0.63005     0.35886
  63     0.64011     0.36846
  64     0.65009     0.37815
  65     0.66001     0.38795
  66     0.67021     0.39823
  67     0.68001     0.40824
  68     0.69003     0.41863
  69         0.7     0.42916
  70     0.71003     0.43996
  71     0.72011     0.45106
  72     0.73019     0.46244
  73     0.74007     0.47382
  74     0.75007     0.48557
  75        0.76      0.4975
  76     0.77011     0.50988
  77     0.78013     0.52246
  78     0.79013     0.53529
  79     0.80006     0.54831
  80        0.81     0.56163
  81     0.82004     0.57543
  82     0.83021     0.58978
  83     0.84002     0.60402
  84     0.85003     0.61906
  85     0.86003     0.63458
  86     0.87019     0.65085
  87     0.88023     0.66757
  88     0.89003     0.68448
  89     0.90005     0.70239
  90     0.91009     0.72109
  91     0.92005     0.74055
  92     0.93016     0.76167
  93     0.94002     0.78358
  94     0.95009     0.80764
  95     0.96019      0.8336
  96     0.97007     0.86195
  97     0.98006     0.89429
  98     0.99028     0.93525
  99           1           1
-----------------------------------------

----------------- PPP$ and local currency --------------
         PPP used in computation: 5.45133
     Data mean in local currency: 242.684
               Data mean in PPP$: 108.478
        Poverty line in PPP$/Day: 1.9
      Poverty line in PPP$/Month: 57.7917
  Poverty line in local currency: 129.29
-------------------------------------------------------

----------------- Estimation result --------------
     Number of observation: 6212
          Total population: 3.63338E+06
              Total wealth: 1.61752E+08(PPP$)
                   Minimum: 1.41355(PPP$)
                   Maximum: 549.172(PPP$)
             Headcount(HC): 0.275615
          Poverty gap (PG): 0.0797109
       Poverty gap squared: 0.0335161
                      Gini: 0.379892
                    Median: 83.0531
                       MLD: 0.241999
                      Watt: 0.107583
--------------------------------------------------

-------------------------------- Income or Consumption share by deciles (%) -------------------------------------
     2.6392     4.0511     5.0755     6.0191     7.0191      8.313     9.7984     11.907     15.407      29.77
-----------------------------------------------------------------------------------------------------------------


