

**********************************************************************************************
**                                   Basic Information                                      **
**********************************************************************************************

----------------- Dataset Information -----------------
                         Country: Moldova
                    Country dode: MDA
                       Data Year: 1997
                        Coverage: National
             Welfare measurement: Consumption
                     Data format: Unit record
                     Data source: MDA_N1997X
                  Data time span: UnDefined
-------------------------------------------------------


----------- Distribution ------------
   i           P           L 
-------------------------------------
   0      0.0104   0.0010165
   1    0.020026   0.0024805
   2    0.030132    0.004429
   3    0.040153   0.0067159
   4    0.050345   0.0093157
   5     0.06013    0.012005
   6    0.070053    0.014857
   7    0.080113    0.017913
   8    0.090658    0.021288
   9     0.10026    0.024486
  10     0.11031    0.028001
  11     0.12039     0.03174
  12     0.13009    0.035485
  13     0.14026    0.039525
  14     0.15024    0.043599
  15     0.16007     0.04771
  16     0.17036    0.052115
  17      0.1804     0.05653
  18     0.19022    0.060954
  19     0.20025     0.06559
  20     0.21025    0.070336
  21     0.22009    0.075109
  22     0.23022    0.080158
  23     0.24017      0.0852
  24     0.25031    0.090421
  25     0.26025     0.09563
  26     0.27007     0.10087
  27     0.28026     0.10639
  28     0.29016     0.11188
  29     0.30036     0.11761
  30     0.31004     0.12313
  31     0.32002     0.12894
  32     0.33007     0.13488
  33     0.34002     0.14087
  34     0.35022      0.1471
  35     0.36014     0.15327
  36     0.37018     0.15964
  37     0.38027     0.16615
  38     0.39046     0.17283
  39     0.40023     0.17935
  40     0.41012     0.18602
  41     0.42013     0.19287
  42     0.43015     0.19985
  43     0.44008      0.2069
  44     0.45003     0.21409
  45     0.46005     0.22145
  46     0.47021     0.22905
  47      0.4803     0.23672
  48     0.49009     0.24429
  49     0.50013     0.25217
  50     0.51039     0.26035
  51     0.52017     0.26825
  52     0.53029     0.27656
  53     0.54016      0.2848
  54     0.55014     0.29322
  55        0.56     0.30168
  56      0.5701     0.31051
  57     0.58001     0.31933
  58        0.59     0.32838
  59     0.60003     0.33758
  60     0.61041     0.34727
  61     0.62011      0.3565
  62     0.63012     0.36618
  63     0.64004     0.37595
  64     0.65021     0.38616
  65     0.66005     0.39618
  66      0.6701     0.40658
  67     0.68043     0.41752
  68     0.69011     0.42799
  69     0.70003      0.4389
  70     0.71001      0.4501
  71     0.72018     0.46174
  72     0.73035     0.47362
  73     0.74027     0.48542
  74     0.75008     0.49731
  75     0.76001     0.50961
  76     0.77002     0.52229
  77     0.78018     0.53547
  78     0.79024     0.54884
  79     0.80004     0.56219
  80     0.81007     0.57616
  81     0.82004     0.59038
  82     0.83012     0.60511
  83        0.84     0.61989
  84     0.85028     0.63555
  85     0.86003     0.65089
  86     0.87018     0.66739
  87     0.88021     0.68421
  88     0.89032     0.70167
  89     0.90002     0.71898
  90     0.91005     0.73762
  91     0.92002     0.75678
  92      0.9301     0.77706
  93     0.94016     0.79872
  94     0.95009     0.82167
  95     0.96005     0.84651
  96     0.97005     0.87356
  97     0.98003     0.90408
  98     0.99009     0.93959
  99           1           1
-----------------------------------------

----------------- PPP$ and local currency --------------
         PPP used in computation: 5.45133
     Data mean in local currency: 141.625
               Data mean in PPP$: 136.54
        Poverty line in PPP$/Day: 1.9
      Poverty line in PPP$/Month: 57.7917
  Poverty line in local currency: 59.9439
-------------------------------------------------------

----------------- Estimation result --------------
     Number of observation: 4414
          Total population: 3.59595E+06
              Total wealth: 9.34226E+07(PPP$)
                   Minimum: 1.1006(PPP$)
                   Maximum: 460.3(PPP$)
             Headcount(HC): 0.160654
          Poverty gap (PG): 0.0473494
       Poverty gap squared: 0.0215845
                      Gini: 0.369421
                    Median: 108.071
                       MLD: 0.235836
                      Watt: 0.0668366
--------------------------------------------------

-------------------------------- Income or Consumption share by deciles (%) -------------------------------------
     2.4399     4.1078     5.1932     6.1784     7.2869     8.5493      10.13     12.328      15.68     28.106
-----------------------------------------------------------------------------------------------------------------


