

**********************************************************************************************
**                                   Basic Information                                      **
**********************************************************************************************

----------------- Dataset Information -----------------
                         Country: Moldova
                    Country dode: MDA
                       Data Year: 2009
                        Coverage: National
             Welfare measurement: Consumption
                     Data format: Unit record
                     Data source: MDA_N2009X
                  Data time span: UnDefined
-------------------------------------------------------


----------- Distribution ------------
   i           P           L 
-------------------------------------
   0    0.010043   0.0018625
   1    0.020252   0.0042973
   2    0.030345   0.0070491
   3    0.040293    0.009994
   4    0.050004    0.013003
   5     0.06021    0.016286
   6    0.070123    0.019649
   7    0.080076    0.023183
   8    0.090015    0.026867
   9     0.10003      0.0307
  10     0.11018    0.034691
  11     0.12005    0.038708
  12     0.13014    0.042938
  13        0.14    0.047224
  14     0.15027    0.051808
  15      0.1603    0.056413
  16     0.17016    0.061062
  17     0.18013    0.065902
  18     0.19007    0.070827
  19     0.20007    0.075882
  20      0.2101    0.081041
  21     0.22019    0.086314
  22     0.23009    0.091578
  23      0.2401    0.097024
  24     0.25006     0.10255
  25     0.26003     0.10818
  26     0.27009     0.11397
  27     0.28021     0.11991
  28     0.29007     0.12578
  29     0.30002     0.13182
  30     0.31023     0.13811
  31     0.32017     0.14434
  32      0.3301     0.15066
  33     0.34009      0.1571
  34     0.35018     0.16371
  35     0.36006     0.17027
  36     0.37009     0.17705
  37     0.38014     0.18396
  38     0.39004     0.19085
  39     0.40019       0.198
  40     0.41044     0.20534
  41     0.42012     0.21237
  42     0.43012     0.21973
  43     0.44015     0.22723
  44     0.45023     0.23489
  45     0.46008     0.24248
  46     0.47003     0.25024
  47     0.48005      0.2582
  48     0.49015     0.26634
  49     0.50023      0.2746
  50     0.51003     0.28278
  51     0.52005     0.29129
  52     0.53006     0.29992
  53     0.54016     0.30875
  54     0.55002     0.31753
  55      0.5602     0.32673
  56     0.57008      0.3358
  57     0.58013     0.34518
  58     0.59017      0.3547
  59     0.60002     0.36419
  60     0.61009     0.37404
  61     0.62001     0.38388
  62     0.63002     0.39396
  63     0.64024      0.4044
  64     0.65006     0.41457
  65     0.66019     0.42521
  66     0.67005     0.43579
  67     0.68004     0.44669
  68     0.69012     0.45789
  69     0.70013     0.46917
  70     0.71013     0.48065
  71     0.72018     0.49244
  72     0.73036     0.50458
  73        0.74     0.51626
  74     0.75001     0.52859
  75     0.76022     0.54143
  76     0.77028     0.55437
  77     0.78017     0.56737
  78     0.79008      0.5806
  79         0.8     0.59417
  80     0.81002     0.60816
  81     0.82001     0.62246
  82     0.83017     0.63738
  83     0.84023     0.65245
  84     0.85003     0.66748
  85     0.86002     0.68318
  86     0.87002     0.69919
  87     0.88006     0.71562
  88     0.89023     0.73276
  89     0.90006      0.7498
  90     0.91006      0.7677
  91     0.92013     0.78652
  92     0.93001     0.80575
  93        0.94     0.82617
  94     0.95028     0.84832
  95     0.96013     0.87088
  96     0.97009      0.8955
  97     0.98022     0.92303
  98     0.99017     0.95481
  99           1           1
-----------------------------------------

----------------- PPP$ and local currency --------------
         PPP used in computation: 5.45133
     Data mean in local currency: 1256.98
               Data mean in PPP$: 266.373
        Poverty line in PPP$/Day: 1.9
      Poverty line in PPP$/Month: 57.7917
  Poverty line in local currency: 272.71
-------------------------------------------------------

----------------- Estimation result --------------
     Number of observation: 5531
          Total population: 3.36479E+06
              Total wealth: 7.75858E+08(PPP$)
                   Minimum: 16.5337(PPP$)
                   Maximum: 2754.14(PPP$)
             Headcount(HC): 0.0102873
          Poverty gap (PG): 0.00145983
       Poverty gap squared: 0.00041339
                      Gini: 0.329109
                    Median: 220.014
                       MLD: 0.179675
                      Watt: 0.00177662
--------------------------------------------------

-------------------------------- Income or Consumption share by deciles (%) -------------------------------------
     3.0686      4.516     5.5958     6.6066     7.6549     8.9747     10.486     12.514     15.553     25.031
-----------------------------------------------------------------------------------------------------------------


