

**********************************************************************************************
**                                   Basic Information                                      **
**********************************************************************************************

----------------- Dataset Information -----------------
                         Country: Moldova
                    Country dode: MDA
                       Data Year: 2004
                        Coverage: National
             Welfare measurement: Consumption
                     Data format: Unit record
                     Data source: MDA_N2004X
                  Data time span: UnDefined
-------------------------------------------------------


----------- Distribution ------------
   i           P           L 
-------------------------------------
   0    0.010369   0.0017631
   1    0.020225   0.0039758
   2    0.030107   0.0065447
   3    0.040038   0.0093439
   4    0.050006    0.012344
   5    0.060088    0.015581
   6    0.070018    0.018943
   7    0.080064    0.022484
   8     0.09004    0.026123
   9     0.10003    0.029891
  10     0.11032    0.033876
  11      0.1204    0.037892
  12     0.13015    0.041897
  13     0.14002    0.046061
  14     0.15015    0.050439
  15     0.16047    0.055001
  16     0.17002    0.059327
  17     0.18011    0.064001
  18      0.1902     0.06878
  19      0.2002    0.073625
  20     0.21016    0.078564
  21     0.22021    0.083664
  22     0.23005    0.088763
  23     0.24012    0.094076
  24     0.25003    0.099397
  25     0.26005     0.10488
  26     0.27004     0.11044
  27     0.28009     0.11612
  28     0.29026     0.12196
  29     0.30007      0.1277
  30     0.31008     0.13367
  31        0.32     0.13969
  32     0.33023     0.14601
  33     0.34009     0.15218
  34     0.35009     0.15855
  35     0.36003     0.16498
  36     0.37013     0.17163
  37        0.38     0.17822
  38     0.39023     0.18517
  39     0.40002     0.19193
  40     0.41019     0.19903
  41     0.42006     0.20601
  42        0.43     0.21316
  43     0.44004     0.22048
  44     0.45006      0.2279
  45     0.46009     0.23544
  46     0.47012     0.24311
  47     0.48003     0.25078
  48     0.49008     0.25869
  49     0.50023     0.26679
  50     0.51001     0.27471
  51     0.52019     0.28309
  52     0.53005     0.29133
  53     0.54008     0.29981
  54     0.55001     0.30835
  55     0.56023     0.31725
  56     0.57013     0.32601
  57      0.5801     0.33494
  58     0.59003     0.34394
  59     0.60002     0.35311
  60     0.61015     0.36254
  61     0.62004      0.3719
  62     0.63012     0.38157
  63     0.64002     0.39121
  64     0.65005     0.40111
  65     0.66004     0.41113
  66     0.67004     0.42133
  67     0.68005     0.43171
  68     0.69025     0.44246
  69     0.70025     0.45318
  70     0.71007     0.46387
  71     0.72024     0.47513
  72     0.73007     0.48622
  73     0.74007     0.49765
  74     0.75015     0.50941
  75     0.76007     0.52122
  76     0.77011      0.5334
  77     0.78002     0.54568
  78     0.79018     0.55857
  79     0.80017     0.57155
  80     0.81036     0.58513
  81     0.82005     0.59839
  82     0.83013     0.61253
  83     0.84003     0.62676
  84     0.85007     0.64161
  85     0.86004     0.65675
  86     0.87015     0.67257
  87        0.88      0.6886
  88     0.89019     0.70583
  89     0.90001     0.72309
  90     0.91003     0.74136
  91     0.92008     0.76041
  92     0.93032     0.78085
  93     0.94013     0.80154
  94     0.95022     0.82425
  95     0.96027     0.84882
  96     0.97004     0.87528
  97     0.98025     0.90671
  98     0.99006     0.94272
  99           1           1
-----------------------------------------

----------------- PPP$ and local currency --------------
         PPP used in computation: 5.45133
     Data mean in local currency: 464.403
               Data mean in PPP$: 157.084
        Poverty line in PPP$/Day: 1.9
      Poverty line in PPP$/Month: 57.7917
  Poverty line in local currency: 170.855
-------------------------------------------------------

----------------- Estimation result --------------
     Number of observation: 6119
          Total population: 3.6068E+06
              Total wealth: 3.07266E+08(PPP$)
                   Minimum: 8.27829(PPP$)
                   Maximum: 1080.66(PPP$)
             Headcount(HC): 0.0866167
          Poverty gap (PG): 0.0190479
       Poverty gap squared: 0.0065368
                      Gini: 0.350296
                    Median: 126.352
                       MLD: 0.203552
                      Watt: 0.0238221
--------------------------------------------------

-------------------------------- Income or Consumption share by deciles (%) -------------------------------------
     2.9881     4.3647     5.4132     6.4253     7.4696     8.6479     9.9826     11.842     15.174     27.693
-----------------------------------------------------------------------------------------------------------------


