

**********************************************************************************************
**                                   Basic Information                                      **
**********************************************************************************************

----------------- Dataset Information -----------------
                         Country: Moldova
                    Country dode: MDA
                       Data Year: 1998
                        Coverage: National
             Welfare measurement: Consumption
                     Data format: Unit record
                     Data source: MDA_N1998X
                  Data time span: UnDefined
-------------------------------------------------------


----------- Distribution ------------
   i           P           L 
-------------------------------------
   0    0.010254   0.0010929
   1    0.020232   0.0024965
   2    0.030101   0.0041925
   3    0.040021     0.00622
   4    0.050046   0.0084718
   5    0.060261    0.010977
   6    0.070132    0.013556
   7    0.080441    0.016388
   8    0.090277    0.019242
   9     0.10011    0.022232
  10     0.11032    0.025472
  11     0.12028    0.028763
  12     0.13024    0.032185
  13     0.14009    0.035721
  14      0.1505    0.039626
  15     0.16002    0.043288
  16        0.17    0.047227
  17     0.18004     0.05129
  18     0.19019     0.05552
  19     0.20005    0.059758
  20     0.21005    0.064145
  21     0.22005    0.068627
  22     0.23001    0.073174
  23     0.24034    0.077991
  24     0.25008    0.082658
  25     0.26007    0.087567
  26      0.2702    0.092658
  27     0.28013    0.097777
  28     0.29006     0.10301
  29     0.30025     0.10847
  30     0.31053     0.11407
  31     0.32012     0.11938
  32     0.33005     0.12499
  33     0.34002     0.13074
  34     0.35006     0.13663
  35     0.36003     0.14257
  36      0.3701     0.14868
  37     0.38003     0.15479
  38     0.39014     0.16113
  39     0.40014      0.1675
  40      0.4101     0.17392
  41     0.42014      0.1805
  42     0.43042     0.18736
  43     0.44004      0.1939
  44     0.45005     0.20082
  45     0.46003     0.20783
  46     0.47008     0.21502
  47     0.48006     0.22228
  48      0.4901     0.22974
  49     0.50029     0.23746
  50     0.51003     0.24496
  51      0.5203     0.25301
  52     0.53004     0.26078
  53     0.54012     0.26894
  54     0.55007     0.27715
  55     0.56006     0.28552
  56     0.57003     0.29403
  57     0.58011     0.30276
  58     0.59007      0.3115
  59     0.60003     0.32037
  60     0.61009     0.32949
  61     0.62012     0.33874
  62     0.63003     0.34805
  63      0.6401     0.35766
  64     0.65006     0.36739
  65     0.66012      0.3774
  66     0.67002     0.38748
  67     0.68003     0.39787
  68     0.69034     0.40878
  69     0.70008      0.4193
  70     0.71002     0.43023
  71     0.72016     0.44161
  72     0.73007     0.45296
  73     0.74021     0.46481
  74     0.75002     0.47651
  75     0.76014     0.48886
  76     0.77001      0.5012
  77     0.78005       0.514
  78     0.79017      0.5273
  79     0.80002     0.54062
  80     0.81011     0.55461
  81     0.82025     0.56897
  82     0.83018     0.58342
  83     0.84022     0.59843
  84     0.85008     0.61369
  85     0.86009     0.62964
  86     0.87017      0.6462
  87     0.88004     0.66291
  88     0.89009     0.68057
  89     0.90009     0.69892
  90     0.91002     0.71785
  91     0.92002     0.73778
  92      0.9301     0.75905
  93     0.94002     0.78115
  94     0.95011     0.80506
  95     0.96009     0.83038
  96     0.97003     0.85814
  97     0.98023     0.89013
  98     0.99004     0.92778
  99           1           1
-----------------------------------------

----------------- PPP$ and local currency --------------
         PPP used in computation: 5.45133
     Data mean in local currency: 125.326
               Data mean in PPP$: 112.098
        Poverty line in PPP$/Day: 1.9
      Poverty line in PPP$/Month: 57.7917
  Poverty line in local currency: 64.6114
-------------------------------------------------------

----------------- Estimation result --------------
     Number of observation: 6304
          Total population: 3.62211E+06
              Total wealth: 8.32721E+07(PPP$)
                   Minimum: 1.17509(PPP$)
                   Maximum: 610.755(PPP$)
             Headcount(HC): 0.27557
          Poverty gap (PG): 0.0905013
       Poverty gap squared: 0.0425031
                      Gini: 0.395186
                    Median: 85.7066
                       MLD: 0.270023
                      Watt: 0.128339
--------------------------------------------------

-------------------------------- Income or Consumption share by deciles (%) -------------------------------------
     2.2199     3.7536     4.8599     5.9079     6.9827     8.3111     9.8863     12.138     15.817     30.123
-----------------------------------------------------------------------------------------------------------------


