

**********************************************************************************************
**                                   Basic Information                                      **
**********************************************************************************************

----------------- Dataset Information -----------------
                         Country: Moldova
                    Country dode: MDA
                       Data Year: 2000
                        Coverage: National
             Welfare measurement: Consumption
                     Data format: Unit record
                     Data source: MDA_N2000X
                  Data time span: UnDefined
-------------------------------------------------------


----------- Distribution ------------
   i           P           L 
-------------------------------------
   0    0.010073   0.0013445
   1    0.020202   0.0033272
   2    0.030343   0.0056551
   3    0.040049   0.0081456
   4    0.050045    0.010957
   5    0.060171    0.013985
   6    0.070036    0.017081
   7    0.080134    0.020405
   8    0.090111    0.023837
   9     0.10032    0.027484
  10     0.11004     0.03105
  11     0.12006    0.034836
  12     0.13007    0.038722
  13     0.14002      0.0427
  14     0.15013    0.046877
  15     0.16009    0.051128
  16     0.17001    0.055472
  17     0.18008    0.059978
  18        0.19      0.0645
  19     0.20019     0.06927
  20     0.21006    0.074012
  21     0.22007    0.078925
  22     0.23002    0.083906
  23      0.2401    0.089065
  24     0.25014     0.09431
  25     0.26014    0.099628
  26     0.27008     0.10504
  27     0.28002     0.11056
  28     0.29004      0.1162
  29     0.30001     0.12191
  30     0.31003     0.12772
  31     0.32011     0.13366
  32     0.33006     0.13961
  33     0.34004     0.14568
  34      0.3501     0.15191
  35     0.36006     0.15819
  36     0.37006      0.1646
  37     0.38014     0.17117
  38        0.39     0.17769
  39      0.4002     0.18455
  40     0.41002     0.19125
  41     0.42029     0.19836
  42     0.43004     0.20521
  43     0.44003     0.21233
  44     0.45008     0.21958
  45        0.46     0.22684
  46     0.47032     0.23451
  47     0.48004     0.24187
  48        0.49     0.24949
  49     0.50019     0.25742
  50     0.51005     0.26523
  51     0.52012     0.27333
  52     0.53013     0.28153
  53     0.54008      0.2898
  54     0.55015      0.2983
  55     0.56001     0.30674
  56     0.57007     0.31549
  57     0.58016      0.3244
  58     0.59012     0.33332
  59     0.60005     0.34234
  60     0.61006     0.35158
  61     0.62013     0.36103
  62     0.63023     0.37068
  63     0.64008     0.38025
  64     0.65006     0.39011
  65     0.66005     0.40017
  66     0.67008     0.41043
  67        0.68     0.42078
  68     0.69021     0.43163
  69     0.70004     0.44227
  70        0.71     0.45322
  71     0.72005     0.46444
  72     0.73004     0.47581
  73     0.74012     0.48751
  74     0.75013     0.49938
  75     0.76005     0.51137
  76     0.77004     0.52367
  77     0.78004     0.53621
  78     0.79017     0.54921
  79     0.80003     0.56221
  80     0.81015     0.57589
  81     0.82003     0.58955
  82     0.83014     0.60393
  83     0.84004     0.61837
  84     0.85004     0.63332
  85     0.86006     0.64871
  86     0.87006     0.66453
  87     0.88003     0.68082
  88     0.89008     0.69793
  89     0.90012     0.71572
  90     0.91011     0.73414
  91     0.92004     0.75328
  92     0.93001     0.77365
  93     0.94007     0.79531
  94     0.95002     0.81833
  95     0.96005      0.8434
  96     0.97016      0.8712
  97     0.98026     0.90252
  98     0.99018     0.93966
  99           1           1
-----------------------------------------

----------------- PPP$ and local currency --------------
         PPP used in computation: 5.45133
     Data mean in local currency: 185.803
               Data mean in PPP$: 91.0559
        Poverty line in PPP$/Day: 1.9
      Poverty line in PPP$/Month: 57.7917
  Poverty line in local currency: 117.926
-------------------------------------------------------

----------------- Estimation result --------------
     Number of observation: 6218
          Total population: 3.64293E+06
              Total wealth: 1.24165E+08(PPP$)
                   Minimum: 1.33568(PPP$)
                   Maximum: 1258.33(PPP$)
             Headcount(HC): 0.359246
          Poverty gap (PG): 0.110823
       Poverty gap squared: 0.0487096
                      Gini: 0.364257
                    Median: 71.5769
                       MLD: 0.223474
                      Watt: 0.152166
--------------------------------------------------

-------------------------------- Income or Consumption share by deciles (%) -------------------------------------
     2.7371     4.1812     5.2718     6.2512     7.2859     8.5024     9.9932     11.995     15.332      28.45
-----------------------------------------------------------------------------------------------------------------


