

**********************************************************************************************
**                                   Basic Information                                      **
**********************************************************************************************

----------------- Dataset Information -----------------
                         Country: Moldova
                    Country dode: MDA
                       Data Year: 2014
                        Coverage: National
             Welfare measurement: Consumption
                     Data format: Unit record
                     Data source: MDA_N2014X
                  Data time span: UnDefined
-------------------------------------------------------


----------- Distribution ------------
   i           P           L 
-------------------------------------
   0    0.010197   0.0029904
   1    0.020242   0.0065793
   2    0.030376    0.010493
   3    0.040233    0.014489
   4     0.05023    0.018757
   5     0.06006    0.023102
   6    0.070008    0.027639
   7    0.080391    0.032513
   8    0.090124    0.037169
   9     0.10004    0.042025
  10     0.11026    0.047152
  11     0.12019    0.052247
  12     0.13008    0.057439
  13     0.14004     0.06278
  14     0.15001    0.068243
  15     0.16023     0.07396
  16     0.17015    0.079616
  17      0.1801    0.085381
  18     0.19017    0.091314
  19     0.20005    0.097219
  20     0.21019     0.10336
  21        0.22     0.10937
  22     0.23052      0.1159
  23     0.24011     0.12192
  24      0.2501     0.12828
  25     0.26024     0.13483
  26     0.27044     0.14152
  27     0.28016     0.14799
  28     0.29007     0.15469
  29     0.30001     0.16149
  30     0.31074     0.16893
  31     0.32094     0.17611
  32        0.33     0.18253
  33     0.34002     0.18972
  34     0.35001     0.19695
  35     0.36028     0.20448
  36     0.37027     0.21189
  37     0.38014      0.2193
  38     0.39016     0.22693
  39     0.40003     0.23453
  40     0.41002      0.2423
  41     0.42017     0.25032
  42     0.43011     0.25826
  43     0.44003     0.26628
  44     0.45009     0.27448
  45     0.46015     0.28276
  46     0.47028     0.29118
  47      0.4802     0.29952
  48      0.4907     0.30844
  49     0.50052     0.31688
  50     0.51033     0.32542
  51     0.52019     0.33409
  52     0.53034     0.34314
  53      0.5403     0.35212
  54     0.55015     0.36109
  55     0.56008     0.37024
  56     0.57005     0.37955
  57      0.5801     0.38905
  58     0.59013     0.39866
  59     0.60005     0.40825
  60     0.61033     0.41832
  61     0.62011     0.42803
  62     0.63011      0.4381
  63     0.64032     0.44853
  64     0.65007     0.45859
  65     0.66031     0.46933
  66      0.6704     0.48006
  67     0.68001     0.49046
  68     0.69025     0.50169
  69     0.70002     0.51256
  70     0.71005     0.52391
  71     0.72028     0.53565
  72     0.73017     0.54714
  73     0.74014      0.5589
  74      0.7503     0.57104
  75     0.76036     0.58328
  76     0.77002     0.59521
  77     0.78023     0.60801
  78     0.79002     0.62053
  79     0.80039     0.63401
  80     0.81008     0.64678
  81     0.82003     0.66014
  82     0.83016     0.67407
  83     0.84013     0.68803
  84     0.85002     0.70214
  85     0.86002     0.71673
  86     0.87029     0.73217
  87     0.88006     0.74719
  88     0.89033     0.76338
  89     0.90046     0.77983
  90        0.91     0.79573
  91     0.92001     0.81293
  92     0.93018       0.831
  93     0.94017     0.84937
  94     0.95011     0.86871
  95     0.96053     0.89023
  96     0.97032     0.91177
  97     0.98023     0.93582
  98     0.99001     0.96265
  99           1           1
-----------------------------------------

----------------- PPP$ and local currency --------------
         PPP used in computation: 5.45133
     Data mean in local currency: 1784.5
               Data mean in PPP$: 284.484
        Poverty line in PPP$/Day: 1.9
      Poverty line in PPP$/Month: 57.7917
  Poverty line in local currency: 362.514
-------------------------------------------------------

----------------- Estimation result --------------
     Number of observation: 4884
          Total population: 3.33372E+06
              Total wealth: 1.0913E+09(PPP$)
                   Minimum: 71.4228(PPP$)
                   Maximum: 2974.06(PPP$)
             Headcount(HC): 0
          Poverty gap (PG): 0
       Poverty gap squared: 0
                      Gini: 0.268339
                    Median: 246.163
                       MLD: 0.115575
                      Watt: 0
--------------------------------------------------

-------------------------------- Income or Consumption share by deciles (%) -------------------------------------
     4.2007     5.5182     6.4294     7.3017     8.1932     9.1775     10.432     12.097     14.557     22.093
-----------------------------------------------------------------------------------------------------------------


