

**********************************************************************************************
**                                   Basic Information                                      **
**********************************************************************************************

----------------- Dataset Information -----------------
                         Country: Moldova
                    Country dode: MDA
                       Data Year: 2002
                        Coverage: National
             Welfare measurement: Consumption
                     Data format: Unit record
                     Data source: MDA_N2002X
                  Data time span: UnDefined
-------------------------------------------------------


----------- Distribution ------------
   i           P           L 
-------------------------------------
   0    0.010145   0.0016699
   1    0.020004   0.0038459
   2    0.030328   0.0064114
   3    0.040082   0.0090797
   4    0.050286    0.012023
   5    0.060339    0.015063
   6     0.07026     0.01821
   7    0.080106    0.021459
   8    0.090045     0.02488
   9     0.10003    0.028418
  10     0.11003    0.032072
  11     0.12026    0.035937
  12     0.13007    0.039729
  13     0.14001    0.043681
  14     0.15001    0.047767
  15     0.16023    0.052061
  16     0.17032    0.056419
  17     0.18005    0.060717
  18     0.19016    0.065287
  19     0.20016    0.069915
  20     0.21006    0.074621
  21     0.22023    0.079579
  22     0.23026    0.084574
  23     0.24017    0.089625
  24     0.25001    0.094753
  25     0.26003     0.10008
  26     0.27005     0.10551
  27     0.28001     0.11099
  28     0.29022      0.1167
  29     0.30015     0.12233
  30     0.31002     0.12802
  31      0.3202     0.13398
  32     0.33033     0.14002
  33     0.34015     0.14597
  34     0.35026     0.15218
  35     0.36015     0.15837
  36     0.37006     0.16467
  37     0.38005     0.17112
  38     0.39004     0.17769
  39     0.40008     0.18439
  40     0.41014     0.19121
  41     0.42005     0.19804
  42     0.43017     0.20517
  43     0.44012     0.21231
  44     0.45018     0.21965
  45     0.46024     0.22711
  46     0.47012     0.23454
  47     0.48011     0.24217
  48     0.49011     0.24992
  49     0.50001     0.25773
  50     0.51015     0.26585
  51     0.52011     0.27395
  52     0.53013     0.28222
  53     0.54031     0.29076
  54     0.55047     0.29944
  55     0.56003     0.30772
  56     0.57003     0.31652
  57     0.58011     0.32556
  58        0.59     0.33462
  59     0.60016     0.34408
  60      0.6102      0.3536
  61     0.62023     0.36327
  62     0.63001     0.37287
  63     0.64015     0.38299
  64     0.65008     0.39308
  65     0.66009      0.4034
  66     0.67015     0.41392
  67     0.68002     0.42441
  68     0.69008     0.43531
  69     0.70001     0.44627
  70     0.71003     0.45754
  71     0.72011     0.46917
  72     0.73014     0.48094
  73     0.74005     0.49275
  74     0.75007     0.50488
  75     0.76005     0.51722
  76     0.77004     0.52981
  77     0.78002     0.54271
  78        0.79     0.55583
  79     0.80011     0.56942
  80     0.81018     0.58327
  81     0.82001     0.59707
  82     0.83008     0.61155
  83     0.84032     0.62657
  84     0.85008     0.64129
  85     0.86003     0.65678
  86     0.87026     0.67331
  87     0.88003      0.6896
  88     0.89006     0.70686
  89     0.90001     0.72472
  90     0.91002     0.74339
  91     0.92027     0.76333
  92     0.93003     0.78365
  93     0.94003     0.80572
  94     0.95006     0.82916
  95     0.96015     0.85437
  96     0.97004     0.88073
  97     0.98011     0.91044
  98     0.99002     0.94484
  99           1           1
-----------------------------------------

----------------- PPP$ and local currency --------------
         PPP used in computation: 5.45133
     Data mean in local currency: 314.925
               Data mean in PPP$: 133.744
        Poverty line in PPP$/Day: 1.9
      Poverty line in PPP$/Month: 57.7917
  Poverty line in local currency: 136.082
-------------------------------------------------------

----------------- Estimation result --------------
     Number of observation: 6155
          Total population: 3.6272E+06
              Total wealth: 2.09545E+08(PPP$)
                   Minimum: 4.94981(PPP$)
                   Maximum: 1270.83(PPP$)
             Headcount(HC): 0.165511
          Poverty gap (PG): 0.0397815
       Poverty gap squared: 0.0141352
                      Gini: 0.358459
                    Median: 106.407
                       MLD: 0.213526
                      Watt: 0.0503857
--------------------------------------------------

-------------------------------- Income or Consumption share by deciles (%) -------------------------------------
     2.8407     4.1432     5.2407     6.2088     7.3384     8.6209     10.233     12.302     15.542      27.53
-----------------------------------------------------------------------------------------------------------------


