

**********************************************************************************************
**                                   Basic Information                                      **
**********************************************************************************************

----------------- Dataset Information -----------------
                         Country: Moldova
                    Country dode: MDA
                       Data Year: 2012
                        Coverage: National
             Welfare measurement: Consumption
                     Data format: Unit record
                     Data source: MDA_N2012X
                  Data time span: UnDefined
-------------------------------------------------------


----------- Distribution ------------
   i           P           L 
-------------------------------------
   0    0.010055   0.0022972
   1    0.020377   0.0054027
   2    0.030126   0.0086895
   3    0.040188    0.012328
   4    0.050132    0.016142
   5    0.060014    0.020095
   6    0.070187    0.024333
   7    0.080282    0.028674
   8    0.090166    0.033089
   9     0.10043    0.037829
  10     0.11009    0.042422
  11     0.12001    0.047231
  12        0.13    0.052199
  13     0.14026    0.057416
  14     0.15024    0.062594
  15     0.16002    0.067746
  16     0.17019    0.073201
  17     0.18011    0.078631
  18     0.19016    0.084242
  19     0.20002    0.089827
  20     0.21005    0.095614
  21     0.22014      0.1015
  22     0.23019     0.10747
  23     0.24008     0.11343
  24     0.25003     0.11952
  25     0.26016     0.12581
  26     0.27009     0.13208
  27     0.28031     0.13862
  28     0.29009     0.14496
  29     0.30014     0.15156
  30     0.31012     0.15818
  31     0.32004     0.16485
  32     0.33009     0.17169
  33     0.34009     0.17857
  34        0.35      0.1855
  35     0.36004     0.19262
  36     0.37022     0.19996
  37     0.38007     0.20715
  38     0.39012     0.21457
  39     0.40003     0.22197
  40     0.41004     0.22952
  41     0.42001     0.23713
  42     0.43004     0.24488
  43     0.44043     0.25302
  44     0.45009     0.26068
  45     0.46044     0.26899
  46     0.47016     0.27692
  47     0.48005      0.2851
  48     0.49003     0.29349
  49     0.50008     0.30204
  50     0.51014      0.3107
  51     0.52043     0.31966
  52     0.53017     0.32824
  53     0.54003     0.33703
  54     0.55025     0.34626
  55     0.56017     0.35538
  56     0.57014     0.36464
  57     0.58018     0.37412
  58     0.59004     0.38353
  59     0.60002     0.39317
  60     0.61006     0.40297
  61     0.62002     0.41283
  62     0.63009     0.42292
  63     0.64033      0.4333
  64     0.65025     0.44349
  65     0.66037     0.45404
  66     0.67008     0.46428
  67     0.68013     0.47501
  68     0.69007     0.48575
  69     0.70005     0.49668
  70     0.71026     0.50806
  71     0.72006     0.51913
  72     0.73032     0.53088
  73     0.74006      0.5422
  74     0.75001     0.55398
  75        0.76      0.5661
  76     0.77009      0.5785
  77     0.78042     0.59139
  78     0.79013     0.60371
  79     0.80045     0.61701
  80     0.81004     0.62953
  81     0.82026     0.64313
  82     0.83037     0.65693
  83      0.8407     0.67144
  84     0.85009     0.68491
  85     0.86004     0.69966
  86     0.87006     0.71499
  87     0.88001     0.73072
  88     0.89004     0.74716
  89     0.90005     0.76399
  90     0.91013     0.78138
  91     0.92036      0.7995
  92     0.93053     0.81833
  93     0.94013     0.83693
  94     0.95007     0.85715
  95     0.96015      0.8791
  96     0.97005     0.90219
  97     0.98011     0.92824
  98     0.99002     0.95787
  99           1           1
-----------------------------------------

----------------- PPP$ and local currency --------------
         PPP used in computation: 5.45133
     Data mean in local currency: 1556.67
               Data mean in PPP$: 272.896
        Poverty line in PPP$/Day: 1.9
      Poverty line in PPP$/Month: 57.7917
  Poverty line in local currency: 329.658
-------------------------------------------------------

----------------- Estimation result --------------
     Number of observation: 5483
          Total population: 3.35369E+06
              Total wealth: 9.57672E+08(PPP$)
                   Minimum: 39.1512(PPP$)
                   Maximum: 2349.04(PPP$)
             Headcount(HC): 0.00339807
          Poverty gap (PG): 0.000357812
       Poverty gap squared: 7.24391E-05
                      Gini: 0.291588
                    Median: 233.46
                       MLD: 0.138512
                      Watt: 0.000402518
--------------------------------------------------

-------------------------------- Income or Consumption share by deciles (%) -------------------------------------
     3.7631     5.2186     6.1651     7.0475      8.003     9.1172     10.348      11.98     14.748     23.609
-----------------------------------------------------------------------------------------------------------------


