

**********************************************************************************************
**                                   Basic Information                                      **
**********************************************************************************************

----------------- Dataset Information -----------------
                         Country: Moldova
                    Country dode: MDA
                       Data Year: 2010
                        Coverage: National
             Welfare measurement: Consumption
                     Data format: Unit record
                     Data source: MDA_N2010X
                  Data time span: UnDefined
-------------------------------------------------------


----------- Distribution ------------
   i           P           L 
-------------------------------------
   0    0.010244   0.0020133
   1     0.02002   0.0046562
   2    0.030041   0.0076778
   3    0.040351    0.010951
   4    0.050126    0.014226
   5    0.060015    0.017682
   6    0.070011    0.021327
   7    0.080375    0.025296
   8    0.090144    0.029177
   9     0.10013     0.03327
  10      0.1104    0.037631
  11     0.12005    0.041866
  12     0.13007    0.046381
  13     0.14021     0.05107
  14     0.15002    0.055757
  15     0.16003    0.060648
  16     0.17002    0.065644
  17     0.18004    0.070743
  18     0.19005    0.075936
  19      0.2001    0.081224
  20     0.21037    0.086743
  21        0.22    0.091996
  22     0.23003     0.09756
  23     0.24001      0.1032
  24     0.25008     0.10899
  25     0.26014      0.1149
  26     0.27023     0.12091
  27     0.28002     0.12683
  28     0.29022     0.13305
  29     0.30036     0.13934
  30     0.31016     0.14552
  31     0.32062     0.15221
  32     0.33002     0.15828
  33     0.34004     0.16483
  34     0.35021      0.1716
  35     0.36005     0.17827
  36     0.37002     0.18513
  37     0.38004     0.19211
  38     0.39002     0.19915
  39     0.40008     0.20634
  40     0.41005     0.21357
  41     0.42006      0.2209
  42     0.43017     0.22841
  43     0.44025     0.23599
  44     0.45027     0.24364
  45     0.46029     0.25141
  46     0.47015     0.25917
  47     0.48004     0.26706
  48     0.49006     0.27517
  49     0.50002     0.28335
  50     0.51056     0.29215
  51     0.52011     0.30024
  52     0.53019     0.30891
  53     0.54023     0.31765
  54     0.55057     0.32678
  55     0.56006     0.33529
  56     0.57011     0.34441
  57     0.58016      0.3537
  58     0.59025     0.36319
  59      0.6002     0.37268
  60     0.61033     0.38244
  61     0.62038     0.39226
  62     0.63006     0.40187
  63     0.64036     0.41226
  64     0.65011     0.42222
  65      0.6601     0.43254
  66     0.67024     0.44319
  67     0.68025      0.4539
  68      0.6902     0.46473
  69      0.7003     0.47592
  70     0.71075      0.4877
  71     0.72082     0.49923
  72     0.73008        0.51
  73      0.7403     0.52209
  74        0.75     0.53374
  75     0.76006     0.54598
  76     0.77031     0.55866
  77     0.78022     0.57109
  78     0.79012     0.58372
  79     0.80005     0.59671
  80     0.81019     0.61023
  81     0.82007      0.6237
  82     0.83008     0.63762
  83     0.84005     0.65186
  84     0.85022     0.66678
  85     0.86003      0.6815
  86     0.87017     0.69707
  87     0.88017     0.71286
  88     0.89006     0.72892
  89      0.9002     0.74601
  90     0.91011      0.7633
  91     0.92007      0.7814
  92     0.93002     0.80043
  93     0.94005     0.82064
  94        0.95     0.84196
  95      0.9601     0.86494
  96        0.97     0.88918
  97     0.98012     0.91637
  98     0.99008     0.94766
  99           1           1
-----------------------------------------

----------------- PPP$ and local currency --------------
         PPP used in computation: 5.45133
     Data mean in local currency: 1380
               Data mean in PPP$: 272.416
        Poverty line in PPP$/Day: 1.9
      Poverty line in PPP$/Month: 57.7917
  Poverty line in local currency: 292.761
-------------------------------------------------------

----------------- Estimation result --------------
     Number of observation: 5454
          Total population: 3.35165E+06
              Total wealth: 8.48469E+08(PPP$)
                   Minimum: 23.4656(PPP$)
                   Maximum: 4845.71(PPP$)
             Headcount(HC): 0.00532218
          Poverty gap (PG): 0.00108529
       Poverty gap squared: 0.000358845
                      Gini: 0.320509
                    Median: 225.577
                       MLD: 0.169739
                      Watt: 0.00133744
--------------------------------------------------

-------------------------------- Income or Consumption share by deciles (%) -------------------------------------
     3.3216     4.7958     5.7946      6.717     7.7043     8.9156     10.309     12.105     14.904     25.433
-----------------------------------------------------------------------------------------------------------------


