

**********************************************************************************************
**                                   Basic Information                                      **
**********************************************************************************************

----------------- Dataset Information -----------------
                         Country: Moldova
                    Country dode: MDA
                       Data Year: 2007
                        Coverage: National
             Welfare measurement: Consumption
                     Data format: Unit record
                     Data source: MDA_N2007X
                  Data time span: UnDefined
-------------------------------------------------------


----------- Distribution ------------
   i           P           L 
-------------------------------------
   0     0.01012   0.0015602
   1    0.020069   0.0037955
   2        0.03   0.0063538
   3    0.040117   0.0092302
   4    0.050072    0.012239
   5    0.060006    0.015379
   6    0.070005    0.018698
   7    0.080017    0.022194
   8    0.090164    0.025882
   9     0.10027    0.029672
  10     0.11003    0.033454
  11        0.12     0.03746
  12     0.13004    0.041611
  13     0.14012    0.045892
  14     0.15013    0.050281
  15     0.16028    0.054853
  16     0.17019    0.059419
  17     0.18006    0.064051
  18      0.1904    0.068972
  19      0.2002     0.07375
  20     0.21007    0.078648
  21     0.22007    0.083695
  22     0.23021    0.088896
  23     0.24013    0.094082
  24     0.25023    0.099482
  25     0.26004     0.10481
  26     0.27012     0.11039
  27     0.28014     0.11605
  28      0.2901     0.12178
  29      0.3001     0.12762
  30     0.31004     0.13357
  31     0.32037     0.13988
  32     0.33006     0.14592
  33     0.34001     0.15223
  34      0.3501     0.15874
  35     0.36026     0.16542
  36     0.37005     0.17196
  37     0.38021     0.17885
  38     0.39007     0.18563
  39     0.40002     0.19257
  40     0.41019     0.19983
  41     0.42016     0.20704
  42     0.43007     0.21431
  43     0.44003     0.22169
  44     0.45018     0.22933
  45     0.46016     0.23694
  46     0.47006     0.24461
  47     0.48003     0.25245
  48     0.49009     0.26049
  49     0.50005     0.26855
  50      0.5102     0.27688
  51     0.52002     0.28503
  52     0.53007      0.2935
  53      0.5402     0.30216
  54     0.55003     0.31066
  55     0.56003     0.31944
  56     0.57002     0.32833
  57     0.58024     0.33755
  58     0.59004     0.34653
  59     0.60009     0.35591
  60     0.61011     0.36542
  61     0.62054     0.37547
  62     0.63011     0.38484
  63     0.64001     0.39465
  64     0.65006     0.40478
  65     0.66021     0.41521
  66      0.6701     0.42552
  67     0.68002     0.43601
  68      0.6901      0.4468
  69     0.70021     0.45781
  70     0.71016     0.46891
  71      0.7201     0.48021
  72     0.73036     0.49212
  73     0.74003     0.50354
  74      0.7501     0.51571
  75     0.76007     0.52796
  76     0.77017     0.54063
  77     0.78012     0.55336
  78     0.79001     0.56628
  79      0.8001     0.57979
  80     0.81014     0.59347
  81     0.82006     0.60724
  82     0.83022     0.62171
  83     0.84004     0.63597
  84     0.85011     0.65095
  85     0.86001     0.66604
  86     0.87001      0.6817
  87     0.88004     0.69799
  88     0.89002     0.71479
  89     0.90009     0.73232
  90     0.91017     0.75053
  91     0.92008     0.76933
  92     0.93004     0.78908
  93     0.94002     0.80992
  94     0.95024     0.83246
  95     0.96002     0.85617
  96     0.97009     0.88343
  97      0.9807     0.91547
  98     0.99008     0.94824
  99           1           1
-----------------------------------------

----------------- PPP$ and local currency --------------
         PPP used in computation: 5.45133
     Data mean in local currency: 1145.54
               Data mean in PPP$: 273.907
        Poverty line in PPP$/Day: 1.9
      Poverty line in PPP$/Month: 57.7917
  Poverty line in local currency: 241.698
-------------------------------------------------------

----------------- Estimation result --------------
     Number of observation: 6052
          Total population: 3.33086E+06
              Total wealth: 6.99947E+08(PPP$)
                   Minimum: 11.6939(PPP$)
                   Maximum: 3092.38(PPP$)
             Headcount(HC): 0.0110769
          Poverty gap (PG): 0.00274675
       Poverty gap squared: 0.00113978
                      Gini: 0.34421
                    Median: 222.921
                       MLD: 0.197775
                      Watt: 0.00372825
--------------------------------------------------

-------------------------------- Income or Consumption share by deciles (%) -------------------------------------
     2.9571     4.4081     5.3909     6.5003     7.5952     8.7308     10.176     12.208     15.249     26.784
-----------------------------------------------------------------------------------------------------------------


