

**********************************************************************************************
**                                   Basic Information                                      **
**********************************************************************************************

----------------- Dataset Information -----------------
                         Country: Moldova
                    Country dode: MDA
                       Data Year: 2013
                        Coverage: National
             Welfare measurement: Consumption
                     Data format: Unit record
                     Data source: MDA_N2013X
                  Data time span: UnDefined
-------------------------------------------------------


----------- Distribution ------------
   i           P           L 
-------------------------------------
   0    0.010416   0.0026593
   1    0.020126   0.0056125
   2    0.030256   0.0091156
   3    0.040004    0.012757
   4    0.050177    0.016812
   5    0.060335    0.021036
   6    0.070004    0.025163
   7      0.0803    0.029709
   8      0.0903    0.034257
   9      0.1001    0.038833
  10     0.11025    0.043693
  11     0.12017    0.048557
  12     0.13006     0.05351
  13      0.1402    0.058706
  14     0.15002    0.063837
  15     0.16015    0.069232
  16     0.17033    0.074764
  17     0.18002    0.080104
  18     0.19017    0.085798
  19     0.20047    0.091679
  20     0.21017    0.097295
  21     0.22003      0.1031
  22     0.23003     0.10905
  23     0.24028     0.11526
  24     0.25012     0.12133
  25     0.26013     0.12759
  26     0.27029     0.13407
  27     0.28019     0.14046
  28     0.29009     0.14694
  29     0.30003     0.15354
  30     0.31049     0.16058
  31     0.32013     0.16716
  32     0.33007     0.17404
  33     0.34005     0.18104
  34     0.35023     0.18827
  35     0.36001     0.19532
  36      0.3702     0.20278
  37     0.38038     0.21031
  38     0.39021     0.21769
  39     0.40008      0.2252
  40     0.41002     0.23286
  41      0.4202     0.24079
  42     0.43006     0.24855
  43     0.44009     0.25654
  44     0.45008     0.26462
  45     0.46006     0.27278
  46     0.47048     0.28141
  47     0.48021     0.28955
  48     0.49018     0.29798
  49     0.50002     0.30637
  50     0.51021     0.31519
  51     0.52013     0.32388
  52     0.53004     0.33267
  53     0.54004     0.34164
  54     0.55018     0.35085
  55     0.56022     0.36003
  56     0.57026     0.36937
  57     0.58033     0.37884
  58     0.59012     0.38815
  59     0.60023     0.39789
  60     0.61026      0.4077
  61     0.62037     0.41768
  62      0.6301     0.42742
  63     0.64008     0.43756
  64     0.65007     0.44785
  65     0.66003     0.45826
  66     0.67012     0.46894
  67     0.68017     0.47972
  68        0.69     0.49037
  69     0.70012     0.50148
  70     0.71009     0.51265
  71     0.72003     0.52395
  72     0.73017     0.53566
  73     0.74019     0.54743
  74      0.7502      0.5594
  75     0.76012     0.57146
  76     0.77003     0.58373
  77     0.78011     0.59645
  78     0.79006     0.60919
  79     0.80019     0.62241
  80        0.81     0.63538
  81      0.8204     0.64938
  82      0.8304     0.66312
  83      0.8404     0.67709
  84     0.85006     0.69084
  85        0.86     0.70531
  86     0.87008     0.72029
  87     0.88002     0.73543
  88     0.89032     0.75161
  89     0.90038     0.76799
  90     0.91021     0.78472
  91     0.92011      0.8022
  92     0.93003     0.82028
  93     0.94063     0.84039
  94     0.95002     0.85902
  95     0.96025     0.88045
  96     0.97002     0.90222
  97     0.98023     0.92765
  98     0.99013     0.95602
  99           1           1
-----------------------------------------

----------------- PPP$ and local currency --------------
         PPP used in computation: 5.45133
     Data mean in local currency: 1741.9
               Data mean in PPP$: 291.822
        Poverty line in PPP$/Day: 1.9
      Poverty line in PPP$/Month: 57.7917
  Poverty line in local currency: 344.96
-------------------------------------------------------

----------------- Estimation result --------------
     Number of observation: 5081
          Total population: 3.33971E+06
              Total wealth: 1.06716E+09(PPP$)
                   Minimum: 34.8957(PPP$)
                   Maximum: 3756.79(PPP$)
             Headcount(HC): 0.000848097
          Poverty gap (PG): 0.000121889
       Poverty gap squared: 3.32363E-05
                      Gini: 0.285342
                    Median: 250.891
                       MLD: 0.133085
                      Watt: 0.000144
--------------------------------------------------

-------------------------------- Income or Consumption share by deciles (%) -------------------------------------
     3.8789     5.2624     6.2105     7.1623     8.1213     9.1318     10.368      12.08     14.521     23.263
-----------------------------------------------------------------------------------------------------------------


