

**********************************************************************************************
**                                   Basic Information                                      **
**********************************************************************************************

----------------- Dataset Information -----------------
                         Country: Moldova
                    Country dode: MDA
                       Data Year: 2008
                        Coverage: National
             Welfare measurement: Consumption
                     Data format: Unit record
                     Data source: MDA_N2008X
                  Data time span: UnDefined
-------------------------------------------------------


----------- Distribution ------------
   i           P           L 
-------------------------------------
   0    0.010181   0.0016805
   1    0.020064    0.003922
   2    0.030052   0.0064477
   3    0.040343   0.0092878
   4    0.050144    0.012188
   5    0.060177    0.015323
   6    0.070384    0.018677
   7    0.080192    0.022048
   8    0.090095    0.025565
   9     0.10019    0.029302
  10     0.11027    0.033173
  11     0.12021     0.03712
  12     0.13004    0.041133
  13     0.14019    0.045416
  14     0.15002    0.049703
  15     0.16012    0.054223
  16     0.17011    0.058823
  17     0.18003    0.063514
  18     0.19007    0.068374
  19     0.20023    0.073408
  20     0.21012    0.078417
  21     0.22006    0.083552
  22     0.23019    0.088891
  23     0.24015    0.094229
  24        0.25    0.099601
  25     0.26009     0.10522
  26     0.27001     0.11083
  27     0.28002     0.11659
  28     0.29007     0.12248
  29     0.30003     0.12841
  30     0.31002     0.13444
  31        0.32     0.14056
  32     0.33009     0.14685
  33      0.3402     0.15324
  34     0.35013     0.15963
  35     0.36005      0.1661
  36     0.37013     0.17276
  37     0.38023     0.17953
  38     0.39013     0.18627
  39     0.40011     0.19315
  40     0.41004     0.20011
  41     0.42005     0.20721
  42     0.43027     0.21456
  43     0.44003     0.22167
  44     0.45021     0.22918
  45     0.46009      0.2366
  46     0.47011     0.24424
  47      0.4801     0.25198
  48     0.49011     0.25986
  49     0.50002     0.26779
  50      0.5101     0.27595
  51     0.52001     0.28406
  52     0.53049      0.2928
  53     0.54009     0.30088
  54     0.55017      0.3095
  55        0.56     0.31804
  56     0.57004     0.32693
  57     0.58069     0.33652
  58     0.59002     0.34502
  59     0.60009     0.35431
  60     0.61005     0.36363
  61     0.62001     0.37311
  62     0.63017     0.38293
  63     0.64001     0.39263
  64     0.65015     0.40278
  65     0.66011     0.41297
  66     0.67024     0.42355
  67     0.68005     0.43395
  68     0.69022     0.44492
  69     0.70007      0.4557
  70     0.71017     0.46699
  71     0.72001     0.47815
  72     0.73006     0.48976
  73     0.74009     0.50154
  74     0.75001     0.51336
  75        0.76     0.52549
  76      0.7701     0.53794
  77     0.78017      0.5506
  78     0.79014     0.56338
  79     0.80014     0.57651
  80     0.81006     0.58987
  81     0.82014     0.60382
  82      0.8307     0.61879
  83     0.84012     0.63247
  84     0.85005     0.64724
  85     0.86008     0.66265
  86     0.87016     0.67856
  87     0.88026     0.69508
  88     0.89013      0.7117
  89     0.90001     0.72886
  90     0.91005     0.74706
  91     0.92021      0.7663
  92     0.93009     0.78576
  93     0.94001     0.80631
  94     0.95033     0.82919
  95     0.96002     0.85195
  96     0.97005       0.877
  97     0.98003     0.90465
  98     0.99004     0.93917
  99           1           1
-----------------------------------------

----------------- PPP$ and local currency --------------
         PPP used in computation: 5.45133
     Data mean in local currency: 1259.94
               Data mean in PPP$: 266.844
        Poverty line in PPP$/Day: 1.9
      Poverty line in PPP$/Month: 57.7917
  Poverty line in local currency: 272.87
-------------------------------------------------------

----------------- Estimation result --------------
     Number of observation: 6132
          Total population: 3.31711E+06
              Total wealth: 7.66665E+08(PPP$)
                   Minimum: 20.3705(PPP$)
                   Maximum: 3590.36(PPP$)
             Headcount(HC): 0.0129363
          Poverty gap (PG): 0.00249321
       Poverty gap squared: 0.000747887
                      Gini: 0.346924
                    Median: 214.89
                       MLD: 0.20143
                      Watt: 0.00301215
--------------------------------------------------

-------------------------------- Income or Consumption share by deciles (%) -------------------------------------
      2.923     4.4064     5.5093     6.4685       7.47     8.6457      10.14     12.071     15.251     27.115
-----------------------------------------------------------------------------------------------------------------


