

**********************************************************************************************
**                                   Basic Information                                      **
**********************************************************************************************

----------------- Dataset Information -----------------
                         Country: Moldova
                    Country dode: MDA
                       Data Year: 2003
                        Coverage: National
             Welfare measurement: Consumption
                     Data format: Unit record
                     Data source: MDA_N2003X
                  Data time span: UnDefined
-------------------------------------------------------


----------- Distribution ------------
   i           P           L 
-------------------------------------
   0    0.010112   0.0019547
   1    0.020095   0.0044731
   2    0.030201   0.0072922
   3    0.040011    0.010223
   4    0.050073    0.013427
   5    0.060352     0.01685
   6    0.070044    0.020182
   7    0.080348    0.023886
   8    0.090041    0.027507
   9     0.10005    0.031385
  10     0.11016      0.0354
  11     0.12006     0.03945
  12     0.13034    0.043758
  13     0.14009    0.047939
  14     0.15019    0.052388
  15     0.16026    0.056957
  16     0.17027    0.061609
  17     0.18015     0.06631
  18     0.19016    0.071148
  19     0.20011    0.076029
  20     0.21011    0.081029
  21     0.22028    0.086205
  22     0.23035    0.091422
  23     0.24012    0.096557
  24     0.25027     0.10199
  25     0.26011     0.10736
  26        0.27     0.11284
  27     0.28003      0.1185
  28     0.29017     0.12432
  29     0.30028     0.13019
  30     0.31019     0.13605
  31     0.32015     0.14203
  32     0.33002     0.14808
  33      0.3402     0.15443
  34     0.35008     0.16067
  35     0.36007     0.16706
  36     0.37006     0.17355
  37     0.38007     0.18016
  38      0.3901     0.18688
  39     0.40015     0.19375
  40     0.41015      0.2007
  41     0.42016     0.20777
  42     0.43007     0.21488
  43     0.44017      0.2222
  44     0.45005     0.22946
  45     0.46022     0.23701
  46     0.47008     0.24445
  47     0.48014     0.25212
  48     0.49006     0.25979
  49     0.50012     0.26766
  50     0.51005     0.27556
  51     0.52013     0.28371
  52      0.5302     0.29199
  53     0.54007      0.3002
  54     0.55042     0.30895
  55     0.56011     0.31724
  56     0.57005     0.32588
  57     0.58002     0.33465
  58     0.59021     0.34378
  59     0.60002     0.35269
  60     0.61005     0.36194
  61     0.62003     0.37131
  62     0.63018     0.38097
  63     0.64005     0.39052
  64     0.65002     0.40034
  65        0.66     0.41029
  66     0.67015     0.42058
  67     0.68029     0.43103
  68     0.69006     0.44124
  69     0.70007     0.45188
  70     0.71028     0.46292
  71     0.72014     0.47376
  72     0.73007     0.48495
  73     0.74012     0.49654
  74     0.75015     0.50832
  75     0.76004     0.52017
  76     0.77001     0.53237
  77     0.78011     0.54499
  78     0.79005     0.55765
  79     0.80002     0.57064
  80     0.81002       0.584
  81     0.82002     0.59777
  82     0.83002     0.61192
  83     0.84001     0.62642
  84     0.85018     0.64156
  85     0.86016     0.65681
  86     0.87021     0.67266
  87      0.8802     0.68892
  88     0.89014     0.70577
  89     0.90003      0.7231
  90     0.91002      0.7413
  91     0.92007     0.76051
  92     0.93026     0.78088
  93     0.94006     0.80146
  94     0.95023      0.8241
  95     0.96019     0.84784
  96     0.97002     0.87376
  97     0.98004     0.90388
  98     0.99006     0.94082
  99           1           1
-----------------------------------------

----------------- PPP$ and local currency --------------
         PPP used in computation: 5.45133
     Data mean in local currency: 420.083
               Data mean in PPP$: 159.825
        Poverty line in PPP$/Day: 1.9
      Poverty line in PPP$/Month: 57.7917
  Poverty line in local currency: 151.899
-------------------------------------------------------

----------------- Estimation result --------------
     Number of observation: 6121
          Total population: 3.55738E+06
              Total wealth: 2.74134E+08(PPP$)
                   Minimum: 8.24876(PPP$)
                   Maximum: 1217.64(PPP$)
             Headcount(HC): 0.0760619
          Poverty gap (PG): 0.014329
       Poverty gap squared: 0.00424362
                      Gini: 0.349021
                    Median: 126.114
                       MLD: 0.199995
                      Watt: 0.0172834
--------------------------------------------------

-------------------------------- Income or Consumption share by deciles (%) -------------------------------------
     3.1364      4.461     5.4057     6.3614     7.3924     8.5108     9.9131     11.881     15.243     27.695
-----------------------------------------------------------------------------------------------------------------


