

**********************************************************************************************
**                                   Basic Information                                      **
**********************************************************************************************

----------------- Dataset Information -----------------
                         Country: Madagascar
                    Country dode: MDG
                       Data Year: 1999
                        Coverage: National
             Welfare measurement: Consumption
                     Data format: Unit record
                     Data source: MDG_N1999X
                  Data time span: UnDefined
-------------------------------------------------------


----------- Distribution ------------
   i           P           L 
-------------------------------------
   0    0.010064   0.0012122
   1    0.020026   0.0030341
   2     0.03018   0.0051847
   3    0.040243   0.0075715
   4    0.050135     0.01005
   5    0.060157    0.012703
   6    0.070207    0.015531
   7    0.080157    0.018478
   8    0.090329     0.02163
   9     0.10017    0.024824
  10     0.11023    0.028196
  11     0.12041    0.031704
  12      0.1304    0.035263
  13     0.14012    0.038849
  14     0.15025    0.042666
  15      0.1601    0.046475
  16     0.17017    0.050482
  17      0.1811    0.054937
  18     0.19006     0.05867
  19     0.20017    0.062959
  20     0.21039    0.067391
  21     0.22004    0.071663
  22     0.23014    0.076237
  23        0.24    0.080809
  24      0.2502    0.085649
  25     0.26007    0.090426
  26     0.27013    0.095396
  27     0.28006      0.1004
  28      0.2901     0.10555
  29     0.30008     0.11079
  30     0.31013     0.11618
  31     0.32035     0.12175
  32     0.33005     0.12717
  33     0.34048      0.1331
  34     0.35009     0.13864
  35      0.3601     0.14453
  36     0.37007     0.15051
  37        0.38     0.15657
  38     0.39003     0.16278
  39     0.40027     0.16925
  40     0.41027     0.17566
  41     0.42026     0.18215
  42     0.43005     0.18861
  43     0.44033     0.19551
  44     0.45008     0.20219
  45     0.46001     0.20913
  46        0.47     0.21626
  47     0.48007     0.22357
  48     0.49041     0.23123
  49     0.50034     0.23871
  50     0.51016     0.24628
  51     0.52015      0.2541
  52     0.53041     0.26233
  53     0.54024     0.27037
  54     0.55069     0.27913
  55     0.56025     0.28726
  56     0.57025     0.29589
  57     0.58033     0.30476
  58     0.59009     0.31347
  59     0.60006     0.32249
  60      0.6101     0.33176
  61     0.62005     0.34111
  62     0.63017     0.35081
  63     0.64039     0.36081
  64     0.65001     0.37043
  65     0.66013     0.38072
  66      0.6702     0.39118
  67     0.68003     0.40161
  68     0.69013     0.41252
  69     0.70003     0.42339
  70     0.71085     0.43554
  71     0.72019     0.44624
  72      0.7301     0.45781
  73        0.74     0.46967
  74     0.75002     0.48199
  75     0.76002     0.49459
  76     0.77001     0.50754
  77     0.78008     0.52097
  78     0.79025     0.53476
  79     0.80016     0.54846
  80     0.81012     0.56264
  81     0.82012     0.57721
  82      0.8301     0.59214
  83      0.8411     0.60915
  84     0.85003     0.62331
  85     0.86028     0.64006
  86     0.87007      0.6565
  87     0.88033     0.67431
  88     0.89021     0.69226
  89     0.90007     0.71094
  90     0.91002     0.73063
  91     0.92067     0.75276
  92     0.93019     0.77355
  93     0.94024     0.79656
  94     0.95023     0.82058
  95     0.96072      0.8479
  96      0.9701      0.8746
  97        0.98     0.90659
  98     0.99034     0.94603
  99           1           1
-----------------------------------------

----------------- PPP$ and local currency --------------
         PPP used in computation: 704.913
     Data mean in local currency: 12764.7
               Data mean in PPP$: 58.1853
        Poverty line in PPP$/Day: 1.9
      Poverty line in PPP$/Month: 57.7917
  Poverty line in local currency: 12678.3
-------------------------------------------------------

----------------- Estimation result --------------
     Number of observation: 5120
          Total population: 1.46306E+07
              Total wealth: 2.64934E+08(PPP$)
                   Minimum: 0.652608(PPP$)
                   Maximum: 318.677(PPP$)
             Headcount(HC): 0.641277
          Poverty gap (PG): 0.277128
       Poverty gap squared: 0.150753
                      Gini: 0.386075
                    Median: 44.2491
                       MLD: 0.251269
                      Watt: 0.420678
--------------------------------------------------

-------------------------------- Income or Consumption share by deciles (%) -------------------------------------
     2.4771     3.8117     4.7864     5.8323     6.9383     8.3976     10.093     12.489     16.256     28.919
-----------------------------------------------------------------------------------------------------------------


