

**********************************************************************************************
**                                   Basic Information                                      **
**********************************************************************************************

----------------- Dataset Information -----------------
                         Country: Madagascar
                    Country dode: MDG
                       Data Year: 2005
                        Coverage: National
             Welfare measurement: Consumption
                     Data format: Unit record
                     Data source: MDG_N2005X
                  Data time span: UnDefined
-------------------------------------------------------


----------- Distribution ------------
   i           P           L 
-------------------------------------
   0     0.01005   0.0015116
   1    0.020176   0.0036343
   2    0.030128   0.0060092
   3    0.040016   0.0085909
   4    0.050067    0.011411
   5    0.060144    0.014441
   6    0.070091    0.017586
   7    0.080001    0.020865
   8    0.090304    0.024445
   9     0.10025     0.02805
  10     0.11016    0.031739
  11      0.1203    0.035607
  12     0.13006    0.039419
  13     0.14026    0.043504
  14     0.15002    0.047521
  15     0.16003    0.051757
  16     0.17026      0.0562
  17     0.18003    0.060549
  18     0.19009    0.065124
  19     0.20014    0.069779
  20     0.21024    0.074558
  21     0.22001    0.079259
  22     0.23008    0.084197
  23     0.24009    0.089181
  24     0.25012    0.094264
  25     0.26033    0.099546
  26     0.27006     0.10466
  27     0.28016     0.11005
  28     0.29019     0.11551
  29     0.30007     0.12096
  30     0.31035     0.12671
  31     0.32015     0.13229
  32     0.33025     0.13812
  33     0.34002     0.14384
  34     0.35036     0.14996
  35     0.36024      0.1559
  36     0.37004     0.16185
  37      0.3803     0.16817
  38     0.39001     0.17423
  39     0.40014     0.18065
  40     0.41001     0.18698
  41     0.42012     0.19357
  42     0.43005     0.20015
  43     0.44001     0.20684
  44     0.45018     0.21376
  45     0.46014     0.22065
  46     0.47006     0.22761
  47     0.48003     0.23472
  48     0.49001     0.24194
  49     0.50006     0.24932
  50     0.51018     0.25684
  51     0.52012     0.26432
  52      0.5303     0.27209
  53     0.54012     0.27969
  54     0.55001     0.28747
  55     0.56006     0.29549
  56     0.57052     0.30396
  57     0.58007      0.3118
  58     0.59039     0.32039
  59     0.60001     0.32851
  60     0.61003      0.3371
  61      0.6201      0.3459
  62     0.63004     0.35468
  63     0.64016     0.36379
  64     0.65001     0.37281
  65     0.66004     0.38217
  66     0.67004     0.39166
  67      0.6801     0.40138
  68     0.69026     0.41138
  69     0.70001     0.42115
  70     0.71001     0.43138
  71     0.72014     0.44193
  72     0.73002     0.45237
  73     0.74007     0.46323
  74     0.75023     0.47445
  75     0.76032     0.48587
  76     0.77003     0.49715
  77     0.78006     0.50907
  78     0.79027     0.52152
  79     0.80026     0.53396
  80     0.81003     0.54638
  81     0.82004     0.55946
  82     0.83009       0.573
  83     0.84003     0.58678
  84     0.85003     0.60115
  85     0.86002     0.61606
  86     0.87008     0.63169
  87     0.88004     0.64781
  88     0.89005     0.66462
  89     0.90011     0.68229
  90     0.91029     0.70119
  91     0.92014      0.7205
  92     0.93006     0.74112
  93     0.94004     0.76299
  94        0.95     0.78637
  95        0.96      0.8117
  96     0.97002     0.83978
  97     0.98018     0.87213
  98        0.99     0.91086
  99           1           1
-----------------------------------------

----------------- PPP$ and local currency --------------
         PPP used in computation: 704.913
     Data mean in local currency: 21393.4
               Data mean in PPP$: 52.7811
        Poverty line in PPP$/Day: 1.9
      Poverty line in PPP$/Month: 57.7917
  Poverty line in local currency: 23424.4
-------------------------------------------------------

----------------- Estimation result --------------
     Number of observation: 11777
          Total population: 1.88468E+07
              Total wealth: 5.71983E+08(PPP$)
                   Minimum: 1.77448(PPP$)
                   Maximum: 1795.84(PPP$)
             Headcount(HC): 0.740604
          Poverty gap (PG): 0.317003
       Poverty gap squared: 0.167613
                      Gini: 0.388775
                    Median: 38.9708
                       MLD: 0.253273
                      Watt: 0.471052
--------------------------------------------------

-------------------------------- Income or Consumption share by deciles (%) -------------------------------------
      2.796     4.1753     5.1204     5.9638      6.872     7.9221     9.2646      11.25     14.846      31.79
-----------------------------------------------------------------------------------------------------------------


