

**********************************************************************************************
**                                   Basic Information                                      **
**********************************************************************************************

----------------- Dataset Information -----------------
                         Country: Madagascar
                    Country dode: MDG
                       Data Year: 2012
                        Coverage: National
             Welfare measurement: Consumption
                     Data format: Unit record
                     Data source: MDG_N2012X
                  Data time span: UnDefined
-------------------------------------------------------


----------- Distribution ------------
   i           P           L 
-------------------------------------
   0    0.010014  0.00098629
   1    0.020031   0.0024691
   2    0.030053     0.00421
   3     0.04001   0.0061668
   4    0.050013   0.0083415
   5    0.060029    0.010694
   6    0.070124    0.013216
   7    0.080052    0.015856
   8    0.090012    0.018644
   9     0.10002     0.02157
  10     0.11001     0.02462
  11     0.12002     0.02781
  12     0.13001    0.031112
  13     0.14001    0.034514
  14     0.15014    0.038083
  15     0.16003    0.041687
  16     0.17002    0.045434
  17     0.18007    0.049309
  18     0.19013    0.053274
  19     0.20002    0.057264
  20     0.21008    0.061419
  21      0.2201    0.065649
  22     0.23003    0.069935
  23     0.24001    0.074353
  24     0.25002    0.078882
  25     0.26005    0.083523
  26     0.27005    0.088232
  27     0.28002    0.093003
  28     0.29007    0.097903
  29     0.30008     0.10286
  30      0.3101     0.10791
  31     0.32002     0.11299
  32      0.3301     0.11827
  33     0.34001     0.12356
  34     0.35001     0.12898
  35     0.36001     0.13449
  36        0.37      0.1401
  37     0.38002     0.14582
  38      0.3901     0.15168
  39     0.40005     0.15755
  40     0.41002     0.16355
  41     0.42003     0.16967
  42     0.43016     0.17597
  43     0.44003      0.1822
  44     0.45008     0.18867
  45     0.46002     0.19516
  46     0.47001     0.20179
  47      0.4801     0.20859
  48     0.49002      0.2154
  49     0.50009     0.22242
  50     0.51005     0.22947
  51     0.52002     0.23666
  52     0.53002     0.24399
  53     0.54003     0.25146
  54     0.55002     0.25902
  55     0.56005     0.26675
  56     0.57006     0.27459
  57     0.58005     0.28256
  58     0.59011     0.29071
  59      0.6001     0.29896
  60     0.61009     0.30735
  61     0.62003     0.31585
  62     0.63001     0.32455
  63     0.64005     0.33346
  64     0.65007     0.34251
  65     0.66003      0.3517
  66     0.67003      0.3611
  67     0.68002      0.3707
  68     0.69003     0.38053
  69     0.70001     0.39056
  70     0.71009     0.40094
  71     0.72004     0.41139
  72     0.73004     0.42216
  73     0.74007     0.43324
  74     0.75001     0.44446
  75     0.76003     0.45606
  76     0.77003     0.46797
  77        0.78      0.4802
  78     0.79002     0.49286
  79     0.80007     0.50591
  80        0.81     0.51924
  81     0.82001     0.53313
  82     0.83003     0.54754
  83     0.84006      0.5625
  84     0.85004     0.57789
  85     0.86003      0.5939
  86        0.87     0.61054
  87     0.88001     0.62789
  88     0.89002     0.64609
  89     0.90005     0.66523
  90     0.91007     0.68549
  91      0.9201     0.70703
  92     0.93008     0.73004
  93     0.94001     0.75435
  94     0.95004     0.78079
  95     0.96011     0.80974
  96     0.97008     0.84161
  97     0.98007     0.87894
  98     0.99002      0.9254
  99           1           1
-----------------------------------------

----------------- PPP$ and local currency --------------
         PPP used in computation: 704.913
     Data mean in local currency: 34979.9
               Data mean in PPP$: 46.6563
        Poverty line in PPP$/Day: 1.9
      Poverty line in PPP$/Month: 57.7917
  Poverty line in local currency: 43328.5
-------------------------------------------------------

----------------- Estimation result --------------
     Number of observation: 16904
          Total population: 2.1268E+07
              Total wealth: 1.05538E+09(PPP$)
                   Minimum: 0(PPP$)
                   Maximum: 1182.3(PPP$)
             Headcount(HC): 0.77839
          Poverty gap (PG): 0.392332
       Poverty gap squared: 0.235776
                      Gini: 0.426482
                    Median: 32.8137
                       MLD: 0.309927
                      Watt: 0.637643
--------------------------------------------------

-------------------------------- Income or Consumption share by deciles (%) -------------------------------------
     2.1563     3.5692      4.557     5.4698     6.4833     7.6525     9.1669     11.527     15.932     33.486
-----------------------------------------------------------------------------------------------------------------


