

**********************************************************************************************
**                                   Basic Information                                      **
**********************************************************************************************

----------------- Dataset Information -----------------
                         Country: Madagascar
                    Country dode: MDG
                       Data Year: 2010
                        Coverage: National
             Welfare measurement: Consumption
                     Data format: Unit record
                     Data source: MDG_N2010X
                  Data time span: UnDefined
-------------------------------------------------------


----------- Distribution ------------
   i           P           L 
-------------------------------------
   0    0.010117   0.0013057
   1        0.02   0.0031248
   2    0.030229    0.005404
   3    0.040241   0.0078915
   4    0.050014    0.010497
   5    0.060323    0.013392
   6    0.070044    0.016249
   7     0.08003    0.019309
   8    0.090137    0.022538
   9     0.10001     0.02579
  10        0.11    0.029199
  11     0.12009    0.032781
  12     0.13004    0.036415
  13     0.14009    0.040214
  14     0.15015    0.044132
  15     0.16009    0.048094
  16     0.17014    0.052208
  17     0.18023    0.056442
  18      0.1902    0.060726
  19     0.20004    0.065043
  20     0.21006    0.069535
  21     0.22001    0.074089
  22     0.23002    0.078763
  23     0.24013    0.083588
  24     0.25004    0.088417
  25     0.26002    0.093376
  26     0.27004    0.098431
  27     0.28011     0.10359
  28     0.29005     0.10876
  29     0.30014      0.1141
  30     0.31006     0.11943
  31     0.32008      0.1249
  32     0.33018      0.1305
  33     0.34024     0.13616
  34     0.35012     0.14181
  35     0.36011      0.1476
  36     0.37004     0.15346
  37     0.38006     0.15945
  38     0.39019     0.16561
  39     0.40003     0.17167
  40     0.41021     0.17805
  41     0.42003      0.1843
  42     0.43025     0.19091
  43     0.44002     0.19733
  44     0.45011     0.20407
  45     0.46003     0.21081
  46     0.47005     0.21771
  47     0.48001     0.22469
  48     0.49007     0.23184
  49     0.50007     0.23906
  50     0.51003     0.24634
  51     0.52003     0.25376
  52     0.53005      0.2613
  53     0.54016     0.26901
  54     0.55011     0.27671
  55     0.56005     0.28451
  56      0.5703     0.29271
  57     0.58015      0.3007
  58     0.59004     0.30886
  59      0.6003     0.31748
  60     0.61026     0.32596
  61     0.62003     0.33439
  62     0.63014     0.34322
  63     0.64002     0.35199
  64     0.65001     0.36105
  65     0.66001     0.37028
  66     0.67001     0.37967
  67     0.68001     0.38921
  68     0.69003     0.39895
  69     0.70007     0.40888
  70     0.71011     0.41897
  71     0.72026     0.42938
  72     0.73027     0.43987
  73     0.74013     0.45044
  74     0.75015      0.4614
  75        0.76     0.47248
  76     0.77016     0.48418
  77     0.78007     0.49592
  78     0.79002     0.50796
  79     0.80008     0.52045
  80     0.81003     0.53307
  81     0.82002     0.54606
  82     0.83003     0.55952
  83     0.84007     0.57347
  84     0.85023     0.58808
  85     0.86001     0.60267
  86     0.87005      0.6182
  87      0.8801     0.63429
  88     0.89001     0.65086
  89     0.90007     0.66851
  90     0.91005     0.68707
  91     0.92034     0.70727
  92     0.93002     0.72748
  93        0.94     0.74989
  94     0.95009     0.77441
  95     0.96004     0.80094
  96     0.97008     0.83068
  97     0.98002       0.864
  98     0.99012     0.90763
  99           1           1
-----------------------------------------

----------------- PPP$ and local currency --------------
         PPP used in computation: 704.913
     Data mean in local currency: 28402.8
               Data mean in PPP$: 44.1134
        Poverty line in PPP$/Day: 1.9
      Poverty line in PPP$/Month: 57.7917
  Poverty line in local currency: 37209.7
-------------------------------------------------------

----------------- Estimation result --------------
     Number of observation: 12456
          Total population: 2.01758E+07
              Total wealth: 8.12934E+08(PPP$)
                   Minimum: 0.293783(PPP$)
                   Maximum: 5229.25(PPP$)
             Headcount(HC): 0.817636
          Poverty gap (PG): 0.403208
       Poverty gap squared: 0.236193
                      Gini: 0.406256
                    Median: 32.0908
                       MLD: 0.278702
                      Watt: 0.639214
--------------------------------------------------

-------------------------------- Income or Consumption share by deciles (%) -------------------------------------
     2.5787      3.924        4.9      5.763     6.7351     7.8224     9.1579     11.153     14.805     33.161
-----------------------------------------------------------------------------------------------------------------


