

**********************************************************************************************
**                                   Basic Information                                      **
**********************************************************************************************

----------------- Dataset Information -----------------
                         Country: Madagascar
                    Country dode: MDG
                       Data Year: 1997
                        Coverage: National
             Welfare measurement: Consumption
                     Data format: Unit record
                     Data source: MDG_N1997X
                  Data time span: UnDefined
-------------------------------------------------------


----------- Distribution ------------
   i           P           L 
-------------------------------------
   0    0.010229   0.0010587
   1     0.02038   0.0026702
   2    0.030032   0.0045012
   3    0.040166   0.0067034
   4    0.050408   0.0091453
   5    0.060287    0.011688
   6    0.070014    0.014362
   7    0.080114    0.017255
   8    0.090161     0.02025
   9     0.10011    0.023343
  10     0.11004    0.026565
  11     0.12018    0.030005
  12        0.13     0.03345
  13     0.14003    0.037055
  14     0.15035    0.040863
  15     0.16004    0.044554
  16     0.17011    0.048524
  17     0.18004    0.052542
  18     0.19027    0.056781
  19     0.20001    0.060918
  20     0.21014    0.065297
  21     0.22003     0.06969
  22     0.23008    0.074252
  23     0.24019    0.078917
  24        0.25    0.083525
  25     0.26055    0.088593
  26     0.27012    0.093272
  27     0.28007    0.098253
  28      0.2901     0.10338
  29     0.30001     0.10859
  30     0.31009     0.11399
  31     0.32007     0.11947
  32     0.33029     0.12518
  33     0.34035     0.13093
  34     0.35009     0.13659
  35     0.36011     0.14253
  36     0.37017     0.14863
  37     0.38003     0.15471
  38        0.39     0.16096
  39     0.40003     0.16736
  40     0.41024     0.17396
  41     0.42004     0.18041
  42     0.43003     0.18712
  43     0.44013     0.19403
  44     0.45021     0.20105
  45     0.46007     0.20803
  46     0.47014     0.21528
  47     0.48015     0.22259
  48     0.49007     0.22995
  49      0.5001     0.23754
  50     0.51034     0.24545
  51     0.52005     0.25309
  52     0.53008     0.26108
  53     0.54021     0.26926
  54     0.55001      0.2773
  55     0.56008     0.28571
  56     0.57013     0.29427
  57     0.58012     0.30292
  58     0.59026     0.31186
  59     0.60016     0.32075
  60     0.61001     0.32973
  61     0.62027     0.33922
  62     0.63006     0.34844
  63     0.64001     0.35796
  64     0.65021     0.36788
  65     0.66007     0.37764
  66     0.67008     0.38774
  67     0.68038     0.39831
  68     0.69016      0.4086
  69     0.70003     0.41918
  70     0.71018     0.43028
  71      0.7201     0.44131
  72     0.73002     0.45253
  73     0.74003      0.4641
  74     0.75011     0.47605
  75     0.76003     0.48809
  76     0.77006     0.50052
  77     0.78032     0.51357
  78     0.79018     0.52646
  79     0.80042     0.54018
  80     0.81019     0.55362
  81     0.82034     0.56801
  82     0.83008     0.58217
  83     0.84018     0.59726
  84     0.85002     0.61249
  85     0.86002     0.62847
  86     0.87003     0.64503
  87     0.88003     0.66223
  88     0.89018     0.68034
  89     0.90031     0.69912
  90     0.91009     0.71795
  91     0.92006     0.73802
  92     0.93003     0.75909
  93     0.94004     0.78141
  94     0.95006     0.80555
  95     0.96007     0.83157
  96     0.97012     0.85996
  97     0.98012     0.89167
  98     0.99007     0.92935
  99           1           1
-----------------------------------------

----------------- PPP$ and local currency --------------
         PPP used in computation: 704.913
     Data mean in local currency: 10894.4
               Data mean in PPP$: 57.98
        Poverty line in PPP$/Day: 1.9
      Poverty line in PPP$/Month: 57.7917
  Poverty line in local currency: 10859
-------------------------------------------------------

----------------- Estimation result --------------
     Number of observation: 6345
          Total population: 1.35634E+07
              Total wealth: 2.09622E+08(PPP$)
                   Minimum: 0.1542(PPP$)
                   Maximum: 425.318(PPP$)
             Headcount(HC): 0.658894
          Poverty gap (PG): 0.281197
       Poverty gap squared: 0.154272
                      Gini: 0.394684
                    Median: 44.3731
                       MLD: 0.267569
                      Watt: 0.432412
--------------------------------------------------

-------------------------------- Income or Consumption share by deciles (%) -------------------------------------
     2.3308     3.7605      4.767     5.8756     7.0123     8.3143     9.8548     12.047     15.892     30.146
-----------------------------------------------------------------------------------------------------------------


