

**********************************************************************************************
**                                   Basic Information                                      **
**********************************************************************************************

----------------- Dataset Information -----------------
                         Country: Madagascar
                    Country dode: MDG
                       Data Year: 1993
                        Coverage: National
             Welfare measurement: Consumption
                     Data format: Unit record
                     Data source: MDG_N1993X
                  Data time span: UnDefined
-------------------------------------------------------


----------- Distribution ------------
   i           P           L 
-------------------------------------
   0    0.010181  0.00088545
   1    0.020179    0.002159
   2    0.030025   0.0037221
   3    0.040463   0.0056136
   4    0.050182   0.0075956
   5    0.060506   0.0098722
   6    0.070239    0.012165
   7    0.080206    0.014683
   8    0.090169    0.017335
   9     0.10004    0.020082
  10     0.11016    0.023027
  11     0.12005    0.026032
  12     0.13022    0.029269
  13     0.14015    0.032541
  14     0.15021    0.035958
  15     0.16033     0.03952
  16     0.17029     0.04312
  17     0.18007    0.046741
  18     0.19059    0.050749
  19     0.20047    0.054583
  20     0.21005    0.058396
  21     0.22038    0.062621
  22     0.23044    0.066818
  23     0.24018    0.070952
  24     0.25006     0.07526
  25     0.26018      0.0798
  26     0.27001    0.084279
  27     0.28038    0.089087
  28     0.29002    0.093672
  29     0.30014    0.098602
  30     0.31028     0.10364
  31     0.32047     0.10879
  32     0.33025     0.11381
  33     0.34001      0.1189
  34     0.35021     0.12431
  35     0.36014     0.12967
  36     0.37017     0.13517
  37      0.3801     0.14071
  38     0.39003     0.14635
  39     0.40022     0.15222
  40     0.41029      0.1581
  41     0.42066     0.16428
  42     0.43004     0.16995
  43        0.44     0.17609
  44     0.45021      0.1825
  45     0.46008     0.18879
  46     0.47049     0.19554
  47     0.48013     0.20189
  48     0.49001     0.20851
  49     0.50039     0.21557
  50      0.5104     0.22251
  51     0.52017     0.22938
  52     0.53006     0.23644
  53     0.54003     0.24368
  54     0.55037      0.2513
  55     0.56013     0.25863
  56      0.5701     0.26624
  57     0.58039     0.27423
  58     0.59005     0.28185
  59     0.60074     0.29039
  60     0.61007     0.29798
  61     0.62006     0.30626
  62     0.63003     0.31469
  63     0.64023     0.32348
  64     0.65032     0.33231
  65     0.66028     0.34121
  66     0.67019      0.3502
  67        0.68     0.35921
  68     0.69005     0.36862
  69     0.70001     0.37815
  70     0.71032     0.38818
  71     0.72006     0.39784
  72     0.73027     0.40815
  73     0.74008     0.41824
  74     0.75004     0.42877
  75     0.76068     0.44034
  76      0.7702     0.45094
  77     0.78002     0.46211
  78     0.79003     0.47384
  79     0.80077     0.48681
  80     0.81013     0.49841
  81     0.82014     0.51122
  82     0.83033     0.52459
  83     0.84052     0.53836
  84     0.85009     0.55172
  85     0.86003     0.56599
  86     0.87001     0.58088
  87     0.88018     0.59663
  88     0.89011     0.61271
  89     0.90018     0.62991
  90     0.91006     0.64755
  91     0.92011     0.66629
  92     0.93032     0.68635
  93     0.94006      0.7066
  94     0.95003     0.72872
  95     0.96001     0.75307
  96     0.97005     0.78109
  97     0.98011     0.81404
  98        0.99     0.85559
  99           1           1
-----------------------------------------

----------------- PPP$ and local currency --------------
         PPP used in computation: 704.913
     Data mean in local currency: 4906.61
               Data mean in PPP$: 60.6013
        Poverty line in PPP$/Day: 1.9
      Poverty line in PPP$/Month: 57.7917
  Poverty line in local currency: 4679.13
-------------------------------------------------------

----------------- Estimation result --------------
     Number of observation: 4501
          Total population: 1.22613E+07
              Total wealth: 8.53456E+07(PPP$)
                   Minimum: 0.390738(PPP$)
                   Maximum: 519.143(PPP$)
             Headcount(HC): 0.693624
          Poverty gap (PG): 0.303515
       Poverty gap squared: 0.169195
                      Gini: 0.452557
                    Median: 41.5237
                       MLD: 0.360228
                      Watt: 0.473047
--------------------------------------------------

-------------------------------- Income or Consumption share by deciles (%) -------------------------------------
     2.0072     3.4331     4.4132     5.3556     6.3212     7.4502     8.8327     10.774     14.373      37.04
-----------------------------------------------------------------------------------------------------------------


