

**********************************************************************************************
**                                   Basic Information                                      **
**********************************************************************************************

----------------- Dataset Information -----------------
                         Country: Maldives
                    Country dode: MDV
                       Data Year: 2009
                        Coverage: National
             Welfare measurement: Consumption
                     Data format: Unit record
                     Data source: MDV_N2009X
                  Data time span: UnDefined
-------------------------------------------------------


----------- Distribution ------------
   i           P           L 
-------------------------------------
   0    0.011163   0.0017281
   1    0.021118   0.0036038
   2    0.030608   0.0056525
   3    0.040547   0.0080468
   4        0.05    0.010496
   5    0.060305    0.013317
   6    0.070507    0.016176
   7    0.080286    0.019081
   8    0.090055    0.022096
   9     0.10172    0.025789
  10     0.11041    0.028592
  11     0.12017    0.031912
  12     0.13072    0.035659
  13     0.14027    0.039198
  14     0.15001    0.042973
  15       0.161    0.047347
  16     0.17042    0.051159
  17     0.18003    0.055116
  18     0.19068    0.059629
  19     0.20002    0.063666
  20     0.21006    0.068097
  21     0.22051    0.072836
  22     0.23019    0.077343
  23     0.24008    0.082081
  24     0.25033    0.087107
  25     0.26016    0.092068
  26     0.27132    0.097839
  27     0.28123     0.10306
  28     0.29099     0.10827
  29     0.30083      0.1136
  30     0.31056     0.11893
  31     0.32052     0.12449
  32     0.33044     0.13019
  33     0.34016     0.13589
  34     0.35051     0.14209
  35     0.36031     0.14814
  36     0.37019     0.15438
  37     0.38005     0.16072
  38     0.39063      0.1676
  39     0.40005     0.17386
  40     0.41016     0.18068
  41     0.42006     0.18747
  42     0.43011     0.19445
  43     0.44064     0.20188
  44     0.45045     0.20891
  45     0.46014     0.21596
  46     0.47115     0.22406
  47     0.48071     0.23125
  48     0.49008     0.23842
  49     0.50057     0.24655
  50     0.51168     0.25526
  51     0.52038      0.2622
  52     0.53024     0.27021
  53     0.54007     0.27833
  54     0.55042     0.28708
  55     0.56006     0.29534
  56     0.57514     0.30852
  57      0.5818     0.31443
  58     0.59011      0.3219
  59     0.60011     0.33107
  60     0.61025     0.34054
  61     0.62444     0.35403
  62      0.6305     0.35986
  63     0.64034     0.36946
  64     0.65009     0.37914
  65     0.66019     0.38934
  66     0.67109     0.40057
  67     0.68368     0.41379
  68     0.69275     0.42347
  69     0.70066     0.43198
  70        0.71     0.44214
  71     0.72073     0.45406
  72      0.7303     0.46485
  73     0.74048     0.47653
  74     0.75008      0.4877
  75      0.7604     0.50001
  76     0.77067     0.51247
  77     0.78117     0.52543
  78     0.79033     0.53703
  79     0.80008      0.5497
  80     0.81092     0.56415
  81     0.82021     0.57676
  82     0.83032     0.59079
  83     0.84001     0.60458
  84     0.85055     0.62002
  85     0.86067     0.63546
  86     0.87006     0.65022
  87     0.88059     0.66741
  88     0.89084     0.68459
  89     0.90028     0.70106
  90     0.91079     0.72024
  91     0.92022      0.7383
  92     0.93091     0.75946
  93      0.9402      0.7785
  94     0.95031     0.80057
  95     0.96101     0.82562
  96      0.9706     0.85053
  97     0.98148     0.88568
  98     0.99012      0.9232
  99           1           1
-----------------------------------------

----------------- PPP$ and local currency --------------
         PPP used in computation: 10.676
     Data mean in local currency: 1849.52
               Data mean in PPP$: 198.521
        Poverty line in PPP$/Day: 1.9
      Poverty line in PPP$/Month: 57.7917
  Poverty line in local currency: 538.416
-------------------------------------------------------

----------------- Estimation result --------------
     Number of observation: 1903
          Total population: 306096
              Total wealth: 5.30281E+07(PPP$)
                   Minimum: 14.3188(PPP$)
                   Maximum: 2672.57(PPP$)
             Headcount(HC): 0.0726335
          Poverty gap (PG): 0.0149602
       Poverty gap squared: 0.00484651
                      Gini: 0.383728
                    Median: 154.708
                       MLD: 0.250291
                      Watt: 0.0183408
--------------------------------------------------

-------------------------------- Income or Consumption share by deciles (%) -------------------------------------
     2.5244     3.8415     4.9487     6.0677     7.2281     8.4867      10.03     11.833     15.098     29.942
-----------------------------------------------------------------------------------------------------------------


