

**********************************************************************************************
**                                   Basic Information                                      **
**********************************************************************************************

----------------- Dataset Information -----------------
                         Country: Mexico
                    Country dode: MEX
                       Data Year: 1984
                        Coverage: National
             Welfare measurement: Consumption
                     Data format: Unit record
                     Data source: MEX_N1984X
                  Data time span: UnDefined
-------------------------------------------------------


----------- Distribution ------------
   i           P           L 
-------------------------------------
   0     0.01035  0.00065258
   1    0.020201   0.0016868
   2    0.030059   0.0028758
   3    0.040088   0.0042561
   4    0.050241    0.005768
   5    0.060323   0.0074061
   6    0.070049   0.0091135
   7    0.080228    0.011003
   8    0.090109    0.012957
   9     0.10014    0.015038
  10        0.11    0.017197
  11     0.12007    0.019518
  12     0.13022    0.021938
  13     0.14001    0.024348
  14     0.15008     0.02692
  15     0.16011    0.029573
  16     0.17015    0.032341
  17     0.18034     0.03523
  18     0.19028    0.038144
  19     0.20008    0.041089
  20        0.21    0.044139
  21     0.22004    0.047323
  22     0.23002    0.050577
  23     0.24018     0.05397
  24     0.25046    0.057484
  25     0.26016    0.060877
  26     0.27037    0.064566
  27     0.28003    0.068163
  28     0.29026    0.072073
  29     0.30002    0.075901
  30      0.3102    0.079999
  31     0.32005    0.084068
  32      0.3301    0.088338
  33     0.34022    0.092743
  34     0.35018    0.097196
  35     0.36034     0.10185
  36     0.37078      0.1068
  37      0.3803     0.11138
  38     0.39011     0.11621
  39     0.40006     0.12125
  40     0.41016      0.1265
  41     0.42003     0.13173
  42     0.43037     0.13734
  43     0.44011     0.14274
  44     0.45044      0.1486
  45        0.46     0.15415
  46     0.47031     0.16028
  47     0.48034     0.16638
  48     0.49014      0.1725
  49     0.50071     0.17922
  50     0.51008      0.1853
  51     0.52002     0.19187
  52      0.5307      0.1991
  53     0.54013     0.20565
  54      0.5502     0.21279
  55     0.56033     0.22015
  56     0.57005     0.22742
  57     0.58019     0.23522
  58     0.59023     0.24314
  59     0.60027     0.25125
  60     0.61052     0.25972
  61      0.6205      0.2682
  62     0.63007     0.27655
  63     0.64008     0.28545
  64     0.65009     0.29456
  65        0.66     0.30383
  66     0.67006     0.31346
  67     0.68016     0.32338
  68     0.69002     0.33329
  69     0.70015     0.34369
  70     0.71006      0.3541
  71     0.72056     0.36545
  72     0.73006     0.37601
  73     0.74032     0.38772
  74     0.75006      0.3991
  75     0.76005     0.41105
  76     0.77016     0.42341
  77     0.78025     0.43606
  78     0.79002     0.44869
  79     0.80067     0.46304
  80     0.81012     0.47624
  81     0.82003     0.49067
  82     0.83008     0.50596
  83      0.8402     0.52189
  84     0.85166     0.54068
  85     0.86037      0.5554
  86     0.87015     0.57246
  87     0.88012     0.59064
  88     0.89016     0.60975
  89     0.90004     0.62964
  90     0.91087     0.65274
  91     0.92014     0.67352
  92     0.93015     0.69748
  93     0.94026     0.72333
  94     0.95023     0.75132
  95     0.96064     0.78337
  96     0.97021     0.81619
  97     0.98061     0.85823
  98     0.99088     0.91113
  99           1           1
-----------------------------------------

----------------- PPP$ and local currency --------------
         PPP used in computation: 8.94021
     Data mean in local currency: 14341.1
               Data mean in PPP$: 302.544
        Poverty line in PPP$/Day: 1.9
      Poverty line in PPP$/Month: 57.7917
  Poverty line in local currency: 2739.43
-------------------------------------------------------

----------------- Estimation result --------------
     Number of observation: 4648
          Total population: 1
              Total wealth: 1604.12(PPP$)
                   Minimum: 0(PPP$)
                   Maximum: 111836(PPP$)
             Headcount(HC): 0.0793198
          Poverty gap (PG): 0.0226277
       Poverty gap squared: 0.00972609
                      Gini: 0.489475
                    Median: 193.734
                       MLD: 0.425543
                      Watt: 0.0313604
--------------------------------------------------

-------------------------------- Income or Consumption share by deciles (%) -------------------------------------
     1.5008     2.6056      3.483     4.5323     5.7551     7.2269     9.2504      11.86     16.743     37.043
-----------------------------------------------------------------------------------------------------------------


