

**********************************************************************************************
**                                   Basic Information                                      **
**********************************************************************************************

----------------- Dataset Information -----------------
                         Country: Macedonia, former Yugoslav Republic of
                    Country dode: MKD
                       Data Year: 2008
                        Coverage: National
             Welfare measurement: Consumption
                     Data format: Unit record
                     Data source: MKD_N2008X
                  Data time span: UnDefined
-------------------------------------------------------


----------- Distribution ------------
   i           P           L 
-------------------------------------
   0    0.010433   0.0011177
   1    0.021905   0.0029386
   2    0.030121   0.0043689
   3    0.040108   0.0062557
   4    0.051696   0.0087533
   5    0.060154    0.010698
   6    0.070331    0.013147
   7    0.084299    0.016672
   8    0.090717    0.018343
   9     0.10007    0.020865
  10     0.11004    0.023714
  11     0.12008    0.026724
  12     0.13149    0.030197
  13     0.14005    0.032874
  14     0.15009    0.036114
  15     0.16004    0.039433
  16     0.17021    0.042968
  17     0.18014    0.046518
  18      0.1901    0.050204
  19     0.20018    0.054008
  20     0.21045    0.058003
  21     0.22018     0.06185
  22     0.23012    0.065846
  23        0.24    0.069925
  24     0.25012    0.074233
  25     0.26008    0.078587
  26     0.27019    0.083106
  27     0.28014    0.087612
  28     0.29006    0.092194
  29      0.3001    0.096929
  30     0.31299     0.10318
  31     0.32023     0.10673
  32     0.33005     0.11162
  33     0.34019     0.11676
  34     0.35061     0.12212
  35     0.36007     0.12704
  36     0.37012     0.13239
  37     0.38004     0.13782
  38     0.39018     0.14349
  39     0.40026     0.14928
  40     0.41004       0.155
  41     0.42171     0.16196
  42     0.43003     0.16696
  43     0.44017     0.17316
  44     0.45099     0.17993
  45     0.46003     0.18568
  46     0.47002     0.19212
  47     0.48015     0.19875
  48     0.49022     0.20546
  49     0.50233     0.21367
  50     0.51021     0.21913
  51      0.5201     0.22609
  52      0.5302     0.23334
  53     0.54011     0.24064
  54     0.55014     0.24818
  55     0.56015     0.25583
  56     0.57006     0.26356
  57     0.58018      0.2716
  58     0.59013     0.27968
  59     0.60122     0.28885
  60     0.61026     0.29646
  61     0.62078      0.3055
  62     0.63258     0.31591
  63      0.6401     0.32266
  64     0.65001     0.33175
  65      0.6601     0.34123
  66     0.67005     0.35079
  67     0.68039     0.36093
  68     0.69014     0.37068
  69     0.70005      0.3808
  70     0.71005     0.39126
  71     0.72079     0.40278
  72     0.73013     0.41301
  73     0.74001     0.42415
  74     0.75005     0.43573
  75     0.76023     0.44782
  76     0.77011     0.45988
  77     0.78007     0.47228
  78     0.79031     0.48538
  79      0.8001     0.49825
  80     0.81015     0.51179
  81     0.82005      0.5256
  82     0.83019     0.54032
  83     0.84016     0.55524
  84     0.85005     0.57056
  85     0.86043     0.58727
  86     0.87007      0.6035
  87     0.88001     0.62087
  88     0.89003     0.63925
  89     0.90004      0.6585
  90     0.91006     0.67872
  91     0.92004     0.69996
  92     0.93023     0.72303
  93     0.94174     0.75092
  94     0.95029     0.77281
  95      0.9601     0.79989
  96     0.97002     0.83037
  97      0.9801     0.86637
  98     0.99086     0.91529
  99           1           1
-----------------------------------------

----------------- PPP$ and local currency --------------
         PPP used in computation: 22.936
     Data mean in local currency: 7955.87
               Data mean in PPP$: 363.154
        Poverty line in PPP$/Day: 1.9
      Poverty line in PPP$/Month: 57.7917
  Poverty line in local currency: 1266.08
-------------------------------------------------------

----------------- Estimation result --------------
     Number of observation: 4141
          Total population: 2.04384E+06
              Total wealth: 7.08952E+08(PPP$)
                   Minimum: 3.08231(PPP$)
                   Maximum: 11100.6(PPP$)
             Headcount(HC): 0.0133113
          Poverty gap (PG): 0.003564
       Poverty gap squared: 0.00174136
                      Gini: 0.440526
                    Median: 248.565
                       MLD: 0.332122
                      Watt: 0.00602866
--------------------------------------------------

-------------------------------- Income or Consumption share by deciles (%) -------------------------------------
     2.0846     3.3093     4.2944     5.2251      6.296     7.5748     9.2909     11.736     16.031     34.158
-----------------------------------------------------------------------------------------------------------------


