

**********************************************************************************************
**                                   Basic Information                                      **
**********************************************************************************************

----------------- Dataset Information -----------------
                         Country: Macedonia, former Yugoslav Republic of
                    Country dode: MKD
                       Data Year: 2002
                        Coverage: National
             Welfare measurement: Consumption
                     Data format: Unit record
                     Data source: MKD_N2002X
                  Data time span: UnDefined
-------------------------------------------------------


----------- Distribution ------------
   i           P           L 
-------------------------------------
   0    0.010028   0.0011439
   1    0.020166   0.0028795
   2    0.030208      0.0049
   3    0.040143   0.0070441
   4    0.050136   0.0094543
   5    0.060107    0.012032
   6    0.070489    0.014871
   7    0.080061    0.017642
   8     0.09042    0.020765
   9     0.10019    0.023832
  10     0.11047    0.027164
  11     0.12016    0.030418
  12     0.13011    0.033861
  13     0.14019    0.037448
  14     0.15007    0.041105
  15     0.16048    0.045089
  16     0.17022     0.04892
  17     0.18019    0.052962
  18     0.19005    0.057067
  19     0.20013    0.061372
  20     0.21028    0.065831
  21     0.22009    0.070262
  22     0.23002    0.074835
  23     0.24011    0.079596
  24      0.2501    0.084411
  25     0.26011    0.089318
  26     0.27025    0.094374
  27      0.2801    0.099388
  28     0.29013     0.10462
  29     0.30039     0.11011
  30     0.31018     0.11543
  31     0.32018     0.12097
  32     0.33006     0.12656
  33     0.34009     0.13233
  34     0.35029     0.13832
  35     0.36005     0.14418
  36     0.37014     0.15036
  37     0.38019     0.15662
  38     0.39003     0.16288
  39     0.40002     0.16935
  40      0.4101     0.17601
  41     0.42052     0.18307
  42     0.43003     0.18962
  43     0.44023     0.19675
  44     0.45003     0.20373
  45     0.46019     0.21108
  46      0.4702     0.21845
  47     0.48029     0.22603
  48     0.49021     0.23363
  49     0.50002     0.24128
  50     0.51006     0.24926
  51     0.52003     0.25732
  52     0.53009     0.26556
  53     0.54024     0.27405
  54     0.55014     0.28246
  55     0.56013     0.29106
  56     0.57019     0.29983
  57     0.58016     0.30867
  58      0.5909     0.31839
  59     0.60009     0.32684
  60     0.61014     0.33621
  61     0.62007     0.34559
  62     0.63033      0.3555
  63      0.6401     0.36508
  64     0.65002     0.37493
  65     0.66003     0.38509
  66     0.67011     0.39547
  67     0.68013     0.40596
  68     0.69018     0.41673
  69     0.70008     0.42757
  70     0.71012      0.4388
  71        0.72     0.45008
  72     0.73008     0.46176
  73     0.74001     0.47353
  74     0.75007     0.48571
  75     0.76039     0.49857
  76     0.77012     0.51094
  77     0.78011     0.52391
  78     0.79015     0.53728
  79     0.80034     0.55114
  80     0.81013      0.5647
  81     0.82005     0.57892
  82        0.83     0.59358
  83     0.84013     0.60897
  84     0.85003     0.62444
  85     0.86071     0.64169
  86     0.87001     0.65707
  87     0.88091     0.67555
  88     0.89003     0.69149
  89     0.90009     0.70981
  90     0.91031     0.72926
  91     0.92022     0.74905
  92     0.93036     0.76998
  93     0.94036     0.79165
  94     0.95022     0.81414
  95     0.96003     0.83808
  96     0.97008     0.86505
  97     0.98007     0.89659
  98     0.99013     0.93724
  99           1           1
-----------------------------------------

----------------- PPP$ and local currency --------------
         PPP used in computation: 22.936
     Data mean in local currency: 6602.22
               Data mean in PPP$: 352.162
        Poverty line in PPP$/Day: 1.9
      Poverty line in PPP$/Month: 57.7917
  Poverty line in local currency: 1083.46
-------------------------------------------------------

----------------- Estimation result --------------
     Number of observation: 4091
          Total population: 2.04897E+06
              Total wealth: 5.89805E+08(PPP$)
                   Minimum: 15.9377(PPP$)
                   Maximum: 3885.3(PPP$)
             Headcount(HC): 0.0131413
          Poverty gap (PG): 0.0031341
       Poverty gap squared: 0.00119056
                      Gini: 0.385091
                    Median: 277.165
                       MLD: 0.25359
                      Watt: 0.0040206
--------------------------------------------------

-------------------------------- Income or Consumption share by deciles (%) -------------------------------------
     2.3773     3.7544     4.8584     5.9434     7.1934     8.5481     10.073     12.319     15.897     29.036
-----------------------------------------------------------------------------------------------------------------


