

**********************************************************************************************
**                                   Basic Information                                      **
**********************************************************************************************

----------------- Dataset Information -----------------
                         Country: Macedonia, former Yugoslav Republic of
                    Country dode: MKD
                       Data Year: 2005
                        Coverage: National
             Welfare measurement: Consumption
                     Data format: Unit record
                     Data source: MKD_N2005X
                  Data time span: UnDefined
-------------------------------------------------------


----------- Distribution ------------
   i           P           L 
-------------------------------------
   0     0.01051   0.0010942
   1    0.020251   0.0026489
   2    0.030007   0.0044016
   3    0.040052   0.0064453
   4    0.050308   0.0087583
   5    0.060151    0.011168
   6    0.070028    0.013723
   7    0.080471    0.016558
   8    0.090344    0.019353
   9     0.10011    0.022238
  10     0.11041    0.025396
  11     0.12017     0.02849
  12     0.13025    0.031806
  13     0.14054    0.035312
  14     0.15024    0.038733
  15     0.16181    0.042965
  16     0.17006    0.046047
  17     0.18004    0.049894
  18      0.1901    0.053884
  19     0.20025    0.058044
  20      0.2102    0.062255
  21     0.22003    0.066515
  22      0.2303    0.071073
  23     0.24031    0.075607
  24     0.25006    0.080125
  25     0.26016    0.084921
  26     0.27006    0.089759
  27     0.28011    0.094778
  28     0.29012    0.099889
  29     0.30016     0.10511
  30     0.31027     0.11049
  31     0.32017     0.11588
  32     0.33012     0.12143
  33     0.34017     0.12716
  34     0.35027     0.13302
  35     0.36016     0.13885
  36     0.37001     0.14479
  37     0.38023     0.15103
  38     0.39004     0.15713
  39     0.40006     0.16345
  40     0.41012     0.16993
  41     0.42021     0.17653
  42        0.43     0.18306
  43     0.44011     0.18994
  44     0.45001     0.19681
  45     0.46014     0.20399
  46     0.47018     0.21123
  47     0.48019     0.21857
  48     0.49001      0.2259
  49     0.50005     0.23351
  50     0.51007     0.24124
  51     0.52003     0.24906
  52     0.53028     0.25727
  53      0.5401      0.2653
  54     0.55019     0.27371
  55     0.56013     0.28213
  56     0.57028     0.29093
  57     0.58013     0.29959
  58     0.59007     0.30851
  59     0.60008     0.31767
  60     0.61011     0.32705
  61     0.62014     0.33657
  62     0.63005     0.34615
  63     0.64008     0.35606
  64     0.65008      0.3662
  65     0.66008     0.37654
  66     0.67005       0.387
  67     0.68013     0.39777
  68     0.69016      0.4087
  69     0.70019     0.41985
  70     0.71047     0.43153
  71     0.72016     0.44282
  72     0.73003     0.45461
  73     0.74004     0.46689
  74     0.75003     0.47942
  75     0.76008     0.49234
  76     0.77047     0.50598
  77     0.78008     0.51884
  78     0.79021      0.5327
  79     0.80013     0.54664
  80     0.81014     0.56109
  81     0.82015     0.57584
  82     0.83034     0.59122
  83     0.84011     0.60642
  84     0.85013     0.62251
  85     0.86043     0.63961
  86     0.87029     0.65651
  87     0.88001     0.67374
  88     0.89009     0.69226
  89     0.90003     0.71118
  90     0.91014     0.73107
  91     0.92015     0.75177
  92     0.93009     0.77348
  93     0.94016     0.79655
  94     0.95009     0.82039
  95     0.96004     0.84603
  96     0.97002      0.8742
  97     0.98021     0.90581
  98     0.99016     0.94186
  99           1           1
-----------------------------------------

----------------- PPP$ and local currency --------------
         PPP used in computation: 22.936
     Data mean in local currency: 7013.78
               Data mean in PPP$: 366.032
        Poverty line in PPP$/Day: 1.9
      Poverty line in PPP$/Month: 57.7917
  Poverty line in local currency: 1107.38
-------------------------------------------------------

----------------- Estimation result --------------
     Number of observation: 4213
          Total population: 2.03851E+06
              Total wealth: 6.23373E+08(PPP$)
                   Minimum: 14.5887(PPP$)
                   Maximum: 4830.97(PPP$)
             Headcount(HC): 0.013826
          Poverty gap (PG): 0.00375178
       Poverty gap squared: 0.00145532
                      Gini: 0.393053
                    Median: 279.666
                       MLD: 0.266217
                      Watt: 0.00485987
--------------------------------------------------

-------------------------------- Income or Consumption share by deciles (%) -------------------------------------
     2.2207     3.5736     4.7084     5.8387     7.0061     8.4122     10.204     12.682     16.467     28.887
-----------------------------------------------------------------------------------------------------------------


