

**********************************************************************************************
**                                   Basic Information                                      **
**********************************************************************************************

----------------- Dataset Information -----------------
                         Country: Macedonia, former Yugoslav Republic of
                    Country dode: MKD
                       Data Year: 2006
                        Coverage: National
             Welfare measurement: Consumption
                     Data format: Unit record
                     Data source: MKD_N2006X
                  Data time span: UnDefined
-------------------------------------------------------


----------- Distribution ------------
   i           P           L 
-------------------------------------
   0    0.010889   0.0010887
   1    0.020184    0.002276
   2    0.030694   0.0038569
   3    0.040181   0.0055034
   4    0.050222   0.0073835
   5    0.060014   0.0093882
   6     0.07006    0.011585
   7    0.080342    0.013988
   8    0.090276    0.016496
   9     0.10029    0.019179
  10     0.11016    0.021934
  11     0.12023    0.024858
  12     0.13053    0.027953
  13     0.14029    0.031014
  14      0.1506    0.034375
  15     0.16071    0.037763
  16     0.17033    0.041084
  17     0.18005    0.044526
  18     0.19008    0.048219
  19     0.20004    0.052289
  20     0.21016    0.056521
  21     0.22028    0.060843
  22     0.23014    0.065134
  23     0.24013    0.069544
  24     0.25002    0.073968
  25     0.26036    0.078664
  26     0.27114    0.083633
  27     0.28054    0.088036
  28      0.2904    0.092734
  29     0.30005    0.097421
  30     0.31032     0.10254
  31     0.32026     0.10762
  32     0.33076     0.11311
  33     0.34006     0.11807
  34     0.35001     0.12347
  35     0.36027     0.12915
  36      0.3701     0.13468
  37     0.38018     0.14048
  38     0.39096     0.14683
  39     0.40015     0.15235
  40     0.41014     0.15846
  41     0.42002     0.16463
  42     0.43027     0.17112
  43     0.44003      0.1774
  44     0.45026     0.18406
  45     0.46001     0.19055
  46     0.47014     0.19743
  47     0.48016     0.20436
  48     0.49126      0.2122
  49     0.50005      0.2185
  50     0.51005     0.22576
  51     0.52033     0.23339
  52     0.53001     0.24071
  53     0.54039      0.2487
  54     0.55008     0.25627
  55     0.56006     0.26422
  56     0.57138     0.27338
  57     0.58059     0.28093
  58     0.59041     0.28913
  59     0.60051     0.29773
  60     0.61009     0.30605
  61     0.62022     0.31509
  62     0.63061     0.32454
  63     0.64059      0.3338
  64     0.65005     0.34274
  65     0.66078     0.35312
  66     0.67014     0.36236
  67     0.68021     0.37245
  68     0.69028     0.38273
  69     0.70012     0.39301
  70     0.71018     0.40383
  71     0.72022      0.4149
  72     0.73024     0.42619
  73     0.74005      0.4375
  74     0.75031     0.44967
  75     0.76003     0.46152
  76     0.77015      0.4742
  77     0.78004     0.48687
  78     0.79006     0.50004
  79     0.80009     0.51358
  80     0.81032     0.52773
  81     0.82003     0.54163
  82     0.83019     0.55673
  83     0.84019     0.57219
  84     0.85018     0.58829
  85     0.86014     0.60495
  86     0.87025     0.62248
  87     0.88015     0.64019
  88        0.89     0.65866
  89     0.90015     0.67852
  90     0.91009     0.69894
  91     0.92014     0.72065
  92     0.93054     0.74398
  93      0.9403     0.76699
  94     0.95013     0.79175
  95     0.96018     0.81897
  96     0.97033     0.84832
  97     0.98011     0.88048
  98     0.99003     0.92034
  99           1           1
-----------------------------------------

----------------- PPP$ and local currency --------------
         PPP used in computation: 22.936
     Data mean in local currency: 7462.57
               Data mean in PPP$: 377.327
        Poverty line in PPP$/Day: 1.9
      Poverty line in PPP$/Month: 57.7917
  Poverty line in local currency: 1142.97
-------------------------------------------------------

----------------- Estimation result --------------
     Number of observation: 4211
          Total population: 2.04194E+06
              Total wealth: 6.64377E+08(PPP$)
                   Minimum: 18.3591(PPP$)
                   Maximum: 14609.8(PPP$)
             Headcount(HC): 0.026553
          Poverty gap (PG): 0.00561881
       Poverty gap squared: 0.0017405
                      Gini: 0.426425
                    Median: 271.494
                       MLD: 0.31664
                      Watt: 0.00683333
--------------------------------------------------

-------------------------------- Income or Consumption share by deciles (%) -------------------------------------
     1.9102     3.3171     4.5122     5.4862     6.6199     7.8837     9.5588     12.057     16.477     32.178
-----------------------------------------------------------------------------------------------------------------


