

**********************************************************************************************
**                                   Basic Information                                      **
**********************************************************************************************

----------------- Dataset Information -----------------
                         Country: Mali
                    Country dode: MLI
                       Data Year: 1994
                        Coverage: National
             Welfare measurement: Consumption
                     Data format: Unit record
                     Data source: MLI_N1994X
                  Data time span: UnDefined
-------------------------------------------------------


----------- Distribution ------------
   i           P           L 
-------------------------------------
   0     0.01021  0.00084593
   1    0.020032   0.0020303
   2     0.03017    0.003527
   3    0.040032   0.0051332
   4    0.050214   0.0069062
   5    0.060297   0.0087862
   6    0.070181    0.010767
   7    0.080359    0.012951
   8    0.090127    0.015153
   9     0.10002    0.017458
  10     0.11013    0.019915
  11     0.12039     0.02252
  12     0.13036    0.025139
  13     0.14009    0.027778
  14     0.15004    0.030579
  15     0.16006    0.033487
  16        0.17    0.036465
  17     0.18012    0.039571
  18     0.19027     0.04274
  19     0.20044    0.046002
  20     0.21015    0.049182
  21      0.2202    0.052556
  22     0.23031    0.056018
  23     0.24023    0.059473
  24     0.25031    0.063054
  25     0.26034    0.066686
  26      0.2701    0.070309
  27     0.28006    0.074084
  28     0.29009     0.07795
  29     0.30016    0.081914
  30     0.31013    0.085914
  31     0.32005    0.089977
  32     0.33074    0.094441
  33     0.34011     0.09843
  34     0.35035     0.10287
  35     0.36039      0.1073
  36     0.37015     0.11169
  37     0.38001     0.11622
  38     0.39007     0.12097
  39     0.40015      0.1258
  40      0.4102      0.1307
  41     0.42036     0.13576
  42     0.43022     0.14078
  43     0.44093     0.14633
  44     0.45024     0.15125
  45     0.46004     0.15652
  46     0.47028     0.16214
  47     0.48019     0.16768
  48      0.4904     0.17351
  49     0.50013     0.17918
  50        0.51     0.18508
  51     0.52006     0.19124
  52     0.53009     0.19751
  53     0.54008     0.20386
  54     0.55011     0.21035
  55     0.56002     0.21689
  56     0.57039     0.22389
  57     0.58019     0.23063
  58     0.59026     0.23772
  59     0.60002     0.24475
  60     0.61008     0.25221
  61      0.6202     0.25989
  62     0.63022     0.26767
  63     0.64012     0.27556
  64     0.65001     0.28366
  65     0.66004     0.29212
  66        0.67     0.30075
  67     0.68003     0.30965
  68     0.69014     0.31885
  69         0.7     0.32806
  70     0.71036     0.33798
  71     0.72006     0.34757
  72     0.73004     0.35767
  73      0.7402     0.36824
  74     0.75003      0.3788
  75     0.76024     0.39011
  76     0.77015     0.40142
  77     0.78007     0.41313
  78     0.79003     0.42534
  79     0.80003     0.43794
  80     0.81009     0.45101
  81     0.82003     0.46446
  82      0.8301     0.47861
  83        0.84     0.49305
  84     0.85007     0.50824
  85     0.86004     0.52394
  86     0.87006     0.54055
  87     0.88001     0.55783
  88     0.89004     0.57629
  89     0.90001     0.59564
  90     0.91009     0.61647
  91     0.92005     0.63856
  92     0.93004     0.66259
  93        0.94     0.68864
  94     0.95009     0.71766
  95        0.96     0.74961
  96     0.97001      0.7865
  97     0.98003        0.83
  98     0.99004     0.88511
  99           1           1
-----------------------------------------

----------------- PPP$ and local currency --------------
         PPP used in computation: 221.868
     Data mean in local currency: 4998.58
               Data mean in PPP$: 37.6676
        Poverty line in PPP$/Day: 1.9
      Poverty line in PPP$/Month: 57.7917
  Poverty line in local currency: 7669.11
-------------------------------------------------------

----------------- Estimation result --------------
     Number of observation: 9066
          Total population: 7.95482E+06
              Total wealth: 1.79218E+08(PPP$)
                   Minimum: 0.887532(PPP$)
                   Maximum: 4180.54(PPP$)
             Headcount(HC): 0.848769
          Poverty gap (PG): 0.518811
       Poverty gap squared: 0.360039
                      Gini: 0.504412
                    Median: 22.1704
                       MLD: 0.436677
                      Watt: 0.951897
--------------------------------------------------

-------------------------------- Income or Consumption share by deciles (%) -------------------------------------
     1.7454     2.8408     3.5989     4.3878     5.3379     6.5629     8.3319     10.984     15.771     40.439
-----------------------------------------------------------------------------------------------------------------


