

**********************************************************************************************
**                                   Basic Information                                      **
**********************************************************************************************

----------------- Dataset Information -----------------
                         Country: Montenegro
                    Country dode: MNE
                       Data Year: 2008
                        Coverage: National
             Welfare measurement: Consumption
                     Data format: Unit record
                     Data source: MNE_N2008X
                  Data time span: UnDefined
-------------------------------------------------------


----------- Distribution ------------
   i           P           L 
-------------------------------------
   0    0.011963   0.0023706
   1    0.020269    0.004636
   2    0.031413   0.0079862
   3    0.043069    0.011958
   4    0.050358    0.014599
   5    0.060569    0.018412
   6    0.070044    0.022111
   7    0.081236     0.02667
   8    0.090616    0.030624
   9     0.10084    0.035075
  10     0.11122     0.03973
  11      0.1212    0.044319
  12      0.1306    0.048687
  13      0.1417     0.05394
  14     0.15131    0.058595
  15     0.16079    0.063306
  16     0.17015    0.068081
  17     0.18161    0.074144
  18     0.19018    0.078798
  19     0.20001    0.084256
  20      0.2112    0.090588
  21      0.2207    0.096059
  22     0.23131     0.10221
  23     0.24055     0.10763
  24      0.2506     0.11365
  25     0.26105     0.12004
  26        0.27     0.12564
  27     0.28119     0.13271
  28     0.29006      0.1384
  29     0.30075     0.14532
  30     0.31093     0.15197
  31     0.32079      0.1585
  32       0.331     0.16537
  33     0.34051     0.17183
  34     0.35031     0.17863
  35     0.36076     0.18601
  36     0.37065     0.19308
  37     0.38014     0.19996
  38     0.39019     0.20736
  39     0.40107     0.21543
  40     0.41039     0.22245
  41     0.42052     0.23014
  42     0.43102     0.23825
  43     0.44122     0.24624
  44     0.45091     0.25393
  45     0.46179     0.26269
  46     0.47091     0.27012
  47     0.48047     0.27801
  48     0.49017     0.28611
  49      0.5006     0.29492
  50     0.51161      0.3043
  51     0.52111     0.31249
  52     0.53023     0.32043
  53     0.54091     0.32983
  54     0.55019     0.33812
  55     0.56063     0.34756
  56     0.57026     0.35639
  57     0.58021     0.36571
  58     0.59048     0.37547
  59     0.60117     0.38581
  60     0.61025     0.39475
  61     0.62002     0.40444
  62     0.63021     0.41462
  63     0.64023      0.4248
  64     0.65218     0.43708
  65     0.66008     0.44525
  66     0.67012     0.45575
  67     0.68039     0.46664
  68     0.69013      0.4771
  69     0.70008     0.48786
  70     0.71012     0.49892
  71     0.72068     0.51079
  72      0.7303     0.52186
  73     0.74128     0.53477
  74     0.75046     0.54573
  75     0.76129     0.55879
  76     0.77042     0.57007
  77     0.78117     0.58363
  78      0.7902     0.59524
  79     0.80006     0.60811
  80     0.81039     0.62184
  81      0.8207     0.63585
  82     0.83025       0.649
  83     0.84022       0.663
  84     0.85018     0.67723
  85     0.86099     0.69316
  86     0.87012     0.70694
  87     0.88063      0.7232
  88     0.89041     0.73879
  89     0.90006     0.75468
  90     0.91012     0.77191
  91     0.92028     0.79025
  92     0.93074     0.81024
  93     0.94012      0.8291
  94     0.95092     0.85218
  95     0.96173     0.87742
  96     0.97136     0.90156
  97     0.98015      0.9255
  98      0.9907     0.95691
  99           1           1
-----------------------------------------

----------------- PPP$ and local currency --------------
         PPP used in computation: 0.449341
     Data mean in local currency: 210.326
               Data mean in PPP$: 504.293
        Poverty line in PPP$/Day: 1.9
      Poverty line in PPP$/Month: 57.7917
  Poverty line in local currency: 24.1032
-------------------------------------------------------

----------------- Estimation result --------------
     Number of observation: 1192
          Total population: 611475
              Total wealth: 2.86216E+08(PPP$)
                   Minimum: 33.4269(PPP$)
                   Maximum: 4155.46(PPP$)
             Headcount(HC): 0.00187792
          Poverty gap (PG): 0.000375099
       Poverty gap squared: 0.000133823
                      Gini: 0.30488
                    Median: 427.117
                       MLD: 0.154392
                      Watt: 0.00046559
--------------------------------------------------

-------------------------------- Income or Consumption share by deciles (%) -------------------------------------
     3.4709     4.9541     6.0586     6.9806     7.9766     9.0276     10.309     12.026     14.655     24.542
-----------------------------------------------------------------------------------------------------------------


