

**********************************************************************************************
**                                   Basic Information                                      **
**********************************************************************************************

----------------- Dataset Information -----------------
                         Country: Montenegro
                    Country dode: MNE
                       Data Year: 2007
                        Coverage: National
             Welfare measurement: Consumption
                     Data format: Unit record
                     Data source: MNE_N2007X
                  Data time span: UnDefined
-------------------------------------------------------


----------- Distribution ------------
   i           P           L 
-------------------------------------
   0    0.011127   0.0019962
   1    0.020164    0.004324
   2    0.030517   0.0072398
   3    0.041217    0.010481
   4    0.050501    0.013526
   5    0.060642    0.017008
   6    0.071099    0.020814
   7    0.081237    0.024719
   8    0.090655     0.02846
   9     0.10066    0.032564
  10     0.11062    0.036807
  11     0.12041    0.041071
  12     0.13013    0.045436
  13     0.14023    0.050056
  14     0.15049    0.054959
  15     0.16156    0.060473
  16     0.17074    0.065123
  17      0.1807    0.070268
  18      0.1908    0.075559
  19     0.20019    0.080541
  20     0.21211    0.086945
  21     0.22089    0.091753
  22     0.23264    0.098263
  23     0.24049     0.10267
  24     0.25274     0.10968
  25     0.26148     0.11473
  26     0.27124     0.12042
  27     0.28047     0.12588
  28     0.29175      0.1327
  29     0.30038       0.138
  30     0.31038     0.14426
  31     0.32062     0.15085
  32     0.33047      0.1573
  33     0.34047     0.16399
  34     0.35134     0.17134
  35     0.36241     0.17896
  36     0.37055     0.18466
  37     0.38093     0.19203
  38     0.39129      0.1995
  39     0.40071     0.20638
  40     0.41154     0.21448
  41     0.42141     0.22198
  42     0.43131     0.22963
  43     0.44393     0.23957
  44     0.45051     0.24481
  45     0.46155     0.25368
  46     0.47068     0.26112
  47     0.48012     0.26888
  48     0.49295     0.27961
  49     0.50025     0.28579
  50     0.51055     0.29463
  51     0.52564      0.3078
  52     0.53207     0.31343
  53     0.54065     0.32102
  54     0.55035      0.3297
  55     0.56098     0.33936
  56     0.57012     0.34778
  57     0.58168     0.35863
  58     0.59018     0.36675
  59     0.60008     0.37635
  60     0.61008     0.38616
  61        0.62      0.3961
  62     0.63001     0.40626
  63     0.64059     0.41715
  64      0.6501     0.42721
  65     0.66009     0.43791
  66     0.67014     0.44886
  67     0.68003     0.45983
  68     0.69034      0.4715
  69     0.70031     0.48298
  70     0.71006     0.49435
  71      0.7201     0.50619
  72      0.7313      0.5196
  73     0.74005     0.53016
  74     0.75079     0.54338
  75     0.76001     0.55491
  76     0.77015      0.5678
  77     0.78043     0.58104
  78     0.79005     0.59363
  79     0.80003     0.60688
  80     0.81083     0.62137
  81     0.82071     0.63486
  82     0.83049     0.64841
  83     0.84028     0.66228
  84     0.85099      0.6779
  85     0.86069     0.69246
  86     0.87021     0.70705
  87     0.88034     0.72293
  88     0.89012     0.73863
  89     0.90038     0.75581
  90     0.91064     0.77342
  91     0.92069      0.7911
  92     0.93231     0.81254
  93     0.94078     0.82902
  94     0.95022     0.84827
  95     0.96097     0.87173
  96     0.97003     0.89313
  97     0.98008     0.91984
  98     0.99033     0.95141
  99           1           1
-----------------------------------------

----------------- PPP$ and local currency --------------
         PPP used in computation: 0.449341
     Data mean in local currency: 183.912
               Data mean in PPP$: 479.585
        Poverty line in PPP$/Day: 1.9
      Poverty line in PPP$/Month: 57.7917
  Poverty line in local currency: 22.1621
-------------------------------------------------------

----------------- Estimation result --------------
     Number of observation: 1090
          Total population: 605310
              Total wealth: 2.47749E+08(PPP$)
                   Minimum: 45.7984(PPP$)
                   Maximum: 4612.61(PPP$)
             Headcount(HC): 0.00360645
          Poverty gap (PG): 0.000257594
       Poverty gap squared: 1.83989E-05
                      Gini: 0.314481
                    Median: 408.63
                       MLD: 0.166216
                      Watt: 0.000267256
--------------------------------------------------

-------------------------------- Income or Consumption share by deciles (%) -------------------------------------
     3.2293     4.8148     5.7328     6.8088     7.9721     9.0692     10.635     12.421     14.834     24.482
-----------------------------------------------------------------------------------------------------------------


