

**********************************************************************************************
**                                   Basic Information                                      **
**********************************************************************************************

----------------- Dataset Information -----------------
                         Country: Montenegro
                    Country dode: MNE
                       Data Year: 2010
                        Coverage: National
             Welfare measurement: Consumption
                     Data format: Unit record
                     Data source: MNE_N2010X
                  Data time span: UnDefined
-------------------------------------------------------


----------- Distribution ------------
   i           P           L 
-------------------------------------
   0    0.010536   0.0022012
   1    0.020993   0.0052312
   2    0.030636   0.0085201
   3    0.040536    0.012107
   4    0.050791    0.015955
   5    0.060603    0.019812
   6    0.070009    0.023569
   7     0.08043    0.027813
   8    0.090645    0.032066
   9     0.10008    0.036115
  10     0.11058    0.040801
  11      0.1214    0.045772
  12     0.13025    0.049989
  13     0.14093    0.055246
  14      0.1501    0.059906
  15     0.16036    0.065222
  16     0.17005    0.070325
  17      0.1815    0.076457
  18     0.19092    0.081557
  19      0.2007    0.086936
  20     0.21091    0.092611
  21     0.22089    0.098228
  22     0.23067     0.10384
  23     0.24119     0.10999
  24     0.25098     0.11582
  25     0.26161     0.12231
  26     0.27171     0.12858
  27     0.28018     0.13394
  28     0.29195     0.14153
  29     0.30028     0.14698
  30     0.31413      0.1562
  31      0.3201     0.16022
  32     0.33077     0.16748
  33     0.34014     0.17396
  34     0.35117     0.18171
  35     0.36008     0.18809
  36     0.37068     0.19583
  37      0.3812     0.20367
  38     0.39053     0.21072
  39     0.40097     0.21873
  40     0.41072     0.22629
  41     0.42012     0.23372
  42      0.4303     0.24191
  43     0.44086     0.25051
  44      0.4505     0.25847
  45     0.46102      0.2673
  46     0.47015     0.27506
  47     0.48068     0.28412
  48     0.49013     0.29233
  49     0.50036     0.30131
  50     0.51054     0.31036
  51     0.52081     0.31963
  52     0.53049     0.32843
  53     0.54016     0.33733
  54     0.55058     0.34704
  55     0.56019     0.35615
  56     0.57153     0.36706
  57     0.58015     0.37542
  58     0.59001     0.38507
  59     0.60089     0.39586
  60     0.61065     0.40575
  61     0.62052      0.4159
  62     0.63067     0.42658
  63     0.64069     0.43726
  64     0.65005     0.44734
  65     0.66106     0.45933
  66     0.67068     0.46992
  67     0.68004     0.48037
  68     0.69158     0.49339
  69     0.70133     0.50458
  70     0.71025     0.51501
  71     0.72001     0.52663
  72     0.73077      0.5396
  73     0.74073     0.55175
  74     0.75033     0.56357
  75     0.76018     0.57588
  76     0.77055     0.58905
  77     0.78082      0.6023
  78      0.7902     0.61455
  79     0.80035     0.62798
  80     0.81007     0.64099
  81     0.82006     0.65459
  82      0.8301      0.6686
  83     0.84042     0.68332
  84     0.85249     0.70088
  85     0.86063      0.7129
  86     0.87098     0.72843
  87     0.88033     0.74265
  88     0.89014     0.75783
  89      0.9003     0.77404
  90     0.91024      0.7904
  91     0.92007     0.80695
  92     0.93051     0.82502
  93     0.94036     0.84258
  94     0.95022     0.86078
  95     0.96001      0.8797
  96     0.97017     0.90068
  97     0.98037     0.92484
  98     0.99065     0.95396
  99           1           1
-----------------------------------------

----------------- PPP$ and local currency --------------
         PPP used in computation: 0.449341
     Data mean in local currency: 194.278
               Data mean in PPP$: 447.279
        Poverty line in PPP$/Day: 1.9
      Poverty line in PPP$/Month: 57.7917
  Poverty line in local currency: 25.1021
-------------------------------------------------------

----------------- Estimation result --------------
     Number of observation: 1250
          Total population: 565807
              Total wealth: 2.44634E+08(PPP$)
                   Minimum: 72.4932(PPP$)
                   Maximum: 5135.58(PPP$)
             Headcount(HC): 0
          Poverty gap (PG): 0
       Poverty gap squared: 0
                      Gini: 0.288931
                    Median: 394.431
                       MLD: 0.139937
                      Watt: 0
--------------------------------------------------

-------------------------------- Income or Consumption share by deciles (%) -------------------------------------
     3.6079     5.0473     6.0243     7.1188     8.3009      9.399     10.808     12.445     14.605     22.644
-----------------------------------------------------------------------------------------------------------------


