

**********************************************************************************************
**                                   Basic Information                                      **
**********************************************************************************************

----------------- Dataset Information -----------------
                         Country: Montenegro
                    Country dode: MNE
                       Data Year: 2005
                        Coverage: National
             Welfare measurement: Consumption
                     Data format: Unit record
                     Data source: MNE_N2005X
                  Data time span: UnDefined
-------------------------------------------------------


----------- Distribution ------------
   i           P           L 
-------------------------------------
   0    0.011093   0.0022067
   1    0.020874   0.0047894
   2    0.030699   0.0076736
   3    0.040593    0.011007
   4    0.051414    0.014962
   5    0.060138    0.018271
   6    0.070406    0.022338
   7    0.080997    0.026738
   8    0.090092    0.030628
   9      0.1003    0.035101
  10     0.11065    0.039762
  11     0.12009    0.044106
  12     0.13073    0.049103
  13     0.14046    0.053805
  14     0.15089    0.059013
  15     0.16013    0.063723
  16     0.17068    0.069267
  17     0.18016    0.074354
  18     0.19016    0.079817
  19     0.20056    0.085581
  20     0.21098    0.091473
  21     0.22057    0.096976
  22     0.23008     0.10252
  23     0.24058     0.10872
  24     0.25023     0.11452
  25     0.26049     0.12075
  26     0.27014     0.12667
  27     0.28105     0.13345
  28     0.29039     0.13934
  29      0.3016     0.14649
  30     0.31021     0.15205
  31     0.32124     0.15929
  32     0.33065     0.16555
  33     0.34039     0.17214
  34     0.35094      0.1794
  35     0.36034     0.18604
  36     0.37053     0.19334
  37     0.38055     0.20062
  38     0.39089     0.20822
  39      0.4005     0.21538
  40     0.41077     0.22309
  41      0.4202     0.23021
  42     0.43131      0.2387
  43     0.44021     0.24557
  44     0.45036     0.25352
  45     0.46063     0.26168
  46     0.47016     0.26935
  47     0.48025     0.27762
  48     0.49022     0.28594
  49     0.50034     0.29453
  50     0.51053     0.30332
  51     0.52017     0.31175
  52     0.53035     0.32076
  53     0.54177     0.33107
  54     0.55052     0.33902
  55      0.5601     0.34781
  56     0.57014     0.35714
  57     0.58022     0.36666
  58     0.59019      0.3762
  59     0.60052     0.38617
  60     0.61032     0.39572
  61     0.62007     0.40536
  62      0.6311     0.41641
  63     0.64082     0.42627
  64     0.65019     0.43593
  65     0.66029      0.4465
  66     0.67077     0.45761
  67     0.68047     0.46804
  68     0.69036     0.47878
  69     0.70014      0.4896
  70     0.71118     0.50199
  71     0.72022     0.51226
  72      0.7304     0.52397
  73     0.74003     0.53522
  74     0.75046     0.54758
  75     0.76055     0.55975
  76      0.7707     0.57223
  77     0.78009     0.58409
  78     0.79025     0.59713
  79      0.8002     0.61022
  80     0.81034     0.62382
  81     0.82014     0.63726
  82     0.83002     0.65105
  83     0.84067     0.66626
  84     0.85068     0.68105
  85     0.86043     0.69587
  86     0.87078     0.71202
  87     0.88045     0.72757
  88     0.89048     0.74403
  89     0.90014     0.76028
  90     0.91143     0.77985
  91     0.92012     0.79561
  92     0.93022     0.81486
  93     0.94015     0.83464
  94     0.95012     0.85579
  95     0.96062     0.87938
  96     0.97013     0.90193
  97     0.98067     0.93014
  98     0.99014     0.95885
  99           1           1
-----------------------------------------

----------------- PPP$ and local currency --------------
         PPP used in computation: 0.449341
     Data mean in local currency: 134.496
               Data mean in PPP$: 376.672
        Poverty line in PPP$/Day: 1.9
      Poverty line in PPP$/Month: 57.7917
  Poverty line in local currency: 20.6353
-------------------------------------------------------

----------------- Estimation result --------------
     Number of observation: 1326
          Total population: 701310
              Total wealth: 2.09915E+08(PPP$)
                   Minimum: 31.2192(PPP$)
                   Maximum: 1746.76(PPP$)
             Headcount(HC): 0.00228418
          Poverty gap (PG): 0.00065507
       Poverty gap squared: 0.000195752
                      Gini: 0.302173
                    Median: 322.613
                       MLD: 0.150666
                      Watt: 0.000779295
--------------------------------------------------

-------------------------------- Income or Consumption share by deciles (%) -------------------------------------
     3.4971       5.03     6.0199     6.9537     7.9236     9.1422     10.378     12.051     15.008     23.996
-----------------------------------------------------------------------------------------------------------------


