

**********************************************************************************************
**                                   Basic Information                                      **
**********************************************************************************************

----------------- Dataset Information -----------------
                         Country: Montenegro
                    Country dode: MNE
                       Data Year: 2014
                        Coverage: National
             Welfare measurement: Consumption
                     Data format: Unit record
                     Data source: MNE_N2014X
                  Data time span: UnDefined
-------------------------------------------------------


----------- Distribution ------------
   i           P           L 
-------------------------------------
   0    0.011769   0.0024621
   1    0.020046    0.004583
   2    0.030253    0.007716
   3    0.041669    0.011777
   4    0.051496    0.015485
   5    0.062147    0.019589
   6    0.070147    0.022725
   7    0.081692    0.027429
   8    0.090674    0.031322
   9     0.10046    0.035698
  10     0.11054    0.040239
  11     0.12057    0.044885
  12     0.13017    0.049419
  13     0.14021    0.054265
  14     0.15022    0.059169
  15     0.16065    0.064402
  16     0.17162    0.069956
  17     0.18082    0.074643
  18     0.19576    0.082363
  19     0.20119    0.085179
  20     0.21319    0.091468
  21     0.22057    0.095381
  22     0.23014     0.10057
  23      0.2403     0.10622
  24     0.25052     0.11198
  25     0.26377      0.1196
  26     0.27022     0.12335
  27     0.28021      0.1292
  28     0.29011     0.13514
  29     0.30298     0.14303
  30     0.31071     0.14785
  31     0.32237      0.1552
  32     0.33052     0.16041
  33     0.34017     0.16666
  34     0.35162     0.17415
  35     0.36006     0.17974
  36     0.37014     0.18656
  37     0.38036      0.1936
  38     0.39029     0.20058
  39     0.40022     0.20767
  40     0.41012     0.21486
  41     0.42048     0.22246
  42     0.43019     0.22966
  43     0.44042     0.23733
  44     0.45057     0.24508
  45     0.46038     0.25273
  46     0.47015     0.26044
  47     0.48171      0.2697
  48     0.49066     0.27696
  49     0.50143     0.28585
  50     0.51082     0.29371
  51     0.52035      0.3018
  52     0.53166     0.31159
  53      0.5402     0.31906
  54     0.55026     0.32795
  55     0.56241     0.33886
  56     0.57087      0.3465
  57     0.58005     0.35487
  58     0.59013     0.36415
  59     0.60468     0.37781
  60     0.61065     0.38347
  61     0.62145     0.39388
  62     0.63198     0.40418
  63     0.64024     0.41238
  64     0.65091     0.42318
  65     0.66115      0.4337
  66      0.6706     0.44353
  67     0.68333     0.45697
  68     0.69075     0.46487
  69     0.70125     0.47629
  70     0.71032     0.48637
  71     0.72116     0.49869
  72     0.73261     0.51203
  73     0.74028     0.52108
  74     0.75013     0.53282
  75     0.76024     0.54506
  76     0.77022     0.55736
  77     0.78049     0.57016
  78     0.79444      0.5878
  79     0.80036     0.59536
  80     0.81014     0.60795
  81     0.82032     0.62151
  82     0.83135     0.63647
  83     0.84018      0.6488
  84     0.85028     0.66345
  85     0.86024     0.67826
  86     0.87095     0.69484
  87     0.88044     0.70998
  88     0.89027     0.72619
  89     0.90157     0.74547
  90     0.91125     0.76255
  91     0.92023     0.77906
  92     0.93032     0.79847
  93     0.94034     0.81882
  94     0.95119     0.84258
  95     0.96054     0.86518
  96     0.97203     0.89539
  97     0.98062     0.92002
  98     0.99046     0.95237
  99           1           1
-----------------------------------------

----------------- PPP$ and local currency --------------
         PPP used in computation: 0.449341
     Data mean in local currency: 209.531
               Data mean in PPP$: 441.219
        Poverty line in PPP$/Day: 1.9
      Poverty line in PPP$/Month: 57.7917
  Poverty line in local currency: 27.4448
-------------------------------------------------------

----------------- Estimation result --------------
     Number of observation: 1290
          Total population: 616488
              Total wealth: 2.87473E+08(PPP$)
                   Minimum: 76.0031(PPP$)
                   Maximum: 4317.62(PPP$)
             Headcount(HC): 0
          Poverty gap (PG): 0
       Poverty gap squared: 0
                      Gini: 0.319263
                    Median: 367.368
                       MLD: 0.166281
                      Watt: 0
--------------------------------------------------

-------------------------------- Income or Consumption share by deciles (%) -------------------------------------
     3.5492     4.9072     5.6642     6.6311     7.7157     8.8743     10.151     11.997      14.79      25.72
-----------------------------------------------------------------------------------------------------------------


