

**********************************************************************************************
**                                   Basic Information                                      **
**********************************************************************************************

----------------- Dataset Information -----------------
                         Country: Montenegro
                    Country dode: MNE
                       Data Year: 2011
                        Coverage: National
             Welfare measurement: Consumption
                     Data format: Unit record
                     Data source: MNE_N2011X
                  Data time span: UnDefined
-------------------------------------------------------


----------- Distribution ------------
   i           P           L 
-------------------------------------
   0    0.010287   0.0017007
   1    0.020259   0.0042283
   2    0.030144   0.0070715
   3    0.041789    0.010857
   4    0.050407    0.013839
   5    0.060651    0.017612
   6    0.070117    0.021209
   7    0.080558    0.025337
   8    0.092712    0.030375
   9     0.10179    0.034237
  10     0.11002    0.037777
  11     0.12001    0.042144
  12     0.13026    0.046775
  13     0.14025    0.051442
  14      0.1508    0.056545
  15     0.16008    0.061161
  16     0.17025    0.066333
  17     0.18058    0.071753
  18     0.19078    0.077193
  19     0.20133    0.082892
  20     0.21082    0.088118
  21     0.22028     0.09339
  22     0.23112    0.099532
  23     0.24004      0.1047
  24     0.25101     0.11113
  25     0.26037     0.11678
  26     0.27171     0.12384
  27     0.28075     0.12956
  28     0.29079       0.136
  29     0.30021     0.14211
  30     0.31021     0.14868
  31     0.32049     0.15561
  32     0.33094     0.16285
  33     0.34017     0.16932
  34     0.35081     0.17685
  35     0.36037     0.18369
  36     0.37001      0.1907
  37     0.38098     0.19877
  38     0.39107     0.20627
  39     0.40072     0.21356
  40     0.41063     0.22114
  41     0.42059     0.22881
  42     0.43052     0.23652
  43     0.44012     0.24408
  44     0.45111     0.25286
  45     0.46038     0.26036
  46     0.47004     0.26823
  47     0.48026     0.27669
  48     0.49075     0.28552
  49      0.5003     0.29364
  50     0.51034     0.30225
  51     0.52069     0.31121
  52     0.53222     0.32124
  53     0.54029     0.32836
  54     0.55042     0.33738
  55     0.56068     0.34664
  56     0.57059      0.3557
  57     0.58088     0.36528
  58     0.59115     0.37497
  59     0.60094     0.38433
  60     0.61001     0.39316
  61     0.62074     0.40384
  62     0.63068     0.41383
  63      0.6404     0.42368
  64     0.65021     0.43371
  65     0.66039      0.4443
  66     0.67063     0.45511
  67     0.68015     0.46535
  68     0.69058     0.47675
  69     0.70005     0.48719
  70     0.71063     0.49903
  71     0.72009     0.50973
  72      0.7302     0.52135
  73     0.74179     0.53489
  74     0.75047     0.54517
  75     0.76029     0.55706
  76     0.77079     0.56995
  77     0.78064     0.58215
  78     0.79002     0.59401
  79     0.80058     0.60768
  80     0.81015     0.62029
  81     0.82052     0.63426
  82     0.83048     0.64796
  83     0.84016     0.66158
  84     0.85113     0.67736
  85      0.8603     0.69086
  86     0.87042     0.70612
  87     0.88016     0.72123
  88     0.89031     0.73737
  89     0.90051     0.75404
  90     0.91031     0.77054
  91     0.92037     0.78813
  92     0.93018     0.80606
  93     0.94109      0.8271
  94     0.95021     0.84561
  95     0.96016     0.86724
  96     0.97037     0.89171
  97     0.98048     0.91998
  98     0.99006       0.952
  99           1           1
-----------------------------------------

----------------- PPP$ and local currency --------------
         PPP used in computation: 0.449341
     Data mean in local currency: 197.891
               Data mean in PPP$: 440.404
        Poverty line in PPP$/Day: 1.9
      Poverty line in PPP$/Month: 57.7917
  Poverty line in local currency: 25.9682
-------------------------------------------------------

----------------- Estimation result --------------
     Number of observation: 1287
          Total population: 554129
              Total wealth: 2.44041E+08(PPP$)
                   Minimum: 35.2736(PPP$)
                   Maximum: 3148.9(PPP$)
             Headcount(HC): 0.00211242
          Poverty gap (PG): 0.000823085
       Poverty gap squared: 0.000320708
                      Gini: 0.308199
                    Median: 376.22
                       MLD: 0.160087
                      Watt: 0.00104292
--------------------------------------------------

-------------------------------- Income or Consumption share by deciles (%) -------------------------------------
     3.3477     4.8698     5.9798     7.1043     8.0369     9.0051      10.37     11.979     14.629     24.679
-----------------------------------------------------------------------------------------------------------------


