

**********************************************************************************************
**                                   Basic Information                                      **
**********************************************************************************************

----------------- Dataset Information -----------------
                         Country: Montenegro
                    Country dode: MNE
                       Data Year: 2013
                        Coverage: National
             Welfare measurement: Consumption
                     Data format: Unit record
                     Data source: MNE_N2013X
                  Data time span: UnDefined
-------------------------------------------------------


----------- Distribution ------------
   i           P           L 
-------------------------------------
   0    0.010383    0.001109
   1    0.021244   0.0029048
   2    0.030767   0.0051935
   3    0.040003   0.0079681
   4    0.050162    0.011406
   5    0.068207    0.017833
   6    0.071272    0.018949
   7    0.081674    0.022927
   8    0.090755    0.026473
   9     0.10112    0.030614
  10     0.11252    0.035218
  11     0.12057    0.038669
  12     0.13101    0.043272
  13     0.14038    0.047495
  14     0.15007    0.051997
  15     0.16142    0.057411
  16     0.17121    0.062184
  17     0.18115    0.067092
  18       0.191    0.072041
  19     0.20179      0.0776
  20      0.2105    0.082238
  21     0.22072    0.087815
  22     0.23157    0.093876
  23     0.24061    0.099033
  24     0.25072     0.10491
  25     0.26331     0.11241
  26     0.27012     0.11651
  27     0.28167     0.12354
  28     0.29052     0.12902
  29     0.30351     0.13712
  30     0.31032     0.14142
  31      0.3208     0.14816
  32     0.33494     0.15746
  33     0.34062     0.16124
  34     0.35398     0.17027
  35     0.36076     0.17487
  36     0.37002     0.18125
  37     0.38029     0.18842
  38     0.39256     0.19707
  39     0.40013     0.20248
  40     0.41037     0.20996
  41     0.42099     0.21779
  42      0.4304     0.22479
  43     0.44043     0.23241
  44     0.45583     0.24447
  45     0.46049     0.24816
  46     0.47055     0.25625
  47     0.48169      0.2653
  48     0.49035     0.27242
  49     0.50051     0.28082
  50     0.51019     0.28889
  51     0.52063     0.29774
  52     0.53026     0.30601
  53     0.54054     0.31496
  54     0.55068     0.32394
  55     0.56046     0.33274
  56     0.57036     0.34183
  57     0.58091     0.35159
  58     0.59056     0.36073
  59     0.60073     0.37046
  60       0.611     0.38043
  61      0.6204     0.38972
  62     0.63265     0.40201
  63     0.64158     0.41105
  64     0.65052     0.42016
  65     0.66038     0.43033
  66     0.67194     0.44248
  67     0.68009     0.45118
  68     0.69005     0.46201
  69     0.70143     0.47475
  70     0.71012     0.48468
  71     0.72067     0.49691
  72      0.7303     0.50827
  73     0.74017     0.52023
  74     0.75096     0.53368
  75     0.76001     0.54514
  76     0.77003     0.55803
  77     0.78051     0.57177
  78     0.79203     0.58704
  79     0.80039     0.59828
  80     0.81218     0.61454
  81     0.82101     0.62705
  82     0.83085     0.64117
  83     0.84026     0.65488
  84     0.85149     0.67175
  85     0.86027     0.68526
  86     0.87035     0.70112
  87     0.88026     0.71749
  88     0.89038     0.73471
  89     0.90095     0.75313
  90     0.91025      0.7701
  91      0.9209     0.78992
  92     0.93041     0.80839
  93     0.94182     0.83162
  94     0.96026     0.87373
  95     0.96026     0.87373
  96     0.97164     0.90115
  97     0.98021      0.9248
  98     0.99034      0.9578
  99           1           1
-----------------------------------------

----------------- PPP$ and local currency --------------
         PPP used in computation: 0.449341
     Data mean in local currency: 200.886
               Data mean in PPP$: 420.008
        Poverty line in PPP$/Day: 1.9
      Poverty line in PPP$/Month: 57.7917
  Poverty line in local currency: 27.6412
-------------------------------------------------------

----------------- Estimation result --------------
     Number of observation: 1199
          Total population: 589727
              Total wealth: 2.63648E+08(PPP$)
                   Minimum: 45.3326(PPP$)
                   Maximum: 4140.84(PPP$)
             Headcount(HC): 0.010383
          Poverty gap (PG): 0.00232323
       Poverty gap squared: 0.000531865
                      Gini: 0.323289
                    Median: 348.026
                       MLD: 0.179217
                      Watt: 0.00263993
--------------------------------------------------

-------------------------------- Income or Consumption share by deciles (%) -------------------------------------
     3.0166     4.6512     5.8258     6.7452     7.8006     8.9364      10.34      12.46     15.372     24.852
-----------------------------------------------------------------------------------------------------------------


