

**********************************************************************************************
**                                   Basic Information                                      **
**********************************************************************************************

----------------- Dataset Information -----------------
                         Country: Montenegro
                    Country dode: MNE
                       Data Year: 2009
                        Coverage: National
             Welfare measurement: Consumption
                     Data format: Unit record
                     Data source: MNE_N2009X
                  Data time span: UnDefined
-------------------------------------------------------


----------- Distribution ------------
   i           P           L 
-------------------------------------
   0    0.011453   0.0022667
   1    0.024091   0.0052565
   2    0.030659   0.0069703
   3    0.040171   0.0096303
   4    0.051361    0.013124
   5     0.06084    0.016407
   6    0.070808    0.020143
   7     0.08151    0.024441
   8    0.091383    0.028646
   9     0.10155     0.03316
  10     0.11029    0.037149
  11     0.12107    0.042166
  12     0.13036    0.046584
  13     0.14048    0.051501
  14     0.15011     0.05626
  15      0.1603    0.061373
  16     0.17012    0.066409
  17     0.18014    0.071695
  18     0.19097    0.077557
  19     0.20055     0.08291
  20     0.21013    0.088334
  21     0.22064    0.094421
  22     0.23012    0.099994
  23     0.24009     0.10598
  24     0.25024     0.11216
  25     0.26098     0.11878
  26     0.27048     0.12469
  27     0.28022     0.13082
  28     0.29038     0.13725
  29     0.30002     0.14342
  30     0.31007     0.14995
  31     0.32069     0.15693
  32     0.33007     0.16317
  33     0.34011     0.16992
  34     0.35022     0.17682
  35     0.36058       0.184
  36      0.3715     0.19171
  37     0.38164     0.19898
  38     0.39122     0.20596
  39     0.40075     0.21301
  40     0.41026     0.22015
  41     0.42032     0.22785
  42     0.43006     0.23538
  43     0.44097     0.24396
  44     0.45027     0.25135
  45     0.46081     0.25981
  46      0.4701     0.26736
  47     0.48076     0.27611
  48     0.49071      0.2844
  49     0.50015     0.29233
  50      0.5106      0.3012
  51     0.52044     0.30969
  52      0.5303     0.31833
  53     0.54074     0.32763
  54     0.55129     0.33717
  55     0.56092     0.34594
  56     0.57026      0.3545
  57       0.581     0.36447
  58     0.59073     0.37365
  59     0.60144     0.38392
  60     0.61006     0.39226
  61     0.62036     0.40233
  62     0.63044     0.41232
  63     0.64051     0.42243
  64     0.65045     0.43258
  65     0.66055      0.4431
  66     0.67042     0.45352
  67       0.681     0.46483
  68     0.69074     0.47534
  69     0.70047     0.48594
  70     0.71047     0.49695
  71     0.72045     0.50811
  72     0.73041     0.51941
  73      0.7414     0.53208
  74     0.75097     0.54326
  75     0.76139     0.55565
  76     0.77038      0.5665
  77     0.78065     0.57912
  78     0.79046     0.59137
  79     0.80025     0.60387
  80     0.81024     0.61692
  81     0.82007     0.63003
  82     0.83038     0.64418
  83     0.84034     0.65825
  84     0.85007     0.67237
  85     0.86075     0.68825
  86     0.87022     0.70269
  87     0.88011      0.7183
  88     0.89018      0.7347
  89     0.90024     0.75158
  90     0.91013     0.76868
  91     0.92024      0.7868
  92     0.93254     0.81026
  93     0.94026     0.82551
  94     0.95036     0.84607
  95     0.96036     0.86774
  96      0.9701      0.8898
  97     0.98031     0.91627
  98     0.99017     0.94816
  99           1           1
-----------------------------------------

----------------- PPP$ and local currency --------------
         PPP used in computation: 0.449341
     Data mean in local currency: 213.508
               Data mean in PPP$: 494.771
        Poverty line in PPP$/Day: 1.9
      Poverty line in PPP$/Month: 57.7917
  Poverty line in local currency: 24.9388
-------------------------------------------------------

----------------- Estimation result --------------
     Number of observation: 1223
          Total population: 551980
              Total wealth: 2.62278E+08(PPP$)
                   Minimum: 84.7759(PPP$)
                   Maximum: 4875.02(PPP$)
             Headcount(HC): 0
          Poverty gap (PG): 0
       Poverty gap squared: 0
                      Gini: 0.310085
                    Median: 416.982
                       MLD: 0.162158
                      Watt: 0
--------------------------------------------------

-------------------------------- Income or Consumption share by deciles (%) -------------------------------------
     3.2471     5.0129     6.0808     6.9044     7.9748     9.0343     10.289     11.811     14.764     24.881
-----------------------------------------------------------------------------------------------------------------


