

**********************************************************************************************
**                                   Basic Information                                      **
**********************************************************************************************

----------------- Dataset Information -----------------
                         Country: Montenegro
                    Country dode: MNE
                       Data Year: 2012
                        Coverage: National
             Welfare measurement: Consumption
                     Data format: Unit record
                     Data source: MNE_N2012X
                  Data time span: UnDefined
-------------------------------------------------------


----------- Distribution ------------
   i           P           L 
-------------------------------------
   0    0.010744  0.00081973
   1    0.020261   0.0024242
   2    0.031139   0.0051902
   3    0.040723   0.0079097
   4    0.050068    0.010799
   5    0.061438    0.014631
   6    0.070459    0.017958
   7    0.080878    0.021994
   8    0.091183    0.026162
   9     0.10056    0.030139
  10     0.11024    0.034379
  11     0.12031    0.038945
  12     0.13016    0.043441
  13     0.14125    0.048556
  14     0.15082    0.053062
  15     0.16012    0.057545
  16     0.17262    0.063668
  17     0.18071    0.067706
  18     0.19064     0.07275
  19     0.20047    0.077843
  20      0.2109    0.083345
  21     0.22081    0.088686
  22     0.23188     0.09476
  23     0.24047     0.09952
  24     0.25014     0.10503
  25     0.26126     0.11152
  26     0.27013     0.11676
  27     0.28002     0.12265
  28     0.29053     0.12898
  29      0.3016     0.13576
  30     0.31046     0.14125
  31      0.3208     0.14772
  32     0.33026     0.15376
  33     0.34077     0.16055
  34      0.3501     0.16667
  35     0.36166     0.17445
  36     0.37014     0.18024
  37     0.38089     0.18772
  38      0.3904     0.19445
  39     0.40079     0.20191
  40     0.41041     0.20894
  41     0.42082     0.21664
  42     0.43038     0.22387
  43      0.4405      0.2316
  44     0.45111     0.23982
  45     0.46044     0.24714
  46     0.47255     0.25678
  47     0.48124     0.26377
  48     0.49028     0.27117
  49     0.50039     0.27956
  50     0.51007     0.28771
  51     0.52003     0.29622
  52     0.53053      0.3053
  53     0.54028     0.31387
  54     0.55059     0.32311
  55      0.5603     0.33196
  56      0.5708      0.3417
  57     0.58079     0.35107
  58     0.59007     0.35992
  59     0.60016     0.36971
  60     0.61052     0.37997
  61     0.62047     0.38996
  62      0.6304     0.40013
  63     0.64018     0.41027
  64     0.65042     0.42109
  65     0.66294     0.43448
  66     0.67133     0.44353
  67     0.68049     0.45354
  68     0.69053     0.46464
  69      0.7001     0.47536
  70     0.71081     0.48755
  71     0.72011     0.49827
  72     0.73058     0.51055
  73     0.74007     0.52194
  74     0.75065     0.53496
  75     0.76014     0.54689
  76      0.7702      0.5598
  77     0.78057     0.57342
  78     0.79032     0.58656
  79      0.8001     0.59998
  80     0.81145     0.61587
  81     0.82003     0.62811
  82     0.83011     0.64282
  83     0.84031     0.65815
  84     0.85073     0.67418
  85     0.86031     0.68926
  86     0.87037     0.70546
  87      0.8801     0.72154
  88     0.89024     0.73872
  89     0.90004      0.7557
  90      0.9115     0.77626
  91     0.92018     0.79236
  92     0.93039     0.81222
  93     0.94051     0.83232
  94     0.95018     0.85276
  95     0.96082     0.87703
  96     0.97009     0.90027
  97     0.98066     0.92909
  98     0.99006     0.95807
  99           1           1
-----------------------------------------

----------------- PPP$ and local currency --------------
         PPP used in computation: 0.449341
     Data mean in local currency: 193.336
               Data mean in PPP$: 413.14
        Poverty line in PPP$/Day: 1.9
      Poverty line in PPP$/Month: 57.7917
  Poverty line in local currency: 27.0446
-------------------------------------------------------

----------------- Estimation result --------------
     Number of observation: 1263
          Total population: 601488
              Total wealth: 2.588E+08(PPP$)
                   Minimum: 22.5116(PPP$)
                   Maximum: 2755.11(PPP$)
             Headcount(HC): 0.012643
          Poverty gap (PG): 0.00522872
       Poverty gap squared: 0.00239813
                      Gini: 0.321842
                    Median: 345.86
                       MLD: 0.180465
                      Watt: 0.00710466
--------------------------------------------------

-------------------------------- Income or Consumption share by deciles (%) -------------------------------------
     2.9904     4.7698      5.718     6.6568     7.7888     9.0317      10.57     12.459     15.579     24.437
-----------------------------------------------------------------------------------------------------------------


