

**********************************************************************************************
**                                   Basic Information                                      **
**********************************************************************************************

----------------- Dataset Information -----------------
                         Country: Montenegro
                    Country dode: MNE
                       Data Year: 2006
                        Coverage: National
             Welfare measurement: Consumption
                     Data format: Unit record
                     Data source: MNE_N2006X
                  Data time span: UnDefined
-------------------------------------------------------


----------- Distribution ------------
   i           P           L 
-------------------------------------
   0    0.010688   0.0021161
   1    0.023242   0.0055461
   2    0.031978    0.008272
   3    0.040843    0.011229
   4    0.050712    0.014702
   5    0.060436    0.018272
   6     0.07076    0.022255
   7    0.080882    0.026396
   8    0.091451     0.03084
   9     0.10033    0.034738
  10     0.11017    0.039188
  11      0.1208    0.044085
  12     0.13005     0.04845
  13     0.14154    0.054002
  14     0.15019    0.058253
  15     0.16056     0.06341
  16     0.17064    0.068527
  17     0.18046    0.073604
  18     0.19013    0.078714
  19     0.20025    0.084197
  20     0.21014    0.089667
  21     0.22052    0.095548
  22     0.23042     0.10131
  23     0.24022     0.10712
  24     0.25135     0.11379
  25     0.26006     0.11907
  26     0.27089     0.12576
  27     0.28106     0.13211
  28     0.29018     0.13785
  29     0.30007     0.14415
  30      0.3108     0.15107
  31     0.32056     0.15745
  32     0.33032     0.16395
  33     0.34033     0.17071
  34      0.3504      0.1776
  35      0.3606      0.1847
  36     0.37011     0.19145
  37      0.3809     0.19924
  38      0.3904     0.20617
  39     0.40066     0.21375
  40     0.41046     0.22109
  41     0.42016     0.22844
  42     0.43027     0.23628
  43     0.44101     0.24472
  44     0.45077     0.25249
  45      0.4603     0.26019
  46     0.47085     0.26882
  47     0.48098     0.27719
  48      0.4901     0.28479
  49     0.50055     0.29364
  50      0.5101      0.3019
  51     0.52058     0.31112
  52     0.53014     0.31969
  53     0.54264     0.33107
  54      0.5507     0.33851
  55        0.56     0.34722
  56     0.57019      0.3569
  57     0.58037     0.36668
  58     0.59003     0.37603
  59     0.60034     0.38613
  60     0.61005     0.39573
  61     0.62043     0.40614
  62     0.63029     0.41613
  63     0.64235     0.42847
  64     0.65024     0.43666
  65     0.66124     0.44829
  66     0.67044     0.45818
  67     0.68059     0.46921
  68     0.69033        0.48
  69     0.70005     0.49095
  70     0.71014     0.50244
  71     0.72029     0.51426
  72     0.73037      0.5262
  73     0.74021     0.53812
  74     0.75132     0.55177
  75      0.7608     0.56354
  76     0.77009     0.57523
  77     0.78009     0.58817
  78     0.79044     0.60175
  79     0.80019     0.61485
  80     0.81006     0.62845
  81      0.8209     0.64393
  82     0.83028     0.65757
  83     0.84027     0.67235
  84     0.85041     0.68769
  85      0.8621     0.70588
  86     0.87009     0.71856
  87     0.88019     0.73485
  88     0.89008     0.75112
  89      0.9005      0.7686
  90     0.91064     0.78629
  91     0.92045     0.80377
  92     0.93048     0.82223
  93     0.94035     0.84089
  94     0.95033     0.86095
  95     0.96027     0.88201
  96     0.97032     0.90482
  97     0.98039     0.93015
  98     0.99011     0.95775
  99           1           1
-----------------------------------------

----------------- PPP$ and local currency --------------
         PPP used in computation: 0.449341
     Data mean in local currency: 143.279
               Data mean in PPP$: 389.869
        Poverty line in PPP$/Day: 1.9
      Poverty line in PPP$/Month: 57.7917
  Poverty line in local currency: 21.2388
-------------------------------------------------------

----------------- Estimation result --------------
     Number of observation: 1300
          Total population: 625142
              Total wealth: 1.99336E+08(PPP$)
                   Minimum: 46.414(PPP$)
                   Maximum: 2856.1(PPP$)
             Headcount(HC): 0.00135097
          Poverty gap (PG): 2.43662E-05
       Poverty gap squared: 4.3947E-07
                      Gini: 0.300354
                    Median: 334.268
                       MLD: 0.149389
                      Watt: 2.45886E-05
--------------------------------------------------

-------------------------------- Income or Consumption share by deciles (%) -------------------------------------
     3.4593     4.9467     6.0045     6.9162     7.9908     9.2622     10.509      12.37     15.317     23.224
-----------------------------------------------------------------------------------------------------------------


