

**********************************************************************************************
**                                   Basic Information                                      **
**********************************************************************************************

----------------- Dataset Information -----------------
                         Country: Mongolia
                    Country dode: MNG
                       Data Year: 2010
                        Coverage: National
             Welfare measurement: Consumption
                     Data format: Unit record
                     Data source: MNG_N2010X
                  Data time span: UnDefined
-------------------------------------------------------


----------- Distribution ------------
   i           P           L 
-------------------------------------
   0    0.010277   0.0022055
   1        0.02   0.0047559
   2    0.030169   0.0076554
   3    0.040006     0.01065
   4    0.050085    0.013903
   5     0.06018     0.01731
   6    0.070118    0.020823
   7    0.080084    0.024493
   8    0.090181    0.028358
   9     0.10006    0.032255
  10     0.11001    0.036306
  11     0.12001    0.040491
  12        0.13    0.044776
  13     0.14001     0.04917
  14     0.15019    0.053764
  15     0.16005    0.058328
  16     0.17005    0.063048
  17     0.18005    0.067872
  18     0.19004    0.072806
  19     0.20009    0.077881
  20     0.21012    0.083034
  21     0.22003    0.088232
  22     0.23007    0.093592
  23     0.24007    0.099036
  24     0.25007      0.1046
  25     0.26012     0.11028
  26     0.27002     0.11598
  27     0.28001     0.12182
  28      0.2901      0.1278
  29     0.30004     0.13378
  30        0.31     0.13988
  31     0.32019     0.14621
  32      0.3301     0.15246
  33     0.34003     0.15882
  34     0.35004     0.16532
  35     0.36008     0.17194
  36        0.37     0.17858
  37     0.38009     0.18542
  38     0.39017     0.19241
  39     0.40006     0.19936
  40     0.41004     0.20643
  41     0.42013     0.21369
  42        0.43      0.2209
  43     0.44018     0.22847
  44     0.45001     0.23589
  45     0.46014     0.24365
  46     0.47002     0.25135
  47     0.48006     0.25929
  48     0.49008     0.26733
  49     0.50008     0.27547
  50     0.51009     0.28374
  51     0.52008     0.29213
  52     0.53001     0.30056
  53     0.54009     0.30928
  54     0.55007     0.31804
  55        0.56     0.32691
  56     0.57003     0.33602
  57     0.58008     0.34527
  58     0.59006      0.3546
  59     0.60015     0.36419
  60     0.61004     0.37373
  61     0.62002     0.38348
  62     0.63002     0.39341
  63     0.64001     0.40346
  64     0.65004     0.41371
  65     0.66002     0.42405
  66     0.67011     0.43465
  67     0.68004     0.44526
  68     0.69003      0.4561
  69     0.70003     0.46712
  70        0.71     0.47829
  71     0.72009     0.48979
  72     0.73003     0.50134
  73     0.74004     0.51317
  74     0.75003     0.52523
  75        0.76     0.53749
  76     0.77001     0.55004
  77     0.78011     0.56299
  78     0.79005       0.576
  79     0.80006     0.58941
  80     0.81002     0.60305
  81     0.82004     0.61703
  82     0.83016     0.63151
  83     0.84002     0.64595
  84      0.8501      0.6611
  85     0.86011     0.67654
  86     0.87006     0.69232
  87     0.88011     0.70867
  88     0.89006     0.72542
  89     0.90006     0.74281
  90     0.91007      0.7609
  91      0.9202     0.77988
  92     0.93003     0.79897
  93     0.94011     0.81951
  94     0.95007     0.84102
  95     0.96006     0.86401
  96     0.97008     0.88947
  97     0.98007     0.91764
  98     0.99007     0.95012
  99           1           1
-----------------------------------------

----------------- PPP$ and local currency --------------
         PPP used in computation: 590.33
     Data mean in local currency: 132064
               Data mean in PPP$: 244.93
        Poverty line in PPP$/Day: 1.9
      Poverty line in PPP$/Month: 57.7917
  Poverty line in local currency: 31160.8
-------------------------------------------------------

----------------- Estimation result --------------
     Number of observation: 11193
          Total population: 2.69638E+06
              Total wealth: 6.03214E+08(PPP$)
                   Minimum: 23.1536(PPP$)
                   Maximum: 7855.1(PPP$)
             Headcount(HC): 0.00763549
          Poverty gap (PG): 0.00102531
       Poverty gap squared: 0.000242424
                      Gini: 0.330812
                    Median: 200.754
                       MLD: 0.179686
                      Watt: 0.00118591
--------------------------------------------------

-------------------------------- Income or Consumption share by deciles (%) -------------------------------------
     3.2232     4.5602     5.5928      6.555     7.6088     8.8653     10.304     12.224     15.338      25.73
-----------------------------------------------------------------------------------------------------------------


