

**********************************************************************************************
**                                   Basic Information                                      **
**********************************************************************************************

----------------- Dataset Information -----------------
                         Country: Mongolia
                    Country dode: MNG
                       Data Year: 2002
                        Coverage: National
             Welfare measurement: Consumption
                     Data format: Unit record
                     Data source: MNG_N2002X
                  Data time span: UnDefined
-------------------------------------------------------


----------- Distribution ------------
   i           P           L 
-------------------------------------
   0    0.010318   0.0017386
   1    0.020197   0.0040532
   2     0.03015   0.0066008
   3    0.040008   0.0093728
   4    0.050215    0.012477
   5    0.060671     0.01582
   6    0.070179    0.019021
   7    0.080078    0.022497
   8    0.090982    0.026484
   9     0.10007    0.029932
  10     0.11016    0.033898
  11     0.12059    0.038148
  12     0.13003    0.042105
  13     0.14009    0.046466
  14     0.15017    0.050948
  15     0.16031    0.055596
  16     0.17009    0.060168
  17     0.18015    0.064956
  18     0.19011    0.069808
  19     0.20034    0.074901
  20     0.21057    0.080128
  21     0.22021    0.085142
  22     0.23002    0.090343
  23      0.2408    0.096171
  24     0.25009     0.10129
  25     0.26019     0.10694
  26     0.27014      0.1126
  27      0.2801     0.11838
  28     0.29019     0.12434
  29     0.30001     0.13025
  30     0.31021     0.13647
  31     0.32024      0.1427
  32     0.33009      0.1489
  33     0.34057     0.15561
  34     0.35003     0.16179
  35      0.3601     0.16847
  36      0.3705     0.17553
  37     0.38021     0.18225
  38     0.39082     0.18972
  39     0.40054     0.19669
  40     0.41007     0.20366
  41     0.42001     0.21102
  42     0.43003     0.21855
  43     0.44001     0.22615
  44     0.45001     0.23386
  45     0.46011     0.24176
  46     0.47018     0.24973
  47     0.48009     0.25767
  48     0.49016      0.2659
  49     0.50019     0.27422
  50     0.51011     0.28257
  51     0.52011      0.2911
  52     0.53015      0.2998
  53     0.54012     0.30858
  54     0.55005     0.31744
  55      0.5602     0.32663
  56      0.5701     0.33576
  57     0.58044     0.34548
  58      0.5901      0.3547
  59     0.60003     0.36429
  60     0.61014     0.37417
  61     0.62011     0.38403
  62      0.6302     0.39417
  63     0.64048     0.40464
  64     0.65018     0.41467
  65     0.66066     0.42569
  66     0.67013     0.43587
  67      0.6801     0.44679
  68     0.69041     0.45831
  69     0.70002     0.46921
  70     0.71001     0.48072
  71     0.72029     0.49282
  72     0.73002     0.50449
  73     0.74021     0.51695
  74      0.7502     0.52937
  75     0.76007     0.54184
  76     0.77008     0.55477
  77     0.78001     0.56782
  78     0.79032     0.58182
  79     0.80013     0.59549
  80     0.81007     0.60961
  81      0.8201     0.62418
  82     0.83024     0.63924
  83      0.8401     0.65425
  84     0.85049     0.67044
  85     0.86009     0.68566
  86     0.87031     0.70234
  87      0.8802     0.71901
  88     0.89057     0.73698
  89     0.90003     0.75372
  90     0.91007     0.77214
  91     0.92007     0.79097
  92     0.93002     0.81036
  93     0.94008     0.83079
  94     0.95015     0.85203
  95     0.96021     0.87488
  96     0.97003     0.89877
  97     0.98008     0.92519
  98     0.99004     0.95513
  99           1           1
-----------------------------------------

----------------- PPP$ and local currency --------------
         PPP used in computation: 590.33
     Data mean in local currency: 36745.9
               Data mean in PPP$: 146.655
        Poverty line in PPP$/Day: 1.9
      Poverty line in PPP$/Month: 57.7917
  Poverty line in local currency: 14480.3
-------------------------------------------------------

----------------- Estimation result --------------
     Number of observation: 3307
          Total population: 2.32881E+06
              Total wealth: 1.4496E+08(PPP$)
                   Minimum: 3.44869(PPP$)
                   Maximum: 682.604(PPP$)
             Headcount(HC): 0.105535
          Poverty gap (PG): 0.0241753
       Poverty gap squared: 0.00847028
                      Gini: 0.328929
                    Median: 122.454
                       MLD: 0.181209
                      Watt: 0.0306942
--------------------------------------------------

-------------------------------- Income or Consumption share by deciles (%) -------------------------------------
     2.9905     4.4827     5.5512     6.6065     7.7758     9.0197     10.493     12.612     15.835     24.634
-----------------------------------------------------------------------------------------------------------------


