

**********************************************************************************************
**                                   Basic Information                                      **
**********************************************************************************************

----------------- Dataset Information -----------------
                         Country: Mongolia
                    Country dode: MNG
                       Data Year: 2014
                        Coverage: National
             Welfare measurement: Consumption
                     Data format: Unit record
                     Data source: MNG_N2014X
                  Data time span: UnDefined
-------------------------------------------------------


----------- Distribution ------------
   i           P           L 
-------------------------------------
   0    0.010022   0.0020194
   1    0.020249   0.0046405
   2    0.030003   0.0074471
   3     0.04003    0.010562
   4    0.050018    0.013916
   5    0.060007    0.017435
   6    0.070009    0.021116
   7     0.08006    0.024962
   8     0.09006    0.028951
   9      0.1001     0.03309
  10     0.11002      0.0373
  11     0.12005    0.041674
  12     0.13005    0.046166
  13        0.14    0.050769
  14        0.15    0.055503
  15        0.16    0.060351
  16     0.17001     0.06532
  17        0.18    0.070401
  18     0.19001    0.075576
  19     0.20016    0.080934
  20     0.21002    0.086224
  21     0.22001    0.091681
  22     0.23005    0.097255
  23     0.24013     0.10297
  24     0.25001     0.10866
  25     0.26002     0.11452
  26     0.27005     0.12049
  27        0.28     0.12651
  28     0.29002     0.13267
  29     0.30007     0.13895
  30     0.31002     0.14527
  31     0.32007     0.15175
  32     0.33006     0.15828
  33     0.34007     0.16491
  34     0.35005     0.17162
  35     0.36003     0.17843
  36     0.37005     0.18535
  37     0.38013     0.19242
  38        0.39     0.19944
  39     0.40002     0.20667
  40     0.41018      0.2141
  41     0.42003     0.22141
  42     0.43001      0.2289
  43     0.44002     0.23651
  44     0.45004     0.24422
  45     0.46001     0.25202
  46     0.47003     0.25995
  47     0.48002     0.26797
  48     0.49004     0.27611
  49     0.50016     0.28445
  50        0.51     0.29268
  51     0.52002     0.30115
  52     0.53001     0.30972
  53        0.54     0.31842
  54      0.5501     0.32734
  55        0.56     0.33622
  56     0.57004     0.34534
  57        0.58     0.35453
  58        0.59     0.36388
  59     0.60006     0.37343
  60     0.61001     0.38298
  61     0.62066     0.39336
  62     0.63048     0.40306
  63     0.64003     0.41264
  64     0.65002      0.4228
  65     0.66004     0.43314
  66     0.67016     0.44374
  67     0.68002     0.45423
  68     0.69004     0.46504
  69     0.70009     0.47609
  70        0.71     0.48717
  71     0.72008     0.49862
  72     0.73001     0.51006
  73     0.74011     0.52191
  74     0.75034     0.53409
  75     0.76003     0.54584
  76     0.77004     0.55818
  77     0.78008      0.5708
  78     0.79004     0.58357
  79     0.80013     0.59676
  80     0.81009     0.61004
  81     0.82007     0.62361
  82     0.83002     0.63743
  83     0.84001     0.65163
  84     0.85007     0.66628
  85     0.86001     0.68112
  86     0.87003     0.69655
  87     0.88001     0.71231
  88     0.89007     0.72866
  89     0.90004     0.74537
  90     0.91003     0.76279
  91     0.92001     0.78086
  92     0.93002     0.79984
  93        0.94     0.81974
  94     0.95003     0.84083
  95     0.96002     0.86326
  96     0.97002     0.88763
  97     0.98003     0.91485
  98     0.99002     0.94671
  99           1           1
-----------------------------------------

----------------- PPP$ and local currency --------------
         PPP used in computation: 590.33
     Data mean in local currency: 268054
               Data mean in PPP$: 321.711
        Poverty line in PPP$/Day: 1.9
      Poverty line in PPP$/Month: 57.7917
  Poverty line in local currency: 48152.8
-------------------------------------------------------

----------------- Estimation result --------------
     Number of observation: 16165
          Total population: 2.89474E+06
              Total wealth: 1.31443E+09(PPP$)
                   Minimum: 53.9841(PPP$)
                   Maximum: 9797.98(PPP$)
             Headcount(HC): 0.00223723
          Poverty gap (PG): 0.000298945
       Poverty gap squared: 5.50577E-05
                      Gini: 0.320378
                    Median: 267.143
                       MLD: 0.170171
                      Watt: 0.000331354
--------------------------------------------------

-------------------------------- Income or Consumption share by deciles (%) -------------------------------------
     3.3049       4.78      5.806     6.7747      7.766     8.9057     10.262      12.06     14.869     25.471
-----------------------------------------------------------------------------------------------------------------


