

**********************************************************************************************
**                                   Basic Information                                      **
**********************************************************************************************

----------------- Dataset Information -----------------
                         Country: Mongolia
                    Country dode: MNG
                       Data Year: 2012
                        Coverage: National
             Welfare measurement: Consumption
                     Data format: Unit record
                     Data source: MNG_N2012X
                  Data time span: UnDefined
-------------------------------------------------------


----------- Distribution ------------
   i           P           L 
-------------------------------------
   0    0.010231   0.0020009
   1    0.020005   0.0044608
   2    0.030108    0.007302
   3    0.040099    0.010311
   4    0.050013     0.01346
   5    0.060002    0.016789
   6    0.070027    0.020287
   7    0.080162    0.023951
   8    0.090026    0.027633
   9     0.10006     0.03151
  10     0.11001    0.035492
  11     0.12007    0.039642
  12     0.13007    0.043871
  13     0.14009    0.048225
  14     0.15022    0.052748
  15     0.16005    0.057238
  16     0.17016    0.061965
  17     0.18003    0.066674
  18     0.19004    0.071549
  19     0.20003    0.076505
  20     0.21007    0.081581
  21     0.22002    0.086702
  22     0.23001     0.09195
  23     0.24006     0.09733
  24     0.25009     0.10279
  25     0.26008     0.10833
  26     0.27008     0.11395
  27     0.28008     0.11969
  28        0.29     0.12548
  29     0.30009     0.13145
  30     0.31004     0.13742
  31     0.32016      0.1436
  32     0.33003     0.14974
  33     0.34012     0.15611
  34     0.35009      0.1625
  35     0.36003     0.16897
  36     0.37009     0.17562
  37     0.38003      0.1823
  38     0.39002     0.18912
  39     0.40002     0.19605
  40     0.41002     0.20309
  41     0.42006     0.21028
  42     0.43005     0.21754
  43     0.44002      0.2249
  44     0.45003     0.23239
  45     0.46006        0.24
  46     0.47006     0.24769
  47     0.48015     0.25558
  48      0.4901     0.26348
  49     0.50005     0.27152
  50     0.51007     0.27974
  51     0.52001     0.28802
  52     0.53005     0.29651
  53     0.54009     0.30512
  54     0.55003     0.31378
  55     0.56005     0.32266
  56     0.57002      0.3316
  57     0.58009     0.34076
  58     0.59002     0.34991
  59         0.6     0.35925
  60     0.61003     0.36876
  61     0.62007     0.37843
  62     0.63004     0.38819
  63     0.64011     0.39819
  64     0.65003      0.4082
  65     0.66001     0.41845
  66     0.67017     0.42904
  67      0.6801     0.43957
  68     0.69013     0.45039
  69     0.70017     0.46141
  70     0.71013     0.47257
  71     0.72003     0.48387
  72     0.73013     0.49556
  73     0.74001     0.50722
  74     0.75001     0.51928
  75     0.76003     0.53163
  76     0.77002      0.5442
  77     0.78004     0.55703
  78     0.79013     0.57025
  79     0.80003     0.58349
  80        0.81     0.59715
  81     0.82008      0.6113
  82     0.83011     0.62577
  83     0.84008     0.64048
  84     0.85002     0.65551
  85     0.86003     0.67106
  86     0.87005     0.68711
  87     0.88001     0.70351
  88     0.89004     0.72059
  89     0.90003     0.73818
  90     0.91004     0.75645
  91     0.92002     0.77531
  92     0.93002     0.79511
  93     0.94001     0.81584
  94     0.95001     0.83779
  95     0.96001     0.86129
  96     0.97017     0.88753
  97     0.98003     0.91584
  98     0.99002      0.9489
  99           1           1
-----------------------------------------

----------------- PPP$ and local currency --------------
         PPP used in computation: 590.33
     Data mean in local currency: 207249
               Data mean in PPP$: 305.321
        Poverty line in PPP$/Day: 1.9
      Poverty line in PPP$/Month: 57.7917
  Poverty line in local currency: 39228.3
-------------------------------------------------------

----------------- Estimation result --------------
     Number of observation: 12803
          Total population: 2.6886E+06
              Total wealth: 9.43892E+08(PPP$)
                   Minimum: 22.4588(PPP$)
                   Maximum: 7264.73(PPP$)
             Headcount(HC): 0.00376221
          Poverty gap (PG): 0.000610003
       Poverty gap squared: 0.000153801
                      Gini: 0.337516
                    Median: 248.672
                       MLD: 0.187203
                      Watt: 0.000711061
--------------------------------------------------

-------------------------------- Income or Consumption share by deciles (%) -------------------------------------
     3.1486     4.5004     5.4904     6.4641     7.5445      8.777     10.197     12.223     15.468     26.186
-----------------------------------------------------------------------------------------------------------------


