

**********************************************************************************************
**                                   Basic Information                                      **
**********************************************************************************************

----------------- Dataset Information -----------------
                         Country: Mozambique
                    Country dode: MOZ
                       Data Year: 2002
                        Coverage: National
             Welfare measurement: Consumption
                     Data format: Unit record
                     Data source: MOZ_N2002X
                  Data time span: UnDefined
-------------------------------------------------------


----------- Distribution ------------
   i           P           L 
-------------------------------------
   0    0.010363  0.00092401
   1    0.020097   0.0023355
   2    0.030031   0.0041089
   3    0.040423   0.0061908
   4    0.050011   0.0082696
   5    0.062539    0.011176
   6    0.070212    0.013038
   7    0.080297    0.015583
   8    0.090033    0.018153
   9     0.10012    0.020945
  10     0.11062    0.023993
  11     0.12031    0.026912
  12     0.13004    0.029921
  13     0.14034    0.033221
  14     0.15005    0.036424
  15     0.16014    0.039837
  16     0.17014    0.043317
  17     0.18016    0.046901
  18     0.19006    0.050527
  19     0.20005    0.054274
  20      0.2101    0.058125
  21     0.22021    0.062073
  22     0.23002    0.065998
  23     0.24002    0.070098
  24     0.25007    0.074303
  25      0.2604    0.078692
  26     0.27015    0.082927
  27     0.28055    0.087529
  28     0.29007    0.091803
  29     0.30002    0.096372
  30     0.31011      0.1011
  31     0.32013     0.10588
  32     0.33005      0.1107
  33     0.34007     0.11565
  34     0.35002     0.12065
  35     0.36007     0.12578
  36     0.37002     0.13095
  37     0.38001     0.13623
  38     0.39031     0.14176
  39         0.4     0.14706
  40     0.41005     0.15264
  41     0.42001     0.15829
  42        0.43     0.16403
  43     0.44046     0.17015
  44     0.45009     0.17586
  45     0.46002     0.18185
  46      0.4701     0.18803
  47     0.48008     0.19427
  48     0.49002     0.20058
  49     0.50033     0.20721
  50     0.51001     0.21354
  51     0.52005     0.22024
  52     0.53004       0.227
  53      0.5401      0.2339
  54     0.55015     0.24092
  55     0.56019     0.24804
  56        0.57     0.25509
  57        0.58     0.26242
  58     0.59016     0.26995
  59     0.60025     0.27758
  60     0.61029     0.28532
  61     0.62002     0.29296
  62     0.63004     0.30097
  63     0.64062     0.30959
  64     0.65065     0.31786
  65     0.66013      0.3258
  66        0.67     0.33425
  67     0.68034     0.34326
  68     0.69003     0.35191
  69     0.70001       0.361
  70     0.71011     0.37039
  71     0.72001      0.3798
  72     0.73001     0.38949
  73     0.74003     0.39941
  74     0.75001     0.40955
  75     0.76007     0.42005
  76     0.77006     0.43072
  77     0.78001     0.44164
  78     0.79005     0.45305
  79     0.80009     0.46484
  80        0.81     0.47685
  81     0.82003     0.48934
  82     0.83002     0.50213
  83     0.84007      0.5155
  84     0.85006     0.52923
  85      0.8613     0.54518
  86     0.87003     0.55802
  87     0.88003     0.57343
  88     0.89006     0.58959
  89     0.90003     0.60652
  90     0.91009     0.62479
  91     0.92044     0.64476
  92     0.93001      0.6644
  93     0.94012     0.68681
  94     0.95018     0.71182
  95     0.96003     0.73976
  96     0.97007     0.77243
  97     0.98001      0.8112
  98     0.99005     0.86435
  99           1           1
-----------------------------------------

----------------- PPP$ and local currency --------------
         PPP used in computation: 15.5273
     Data mean in local currency: 331.371
               Data mean in PPP$: 47.8431
        Poverty line in PPP$/Day: 1.9
      Poverty line in PPP$/Month: 57.7917
  Poverty line in local currency: 400.276
-------------------------------------------------------

----------------- Estimation result --------------
     Number of observation: 8697
          Total population: 1.83019E+07
              Total wealth: 3.90585E+08(PPP$)
                   Minimum: 0.823272(PPP$)
                   Maximum: 5889.79(PPP$)
             Headcount(HC): 0.803566
          Poverty gap (PG): 0.41529
       Poverty gap squared: 0.252185
                      Gini: 0.470391
                    Median: 31.065
                       MLD: 0.380031
                      Watt: 0.678904
--------------------------------------------------

-------------------------------- Income or Consumption share by deciles (%) -------------------------------------
     2.0911     3.3345     4.2107     5.0695     5.9936     7.0391     8.3603     10.375     14.173     39.354
-----------------------------------------------------------------------------------------------------------------


