

**********************************************************************************************
**                                   Basic Information                                      **
**********************************************************************************************

----------------- Dataset Information -----------------
                         Country: Mozambique
                    Country dode: MOZ
                       Data Year: 2008
                        Coverage: National
             Welfare measurement: Consumption
                     Data format: Unit record
                     Data source: MOZ_N2008X
                  Data time span: UnDefined
-------------------------------------------------------


----------- Distribution ------------
   i           P           L 
-------------------------------------
   0    0.010027  0.00061798
   1    0.020005   0.0017647
   2    0.030015   0.0032848
   3    0.040104   0.0051113
   4    0.050017   0.0071352
   5    0.060059   0.0093626
   6    0.070142    0.011732
   7    0.080013     0.01418
   8    0.090095    0.016787
   9     0.10018    0.019492
  10      0.1102    0.022305
  11     0.12025    0.025238
  12     0.13011    0.028208
  13     0.14005    0.031306
  14     0.15005    0.034527
  15     0.16004    0.037863
  16     0.17012    0.041329
  17     0.18016    0.044901
  18     0.19002    0.048503
  19      0.2001     0.05227
  20     0.21009    0.056084
  21     0.22004    0.059965
  22     0.23011    0.064006
  23      0.2404     0.06823
  24     0.25042    0.072438
  25     0.26005    0.076568
  26     0.27006    0.080953
  27     0.28027    0.085521
  28     0.29003    0.089985
  29     0.30003    0.094649
  30     0.31002    0.099407
  31     0.32001     0.10427
  32     0.33014     0.10932
  33     0.34003     0.11436
  34     0.35001     0.11955
  35     0.36001     0.12482
  36     0.37007     0.13021
  37     0.38004     0.13567
  38     0.39002     0.14125
  39     0.40025     0.14709
  40     0.41011      0.1528
  41     0.42004     0.15866
  42     0.43016     0.16476
  43     0.44016     0.17089
  44     0.45006     0.17706
  45     0.46001     0.18335
  46     0.47012     0.18985
  47     0.48004     0.19634
  48     0.49005     0.20299
  49     0.50003     0.20975
  50      0.5101     0.21669
  51     0.52002     0.22366
  52     0.53005      0.2308
  53     0.54004     0.23803
  54     0.55011     0.24546
  55     0.56005     0.25293
  56     0.57011     0.26062
  57     0.58009      0.2684
  58     0.59007     0.27631
  59     0.60004     0.28439
  60     0.61005     0.29266
  61     0.62002     0.30106
  62     0.63004     0.30965
  63     0.64001     0.31836
  64        0.65     0.32725
  65      0.6609     0.33714
  66     0.67005      0.3456
  67     0.68003     0.35504
  68     0.69006     0.36475
  69     0.70007     0.37463
  70     0.71003     0.38465
  71     0.72012     0.39503
  72     0.73006     0.40546
  73     0.74012     0.41624
  74     0.75003      0.4271
  75     0.76001     0.43827
  76     0.77004     0.44976
  77     0.78009     0.46155
  78     0.79003     0.47345
  79     0.80003     0.48579
  80        0.81      0.4984
  81     0.82004      0.5115
  82     0.83002     0.52491
  83     0.84003     0.53876
  84     0.85001     0.55299
  85      0.8602     0.56797
  86     0.87003     0.58297
  87      0.8804     0.59936
  88     0.89011     0.61524
  89     0.90001     0.63221
  90     0.91005     0.65047
  91     0.92001     0.66977
  92     0.93021     0.69078
  93     0.94008     0.71256
  94     0.95002     0.73601
  95     0.96006     0.76197
  96     0.97001     0.79152
  97      0.9801     0.82808
  98     0.99025     0.87943
  99           1           1
-----------------------------------------

----------------- PPP$ and local currency --------------
         PPP used in computation: 15.5273
     Data mean in local currency: 731.044
               Data mean in PPP$: 59.5646
        Poverty line in PPP$/Day: 1.9
      Poverty line in PPP$/Month: 57.7917
  Poverty line in local currency: 709.284
-------------------------------------------------------

----------------- Estimation result --------------
     Number of observation: 10832
          Total population: 2.15372E+07
              Total wealth: 1.014E+09(PPP$)
                   Minimum: 0.981484(PPP$)
                   Maximum: 9294.78(PPP$)
             Headcount(HC): 0.687424
          Poverty gap (PG): 0.314125
       Poverty gap squared: 0.180222
                      Gini: 0.455783
                    Median: 40.7094
                       MLD: 0.364609
                      Watt: 0.500915
--------------------------------------------------

-------------------------------- Income or Consumption share by deciles (%) -------------------------------------
     1.9443     3.2791       4.24     5.2309     6.2788     7.4629     9.0195     11.119     14.645     36.781
-----------------------------------------------------------------------------------------------------------------


