

**********************************************************************************************
**                                   Basic Information                                      **
**********************************************************************************************

----------------- Dataset Information -----------------
                         Country: Mauritania
                    Country dode: MRT
                       Data Year: 2008
                        Coverage: National
             Welfare measurement: Consumption
                     Data format: Unit record
                     Data source: MRT_N2008X
                  Data time span: UnDefined
-------------------------------------------------------


----------- Distribution ------------
   i           P           L 
-------------------------------------
   0    0.010274   0.0013763
   1    0.020139   0.0032453
   2    0.030059   0.0054094
   3    0.040048   0.0078362
   4    0.050056    0.010485
   5    0.060033    0.013299
   6    0.070102    0.016327
   7    0.080014    0.019474
   8    0.090048    0.022807
   9     0.10007    0.026268
  10     0.11022    0.029905
  11     0.12001    0.033522
  12     0.13004    0.037336
  13     0.14009    0.041271
  14     0.15008    0.045302
  15     0.16006    0.049435
  16     0.17012    0.053694
  17     0.18001    0.057985
  18     0.19003    0.062437
  19     0.20016    0.067058
  20     0.21014    0.071719
  21     0.22038    0.076625
  22     0.23001    0.081333
  23     0.24029    0.086452
  24     0.25015    0.091461
  25     0.26027    0.096685
  26     0.27005     0.10181
  27     0.28003     0.10716
  28     0.29005     0.11265
  29         0.3     0.11821
  30     0.31013     0.12396
  31     0.32013     0.12975
  32     0.33004     0.13559
  33     0.34011     0.14161
  34     0.35009     0.14769
  35     0.36004     0.15386
  36     0.37007     0.16019
  37     0.38019      0.1667
  38     0.39021     0.17326
  39     0.40011     0.17988
  40     0.41003     0.18661
  41     0.42003     0.19353
  42     0.43003     0.20057
  43     0.44002     0.20773
  44     0.45019     0.21517
  45     0.46001     0.22247
  46     0.47014     0.23012
  47     0.48002     0.23775
  48     0.49005     0.24566
  49     0.50002     0.25368
  50     0.51009     0.26198
  51     0.52001      0.2703
  52     0.53014     0.27894
  53     0.54011     0.28759
  54     0.55007     0.29639
  55        0.56     0.30533
  56     0.57007     0.31451
  57     0.58008     0.32378
  58      0.5901     0.33323
  59     0.60006     0.34278
  60     0.61009     0.35254
  61     0.62042     0.36276
  62     0.63007     0.37245
  63     0.64002     0.38263
  64     0.65032     0.39335
  65        0.66     0.40363
  66     0.67003     0.41448
  67     0.68002      0.4255
  68     0.69009     0.43684
  69     0.70001      0.4482
  70     0.71002     0.45987
  71     0.72005     0.47176
  72     0.73004     0.48389
  73     0.74001     0.49624
  74     0.75013     0.50905
  75     0.76005     0.52187
  76     0.77017     0.53521
  77     0.78001     0.54849
  78     0.79013     0.56241
  79     0.80001     0.57627
  80     0.81013     0.59083
  81     0.82002     0.60539
  82        0.83     0.62046
  83     0.84006     0.63601
  84     0.85001     0.65176
  85     0.86001     0.66803
  86     0.87001      0.6848
  87     0.88008     0.70217
  88     0.89009     0.72002
  89     0.90001     0.73819
  90     0.91002     0.75717
  91     0.92002     0.77693
  92        0.93      0.7975
  93     0.94023     0.81961
  94     0.95026     0.84242
  95     0.96001     0.86603
  96     0.97003     0.89235
  97     0.98002     0.92092
  98     0.99006     0.95344
  99           1           1
-----------------------------------------

----------------- PPP$ and local currency --------------
         PPP used in computation: 112.807
     Data mean in local currency: 15747.3
               Data mean in PPP$: 160.22
        Poverty line in PPP$/Day: 1.9
      Poverty line in PPP$/Month: 57.7917
  Poverty line in local currency: 5680.1
-------------------------------------------------------

----------------- Estimation result --------------
     Number of observation: 13660
          Total population: 2.82724E+06
              Total wealth: 3.9467E+08(PPP$)
                   Minimum: 6.11883(PPP$)
                   Maximum: 2374.42(PPP$)
             Headcount(HC): 0.107947
          Poverty gap (PG): 0.0273186
       Poverty gap squared: 0.0107005
                      Gini: 0.356854
                    Median: 130.596
                       MLD: 0.216009
                      Watt: 0.0359566
--------------------------------------------------

-------------------------------- Income or Consumption share by deciles (%) -------------------------------------
     2.6245      4.074     5.1224     6.1593     7.3861     8.9059     10.547     12.807     16.192     26.182
-----------------------------------------------------------------------------------------------------------------


