

**********************************************************************************************
**                                   Basic Information                                      **
**********************************************************************************************

----------------- Dataset Information -----------------
                         Country: Mauritania
                    Country dode: MRT
                       Data Year: 2014
                        Coverage: National
             Welfare measurement: Consumption
                     Data format: Unit record
                     Data source: MRT_N2014X
                  Data time span: UnDefined
-------------------------------------------------------


----------- Distribution ------------
   i           P           L 
-------------------------------------
   0    0.010086   0.0015656
   1    0.020167   0.0037695
   2    0.030191   0.0062808
   3    0.040088   0.0090164
   4    0.050098    0.011985
   5    0.060158    0.015208
   6     0.07021    0.018638
   7    0.080023    0.022174
   8    0.090124    0.025979
   9         0.1    0.029821
  10     0.11006    0.033853
  11     0.12005    0.037978
  12     0.13008     0.04224
  13     0.14019    0.046686
  14     0.15011    0.051185
  15      0.1601    0.055836
  16     0.17011    0.060603
  17     0.18011    0.065472
  18     0.19003    0.070419
  19      0.2001    0.075543
  20     0.21007    0.080726
  21     0.22009    0.086056
  22     0.23004    0.091443
  23     0.24008    0.097001
  24     0.25011     0.10268
  25     0.26028     0.10852
  26     0.27005     0.11424
  27     0.28021     0.12027
  28     0.29002     0.12621
  29     0.30007     0.13238
  30     0.31004      0.1386
  31     0.32007     0.14497
  32     0.33007     0.15143
  33     0.34006     0.15799
  34     0.35015     0.16474
  35     0.36005     0.17146
  36     0.37007     0.17837
  37        0.38     0.18534
  38     0.39001     0.19249
  39     0.40007     0.19979
  40     0.41019     0.20724
  41      0.4201     0.21466
  42        0.43     0.22218
  43     0.44006     0.22991
  44     0.45014     0.23778
  45     0.46006     0.24564
  46     0.47021     0.25379
  47     0.48004      0.2618
  48     0.49009     0.27009
  49     0.50003     0.27842
  50     0.51008     0.28696
  51     0.52016     0.29565
  52     0.53006     0.30433
  53     0.54004     0.31318
  54     0.55006     0.32222
  55      0.5601     0.33141
  56     0.57005     0.34067
  57     0.58007     0.35013
  58        0.59     0.35965
  59     0.60004     0.36941
  60     0.61001     0.37927
  61     0.62013     0.38944
  62     0.63008     0.39957
  63     0.64006     0.40991
  64     0.65008     0.42046
  65     0.66007     0.43112
  66     0.67017     0.44208
  67     0.68003     0.45295
  68     0.69007     0.46419
  69     0.70001      0.4755
  70        0.71     0.48706
  71     0.72001     0.49879
  72     0.73005     0.51078
  73     0.74001     0.52286
  74     0.75013     0.53533
  75     0.76002     0.54773
  76     0.77015     0.56067
  77     0.78005     0.57352
  78     0.79001     0.58667
  79     0.80013     0.60028
  80     0.81001     0.61383
  81     0.82004     0.62787
  82     0.83005     0.64219
  83     0.84004     0.65678
  84     0.85001     0.67169
  85     0.86001       0.687
  86     0.87002     0.70271
  87     0.88013       0.719
  88     0.89008     0.73552
  89     0.90006     0.75258
  90        0.91     0.77012
  91     0.92006      0.7885
  92     0.93016      0.8077
  93     0.94015     0.82753
  94        0.95     0.84793
  95     0.96001     0.86995
  96     0.97001       0.894
  97     0.98003     0.92083
  98     0.99004     0.95263
  99           1           1
-----------------------------------------

----------------- PPP$ and local currency --------------
         PPP used in computation: 112.807
     Data mean in local currency: 22381
               Data mean in PPP$: 175.371
        Poverty line in PPP$/Day: 1.9
      Poverty line in PPP$/Month: 57.7917
  Poverty line in local currency: 7375.42
-------------------------------------------------------

----------------- Estimation result --------------
     Number of observation: 9336
          Total population: 3.63718E+06
              Total wealth: 7.21622E+08(PPP$)
                   Minimum: 17.5202(PPP$)
                   Maximum: 2634.2(PPP$)
             Headcount(HC): 0.0593141
          Poverty gap (PG): 0.0140104
       Poverty gap squared: 0.00498283
                      Gini: 0.324235
                    Median: 147.842
                       MLD: 0.177884
                      Watt: 0.0177113
--------------------------------------------------

-------------------------------- Income or Consumption share by deciles (%) -------------------------------------
     2.9821     4.5669     5.6847     6.7402     7.8656     9.0977     10.612     12.462     15.237     24.752
-----------------------------------------------------------------------------------------------------------------


