

**********************************************************************************************
**                                   Basic Information                                      **
**********************************************************************************************

----------------- Dataset Information -----------------
                         Country: Mauritania
                    Country dode: MRT
                       Data Year: 2000
                        Coverage: National
             Welfare measurement: Consumption
                     Data format: Unit record
                     Data source: MRT_N2000X
                  Data time span: UnDefined
-------------------------------------------------------


----------- Distribution ------------
   i           P           L 
-------------------------------------
   0    0.010124   0.0014973
   1    0.020285    0.003388
   2    0.030203   0.0054886
   3    0.040275   0.0078032
   4    0.050332    0.010284
   5     0.06025    0.012868
   6    0.070311    0.015629
   7    0.080355    0.018511
   8    0.090071    0.021414
   9     0.10011    0.024536
  10      0.1105    0.027916
  11     0.12023    0.031185
  12     0.13013    0.034622
  13     0.14022    0.038221
  14     0.15004    0.041817
  15     0.16001    0.045558
  16     0.17002    0.049425
  17     0.18029    0.053519
  18     0.19002    0.057522
  19         0.2    0.061694
  20     0.21003    0.066001
  21     0.22029    0.070516
  22     0.23043    0.075059
  23     0.24017     0.07951
  24     0.25043    0.084319
  25     0.26017    0.089008
  26     0.27012    0.093919
  27     0.28004    0.098923
  28     0.29012      0.1041
  29      0.3004     0.10948
  30     0.31019      0.1147
  31     0.32006     0.12009
  32     0.33004     0.12567
  33     0.34059     0.13166
  34     0.35018     0.13722
  35      0.3602     0.14312
  36     0.37027     0.14914
  37     0.38024     0.15519
  38     0.39011     0.16129
  39     0.40036     0.16776
  40     0.41002     0.17399
  41     0.42007      0.1806
  42     0.43027      0.1874
  43     0.44009     0.19405
  44     0.45002     0.20092
  45     0.46022      0.2081
  46     0.47011     0.21516
  47     0.48009     0.22241
  48     0.49007     0.22979
  49     0.50038     0.23756
  50     0.51007     0.24499
  51     0.52002     0.25274
  52        0.53     0.26062
  53      0.5401     0.26872
  54     0.55009     0.27687
  55     0.56015     0.28521
  56      0.5701     0.29365
  57     0.58004     0.30224
  58     0.59012      0.3111
  59     0.60017     0.32013
  60     0.61013     0.32931
  61     0.62006     0.33867
  62        0.63     0.34822
  63     0.64014     0.35815
  64     0.65044     0.36842
  65     0.66001     0.37813
  66     0.67004     0.38846
  67     0.68001     0.39894
  68     0.69007      0.4097
  69     0.70009     0.42065
  70     0.71024     0.43204
  71     0.72026     0.44349
  72        0.73     0.45483
  73     0.74006     0.46675
  74     0.75011     0.47891
  75     0.76009      0.4912
  76     0.77002     0.50364
  77     0.78011     0.51666
  78        0.79     0.52966
  79      0.8001     0.54328
  80     0.81001     0.55699
  81     0.82007      0.5713
  82     0.83002     0.58592
  83     0.84012     0.60133
  84     0.85015     0.61712
  85     0.86009     0.63331
  86     0.87001     0.65001
  87     0.88003     0.66755
  88     0.89019     0.68601
  89     0.90005      0.7047
  90     0.91001     0.72454
  91     0.92004      0.7454
  92     0.93001     0.76735
  93     0.94003     0.79098
  94     0.95004     0.81687
  95     0.96001     0.84478
  96     0.97002     0.87515
  97     0.98003     0.90905
  98     0.99004     0.94782
  99           1           1
-----------------------------------------

----------------- PPP$ and local currency --------------
         PPP used in computation: 112.807
     Data mean in local currency: 7841.28
               Data mean in PPP$: 138.153
        Poverty line in PPP$/Day: 1.9
      Poverty line in PPP$/Month: 57.7917
  Poverty line in local currency: 3280.13
-------------------------------------------------------

----------------- Estimation result --------------
     Number of observation: 5860
          Total population: 1.97323E+06
              Total wealth: 1.3716E+08(PPP$)
                   Minimum: 7.47947(PPP$)
                   Maximum: 586.738(PPP$)
             Headcount(HC): 0.196431
          Poverty gap (PG): 0.0525404
       Poverty gap squared: 0.0203627
                      Gini: 0.390285
                    Median: 104.852
                       MLD: 0.25465
                      Watt: 0.0681085
--------------------------------------------------

-------------------------------- Income or Consumption share by deciles (%) -------------------------------------
     2.4503     3.7189     4.7575     5.8266     6.9741     8.2707     10.057     12.259     16.145      29.54
-----------------------------------------------------------------------------------------------------------------


