

**********************************************************************************************
**                                   Basic Information                                      **
**********************************************************************************************

----------------- Dataset Information -----------------
                         Country: Mauritania
                    Country dode: MRT
                       Data Year: 2004
                        Coverage: National
             Welfare measurement: Consumption
                     Data format: Unit record
                     Data source: MRT_N2004X
                  Data time span: UnDefined
-------------------------------------------------------


----------- Distribution ------------
   i           P           L 
-------------------------------------
   0      0.0103   0.0014646
   1    0.020302   0.0034548
   2    0.030362   0.0057219
   3    0.040139   0.0081404
   4    0.050177    0.010784
   5    0.060062    0.013537
   6     0.07017    0.016529
   7    0.080073    0.019594
   8    0.090072    0.022794
   9     0.10014    0.026142
  10     0.11015    0.029573
  11     0.12026    0.033172
  12     0.13026    0.036837
  13     0.14018    0.040589
  14     0.15008    0.044457
  15     0.16015    0.048499
  16     0.17008    0.052576
  17     0.18017    0.056827
  18     0.19002    0.061071
  19     0.20002    0.065468
  20     0.21005    0.069954
  21     0.22002     0.07452
  22     0.23003    0.079202
  23     0.24008    0.083995
  24     0.25029    0.088942
  25     0.26013    0.093775
  26     0.27019    0.098824
  27        0.28     0.10384
  28     0.29003     0.10904
  29      0.3024     0.11559
  30     0.31003     0.11969
  31     0.32014     0.12522
  32     0.33011     0.13078
  33      0.3401     0.13643
  34     0.35034     0.14232
  35     0.36019     0.14808
  36     0.37009     0.15394
  37     0.38017     0.16001
  38     0.39013     0.16612
  39     0.40003     0.17232
  40     0.41001     0.17867
  41     0.42161     0.18619
  42      0.4301     0.19175
  43     0.44099       0.199
  44     0.45016     0.20517
  45     0.46004     0.21192
  46        0.47     0.21884
  47     0.48003      0.2259
  48     0.49002     0.23306
  49     0.50005     0.24035
  50        0.51      0.2477
  51     0.52004     0.25523
  52     0.53006     0.26283
  53     0.54007     0.27056
  54     0.55016     0.27843
  55     0.56008     0.28627
  56     0.57012     0.29429
  57     0.58003     0.30236
  58     0.59001     0.31064
  59     0.60011     0.31917
  60     0.61005      0.3277
  61     0.62085     0.33712
  62     0.63002     0.34526
  63     0.64012      0.3544
  64     0.65003     0.36354
  65     0.66012     0.37302
  66     0.67007     0.38254
  67     0.68003     0.39224
  68     0.69003      0.4021
  69     0.70024     0.41238
  70     0.71008     0.42248
  71     0.72001     0.43287
  72     0.73007     0.44362
  73     0.74067     0.45525
  74     0.75014     0.46584
  75     0.76003     0.47714
  76     0.77018     0.48896
  77     0.78012     0.50082
  78     0.79007     0.51305
  79     0.80006     0.52561
  80        0.81     0.53841
  81     0.82241     0.55491
  82     0.83008     0.56534
  83      0.8401     0.57936
  84     0.85015     0.59385
  85     0.86012      0.6087
  86     0.87005     0.62396
  87     0.88007     0.63991
  88     0.89004     0.65643
  89      0.9001     0.67383
  90     0.91021     0.69229
  91     0.92018     0.71177
  92     0.93017     0.73268
  93     0.94005     0.75477
  94     0.95006     0.77913
  95     0.96003      0.8061
  96      0.9701     0.83718
  97      0.9802     0.87424
  98     0.99014     0.91884
  99           1           1
-----------------------------------------

----------------- PPP$ and local currency --------------
         PPP used in computation: 112.807
     Data mean in local currency: 10641.3
               Data mean in PPP$: 148.493
        Poverty line in PPP$/Day: 1.9
      Poverty line in PPP$/Month: 57.7917
  Poverty line in local currency: 4141.49
-------------------------------------------------------

----------------- Estimation result --------------
     Number of observation: 9380
          Total population: 2.43785E+06
              Total wealth: 2.29969E+08(PPP$)
                   Minimum: 4.43236(PPP$)
                   Maximum: 4464.09(PPP$)
             Headcount(HC): 0.143894
          Poverty gap (PG): 0.0359126
       Poverty gap squared: 0.0133355
                      Gini: 0.401688
                    Median: 108.683
                       MLD: 0.2699
                      Watt: 0.0462279
--------------------------------------------------

-------------------------------- Income or Consumption share by deciles (%) -------------------------------------
     2.6096     3.9364     4.8862     5.7974     6.8021     7.8764     9.3059     11.339     14.813     32.634
-----------------------------------------------------------------------------------------------------------------


