

**********************************************************************************************
**                                   Basic Information                                      **
**********************************************************************************************

----------------- Dataset Information -----------------
                         Country: Mauritius
                    Country dode: MUS
                       Data Year: 2006
                        Coverage: National
             Welfare measurement: Consumption
                     Data format: Unit record
                     Data source: MUS_N2006X
                  Data time span: UnDefined
-------------------------------------------------------


----------- Distribution ------------
   i           P           L 
-------------------------------------
   0    0.010093   0.0017399
   1    0.020067   0.0040409
   2    0.030099   0.0067126
   3    0.040164   0.0096588
   4    0.050026    0.012791
   5    0.060192      0.0162
   6    0.070122    0.019681
   7    0.080025    0.023274
   8    0.090022    0.027025
   9     0.10001    0.030897
  10     0.11005    0.034901
  11     0.12001    0.038994
  12     0.13004     0.04324
  13     0.14017    0.047618
  14     0.15003    0.052005
  15     0.16032    0.056703
  16     0.17015    0.061287
  17     0.18003    0.065995
  18     0.19004    0.070836
  19     0.20024    0.075865
  20     0.21021    0.080857
  21     0.22006    0.085883
  22     0.23002    0.091041
  23     0.24028    0.096443
  24     0.25003     0.10166
  25     0.26011     0.10715
  26     0.27015     0.11271
  27     0.28001     0.11826
  28     0.29005       0.124
  29     0.30014     0.12986
  30      0.3101     0.13574
  31     0.32001     0.14169
  32     0.33001     0.14777
  33        0.34     0.15395
  34     0.35002     0.16023
  35     0.36006      0.1666
  36     0.37015     0.17309
  37     0.38014      0.1796
  38      0.3901     0.18617
  39     0.40039     0.19305
  40     0.41017     0.19967
  41     0.42013      0.2065
  42      0.4301     0.21344
  43      0.4402     0.22059
  44     0.45016     0.22772
  45     0.46009     0.23494
  46     0.47023     0.24239
  47     0.48002      0.2497
  48     0.49013     0.25739
  49      0.5001      0.2651
  50     0.51018       0.273
  51        0.52     0.28081
  52      0.5301     0.28893
  53     0.54005     0.29704
  54     0.55018     0.30542
  55     0.56001     0.31366
  56     0.57001     0.32214
  57     0.58001     0.33073
  58     0.59005     0.33951
  59     0.60008      0.3484
  60     0.61009      0.3574
  61     0.62008     0.36652
  62     0.63013     0.37584
  63     0.64013     0.38529
  64     0.65001     0.39481
  65     0.66011      0.4047
  66     0.67003     0.41457
  67     0.68009     0.42476
  68     0.69012     0.43509
  69     0.70017     0.44561
  70     0.71015     0.45624
  71     0.72014     0.46708
  72     0.73003     0.47796
  73     0.74015     0.48932
  74     0.75005     0.50068
  75     0.76012     0.51247
  76        0.77      0.5243
  77     0.78019     0.53679
  78     0.79012     0.54922
  79     0.80008     0.56196
  80     0.81001     0.57498
  81     0.82007     0.58855
  82     0.83013     0.60249
  83     0.84005     0.61657
  84     0.85021     0.63147
  85        0.86     0.64628
  86     0.87008     0.66203
  87     0.88015     0.67835
  88     0.89005     0.69505
  89     0.90006      0.7126
  90     0.91007      0.7309
  91     0.92007      0.7501
  92     0.93004     0.77033
  93      0.9401     0.79189
  94     0.95015     0.81492
  95     0.96008      0.8399
  96     0.97007     0.86766
  97     0.98004     0.89888
  98     0.99011     0.93635
  99           1           1
-----------------------------------------

----------------- PPP$ and local currency --------------
         PPP used in computation: 18.2854
     Data mean in local currency: 4768.87
               Data mean in PPP$: 335.257
        Poverty line in PPP$/Day: 1.9
      Poverty line in PPP$/Month: 57.7917
  Poverty line in local currency: 822.058
-------------------------------------------------------

----------------- Estimation result --------------
     Number of observation: 6716
          Total population: 1.22457E+06
              Total wealth: 3.19371E+08(PPP$)
                   Minimum: 21.1662(PPP$)
                   Maximum: 6180.35(PPP$)
             Headcount(HC): 0.00419731
          Poverty gap (PG): 0.000692092
       Poverty gap squared: 0.000223358
                      Gini: 0.356534
                    Median: 261.021
                       MLD: 0.209929
                      Watt: 0.000852817
--------------------------------------------------

-------------------------------- Income or Consumption share by deciles (%) -------------------------------------
     3.0893     4.4854     5.4033      6.301     7.2226     8.3314     9.7107     11.642     15.065      28.75
-----------------------------------------------------------------------------------------------------------------


