

**********************************************************************************************
**                                   Basic Information                                      **
**********************************************************************************************

----------------- Dataset Information -----------------
                         Country: Malawi
                    Country dode: MWI
                       Data Year: 1997
                        Coverage: National
             Welfare measurement: Consumption
                     Data format: Unit record
                     Data source: MWI_N1997X
                  Data time span: UnDefined
-------------------------------------------------------


----------- Distribution ------------
   i           P           L 
-------------------------------------
   0     0.01002  0.00076095
   1    0.020119   0.0018451
   2    0.030151   0.0031181
   3    0.040237   0.0046003
   4        0.05   0.0061741
   5    0.060049   0.0078935
   6    0.070219   0.0097265
   7    0.080011    0.011568
   8    0.090156    0.013537
   9     0.10008    0.015525
  10     0.11009    0.017591
  11     0.12008    0.019712
  12      0.1301      0.0219
  13     0.14006    0.024131
  14     0.15008    0.026425
  15     0.16023    0.028795
  16     0.17008    0.031135
  17     0.18018     0.03358
  18     0.19007    0.036021
  19     0.20008    0.038542
  20      0.2101    0.041112
  21     0.22003    0.043703
  22     0.23005    0.046371
  23     0.24006    0.049076
  24     0.25003    0.051815
  25     0.26001    0.054599
  26     0.27007    0.057448
  27     0.28009    0.060331
  28     0.29014    0.063278
  29     0.30009    0.066238
  30     0.31006    0.069245
  31     0.32013    0.072324
  32     0.33018     0.07544
  33     0.34003     0.07854
  34     0.35008    0.081747
  35        0.36    0.084962
  36     0.37001    0.088256
  37        0.38    0.091595
  38     0.39009    0.095014
  39     0.40004    0.098434
  40     0.41006     0.10193
  41        0.42     0.10546
  42     0.43008     0.10908
  43     0.44017     0.11276
  44     0.45001     0.11641
  45     0.46009     0.12021
  46     0.47008     0.12403
  47     0.48002     0.12791
  48     0.49005     0.13188
  49     0.50009     0.13593
  50     0.51001     0.13998
  51     0.52018      0.1442
  52     0.53003     0.14834
  53     0.54004     0.15262
  54     0.55005     0.15697
  55     0.56008     0.16139
  56     0.57011     0.16589
  57      0.5802     0.17051
  58     0.59007     0.17511
  59     0.60005     0.17984
  60        0.61     0.18464
  61     0.62008     0.18958
  62     0.63002     0.19455
  63     0.64013      0.1997
  64     0.65002     0.20482
  65     0.66006     0.21012
  66     0.67001     0.21546
  67     0.68001     0.22096
  68     0.69003     0.22658
  69     0.70012     0.23237
  70     0.71003     0.23818
  71     0.72006     0.24418
  72     0.73004      0.2503
  73     0.74004     0.25655
  74     0.75007     0.26298
  75     0.76005     0.26954
  76     0.77014      0.2763
  77     0.78007     0.28312
  78     0.79005     0.29013
  79     0.80002     0.29733
  80     0.81006      0.3048
  81     0.82006     0.31247
  82     0.83007     0.32038
  83     0.84015     0.32862
  84        0.85     0.33696
  85     0.86006     0.34579
  86     0.87003     0.35493
  87     0.88002     0.36449
  88     0.89002     0.37456
  89     0.90007     0.38516
  90     0.91004     0.39641
  91     0.92002     0.40851
  92        0.93     0.42165
  93     0.94003     0.43614
  94     0.95006     0.45199
  95     0.96002      0.4695
  96     0.97003     0.49011
  97     0.98009     0.51548
  98     0.99005     0.55085
  99           1           1
-----------------------------------------

----------------- PPP$ and local currency --------------
         PPP used in computation: 78.017
     Data mean in local currency: 1067.37
               Data mean in PPP$: 113.126
        Poverty line in PPP$/Day: 1.9
      Poverty line in PPP$/Month: 57.7917
  Poverty line in local currency: 545.277
-------------------------------------------------------

----------------- Estimation result --------------
     Number of observation: 10694
          Total population: 9.66665E+06
              Total wealth: 1.32251E+08(PPP$)
                   Minimum: 0.479581(PPP$)
                   Maximum: 126490(PPP$)
             Headcount(HC): 0.636343
          Poverty gap (PG): 0.249234
       Poverty gap squared: 0.123534
                      Gini: 0.657556
                    Median: 45.9566
                       MLD: 0.811076
                      Watt: 0.358336
--------------------------------------------------

-------------------------------- Income or Consumption share by deciles (%) -------------------------------------
      1.551     2.3013     2.7689     3.2209     3.7472      4.393     5.2483     6.5007     8.7778     61.491
-----------------------------------------------------------------------------------------------------------------


