

**********************************************************************************************
**                                   Basic Information                                      **
**********************************************************************************************

----------------- Dataset Information -----------------
                         Country: Malawi
                    Country dode: MWI
                       Data Year: 2010
                        Coverage: National
             Welfare measurement: Consumption
                     Data format: Unit record
                     Data source: MWI_N2010X
                  Data time span: UnDefined
-------------------------------------------------------


----------- Distribution ------------
   i           P           L 
-------------------------------------
   0    0.010074   0.0012507
   1    0.020147   0.0029055
   2    0.030031   0.0047355
   3    0.040005   0.0067617
   4    0.050113   0.0089736
   5    0.060048    0.011282
   6    0.070114    0.013753
   7    0.080087    0.016297
   8    0.090237    0.018991
   9     0.10002    0.021697
  10     0.11001    0.024543
  11     0.12004    0.027491
  12     0.13015    0.030567
  13     0.14003    0.033669
  14     0.15005    0.036919
  15        0.16    0.040249
  16     0.17006    0.043708
  17     0.18028    0.047304
  18     0.19003    0.050801
  19         0.2    0.054458
  20     0.21008    0.058247
  21        0.22    0.062084
  22     0.23003    0.066062
  23     0.24025    0.070199
  24     0.25002    0.074234
  25     0.26006    0.078445
  26     0.27011     0.08274
  27     0.28004    0.087083
  28     0.29017    0.091587
  29     0.30001    0.096049
  30     0.31008     0.10071
  31     0.32003      0.1054
  32     0.33043     0.11041
  33     0.34009     0.11514
  34     0.35002     0.12008
  35     0.36009     0.12519
  36     0.37024     0.13042
  37     0.38002     0.13554
  38     0.39006      0.1409
  39     0.40014     0.14639
  40     0.41004     0.15187
  41     0.42004      0.1575
  42     0.43004     0.16323
  43     0.44005      0.1691
  44     0.45015     0.17513
  45     0.46003     0.18112
  46        0.47     0.18728
  47      0.4801     0.19363
  48     0.49019      0.2001
  49     0.50012     0.20657
  50     0.51005     0.21316
  51     0.52035     0.22014
  52      0.5301     0.22686
  53     0.54013     0.23389
  54     0.55012     0.24103
  55     0.56001     0.24826
  56     0.57018     0.25583
  57     0.58008     0.26332
  58     0.59013     0.27105
  59     0.60013     0.27889
  60     0.61008     0.28683
  61     0.62007     0.29495
  62     0.63009     0.30328
  63     0.64009     0.31178
  64     0.65009     0.32041
  65     0.66003     0.32915
  66     0.67008     0.33818
  67     0.68002     0.34729
  68     0.69016     0.35681
  69         0.7     0.36626
  70     0.71003     0.37615
  71     0.72003     0.38627
  72     0.73028     0.39687
  73     0.74001     0.40716
  74     0.75007     0.41802
  75     0.76005     0.42904
  76     0.77015     0.44047
  77     0.78001     0.45195
  78     0.79033     0.46435
  79     0.80001     0.47624
  80     0.81007     0.48898
  81     0.82001     0.50194
  82     0.83005     0.51541
  83     0.84004     0.52926
  84     0.85005     0.54357
  85     0.86001     0.55834
  86     0.87013     0.57399
  87     0.88003     0.59001
  88        0.89      0.6069
  89     0.90006     0.62476
  90     0.91017     0.64385
  91     0.92017     0.66395
  92     0.93004     0.68494
  93     0.94008     0.70768
  94     0.95002     0.73235
  95     0.96004     0.75991
  96     0.97006     0.79242
  97     0.98011      0.8319
  98      0.9901     0.88508
  99           1           1
-----------------------------------------

----------------- PPP$ and local currency --------------
         PPP used in computation: 78.017
     Data mean in local currency: 4273.79
               Data mean in PPP$: 57.9402
        Poverty line in PPP$/Day: 1.9
      Poverty line in PPP$/Month: 57.7917
  Poverty line in local currency: 4262.83
-------------------------------------------------------

----------------- Estimation result --------------
     Number of observation: 12080
          Total population: 1.37719E+07
              Total wealth: 7.54429E+08(PPP$)
                   Minimum: 3.17832(PPP$)
                   Maximum: 3036.27(PPP$)
             Headcount(HC): 0.709063
          Poverty gap (PG): 0.332913
       Poverty gap squared: 0.190681
                      Gini: 0.46118
                    Median: 38.0131
                       MLD: 0.359521
                      Watt: 0.519739
--------------------------------------------------

-------------------------------- Income or Consumption share by deciles (%) -------------------------------------
     2.1692     3.2765     4.1586     5.0272     6.0174     7.2299      8.747     10.997     14.843     37.534
-----------------------------------------------------------------------------------------------------------------


