

**********************************************************************************************
**                                   Basic Information                                      **
**********************************************************************************************

----------------- Dataset Information -----------------
                         Country: Malawi
                    Country dode: MWI
                       Data Year: 2004
                        Coverage: National
             Welfare measurement: Consumption
                     Data format: Unit record
                     Data source: MWI_N2004X
                  Data time span: UnDefined
-------------------------------------------------------


----------- Distribution ------------
   i           P           L 
-------------------------------------
   0    0.010053   0.0017809
   1    0.020163   0.0041352
   2     0.03006   0.0066964
   3    0.040093   0.0094682
   4    0.050011     0.01236
   5    0.060018    0.015436
   6    0.070059    0.018637
   7    0.080054    0.021936
   8     0.09007    0.025364
   9     0.10013    0.028921
  10     0.11006     0.03253
  11     0.12001     0.03624
  12      0.1301     0.04011
  13     0.14015    0.044045
  14     0.15009    0.048032
  15     0.16006     0.05212
  16     0.17012    0.056334
  17     0.18017    0.060621
  18     0.19012    0.064951
  19     0.20005    0.069366
  20     0.21006    0.073896
  21     0.22011    0.078517
  22     0.23003     0.08315
  23     0.24001    0.087907
  24     0.25006    0.092782
  25     0.26016    0.097788
  26     0.27001     0.10276
  27     0.28008     0.10794
  28     0.29004     0.11314
  29     0.30015     0.11851
  30     0.31003     0.12385
  31     0.32007     0.12936
  32     0.33001     0.13491
  33     0.34008     0.14063
  34     0.35005     0.14637
  35     0.36005     0.15222
  36     0.37005     0.15812
  37     0.38001     0.16411
  38     0.39002      0.1702
  39     0.40008     0.17642
  40     0.41009     0.18271
  41     0.42001     0.18901
  42     0.43002     0.19547
  43      0.4401     0.20208
  44     0.45005     0.20871
  45     0.46004     0.21548
  46     0.47004     0.22236
  47        0.48      0.2293
  48     0.49014     0.23647
  49     0.50001     0.24356
  50     0.51008      0.2509
  51     0.52007     0.25828
  52     0.53006     0.26577
  53     0.54002     0.27336
  54     0.55009     0.28115
  55        0.56     0.28895
  56     0.57002     0.29697
  57     0.58003     0.30508
  58     0.59014     0.31339
  59     0.60006     0.32169
  60      0.6101     0.33024
  61     0.62002     0.33885
  62     0.63002     0.34767
  63     0.64012     0.35673
  64     0.65005     0.36579
  65     0.66005     0.37504
  66     0.67001     0.38438
  67     0.68013     0.39407
  68     0.69011      0.4038
  69     0.70004     0.41366
  70     0.71003     0.42376
  71     0.72003     0.43407
  72     0.73001     0.44456
  73     0.74002     0.45528
  74     0.75006     0.46631
  75     0.76002     0.47749
  76     0.77005     0.48901
  77     0.78003     0.50074
  78     0.79004     0.51278
  79     0.80002     0.52508
  80     0.81002      0.5377
  81     0.82011     0.55078
  82     0.83003     0.56405
  83     0.84009     0.57801
  84     0.85019     0.59249
  85     0.86003     0.60699
  86        0.87     0.62218
  87     0.88004     0.63807
  88     0.89003     0.65456
  89     0.90003     0.67175
  90     0.91003     0.68968
  91     0.92005     0.70866
  92     0.93005     0.72882
  93     0.94001     0.75031
  94     0.95001     0.77347
  95     0.96006     0.79887
  96     0.97003     0.82706
  97     0.98001     0.86043
  98     0.99008     0.90619
  99           1           1
-----------------------------------------

----------------- PPP$ and local currency --------------
         PPP used in computation: 78.017
     Data mean in local currency: 1759.11
               Data mean in PPP$: 53.7175
        Poverty line in PPP$/Day: 1.9
      Poverty line in PPP$/Month: 57.7917
  Poverty line in local currency: 1892.52
-------------------------------------------------------

----------------- Estimation result --------------
     Number of observation: 11275
          Total population: 1.21703E+07
              Total wealth: 2.74414E+08(PPP$)
                   Minimum: 1.47772(PPP$)
                   Maximum: 877.515(PPP$)
             Headcount(HC): 0.736317
          Poverty gap (PG): 0.316836
       Poverty gap squared: 0.167843
                      Gini: 0.398735
                    Median: 38.875
                       MLD: 0.263776
                      Watt: 0.468574
--------------------------------------------------

-------------------------------- Income or Consumption share by deciles (%) -------------------------------------
     2.8875      4.047     4.9082     5.7947     6.7182     7.8082      9.198     11.144     14.664      32.83
-----------------------------------------------------------------------------------------------------------------


