

**********************************************************************************************
**                                   Basic Information                                      **
**********************************************************************************************

----------------- Dataset Information -----------------
                         Country: Malaysia
                    Country dode: MYS
                       Data Year: 2007
                        Coverage: National
             Welfare measurement: Income
                     Data format: Unit record
                     Data source: MYS_N2007Y
                  Data time span: UnDefined
-------------------------------------------------------


----------- Distribution ------------
   i           P           L 
-------------------------------------
   0    0.010086  0.00091666
   1    0.020029    0.002185
   2    0.030005   0.0036847
   3    0.040053   0.0053742
   4    0.050001   0.0071838
   5    0.060019   0.0091282
   6    0.070033     0.01118
   7    0.080026    0.013332
   8    0.090011    0.015585
   9         0.1    0.017947
  10     0.11002    0.020409
  11        0.12    0.022966
  12     0.13002     0.02563
  13     0.14011     0.02842
  14     0.15003    0.031262
  15     0.16002    0.034214
  16     0.17001    0.037245
  17     0.18001    0.040371
  18     0.19004    0.043598
  19     0.20005     0.04691
  20     0.21004    0.050318
  21     0.22005    0.053826
  22        0.23    0.057408
  23     0.24001    0.061112
  24     0.25003    0.064917
  25     0.26002    0.068813
  26     0.27006    0.072849
  27     0.28002    0.076946
  28     0.29006    0.081174
  29     0.30004    0.085468
  30     0.31004    0.089881
  31     0.32001    0.094378
  32        0.33     0.09899
  33     0.34013     0.10378
  34     0.35001     0.10855
  35     0.36009     0.11354
  36     0.37004     0.11857
  37     0.38003     0.12373
  38     0.39001       0.129
  39     0.40004     0.13442
  40     0.41001     0.13995
  41     0.42002     0.14562
  42        0.43      0.1514
  43     0.44001     0.15732
  44     0.45004     0.16338
  45     0.46001     0.16953
  46     0.47003     0.17585
  47     0.48003     0.18229
  48        0.49     0.18883
  49     0.50003     0.19554
  50     0.51002     0.20236
  51     0.52003     0.20933
  52     0.53001     0.21645
  53        0.54     0.22371
  54     0.55008      0.2312
  55     0.56001     0.23873
  56     0.57001     0.24648
  57     0.58006     0.25445
  58     0.59005     0.26255
  59      0.6002     0.27094
  60     0.61005     0.27926
  61     0.62005     0.28788
  62     0.63003      0.2967
  63     0.64001     0.30573
  64     0.65001     0.31499
  65     0.66002      0.3245
  66        0.67     0.33421
  67     0.68001      0.3442
  68     0.69001     0.35442
  69     0.70002      0.3649
  70     0.71001     0.37562
  71     0.72001     0.38664
  72     0.73002     0.39798
  73     0.74003     0.40961
  74     0.75003     0.42156
  75     0.76001     0.43382
  76        0.77     0.44642
  77     0.78001     0.45938
  78      0.7901     0.47282
  79     0.80006     0.48648
  80     0.81001     0.50056
  81     0.82003     0.51526
  82     0.83005     0.53046
  83     0.84001     0.54602
  84        0.85     0.56222
  85        0.86     0.57901
  86     0.87003     0.59651
  87     0.88001     0.61462
  88        0.89     0.63354
  89     0.90006     0.65351
  90     0.91001     0.67434
  91     0.92006     0.69644
  92     0.93005     0.71968
  93        0.94     0.74457
  94     0.95001     0.77148
  95     0.96001     0.80079
  96     0.97004     0.83356
  97     0.98004      0.8712
  98        0.99      0.9176
  99           1           1
-----------------------------------------

----------------- PPP$ and local currency --------------
         PPP used in computation: 1.58609
     Data mean in local currency: 836.941
               Data mean in PPP$: 587.417
        Poverty line in PPP$/Day: 1.9
      Poverty line in PPP$/Month: 57.7917
  Poverty line in local currency: 82.3406
-------------------------------------------------------

----------------- Estimation result --------------
     Number of observation: 31252
          Total population: 2.48839E+07
              Total wealth: 1.31307E+10(PPP$)
                   Minimum: 11.4577(PPP$)
                   Maximum: 23628.5(PPP$)
             Headcount(HC): 0.0052372
          Poverty gap (PG): 0.00117294
       Poverty gap squared: 0.000478561
                      Gini: 0.460513
                    Median: 397.329
                       MLD: 0.367621
                      Watt: 0.00162049
--------------------------------------------------

-------------------------------- Income or Consumption share by deciles (%) -------------------------------------
     1.7946     2.8948     3.8558     4.8951     6.1112      7.526     9.4108     12.151       16.7     34.661
-----------------------------------------------------------------------------------------------------------------


