

**********************************************************************************************
**                                   Basic Information                                      **
**********************************************************************************************

----------------- Dataset Information -----------------
                         Country: Malaysia
                    Country dode: MYS
                       Data Year: 2009
                        Coverage: National
             Welfare measurement: Income
                     Data format: Unit record
                     Data source: MYS_N2009Y
                  Data time span: UnDefined
-------------------------------------------------------


----------- Distribution ------------
   i           P           L 
-------------------------------------
   0    0.010018   0.0010093
   1     0.02004   0.0023246
   2     0.03004   0.0037928
   3    0.040011   0.0053946
   4    0.050003   0.0071334
   5    0.060011   0.0089962
   6    0.070034    0.010976
   7    0.080013    0.013049
   8    0.090001     0.01522
   9     0.10014    0.017515
  10     0.11002    0.019855
  11     0.12004    0.022316
  12     0.13001    0.024866
  13     0.14006    0.027534
  14     0.15006    0.030289
  15     0.16003    0.033133
  16     0.17001    0.036082
  17     0.18003    0.039146
  18     0.19005     0.04231
  19     0.20001    0.045551
  20     0.21007    0.048925
  21        0.22    0.052361
  22     0.23008    0.055946
  23     0.24002    0.059578
  24     0.25002    0.063325
  25        0.26    0.067161
  26        0.27    0.071094
  27     0.28001    0.075137
  28     0.29002    0.079285
  29     0.30001    0.083529
  30     0.31011     0.08793
  31     0.32006    0.092368
  32        0.33    0.096908
  33        0.34     0.10159
  34     0.35001     0.10638
  35     0.36008      0.1113
  36     0.37002     0.11627
  37     0.38003     0.12139
  38     0.39002     0.12663
  39     0.40002     0.13198
  40     0.41006     0.13749
  41     0.42001     0.14307
  42     0.43004     0.14883
  43     0.44008     0.15473
  44        0.45     0.16069
  45     0.46002     0.16684
  46     0.47007     0.17313
  47     0.48002     0.17951
  48     0.49001     0.18605
  49     0.50003     0.19275
  50        0.51     0.19959
  51     0.52002      0.2066
  52     0.53001     0.21375
  53     0.54018     0.22119
  54     0.55002     0.22855
  55        0.56     0.23618
  56     0.57004     0.24405
  57     0.58001     0.25205
  58     0.59002     0.26027
  59     0.60001     0.26863
  60     0.61003     0.27723
  61     0.62002       0.286
  62     0.63006     0.29502
  63     0.64006      0.3042
  64     0.65012     0.31365
  65     0.66003     0.32318
  66        0.67     0.33303
  67     0.68004     0.34316
  68     0.69002     0.35347
  69     0.70003     0.36408
  70     0.71001      0.3749
  71        0.72     0.38601
  72        0.73      0.3974
  73     0.74004     0.40912
  74     0.75002     0.42108
  75     0.76001     0.43337
  76        0.77       0.446
  77     0.78001     0.45899
  78     0.79002     0.47239
  79         0.8     0.48615
  80     0.81001     0.50041
  81     0.82001     0.51513
  82        0.83     0.53032
  83        0.84     0.54608
  84     0.85004     0.56244
  85     0.86001     0.57926
  86        0.87     0.59683
  87     0.88001     0.61513
  88     0.89003     0.63424
  89     0.90003     0.65413
  90     0.91006     0.67505
  91        0.92     0.69696
  92     0.93002     0.72039
  93     0.94002     0.74548
  94     0.95004      0.7727
  95     0.96001     0.80211
  96     0.97001     0.83509
  97     0.98001     0.87309
  98     0.99002      0.9204
  99           1           1
-----------------------------------------

----------------- PPP$ and local currency --------------
         PPP used in computation: 1.58609
     Data mean in local currency: 947.516
               Data mean in PPP$: 627.051
        Poverty line in PPP$/Day: 1.9
      Poverty line in PPP$/Month: 57.7917
  Poverty line in local currency: 87.327
-------------------------------------------------------

----------------- Estimation result --------------
     Number of observation: 35138
          Total population: 2.50279E+07
              Total wealth: 1.49515E+10(PPP$)
                   Minimum: 20.0696(PPP$)
                   Maximum: 28552.4(PPP$)
             Headcount(HC): 0.00280409
          Poverty gap (PG): 0.00040759
       Poverty gap squared: 9.91712E-05
                      Gini: 0.462613
                    Median: 424.449
                       MLD: 0.371799
                      Watt: 0.000471965
--------------------------------------------------

-------------------------------- Income or Consumption share by deciles (%) -------------------------------------
     1.7485     2.8064     3.7977     4.8447     6.0766     7.5891      9.542      12.21     16.793     34.592
-----------------------------------------------------------------------------------------------------------------


