

**********************************************************************************************
**                                   Basic Information                                      **
**********************************************************************************************

----------------- Dataset Information -----------------
                         Country: Namibia
                    Country dode: NAM
                       Data Year: 2009
                        Coverage: National
             Welfare measurement: Consumption
                     Data format: Unit record
                     Data source: NAM_N2009X
                  Data time span: UnDefined
-------------------------------------------------------


----------- Distribution ------------
   i           P           L 
-------------------------------------
   0    0.010179  0.00068622
   1    0.020072   0.0016095
   2    0.030043   0.0026721
   3     0.04003   0.0038472
   4      0.0501   0.0051276
   5    0.060033   0.0064787
   6    0.070062   0.0079278
   7    0.080007   0.0094341
   8    0.090018    0.011028
   9     0.10018    0.012721
  10     0.11007    0.014436
  11     0.12005    0.016219
  12     0.13019      0.0181
  13     0.14007    0.019989
  14     0.15007     0.02196
  15     0.16002     0.02398
  16     0.17004    0.026073
  17      0.1801    0.028248
  18     0.19025    0.030505
  19     0.20003    0.032734
  20     0.21002    0.035062
  21     0.22013    0.037472
  22     0.23015    0.039908
  23     0.24021    0.042413
  24     0.25013     0.04494
  25     0.26004    0.047498
  26     0.27003    0.050132
  27     0.28009    0.052844
  28     0.29005    0.055586
  29     0.30026    0.058465
  30     0.31018     0.06132
  31     0.32006    0.064212
  32     0.33013    0.067223
  33     0.34008    0.070268
  34     0.35017    0.073422
  35     0.36009    0.076602
  36     0.37005    0.079854
  37     0.38027    0.083252
  38     0.39008     0.08659
  39     0.40012    0.090064
  40     0.41015    0.093614
  41     0.42001    0.097183
  42     0.43008     0.10092
  43     0.44002     0.10469
  44     0.45029     0.10866
  45     0.46008     0.11253
  46     0.47007     0.11657
  47     0.48011     0.12074
  48     0.49003     0.12495
  49     0.50003     0.12929
  50     0.51002     0.13371
  51     0.52011     0.13827
  52     0.53009     0.14289
  53     0.54015     0.14765
  54     0.55022     0.15256
  55     0.56011      0.1575
  56     0.57007      0.1626
  57     0.58008     0.16787
  58     0.59008     0.17329
  59     0.60024     0.17893
  60      0.6102     0.18461
  61     0.62006     0.19043
  62     0.63005     0.19649
  63     0.64006     0.20277
  64      0.6501     0.20926
  65     0.66004     0.21586
  66     0.67005     0.22269
  67     0.68012     0.22984
  68     0.69028     0.23728
  69     0.70011     0.24468
  70     0.71009     0.25244
  71     0.72002     0.26038
  72     0.73006     0.26868
  73     0.74002     0.27718
  74     0.75009     0.28609
  75     0.76007     0.29522
  76     0.77001     0.30469
  77     0.78004     0.31464
  78     0.79003     0.32494
  79     0.80013      0.3358
  80     0.81004     0.34698
  81        0.82     0.35878
  82     0.83004     0.37118
  83     0.84004     0.38425
  84     0.85004     0.39808
  85     0.86001      0.4126
  86     0.87007     0.42815
  87     0.88002     0.44454
  88     0.89003     0.46243
  89         0.9     0.48163
  90     0.91002     0.50271
  91     0.92016     0.52625
  92     0.93002     0.55165
  93     0.94001     0.58039
  94     0.95012      0.6136
  95     0.96005      0.6515
  96     0.97006     0.69842
  97        0.98     0.75803
  98     0.99007     0.84547
  99           1           1
-----------------------------------------

----------------- PPP$ and local currency --------------
         PPP used in computation: 5.1307
     Data mean in local currency: 1133.58
               Data mean in PPP$: 237.069
        Poverty line in PPP$/Day: 1.9
      Poverty line in PPP$/Month: 57.7917
  Poverty line in local currency: 276.339
-------------------------------------------------------

----------------- Estimation result --------------
     Number of observation: 9649
          Total population: 2.0664E+06
              Total wealth: 4.56551E+08(PPP$)
                   Minimum: 5.08029(PPP$)
                   Maximum: 12364.5(PPP$)
             Headcount(HC): 0.22604
          Poverty gap (PG): 0.0664545
       Poverty gap squared: 0.0282308
                      Gini: 0.609652
                    Median: 103.813
                       MLD: 0.659865
                      Watt: 0.0895172
--------------------------------------------------

-------------------------------- Income or Consumption share by deciles (%) -------------------------------------
     1.2691     2.0034     2.5665     3.1633      3.925     4.9525     6.5795     9.1065     14.597     51.837
-----------------------------------------------------------------------------------------------------------------


