

**********************************************************************************************
**                                   Basic Information                                      **
**********************************************************************************************

----------------- Dataset Information -----------------
                         Country: Niger
                    Country dode: NER
                       Data Year: 2014
                        Coverage: National
             Welfare measurement: Consumption
                     Data format: Unit record
                     Data source: NER_N2014X
                  Data time span: UnDefined
-------------------------------------------------------


----------- Distribution ------------
   i           P           L 
-------------------------------------
   0    0.010706   0.0022442
   1    0.020576   0.0047777
   2     0.03057   0.0075636
   3    0.040013    0.010414
   4    0.051197    0.013999
   5    0.060226    0.017071
   6    0.070533    0.020716
   7    0.080258    0.024359
   8    0.090174    0.028264
   9      0.1004    0.032471
  10     0.11063     0.03681
  11     0.12125    0.041425
  12     0.13076    0.045627
  13     0.14018     0.04985
  14     0.15059    0.054619
  15     0.16072    0.059339
  16     0.17008    0.063784
  17     0.18019     0.06868
  18     0.19081    0.073916
  19     0.20011    0.078603
  20     0.21015    0.083722
  21     0.22221    0.089972
  22     0.23066    0.094416
  23     0.24005    0.099429
  24      0.2504     0.10501
  25     0.26011     0.11037
  26     0.27041     0.11617
  27     0.28062     0.12198
  28     0.29051     0.12767
  29     0.30037     0.13344
  30     0.31061     0.13958
  31     0.32132     0.14611
  32     0.33004     0.15147
  33     0.34055     0.15805
  34     0.35045     0.16435
  35     0.36027      0.1707
  36     0.37018      0.1772
  37     0.38024      0.1839
  38     0.39075     0.19102
  39     0.40019      0.1975
  40     0.41015     0.20444
  41     0.42053     0.21175
  42     0.43033     0.21875
  43     0.44015      0.2259
  44     0.45265     0.23512
  45     0.46024     0.24078
  46     0.47052     0.24847
  47     0.48045       0.256
  48      0.4901     0.26342
  49     0.50024     0.27132
  50     0.51004     0.27909
  51     0.52063     0.28765
  52     0.53078     0.29605
  53     0.54001     0.30386
  54     0.55021     0.31261
  55     0.56011     0.32125
  56     0.57045     0.33037
  57     0.58172     0.34049
  58     0.59043     0.34846
  59     0.60006     0.35742
  60      0.6101     0.36687
  61     0.62065     0.37693
  62     0.63001     0.38595
  63     0.64032     0.39606
  64        0.65     0.40564
  65     0.66073     0.41648
  66     0.67173     0.42782
  67     0.68032     0.43677
  68     0.69018     0.44722
  69      0.7017     0.45971
  70     0.71048     0.46938
  71     0.72008     0.48013
  72     0.73017     0.49163
  73     0.74049     0.50366
  74     0.75003     0.51501
  75     0.76074     0.52803
  76      0.7731     0.54336
  77     0.78014     0.55219
  78     0.79059     0.56556
  79     0.80019     0.57812
  80     0.81004     0.59144
  81     0.82078     0.60642
  82     0.83007     0.61972
  83     0.84004     0.63434
  84     0.85036     0.64992
  85     0.86003     0.66487
  86     0.87006      0.6809
  87     0.88025     0.69771
  88     0.89013      0.7146
  89     0.90015     0.73251
  90     0.91005     0.75075
  91     0.92007     0.77007
  92     0.93056     0.79124
  93     0.94015     0.81162
  94     0.95022     0.83396
  95     0.96005     0.85768
  96     0.97003     0.88388
  97     0.98001     0.91287
  98     0.99001     0.94762
  99           1           1
-----------------------------------------

----------------- PPP$ and local currency --------------
         PPP used in computation: 228.753
     Data mean in local currency: 18102.9
               Data mean in PPP$: 77.6192
        Poverty line in PPP$/Day: 1.9
      Poverty line in PPP$/Month: 57.7917
  Poverty line in local currency: 13478.6
-------------------------------------------------------

----------------- Estimation result --------------
     Number of observation: 3629
          Total population: 1.82432E+07
              Total wealth: 1.44372E+09(PPP$)
                   Minimum: 13.4855(PPP$)
                   Maximum: 1731.73(PPP$)
             Headcount(HC): 0.457006
          Poverty gap (PG): 0.136865
       Poverty gap squared: 0.0565241
                      Gini: 0.339901
                    Median: 61.1365
                       MLD: 0.18832
                      Watt: 0.181235
--------------------------------------------------

-------------------------------- Income or Consumption share by deciles (%) -------------------------------------
     3.2308     4.6241      5.467     6.4154     7.3763     8.6227      10.05     12.001     15.436     26.776
-----------------------------------------------------------------------------------------------------------------


