

**********************************************************************************************
**                                   Basic Information                                      **
**********************************************************************************************

----------------- Dataset Information -----------------
                         Country: Niger
                    Country dode: NER
                       Data Year: 2007
                        Coverage: National
             Welfare measurement: Consumption
                     Data format: Unit record
                     Data source: NER_N2007X
                  Data time span: UnDefined
-------------------------------------------------------


----------- Distribution ------------
   i           P           L 
-------------------------------------
   0    0.010083   0.0021333
   1    0.020724   0.0048656
   2    0.030332   0.0075868
   3    0.040615    0.010788
   4    0.050725    0.014085
   5    0.060362    0.017366
   6    0.070129    0.020834
   7    0.080005    0.024487
   8    0.090495     0.02848
   9     0.10019     0.03229
  10      0.1102    0.036323
  11     0.12076    0.040692
  12     0.13013    0.044661
  13     0.14011    0.048979
  14     0.15028    0.053513
  15     0.16096    0.058383
  16     0.17055    0.062848
  17      0.1803    0.067457
  18      0.1904    0.072313
  19     0.20043    0.077245
  20     0.21004    0.082028
  21     0.22036    0.087252
  22     0.23034    0.092371
  23     0.24002    0.097372
  24     0.25007     0.10262
  25     0.26076     0.10828
  26     0.27001     0.11328
  27     0.28046     0.11901
  28     0.29014     0.12438
  29     0.30038     0.13015
  30     0.31066     0.13602
  31     0.32068     0.14186
  32     0.33008     0.14745
  33     0.34001     0.15342
  34      0.3505     0.15981
  35     0.36006     0.16569
  36     0.37007      0.1719
  37     0.38052     0.17845
  38      0.3901     0.18451
  39     0.40042     0.19111
  40     0.41046     0.19762
  41     0.42009     0.20391
  42     0.43054     0.21085
  43     0.44005     0.21728
  44     0.45041     0.22436
  45     0.46023     0.23115
  46     0.47007     0.23807
  47     0.48103     0.24589
  48     0.49008     0.25241
  49     0.50008      0.2597
  50     0.51112     0.26783
  51     0.52002     0.27445
  52     0.53012      0.2821
  53      0.5401     0.28978
  54        0.55     0.29754
  55     0.56005     0.30553
  56     0.57006     0.31367
  57     0.58057     0.32232
  58     0.59013     0.33034
  59     0.60017     0.33889
  60     0.61004     0.34739
  61     0.62008     0.35624
  62     0.63028     0.36541
  63     0.64125     0.37544
  64     0.65005     0.38357
  65     0.66014     0.39301
  66     0.67025     0.40262
  67      0.6802     0.41222
  68     0.69066     0.42247
  69         0.7     0.43176
  70     0.71019      0.4421
  71     0.72015      0.4524
  72     0.73022     0.46305
  73     0.74077     0.47445
  74     0.75047     0.48515
  75     0.76015     0.49602
  76     0.77007     0.50738
  77     0.78005     0.51902
  78     0.79038     0.53132
  79     0.80008     0.54316
  80      0.8101     0.55575
  81     0.82012     0.56871
  82     0.83013     0.58195
  83     0.84003     0.59539
  84     0.85021     0.60954
  85     0.86006     0.62363
  86     0.87066     0.63941
  87      0.8802     0.65404
  88     0.89016     0.66994
  89      0.9003     0.68675
  90      0.9101     0.70404
  91     0.92061     0.72371
  92     0.93003     0.74238
  93     0.94014     0.76378
  94     0.95002     0.78681
  95        0.96     0.81267
  96     0.97066     0.84435
  97     0.98005     0.87722
  98     0.99006     0.92203
  99           1           1
-----------------------------------------

----------------- PPP$ and local currency --------------
         PPP used in computation: 228.753
     Data mean in local currency: 11265.4
               Data mean in PPP$: 55.2751
        Poverty line in PPP$/Day: 1.9
      Poverty line in PPP$/Month: 57.7917
  Poverty line in local currency: 11778.2
-------------------------------------------------------

----------------- Estimation result --------------
     Number of observation: 4000
          Total population: 1.3428E+07
              Total wealth: 6.61285E+08(PPP$)
                   Minimum: 5.66648(PPP$)
                   Maximum: 1425.06(PPP$)
             Headcount(HC): 0.720218
          Poverty gap (PG): 0.287454
       Poverty gap squared: 0.141986
                      Gini: 0.373045
                    Median: 40.4118
                       MLD: 0.228815
                      Watt: 0.408819
--------------------------------------------------

-------------------------------- Income or Consumption share by deciles (%) -------------------------------------
     3.2216     4.4815     5.2901     6.0913     6.8802     7.9094     9.3019      11.13     14.319     31.375
-----------------------------------------------------------------------------------------------------------------


