

**********************************************************************************************
**                                   Basic Information                                      **
**********************************************************************************************

----------------- Dataset Information -----------------
                         Country: Niger
                    Country dode: NER
                       Data Year: 2005
                        Coverage: National
             Welfare measurement: Consumption
                     Data format: Unit record
                     Data source: NER_N2005X
                  Data time span: UnDefined
-------------------------------------------------------


----------- Distribution ------------
   i           P           L 
-------------------------------------
   0    0.010397    0.001124
   1    0.020264   0.0027396
   2    0.030002   0.0046223
   3    0.040223   0.0068021
   4    0.050092   0.0090825
   5    0.060094    0.011556
   6    0.070182    0.014247
   7    0.080108    0.017017
   8    0.090065    0.019893
   9     0.10002    0.022901
  10     0.11016    0.026075
  11     0.12025    0.029345
  12     0.13008    0.032631
  13     0.14034    0.036155
  14     0.15057    0.039759
  15     0.16042    0.043306
  16     0.17001    0.046835
  17     0.18008    0.050611
  18     0.19012    0.054453
  19     0.20001    0.058304
  20      0.2103    0.062389
  21     0.22006    0.066353
  22     0.23007    0.070517
  23     0.24011     0.07479
  24     0.25007    0.079111
  25     0.26026    0.083624
  26     0.27012    0.088072
  27     0.28004    0.092643
  28     0.29006    0.097331
  29     0.30014     0.10213
  30     0.31049     0.10716
  31     0.32011     0.11191
  32     0.33014     0.11698
  33     0.34036     0.12221
  34     0.35013     0.12732
  35     0.36008     0.13263
  36     0.37015     0.13811
  37     0.38003     0.14358
  38     0.39027     0.14934
  39     0.40006     0.15496
  40     0.41006      0.1608
  41        0.42     0.16672
  42     0.43011     0.17283
  43     0.44016     0.17897
  44     0.45025     0.18524
  45     0.46002      0.1914
  46     0.47019     0.19794
  47        0.48     0.20433
  48     0.49007       0.211
  49      0.5002     0.21782
  50     0.51028     0.22474
  51        0.52     0.23153
  52     0.53011     0.23872
  53     0.54011     0.24594
  54     0.55002     0.25325
  55     0.56005     0.26075
  56     0.57004     0.26835
  57     0.58004      0.2761
  58     0.59004     0.28395
  59     0.60011     0.29198
  60     0.61007     0.30005
  61     0.62013     0.30833
  62     0.63027     0.31683
  63     0.64007     0.32518
  64     0.65003     0.33383
  65     0.66003     0.34268
  66     0.67006     0.35177
  67     0.68001     0.36104
  68     0.69005     0.37061
  69     0.70006     0.38032
  70     0.71002     0.39022
  71     0.72002     0.40033
  72     0.73013     0.41078
  73     0.74014     0.42135
  74     0.75023     0.43228
  75     0.76005     0.44315
  76     0.77007      0.4545
  77        0.78     0.46607
  78     0.79002       0.478
  79     0.80019     0.49042
  80     0.81007     0.50283
  81     0.82008     0.51579
  82      0.8301     0.52918
  83     0.84007     0.54297
  84     0.85001     0.55725
  85     0.86009      0.5723
  86      0.8701     0.58775
  87     0.88022     0.60391
  88     0.89004     0.62029
  89     0.90004      0.6377
  90     0.91001     0.65588
  91     0.92001     0.67513
  92     0.93006     0.69595
  93     0.94002     0.71804
  94      0.9503     0.74252
  95     0.96007       0.768
  96     0.97003     0.79739
  97     0.98003     0.83172
  98     0.99003     0.87748
  99           1           1
-----------------------------------------

----------------- PPP$ and local currency --------------
         PPP used in computation: 228.753
     Data mean in local currency: 10395
               Data mean in PPP$: 52.8421
        Poverty line in PPP$/Day: 1.9
      Poverty line in PPP$/Month: 57.7917
  Poverty line in local currency: 11368.7
-------------------------------------------------------

----------------- Estimation result --------------
     Number of observation: 6687
          Total population: 1.26271E+07
              Total wealth: 5.73801E+08(PPP$)
                   Minimum: 2.50531(PPP$)
                   Maximum: 3379.76(PPP$)
             Headcount(HC): 0.74933
          Poverty gap (PG): 0.354974
       Poverty gap squared: 0.204162
                      Gini: 0.444254
                    Median: 35.8957
                       MLD: 0.336803
                      Watt: 0.557259
--------------------------------------------------

-------------------------------- Income or Consumption share by deciles (%) -------------------------------------
     2.2895     3.5406     4.3766      5.286      6.276     7.4206     8.8371     10.993     14.744     36.237
-----------------------------------------------------------------------------------------------------------------


