

**********************************************************************************************
**                                   Basic Information                                      **
**********************************************************************************************

----------------- Dataset Information -----------------
                         Country: Nigeria
                    Country dode: NGA
                       Data Year: 1992
                        Coverage: National
             Welfare measurement: Consumption
                     Data format: Unit record
                     Data source: NGA_N1992X
                  Data time span: UnDefined
-------------------------------------------------------


----------- Distribution ------------
   i           P           L 
-------------------------------------
   0    0.010602  0.00041897
   1    0.020258   0.0010935
   2    0.030021   0.0019706
   3    0.040062   0.0031049
   4    0.050098   0.0044194
   5    0.060049   0.0059042
   6    0.070067   0.0075483
   7    0.080121   0.0093478
   8    0.090079    0.011247
   9     0.10024    0.013289
  10     0.11012    0.015366
  11     0.12014    0.017572
  12     0.13041     0.01997
  13     0.14002    0.022342
  14      0.1501    0.024964
  15     0.16017    0.027716
  16     0.17009    0.030558
  17     0.18037    0.033628
  18      0.1903    0.036703
  19     0.20034    0.039921
  20     0.21008    0.043114
  21     0.22006    0.046519
  22     0.23002    0.050031
  23     0.24014    0.053749
  24     0.25017    0.057561
  25     0.26008    0.061451
  26     0.27005    0.065471
  27     0.28007    0.069601
  28     0.29014    0.073885
  29     0.30033    0.078337
  30     0.31004    0.082703
  31     0.32001    0.087308
  32     0.33007    0.092124
  33     0.34002    0.097017
  34     0.35004     0.10206
  35     0.36026     0.10733
  36     0.37002      0.1125
  37     0.38012     0.11797
  38     0.39011     0.12352
  39     0.40003     0.12914
  40     0.41003     0.13494
  41     0.42002     0.14083
  42     0.43005     0.14686
  43     0.44026     0.15317
  44     0.45011     0.15939
  45     0.46005     0.16577
  46     0.47012     0.17237
  47     0.48003     0.17901
  48     0.49004     0.18588
  49     0.50005     0.19291
  50     0.51008     0.20012
  51     0.52027     0.20759
  52     0.53013     0.21502
  53     0.54018     0.22276
  54     0.55003     0.23052
  55     0.56002     0.23854
  56     0.57001     0.24675
  57     0.58012     0.25526
  58     0.59002     0.26384
  59     0.60002     0.27275
  60     0.61006      0.2819
  61      0.6201     0.29127
  62     0.63004     0.30079
  63     0.64015      0.3107
  64     0.65004      0.3206
  65     0.66032     0.33111
  66     0.67015     0.34139
  67     0.68012     0.35207
  68     0.69006     0.36301
  69     0.70045     0.37482
  70     0.71033     0.38636
  71     0.72005     0.39804
  72     0.73001     0.41032
  73     0.74009     0.42311
  74     0.75011     0.43615
  75     0.76012     0.44951
  76     0.77001     0.46311
  77     0.78008     0.47737
  78     0.79001     0.49183
  79     0.80006     0.50689
  80     0.81002     0.52223
  81     0.82004      0.5382
  82     0.83018      0.5549
  83     0.84006     0.57172
  84     0.85021     0.58959
  85     0.86007     0.60748
  86        0.87     0.62603
  87     0.88001     0.64536
  88     0.89019     0.66583
  89     0.90012     0.68662
  90     0.91001     0.70838
  91        0.92     0.73143
  92     0.93019     0.75599
  93     0.94002     0.78096
  94     0.95003     0.80816
  95        0.96     0.83723
  96     0.97007     0.86906
  97      0.9801     0.90481
  98     0.99002     0.94549
  99           1           1
-----------------------------------------

----------------- PPP$ and local currency --------------
         PPP used in computation: 79.5315
     Data mean in local currency: 198.164
               Data mean in PPP$: 69.3911
        Poverty line in PPP$/Day: 1.9
      Poverty line in PPP$/Month: 57.7917
  Poverty line in local currency: 165.039
-------------------------------------------------------

----------------- Estimation result --------------
     Number of observation: 8929
          Total population: 1.02023E+08
              Total wealth: 2.54207E+08(PPP$)
                   Minimum: 0(PPP$)
                   Maximum: 21.7501(PPP$)
             Headcount(HC): 0.570565
          Poverty gap (PG): 0.273735
       Poverty gap squared: 0.168474
                      Gini: 0.449841
                    Median: 49.325
                       MLD: 0.381707
                      Watt: 0.469741
--------------------------------------------------

-------------------------------- Income or Consumption share by deciles (%) -------------------------------------
     1.3241      2.657     3.8381     5.0934     6.3751      7.985     10.158     13.248     17.958     31.363
-----------------------------------------------------------------------------------------------------------------


