

**********************************************************************************************
**                                   Basic Information                                      **
**********************************************************************************************

----------------- Dataset Information -----------------
                         Country: Nigeria
                    Country dode: NGA
                       Data Year: 1996
                        Coverage: National
             Welfare measurement: Consumption
                     Data format: Unit record
                     Data source: NGA_N1996X
                  Data time span: UnDefined
-------------------------------------------------------


----------- Distribution ------------
   i           P           L 
-------------------------------------
   0    0.011123  0.00068307
   1    0.020674    0.001521
   2     0.03029   0.0025109
   3    0.041871   0.0038776
   4    0.050227   0.0049473
   5    0.060244   0.0063344
   6    0.070031   0.0078248
   7    0.082586   0.0098427
   8    0.091301    0.011329
   9     0.10003    0.012913
  10     0.11012    0.014864
  11     0.12011     0.01695
  12      0.1304    0.019155
  13     0.14002    0.021309
  14     0.15035    0.023746
  15     0.16022    0.026156
  16     0.17063    0.028781
  17      0.1804    0.031299
  18     0.19002    0.033864
  19     0.20025    0.036721
  20     0.21005    0.039535
  21     0.22005    0.042533
  22     0.23011    0.045646
  23      0.2402    0.048889
  24     0.25011    0.052173
  25     0.26015    0.055595
  26      0.2701    0.059057
  27     0.28015    0.062667
  28     0.29043    0.066464
  29         0.3    0.070103
  30     0.31012    0.074053
  31     0.32009    0.078074
  32     0.33021    0.082275
  33     0.34002    0.086423
  34     0.35048    0.090951
  35     0.36016    0.095241
  36     0.37062    0.099985
  37     0.38014     0.10439
  38     0.39117     0.10958
  39     0.40011     0.11385
  40      0.4103     0.11884
  41     0.42002      0.1237
  42        0.43     0.12882
  43     0.44001     0.13409
  44     0.45065     0.13983
  45     0.46004     0.14497
  46     0.47001     0.15058
  47     0.48024      0.1565
  48     0.49003     0.16229
  49     0.50016     0.16841
  50     0.51007     0.17454
  51     0.52006     0.18087
  52     0.53004     0.18731
  53     0.54001     0.19392
  54        0.55     0.20068
  55     0.56007     0.20763
  56     0.57001     0.21465
  57     0.58001     0.22187
  58     0.59024     0.22942
  59     0.60005     0.23686
  60     0.61015      0.2447
  61     0.62009     0.25253
  62     0.63008     0.26053
  63     0.64015     0.26875
  64     0.65003     0.27704
  65     0.66005     0.28568
  66     0.67009     0.29454
  67     0.68002     0.30358
  68     0.69009       0.313
  69     0.70026     0.32279
  70     0.71001     0.33245
  71     0.72005     0.34267
  72     0.73001     0.35303
  73     0.74008     0.36385
  74     0.75024     0.37511
  75     0.76162     0.38813
  76     0.77001     0.39791
  77     0.78004     0.40985
  78     0.79007      0.4222
  79     0.80002      0.4348
  80     0.81024     0.44818
  81     0.82124     0.46308
  82        0.83     0.47538
  83     0.84003     0.48992
  84     0.85009     0.50516
  85     0.86009     0.52104
  86     0.87002     0.53765
  87     0.88033     0.55573
  88     0.89001     0.57364
  89     0.90005      0.5932
  90     0.91007     0.61375
  91     0.92015     0.63566
  92     0.93006     0.65873
  93     0.94003     0.68374
  94     0.95002      0.7107
  95     0.96002     0.74087
  96     0.97004     0.77532
  97     0.98023      0.8164
  98     0.99022     0.86925
  99           1           1
-----------------------------------------

----------------- PPP$ and local currency --------------
         PPP used in computation: 79.5315
     Data mean in local currency: 1115.53
               Data mean in PPP$: 70.8423
        Poverty line in PPP$/Day: 1.9
      Poverty line in PPP$/Month: 57.7917
  Poverty line in local currency: 910.03
-------------------------------------------------------

----------------- Estimation result --------------
     Number of observation: 8163
          Total population: 1.00553E+08
              Total wealth: 1.41039E+09(PPP$)
                   Minimum: 0.256119(PPP$)
                   Maximum: 627.232(PPP$)
             Headcount(HC): 0.635028
          Poverty gap (PG): 0.310751
       Poverty gap squared: 0.19215
                      Gini: 0.519222
                    Median: 43.2365
                       MLD: 0.4848
                      Watt: 0.525091
--------------------------------------------------

-------------------------------- Income or Consumption share by deciles (%) -------------------------------------
     1.2908     2.3742     3.3452     4.3698     5.4515     6.8512      8.571     11.224     15.833     40.689
-----------------------------------------------------------------------------------------------------------------


