

**********************************************************************************************
**                                   Basic Information                                      **
**********************************************************************************************

----------------- Dataset Information -----------------
                         Country: Nigeria
                    Country dode: NGA
                       Data Year: 2003
                        Coverage: National
             Welfare measurement: Consumption
                     Data format: Unit record
                     Data source: NGA_N2003X
                  Data time span: UnDefined
-------------------------------------------------------


----------- Distribution ------------
   i           P           L 
-------------------------------------
   0     0.01003    0.001068
   1    0.020084   0.0025276
   2    0.030075   0.0042455
   3    0.040009   0.0061585
   4    0.050024   0.0082626
   5     0.06003    0.010541
   6    0.070031    0.012963
   7    0.080007    0.015526
   8    0.090009    0.018247
   9     0.10002    0.021124
  10     0.11001     0.02413
  11     0.12007    0.027307
  12     0.13008    0.030591
  13     0.14001    0.033964
  14     0.15007    0.037499
  15     0.16002    0.041114
  16     0.17004    0.044859
  17     0.18002    0.048701
  18     0.19014    0.052709
  19     0.20001    0.056711
  20     0.21002    0.060872
  21     0.22001    0.065114
  22     0.23001     0.06947
  23      0.2402    0.074022
  24     0.25011    0.078551
  25     0.26019    0.083278
  26     0.27001    0.087993
  27     0.28004     0.09292
  28     0.29006    0.097944
  29         0.3     0.10303
  30     0.31004     0.10828
  31     0.32011     0.11366
  32     0.33007      0.1191
  33     0.34002     0.12463
  34     0.35002     0.13031
  35     0.36001     0.13609
  36     0.37013     0.14208
  37     0.38005     0.14805
  38        0.39     0.15414
  39         0.4     0.16039
  40     0.41007     0.16684
  41     0.42009     0.17338
  42     0.43002     0.17997
  43     0.44002     0.18675
  44     0.45005     0.19368
  45     0.46003      0.2007
  46     0.47015     0.20798
  47        0.48     0.21518
  48     0.49015     0.22276
  49     0.50002     0.23027
  50     0.51001     0.23802
  51     0.52002     0.24591
  52     0.53006     0.25396
  53     0.54001     0.26208
  54     0.55002     0.27041
  55     0.56003     0.27887
  56      0.5701     0.28754
  57     0.58003     0.29627
  58     0.59005     0.30525
  59     0.60001     0.31433
  60     0.61025     0.32385
  61     0.62013     0.33321
  62        0.63     0.34271
  63     0.64002     0.35255
  64        0.65     0.36252
  65     0.66002      0.3727
  66     0.67013     0.38318
  67     0.68019     0.39386
  68     0.69058      0.4051
  69     0.70002     0.41552
  70     0.71002     0.42681
  71     0.72002     0.43835
  72     0.73008     0.45017
  73     0.74004     0.46212
  74     0.75001     0.47433
  75     0.76002     0.48684
  76     0.77002     0.49965
  77     0.78001      0.5127
  78     0.79005     0.52608
  79     0.80001     0.53962
  80     0.81002     0.55361
  81     0.82002     0.56799
  82        0.83     0.58276
  83     0.84004     0.59811
  84     0.85017     0.61415
  85     0.86003     0.63026
  86     0.87003     0.64719
  87     0.88003     0.66466
  88     0.89013     0.68294
  89     0.90002     0.70165
  90     0.91002     0.72141
  91     0.92005     0.74211
  92     0.93005     0.76372
  93     0.94007     0.78669
  94     0.95017     0.81123
  95     0.96002     0.83696
  96     0.97002     0.86544
  97     0.98001     0.89698
  98     0.99032     0.93658
  99           1           1
-----------------------------------------

----------------- PPP$ and local currency --------------
         PPP used in computation: 79.5315
     Data mean in local currency: 2553.47
               Data mean in PPP$: 70.7565
        Poverty line in PPP$/Day: 1.9
      Poverty line in PPP$/Month: 57.7917
  Poverty line in local currency: 2085.59
-------------------------------------------------------

----------------- Estimation result --------------
     Number of observation: 18813
          Total population: 1.26269E+08
              Total wealth: 4.05405E+09(PPP$)
                   Minimum: 0.705182(PPP$)
                   Maximum: 2039.47(PPP$)
             Headcount(HC): 0.534566
          Poverty gap (PG): 0.219152
       Poverty gap squared: 0.117708
                      Gini: 0.400636
                    Median: 54.3092
                       MLD: 0.278038
                      Watt: 0.332443
--------------------------------------------------

-------------------------------- Income or Consumption share by deciles (%) -------------------------------------
     2.1117     3.5591     4.6324      5.736     6.9863     8.4072     10.117     12.412     16.201     29.838
-----------------------------------------------------------------------------------------------------------------


