

**********************************************************************************************
**                                   Basic Information                                      **
**********************************************************************************************

----------------- Dataset Information -----------------
                         Country: Nicaragua
                    Country dode: NIC
                       Data Year: 2009
                        Coverage: National
             Welfare measurement: Income
                     Data format: Unit record
                     Data source: NIC_N2009Y
                  Data time span: UnDefined
-------------------------------------------------------


----------- Distribution ------------
   i           P           L 
-------------------------------------
   0     0.01021  0.00064696
   1    0.020209   0.0016216
   2    0.030032   0.0028085
   3    0.040155   0.0042012
   4    0.050345   0.0058201
   5    0.060259   0.0076013
   6    0.070012   0.0094786
   7    0.080079    0.011557
   8    0.090192    0.013819
   9     0.10075    0.016304
  10      0.1105    0.018729
  11        0.12    0.021222
  12     0.13006    0.024007
  13     0.14118    0.027217
  14      0.1506    0.030051
  15     0.16005    0.032987
  16     0.17022    0.036249
  17     0.18018    0.039562
  18     0.19062     0.04313
  19     0.20014    0.046466
  20     0.21034    0.050131
  21        0.22    0.053718
  22     0.23033    0.057667
  23     0.24001    0.061465
  24     0.25001    0.065488
  25     0.26015    0.069706
  26     0.27058    0.074177
  27     0.28033    0.078447
  28      0.2905    0.083016
  29     0.30012    0.087411
  30     0.31022    0.092148
  31     0.32003    0.096853
  32     0.33052     0.10201
  33     0.34003      0.1068
  34     0.35005     0.11194
  35        0.36     0.11715
  36     0.37003     0.12248
  37     0.38002      0.1279
  38     0.39003     0.13343
  39     0.40013     0.13911
  40     0.41001      0.1448
  41     0.42004     0.15068
  42     0.43009     0.15666
  43     0.44015     0.16276
  44     0.45046     0.16918
  45     0.46005     0.17524
  46     0.47008     0.18168
  47     0.48006     0.18822
  48     0.49004     0.19487
  49     0.50004     0.20171
  50     0.51014     0.20877
  51     0.52016     0.21593
  52     0.53029     0.22332
  53     0.54013     0.23061
  54     0.55022     0.23826
  55     0.56009     0.24587
  56     0.57016     0.25378
  57     0.58003     0.26167
  58     0.59005     0.26984
  59     0.60023     0.27829
  60     0.61012     0.28669
  61     0.62018     0.29536
  62     0.63081     0.30474
  63     0.64024     0.31324
  64     0.65027      0.3225
  65     0.66012     0.33178
  66     0.67025     0.34154
  67     0.68007     0.35119
  68     0.69007     0.36122
  69     0.70002     0.37144
  70     0.71007     0.38203
  71     0.72007      0.3928
  72      0.7301     0.40389
  73     0.74009     0.41527
  74     0.75002     0.42688
  75     0.76007     0.43887
  76     0.77023     0.45125
  77     0.78011     0.46358
  78     0.79008     0.47638
  79         0.8     0.48942
  80     0.81006       0.503
  81     0.82026     0.51717
  82        0.83     0.53108
  83     0.84004     0.54589
  84     0.85002     0.56117
  85     0.86001     0.57706
  86     0.87001     0.59373
  87     0.88001     0.61109
  88     0.89009     0.62928
  89     0.90001      0.6481
  90     0.91013     0.66847
  91     0.92027     0.68991
  92     0.93023     0.71215
  93     0.94002     0.73546
  94     0.95022     0.76163
  95     0.96004     0.78937
  96     0.97003     0.82082
  97     0.98014     0.85917
  98     0.99004     0.90763
  99           1           1
-----------------------------------------

----------------- PPP$ and local currency --------------
         PPP used in computation: 9.16008
     Data mean in local currency: 1836.2
               Data mean in PPP$: 229.389
        Poverty line in PPP$/Day: 1.9
      Poverty line in PPP$/Month: 57.7917
  Poverty line in local currency: 462.609
-------------------------------------------------------

----------------- Estimation result --------------
     Number of observation: 6279
          Total population: 5.71212E+06
              Total wealth: 1.14504E+09(PPP$)
                   Minimum: 0(PPP$)
                   Maximum: 6072.82(PPP$)
             Headcount(HC): 0.10832
          Poverty gap (PG): 0.0361764
       Poverty gap squared: 0.017581
                      Gini: 0.457317
                    Median: 158.604
                       MLD: 0.373344
                      Watt: 0.0518769
--------------------------------------------------

-------------------------------- Income or Consumption share by deciles (%) -------------------------------------
     1.6128      3.029     4.0936     5.1681     6.2652     7.6418     9.3321     11.799     15.866     35.192
-----------------------------------------------------------------------------------------------------------------


