

**********************************************************************************************
**                                   Basic Information                                      **
**********************************************************************************************

----------------- Dataset Information -----------------
                         Country: Nicaragua
                    Country dode: NIC
                       Data Year: 2014
                        Coverage: National
             Welfare measurement: Income
                     Data format: Unit record
                     Data source: NIC_N2014Y
                  Data time span: UnDefined
-------------------------------------------------------


----------- Distribution ------------
   i           P           L 
-------------------------------------
   0    0.010067  0.00074584
   1    0.020345   0.0020691
   2    0.031877   0.0038484
   3    0.040136   0.0052088
   4    0.050065   0.0069844
   5    0.060338   0.0089448
   6    0.070237    0.010985
   7    0.080122    0.013177
   8    0.090831    0.015692
   9     0.10018    0.018017
  10     0.11002    0.020597
  11     0.12035      0.0234
  12     0.13156    0.026562
  13     0.14003    0.029021
  14     0.15018    0.032031
  15        0.16    0.035065
  16     0.17008    0.038284
  17     0.18073    0.041811
  18     0.19002    0.044979
  19      0.2002    0.048566
  20     0.21001    0.052123
  21     0.22009    0.055868
  22      0.2304    0.059799
  23      0.2402    0.063643
  24     0.25026    0.067674
  25     0.26012    0.071704
  26     0.27024    0.075913
  27     0.28005    0.080068
  28     0.29023    0.084474
  29     0.30004    0.088815
  30     0.31255    0.094467
  31     0.32015    0.097968
  32     0.33014      0.1027
  33     0.34008     0.10751
  34     0.35001     0.11241
  35     0.36011     0.11752
  36     0.37002     0.12268
  37     0.38014     0.12804
  38     0.39018     0.13348
  39     0.40009     0.13898
  40     0.41014     0.14465
  41     0.42144     0.15119
  42     0.43081     0.15671
  43     0.44014     0.16232
  44     0.45004     0.16839
  45     0.46012     0.17467
  46     0.47002     0.18096
  47     0.48022     0.18758
  48     0.49045     0.19433
  49     0.50093     0.20134
  50      0.5101     0.20756
  51     0.52003     0.21441
  52     0.53047     0.22179
  53     0.54011     0.22874
  54     0.55052     0.23635
  55     0.56011     0.24348
  56     0.57001     0.25097
  57     0.58003     0.25867
  58     0.59013     0.26659
  59     0.60016     0.27463
  60     0.61003     0.28269
  61     0.62032     0.29127
  62     0.63014     0.29957
  63     0.64058     0.30856
  64     0.65007     0.31688
  65     0.66004     0.32577
  66     0.67001     0.33487
  67     0.68004     0.34419
  68     0.69018     0.35381
  69     0.70008     0.36335
  70     0.71006     0.37314
  71     0.72001      0.3831
  72     0.73015     0.39344
  73     0.74015     0.40385
  74     0.75016     0.41457
  75     0.76008     0.42547
  76     0.77018     0.43682
  77     0.78061     0.44887
  78     0.79016     0.46026
  79     0.80019     0.47254
  80     0.81015     0.48509
  81     0.82003     0.49796
  82     0.83001      0.5114
  83      0.8401     0.52553
  84     0.85013     0.54005
  85      0.8601     0.55505
  86     0.87021     0.57083
  87     0.88076     0.58807
  88     0.89005     0.60377
  89     0.90022     0.62171
  90     0.91007     0.63993
  91     0.92016     0.65969
  92     0.93009     0.68076
  93     0.94003      0.7036
  94     0.95008     0.72905
  95     0.96008     0.75745
  96     0.97004     0.79025
  97     0.98006     0.82951
  98      0.9901     0.88244
  99           1           1
-----------------------------------------

----------------- PPP$ and local currency --------------
         PPP used in computation: 9.16008
     Data mean in local currency: 3260.97
               Data mean in PPP$: 288.888
        Poverty line in PPP$/Day: 1.9
      Poverty line in PPP$/Month: 57.7917
  Poverty line in local currency: 652.353
-------------------------------------------------------

----------------- Estimation result --------------
     Number of observation: 6403
          Total population: 6.07245E+06
              Total wealth: 2.16178E+09(PPP$)
                   Minimum: 0(PPP$)
                   Maximum: 43667.8(PPP$)
             Headcount(HC): 0.0621508
          Poverty gap (PG): 0.0156509
       Poverty gap squared: 0.00654576
                      Gini: 0.470513
                    Median: 194.548
                       MLD: 0.387602
                      Watt: 0.0220799
--------------------------------------------------

-------------------------------- Income or Consumption share by deciles (%) -------------------------------------
     1.7971     3.0525       4.03     5.0136     6.1788     7.3777     8.8773     10.905     14.901     37.868
-----------------------------------------------------------------------------------------------------------------


