

**********************************************************************************************
**                                   Basic Information                                      **
**********************************************************************************************

----------------- Dataset Information -----------------
                         Country: Netherlands
                    Country dode: NLD
                       Data Year: 2007
                        Coverage: National
             Welfare measurement: Income
                     Data format: Unit record
                     Data source: NLD_N2007Y
                  Data time span: UnDefined
-------------------------------------------------------


----------- Distribution ------------
   i           P           L 
-------------------------------------
   0    0.010124  -0.0025226
   1    0.020168 -0.00041749
   2    0.030573   0.0026801
   3    0.040222   0.0057949
   4    0.050244   0.0093062
   5     0.06011    0.012987
   6    0.070139    0.016939
   7    0.080339    0.021202
   8    0.090104    0.025457
   9     0.10016    0.030018
  10     0.11002    0.034639
  11     0.12008    0.039531
  12     0.13036    0.044679
  13     0.14009    0.049665
  14     0.15005    0.054888
  15     0.16003     0.06023
  16     0.17018    0.065755
  17      0.1801    0.071252
  18     0.19031    0.077035
  19     0.20011     0.08267
  20     0.21047    0.088749
  21     0.22017    0.094534
  22     0.23007     0.10054
  23     0.24003     0.10667
  24     0.25007     0.11294
  25     0.26009      0.1193
  26     0.27008     0.12573
  27     0.28067     0.13263
  28     0.29012     0.13887
  29     0.30002     0.14547
  30        0.31     0.15222
  31     0.32005     0.15912
  32     0.33005     0.16606
  33     0.34011     0.17314
  34     0.35001     0.18018
  35     0.36008     0.18743
  36     0.37007     0.19471
  37     0.38004     0.20207
  38      0.3901     0.20958
  39     0.40005     0.21708
  40     0.41005     0.22472
  41     0.42008     0.23246
  42     0.43021     0.24039
  43     0.44011     0.24823
  44     0.45006     0.25621
  45     0.46038     0.26457
  46        0.47     0.27245
  47     0.48026     0.28097
  48     0.49005     0.28923
  49     0.50015     0.29785
  50     0.51003     0.30638
  51     0.52012     0.31519
  52     0.53014     0.32404
  53     0.54013     0.33295
  54     0.55009     0.34194
  55     0.56005     0.35105
  56     0.57004     0.36027
  57     0.58004     0.36962
  58     0.59007     0.37909
  59     0.60004     0.38863
  60     0.61003     0.39833
  61     0.62018      0.4083
  62     0.63032     0.41837
  63      0.6401      0.4282
  64     0.65014     0.43842
  65     0.66005     0.44864
  66     0.67004      0.4591
  67     0.68001     0.46969
  68     0.69002      0.4805
  69     0.70009     0.49153
  70     0.71008     0.50267
  71     0.72003     0.51394
  72        0.73     0.52538
  73     0.74003     0.53709
  74     0.75012     0.54907
  75     0.76003     0.56102
  76     0.77003     0.57331
  77     0.78002     0.58579
  78     0.79002      0.5985
  79     0.80001     0.61147
  80     0.81005     0.62478
  81     0.82001     0.63824
  82     0.83001     0.65202
  83     0.84004     0.66612
  84     0.85002     0.68046
  85     0.86004     0.69517
  86     0.87017     0.71041
  87        0.88     0.72558
  88     0.89005     0.74145
  89     0.90007     0.75769
  90     0.91001     0.77429
  91     0.92004     0.79154
  92     0.93002     0.80932
  93     0.94001     0.82784
  94     0.95018     0.84774
  95     0.96002     0.86802
  96     0.97004     0.89041
  97     0.98002     0.91509
  98     0.99021     0.94534
  99           1           1
-----------------------------------------

----------------- PPP$ and local currency --------------
         PPP used in computation: 0.869139
     Data mean in local currency: 1272.03
               Data mean in PPP$: 1573.14
        Poverty line in PPP$/Day: 1.9
      Poverty line in PPP$/Month: 57.7917
  Poverty line in local currency: 46.7301
-------------------------------------------------------

----------------- Estimation result --------------
     Number of observation: 9981
          Total population: 1
              Total wealth: 1463.56(PPP$)
                   Minimum: -8157.01(PPP$)
                   Maximum: 41797(PPP$)
             Headcount(HC): 0.00542087
          Poverty gap (PG): 0.0874592
       Poverty gap squared: 4.25177
                      Gini: 0.303462
                    Median: 1348.56
                       MLD: 0.178889
                      Watt: 0.000208384
--------------------------------------------------

-------------------------------- Income or Consumption share by deciles (%) -------------------------------------
     2.9944     5.2664     6.2848     7.1591     8.0669     9.0879     10.284     12.003     14.612     24.242
-----------------------------------------------------------------------------------------------------------------


