

**********************************************************************************************
**                                   Basic Information                                      **
**********************************************************************************************

----------------- Dataset Information -----------------
                         Country: Netherlands
                    Country dode: NLD
                       Data Year: 2012
                        Coverage: National
             Welfare measurement: Income
                     Data format: Unit record
                     Data source: NLD_N2012Y
                  Data time span: UnDefined
-------------------------------------------------------


----------- Distribution ------------
   i           P           L 
-------------------------------------
   0    0.010038 -0.00018855
   1    0.020122   0.0025141
   2    0.031207   0.0059804
   3    0.040129   0.0090434
   4      0.0504      0.0128
   5    0.060096    0.016555
   6    0.070054    0.020664
   7     0.08024    0.025042
   8    0.090066    0.029434
   9     0.10031    0.034246
  10     0.11019    0.039077
  11     0.12003    0.044042
  12     0.13006    0.049238
  13     0.14002    0.054531
  14        0.15    0.059956
  15     0.16008    0.065528
  16     0.17005    0.071157
  17     0.18024    0.077018
  18     0.19006     0.08278
  19     0.20004    0.088762
  20     0.21005    0.094851
  21     0.22006     0.10104
  22     0.23005     0.10732
  23     0.24051     0.11399
  24      0.2501      0.1202
  25     0.26033     0.12692
  26     0.27034     0.13358
  27     0.28093     0.14072
  28     0.29034     0.14713
  29     0.30009     0.15386
  30      0.3101     0.16088
  31     0.32006     0.16797
  32     0.33004     0.17516
  33     0.34015     0.18253
  34     0.35005     0.18983
  35     0.36005      0.1973
  36     0.37006     0.20486
  37     0.38014     0.21256
  38     0.39009     0.22025
  39     0.40083     0.22865
  40     0.41004     0.23595
  41     0.42012       0.244
  42     0.43006     0.25204
  43     0.44005     0.26022
  44     0.45004     0.26849
  45     0.46007      0.2769
  46      0.4701     0.28538
  47     0.48003     0.29386
  48     0.49025      0.3027
  49     0.50011     0.31133
  50     0.51016     0.32022
  51     0.52007     0.32909
  52     0.53025     0.33828
  53     0.54007     0.34726
  54     0.55006     0.35648
  55     0.56046      0.3662
  56      0.5701      0.3753
  57     0.58005     0.38481
  58     0.59004     0.39449
  59     0.60003     0.40426
  60     0.61004     0.41417
  61     0.62011     0.42428
  62     0.63002     0.43434
  63     0.64002      0.4446
  64     0.65003     0.45498
  65     0.66005     0.46553
  66     0.67002     0.47613
  67     0.68004     0.48693
  68     0.69001      0.4978
  69     0.70002     0.50886
  70     0.71005     0.52008
  71     0.72005     0.53147
  72     0.73003       0.543
  73     0.74006     0.55477
  74     0.75004     0.56667
  75     0.76003     0.57877
  76     0.77004      0.5911
  77     0.78027      0.6039
  78        0.79     0.61629
  79     0.80002     0.62928
  80      0.8102     0.64273
  81     0.82006     0.65599
  82     0.83003     0.66963
  83     0.84005     0.68361
  84     0.85002     0.69784
  85     0.86009      0.7125
  86     0.87014     0.72748
  87     0.88003      0.7426
  88        0.89     0.75822
  89     0.90005     0.77435
  90     0.91013     0.79094
  91     0.92005     0.80772
  92     0.93003     0.82512
  93     0.94001     0.84317
  94        0.95     0.86208
  95     0.96002     0.88222
  96     0.97006     0.90392
  97     0.98004     0.92761
  98     0.99001     0.95526
  99           1           1
-----------------------------------------

----------------- PPP$ and local currency --------------
         PPP used in computation: 0.869139
     Data mean in local currency: 1332.98
               Data mean in PPP$: 1496.93
        Poverty line in PPP$/Day: 1.9
      Poverty line in PPP$/Month: 57.7917
  Poverty line in local currency: 51.4619
-------------------------------------------------------

----------------- Estimation result --------------
     Number of observation: 9797
          Total population: 0.999997
              Total wealth: 1533.67(PPP$)
                   Minimum: -7995.36(PPP$)
                   Maximum: 43512.9(PPP$)
             Headcount(HC): 0.00352513
          Poverty gap (PG): 0.0375265
       Poverty gap squared: 1.71513
                      Gini: 0.279909
                    Median: 1318.62
                       MLD: 0.146407
                      Watt: 0.000611702
--------------------------------------------------

-------------------------------- Income or Consumption share by deciles (%) -------------------------------------
       3.41     5.4639     6.5059     7.4206     8.3226     9.3002      10.46     12.043     14.501     22.573
-----------------------------------------------------------------------------------------------------------------


