

**********************************************************************************************
**                                   Basic Information                                      **
**********************************************************************************************

----------------- Dataset Information -----------------
                         Country: Netherlands
                    Country dode: NLD
                       Data Year: 2011
                        Coverage: National
             Welfare measurement: Income
                     Data format: Unit record
                     Data source: NLD_N2011Y
                  Data time span: UnDefined
-------------------------------------------------------


----------- Distribution ------------
   i           P           L 
-------------------------------------
   0    0.010079  -0.0008074
   1    0.020058   0.0018352
   2    0.030096   0.0049414
   3    0.040558   0.0085131
   4    0.050436    0.012151
   5    0.060006    0.015862
   6    0.070323    0.020134
   7     0.08001    0.024369
   8     0.09009      0.0289
   9     0.10015    0.033566
  10     0.11001    0.038326
  11     0.12006    0.043384
  12     0.13001    0.048532
  13     0.14011    0.053851
  14     0.15006    0.059188
  15      0.1603    0.064828
  16     0.17009    0.070351
  17     0.18001    0.076063
  18     0.19001    0.081924
  19     0.20067    0.088303
  20     0.21004    0.093987
  21     0.22006     0.10015
  22     0.23004     0.10641
  23     0.24006      0.1128
  24        0.25     0.11924
  25     0.26006     0.12584
  26     0.27004     0.13247
  27     0.28002     0.13918
  28        0.29     0.14598
  29     0.30008     0.15292
  30     0.31003     0.15987
  31     0.32002     0.16692
  32     0.33016     0.17415
  33     0.34021     0.18142
  34     0.35006     0.18862
  35     0.36001       0.196
  36      0.3701     0.20357
  37     0.38012      0.2112
  38     0.39001     0.21881
  39     0.40002      0.2266
  40     0.41002     0.23445
  41     0.42003     0.24241
  42     0.43009     0.25051
  43     0.44006     0.25865
  44     0.45001     0.26688
  45     0.46007     0.27529
  46     0.47002      0.2837
  47     0.48005     0.29227
  48     0.49004     0.30092
  49     0.50003     0.30968
  50     0.51008      0.3186
  51     0.52009     0.32756
  52     0.53007      0.3366
  53     0.54004     0.34576
  54     0.55003     0.35503
  55     0.56017     0.36455
  56     0.57012     0.37401
  57     0.58005     0.38354
  58        0.59     0.39322
  59     0.60004     0.40309
  60     0.61012      0.4131
  61     0.62007     0.42312
  62     0.63023     0.43347
  63     0.64005      0.4436
  64     0.65002     0.45402
  65     0.66013     0.46473
  66     0.67003     0.47534
  67     0.68002      0.4862
  68     0.69003     0.49723
  69     0.70006      0.5084
  70     0.71033        0.52
  71     0.72015     0.53121
  72     0.73005     0.54266
  73     0.74004     0.55435
  74     0.75002     0.56622
  75     0.76003     0.57829
  76     0.77005     0.59061
  77     0.78004     0.60312
  78     0.79003     0.61584
  79     0.80004     0.62882
  80     0.81012      0.6421
  81     0.82016     0.65556
  82     0.83007     0.66908
  83     0.84001     0.68293
  84     0.85002     0.69713
  85     0.86001     0.71164
  86     0.87004     0.72659
  87     0.88002      0.7418
  88     0.89008     0.75753
  89         0.9     0.77338
  90     0.91006     0.78985
  91      0.9201     0.80683
  92     0.93008     0.82437
  93     0.94002     0.84251
  94     0.95005     0.86168
  95     0.96029     0.88245
  96     0.97006     0.90366
  97     0.98004     0.92727
  98     0.99001     0.95435
  99           1           1
-----------------------------------------

----------------- PPP$ and local currency --------------
         PPP used in computation: 0.869139
     Data mean in local currency: 1318.76
               Data mean in PPP$: 1517.31
        Poverty line in PPP$/Day: 1.9
      Poverty line in PPP$/Month: 57.7917
  Poverty line in local currency: 50.229
-------------------------------------------------------

----------------- Estimation result --------------
     Number of observation: 9828
          Total population: 0.999999
              Total wealth: 1517.31(PPP$)
                   Minimum: -3188.98(PPP$)
                   Maximum: 46908.8(PPP$)
             Headcount(HC): 0.00376279
          Poverty gap (PG): 0.0488989
       Poverty gap squared: 1.71977
                      Gini: 0.281738
                    Median: 1339.5
                       MLD: 0.149439
                      Watt: 0.00133741
--------------------------------------------------

-------------------------------- Income or Consumption share by deciles (%) -------------------------------------
     3.3496     5.4405     6.4972     7.3707     8.3081     9.3391     10.529     12.043     14.461     22.662
-----------------------------------------------------------------------------------------------------------------


