

**********************************************************************************************
**                                   Basic Information                                      **
**********************************************************************************************

----------------- Dataset Information -----------------
                         Country: Netherlands
                    Country dode: NLD
                       Data Year: 2008
                        Coverage: National
             Welfare measurement: Income
                     Data format: Unit record
                     Data source: NLD_N2008Y
                  Data time span: UnDefined
-------------------------------------------------------


----------- Distribution ------------
   i           P           L 
-------------------------------------
   0    0.010378  -0.0024359
   1    0.020025 -0.00032615
   2    0.030066   0.0026199
   3    0.040107   0.0058625
   4    0.050191   0.0093303
   5    0.060013    0.012914
   6    0.070223    0.016831
   7    0.080332    0.020992
   8    0.090039    0.025168
   9     0.10015    0.029664
  10     0.11003    0.034207
  11     0.12009    0.039012
  12     0.13003    0.043919
  13     0.14016    0.049078
  14     0.15008    0.054272
  15     0.16024    0.059731
  16     0.17002    0.065095
  17     0.18009    0.070717
  18     0.19004    0.076382
  19     0.20007    0.082198
  20     0.21009    0.088111
  21     0.22005    0.094087
  22        0.23     0.10015
  23        0.24     0.10634
  24     0.25015     0.11273
  25      0.2601     0.11908
  26     0.27027     0.12568
  27     0.28002     0.13208
  28     0.29002     0.13874
  29         0.3     0.14548
  30     0.31029     0.15252
  31     0.32001     0.15926
  32     0.33008     0.16632
  33        0.34     0.17337
  34     0.35006     0.18061
  35     0.36002     0.18788
  36     0.37006     0.19531
  37     0.38003     0.20276
  38     0.39031     0.21055
  39     0.40005     0.21801
  40     0.41013     0.22581
  41     0.42014     0.23366
  42     0.43012     0.24157
  43     0.44004     0.24951
  44     0.45013     0.25769
  45     0.46003     0.26578
  46     0.47001     0.27402
  47     0.48028     0.28261
  48     0.49009     0.29091
  49     0.50004     0.29945
  50     0.51008      0.3082
  51     0.52002     0.31698
  52     0.53035      0.3262
  53     0.54042     0.33531
  54      0.5501     0.34416
  55     0.56004     0.35338
  56     0.57008     0.36282
  57     0.58004     0.37231
  58     0.59002     0.38193
  59     0.60004     0.39168
  60        0.61     0.40151
  61     0.62003     0.41153
  62     0.63005     0.42165
  63     0.64003     0.43187
  64     0.65006     0.44225
  65     0.66012     0.45281
  66     0.67014     0.46346
  67     0.68014     0.47424
  68     0.69006      0.4851
  69     0.70006      0.4962
  70      0.7101     0.50749
  71     0.72003     0.51881
  72     0.73002     0.53038
  73     0.74003     0.54211
  74     0.75006     0.55408
  75     0.76024      0.5664
  76     0.77003     0.57841
  77     0.78013     0.59102
  78     0.79009     0.60371
  79     0.80001     0.61658
  80     0.81004     0.62982
  81     0.82008     0.64327
  82     0.83002     0.65684
  83     0.84004     0.67082
  84     0.85027      0.6854
  85     0.86006     0.69966
  86     0.87002     0.71448
  87     0.88001     0.72987
  88     0.89003     0.74572
  89     0.90012     0.76208
  90      0.9101     0.77875
  91     0.92001     0.79582
  92     0.93004     0.81374
  93     0.94003     0.83233
  94     0.95001     0.85185
  95        0.96     0.87268
  96     0.97004     0.89508
  97     0.98003     0.91949
  98     0.99015     0.94842
  99           1           1
-----------------------------------------

----------------- PPP$ and local currency --------------
         PPP used in computation: 0.869139
     Data mean in local currency: 1304.34
               Data mean in PPP$: 1573.96
        Poverty line in PPP$/Day: 1.9
      Poverty line in PPP$/Month: 57.7917
  Poverty line in local currency: 47.892
-------------------------------------------------------

----------------- Estimation result --------------
     Number of observation: 9382
          Total population: 1
              Total wealth: 1500.73(PPP$)
                   Minimum: -14120.7(PPP$)
                   Maximum: 60534.8(PPP$)
             Headcount(HC): 0.00468209
          Poverty gap (PG): 0.0866427
       Poverty gap squared: 10.1029
                      Gini: 0.299278
                    Median: 1359.45
                       MLD: 0.168719
                      Watt: 0.000975699
--------------------------------------------------

-------------------------------- Income or Consumption share by deciles (%) -------------------------------------
     2.9597     5.2562     6.3319     7.2498     8.1445     9.2226     10.448     12.043     14.533     23.811
-----------------------------------------------------------------------------------------------------------------


