

**********************************************************************************************
**                                   Basic Information                                      **
**********************************************************************************************

----------------- Dataset Information -----------------
                         Country: Netherlands
                    Country dode: NLD
                       Data Year: 2006
                        Coverage: National
             Welfare measurement: Income
                     Data format: Unit record
                     Data source: NLD_N2006Y
                  Data time span: UnDefined
-------------------------------------------------------


----------- Distribution ------------
   i           P           L 
-------------------------------------
   0    0.010879  -0.0018452
   1    0.020141  0.00014263
   2    0.030487   0.0030582
   3    0.041579    0.006661
   4    0.050369    0.009757
   5    0.060458    0.013523
   6    0.070196    0.017364
   7    0.080075    0.021451
   8    0.090195    0.025811
   9     0.10002    0.030195
  10     0.11006    0.034821
  11     0.12013    0.039587
  12        0.13    0.044397
  13     0.14009     0.04947
  14     0.15037    0.054764
  15     0.16003    0.059848
  16     0.17019    0.065337
  17     0.18033    0.070943
  18     0.19012    0.076491
  19     0.20006    0.082226
  20     0.21013    0.088128
  21     0.22015    0.094079
  22     0.23008     0.10005
  23     0.24006     0.10615
  24      0.2502     0.11243
  25     0.26003     0.11861
  26     0.27003     0.12498
  27      0.2801     0.13148
  28     0.29012     0.13805
  29     0.30005     0.14464
  30     0.31022     0.15149
  31     0.32001     0.15818
  32      0.3301     0.16517
  33     0.34006     0.17214
  34      0.3501     0.17926
  35     0.36004     0.18641
  36     0.37022      0.1938
  37     0.38002     0.20101
  38     0.39007     0.20848
  39     0.40008     0.21602
  40     0.41007     0.22365
  41     0.42007     0.23138
  42     0.43006     0.23919
  43     0.44001     0.24705
  44     0.45046     0.25541
  45     0.46012     0.26321
  46     0.47013     0.27139
  47     0.48014     0.27964
  48     0.49002      0.2879
  49     0.50006     0.29638
  50     0.51011     0.30497
  51     0.52002     0.31356
  52     0.53004     0.32235
  53        0.54     0.33118
  54     0.55006      0.3402
  55     0.56001     0.34923
  56     0.57002     0.35844
  57        0.58     0.36775
  58     0.59002     0.37721
  59     0.60006     0.38681
  60     0.61004     0.39648
  61     0.62002     0.40627
  62     0.63005     0.41623
  63     0.64004     0.42626
  64     0.65003     0.43642
  65     0.66005     0.44672
  66     0.67012     0.45723
  67     0.68007     0.46774
  68     0.69003     0.47842
  69     0.70003     0.48929
  70     0.71003     0.50033
  71     0.72004     0.51153
  72     0.73001     0.52286
  73     0.74006     0.53447
  74     0.75004     0.54617
  75     0.76001     0.55802
  76     0.77033      0.5705
  77     0.78006     0.58245
  78     0.79009     0.59498
  79     0.80026     0.60794
  80     0.81006     0.62067
  81     0.82006     0.63392
  82     0.83005     0.64744
  83     0.84001     0.66121
  84     0.85006     0.67543
  85        0.86     0.68983
  86     0.87007     0.70474
  87     0.88004      0.7199
  88     0.89005     0.73554
  89     0.90021     0.75183
  90     0.91005     0.76806
  91     0.92002      0.7851
  92     0.93019      0.8032
  93     0.94002     0.82144
  94     0.95001     0.84092
  95     0.96003     0.86157
  96     0.97001     0.88352
  97     0.98004      0.9079
  98     0.99002     0.93672
  99           1           1
-----------------------------------------

----------------- PPP$ and local currency --------------
         PPP used in computation: 0.869139
     Data mean in local currency: 1194.72
               Data mean in PPP$: 1501.38
        Poverty line in PPP$/Day: 1.9
      Poverty line in PPP$/Month: 57.7917
  Poverty line in local currency: 45.9877
-------------------------------------------------------

----------------- Estimation result --------------
     Number of observation: 9861
          Total population: 0.999994
              Total wealth: 1374.6(PPP$)
                   Minimum: -2480.52(PPP$)
                   Maximum: 33191.6(PPP$)
             Headcount(HC): 0.00620043
          Poverty gap (PG): 0.0686319
       Poverty gap squared: 1.62765
                      Gini: 0.30759
                    Median: 1275.63
                       MLD: 0.188803
                      Watt: 0.000476063
--------------------------------------------------

-------------------------------- Income or Consumption share by deciles (%) -------------------------------------
     3.0186     5.2004     6.2422     7.1347     8.0374      9.042     10.251     11.835     14.388     24.851
-----------------------------------------------------------------------------------------------------------------


