

**********************************************************************************************
**                                   Basic Information                                      **
**********************************************************************************************

----------------- Dataset Information -----------------
                         Country: Netherlands
                    Country dode: NLD
                       Data Year: 2009
                        Coverage: National
             Welfare measurement: Income
                     Data format: Unit record
                     Data source: NLD_N2009Y
                  Data time span: UnDefined
-------------------------------------------------------


----------- Distribution ------------
   i           P           L 
-------------------------------------
   0    0.010126 -0.00093776
   1     0.02031   0.0015242
   2    0.030197   0.0046117
   3    0.040091   0.0079911
   4    0.050008    0.011592
   5    0.060187    0.015548
   6    0.070345    0.019689
   7    0.080074    0.023853
   8    0.090205    0.028356
   9     0.10012    0.032927
  10     0.11003    0.037632
  11     0.12014    0.042604
  12     0.13031    0.047747
  13     0.14015     0.05284
  14     0.15016    0.058111
  15     0.16009    0.063472
  16      0.1701    0.069013
  17     0.18158    0.075502
  18     0.19002     0.08033
  19     0.20018    0.086234
  20     0.21004    0.092062
  21     0.22001    0.098079
  22     0.23001     0.10423
  23     0.24019     0.11063
  24     0.25009     0.11696
  25     0.26005     0.12344
  26      0.2701     0.13006
  27     0.28023     0.13683
  28     0.29014     0.14352
  29     0.30009     0.15034
  30     0.31009     0.15729
  31     0.32004     0.16431
  32     0.33001     0.17146
  33     0.34007     0.17877
  34     0.35005      0.1861
  35     0.36008     0.19355
  36     0.37006     0.20105
  37     0.38002     0.20862
  38     0.39018     0.21643
  39     0.40008     0.22414
  40     0.41009     0.23203
  41     0.42002     0.23994
  42     0.43001     0.24798
  43     0.44006     0.25619
  44     0.45007     0.26449
  45     0.46004     0.27283
  46     0.47001     0.28126
  47     0.48002     0.28982
  48     0.49002     0.29848
  49         0.5     0.30723
  50     0.51001     0.31611
  51     0.52021     0.32528
  52     0.53001      0.3342
  53     0.54009     0.34346
  54     0.55006     0.35275
  55     0.56001     0.36211
  56     0.57013     0.37175
  57     0.58006     0.38132
  58     0.59004     0.39105
  59     0.60022     0.40112
  60     0.61001     0.41092
  61     0.62005     0.42109
  62     0.63004     0.43133
  63     0.64008     0.44175
  64     0.65002      0.4522
  65     0.66012     0.46295
  66        0.67     0.47359
  67     0.68002     0.48452
  68     0.69013     0.49569
  69     0.70003      0.5068
  70     0.71001     0.51817
  71     0.72006     0.52981
  72     0.73001     0.54151
  73     0.74008     0.55351
  74     0.75005     0.56555
  75     0.76006     0.57778
  76     0.77003     0.59015
  77     0.78002     0.60279
  78     0.79001     0.61565
  79     0.80004     0.62877
  80     0.81007     0.64212
  81     0.82006     0.65564
  82     0.83002     0.66937
  83     0.84002     0.68349
  84     0.85014     0.69809
  85     0.86005     0.71268
  86     0.87011     0.72784
  87     0.88004     0.74315
  88     0.89001     0.75889
  89     0.90009      0.7752
  90     0.91013     0.79193
  91     0.92004     0.80892
  92     0.93003      0.8266
  93     0.94009     0.84511
  94     0.95005     0.86421
  95     0.96003     0.88458
  96     0.97001     0.90635
  97      0.9803     0.93062
  98     0.99006     0.95745
  99           1           1
-----------------------------------------

----------------- PPP$ and local currency --------------
         PPP used in computation: 0.869139
     Data mean in local currency: 1301.43
               Data mean in PPP$: 1551.98
        Poverty line in PPP$/Day: 1.9
      Poverty line in PPP$/Month: 57.7917
  Poverty line in local currency: 48.4619
-------------------------------------------------------

----------------- Estimation result --------------
     Number of observation: 9751
          Total population: 0.999993
              Total wealth: 1497.37(PPP$)
                   Minimum: -12987.5(PPP$)
                   Maximum: 39521.1(PPP$)
             Headcount(HC): 0.00550904
          Poverty gap (PG): 0.0437859
       Poverty gap squared: 2.80299
                      Gini: 0.283842
                    Median: 1367.42
                       MLD: 0.160683
                      Watt: 0.00130623
--------------------------------------------------

-------------------------------- Income or Consumption share by deciles (%) -------------------------------------
      3.287     5.3257     6.4147     7.3809     8.3148     9.3674     10.585     12.197     14.633     22.495
-----------------------------------------------------------------------------------------------------------------


