

**********************************************************************************************
**                                   Basic Information                                      **
**********************************************************************************************

----------------- Dataset Information -----------------
                         Country: Netherlands
                    Country dode: NLD
                       Data Year: 2005
                        Coverage: National
             Welfare measurement: Income
                     Data format: Unit record
                     Data source: NLD_N2005Y
                  Data time span: UnDefined
-------------------------------------------------------


----------- Distribution ------------
   i           P           L 
-------------------------------------
   0    0.010171  -0.0026309
   1    0.020075 -0.00086808
   2    0.030494   0.0019271
   3      0.0404    0.005061
   4    0.050199   0.0085107
   5    0.060115    0.012268
   6    0.070042    0.016256
   7    0.080086    0.020423
   8     0.09037    0.024912
   9      0.1001    0.029315
  10     0.11002    0.033962
  11     0.12003    0.038785
  12     0.13013      0.0438
  13        0.14    0.048832
  14     0.15044    0.054272
  15     0.16039    0.059577
  16     0.17001    0.064806
  17     0.18003    0.070374
  18     0.19004     0.07604
  19     0.20004    0.081808
  20     0.21004    0.087683
  21     0.22011    0.093698
  22     0.23005    0.099753
  23      0.2402     0.10604
  24     0.25002     0.11223
  25     0.26001     0.11863
  26     0.27006     0.12514
  27     0.28008     0.13171
  28     0.29006     0.13835
  29         0.3     0.14505
  30     0.31004     0.15191
  31     0.32014     0.15893
  32     0.33019     0.16601
  33     0.34009     0.17305
  34     0.35016     0.18032
  35     0.36005     0.18755
  36     0.37004     0.19494
  37     0.38003     0.20242
  38     0.39026     0.21018
  39     0.40002     0.21767
  40     0.41002     0.22544
  41     0.42005     0.23332
  42     0.43008     0.24128
  43     0.44003     0.24928
  44     0.45007     0.25744
  45     0.46006     0.26566
  46     0.47005     0.27397
  47     0.48008     0.28241
  48     0.49012     0.29098
  49      0.5002     0.29966
  50     0.51017     0.30836
  51     0.52001     0.31703
  52     0.53012     0.32605
  53     0.54007     0.33502
  54     0.55008     0.34417
  55     0.56016     0.35349
  56     0.57016     0.36284
  57     0.58005     0.37219
  58     0.59009     0.38181
  59     0.60021     0.39163
  60     0.61007      0.4013
  61     0.62003     0.41121
  62     0.63015     0.42139
  63     0.64004     0.43149
  64     0.65007     0.44191
  65     0.66007     0.45243
  66     0.67008     0.46312
  67     0.68002     0.47388
  68      0.6901     0.48495
  69     0.70002       0.496
  70      0.7101     0.50741
  71     0.72006     0.51886
  72     0.73013     0.53062
  73     0.74004     0.54239
  74     0.75001     0.55442
  75     0.76009     0.56674
  76     0.77004     0.57911
  77     0.78001      0.5917
  78     0.79002     0.60454
  79     0.80012     0.61769
  80     0.81001     0.63082
  81     0.82001     0.64433
  82     0.83008     0.65823
  83     0.84028     0.67262
  84     0.85002     0.68667
  85     0.86002     0.70148
  86     0.87008     0.71672
  87     0.88002     0.73217
  88     0.89008     0.74825
  89     0.90001     0.76456
  90     0.91006     0.78158
  91     0.92001     0.79901
  92     0.93003     0.81725
  93     0.94004     0.83619
  94     0.95005     0.85607
  95     0.96001     0.87689
  96     0.97012     0.89951
  97     0.98004      0.9235
  98     0.99003     0.95161
  99           1           1
-----------------------------------------

----------------- PPP$ and local currency --------------
         PPP used in computation: 0.869139
     Data mean in local currency: 1111.59
               Data mean in PPP$: 1413.22
        Poverty line in PPP$/Day: 1.9
      Poverty line in PPP$/Month: 57.7917
  Poverty line in local currency: 45.457
-------------------------------------------------------

----------------- Estimation result --------------
     Number of observation: 8694
          Total population: 0.999996
              Total wealth: 1278.95(PPP$)
                   Minimum: -7523.05(PPP$)
                   Maximum: 32065.4(PPP$)
             Headcount(HC): 0.00753653
          Poverty gap (PG): 0.078029
       Poverty gap squared: 3.51153
                      Gini: 0.298556
                    Median: 1222.3
                       MLD: 0.180633
                      Watt: 0.0010416
--------------------------------------------------

-------------------------------- Income or Consumption share by deciles (%) -------------------------------------
     2.9272     5.2514     6.3263     7.2608     8.1832      9.193     10.456     12.156       14.7     23.546
-----------------------------------------------------------------------------------------------------------------


