

**********************************************************************************************
**                                   Basic Information                                      **
**********************************************************************************************

----------------- Dataset Information -----------------
                         Country: Netherlands
                    Country dode: NLD
                       Data Year: 2010
                        Coverage: National
             Welfare measurement: Income
                     Data format: Unit record
                     Data source: NLD_N2010Y
                  Data time span: UnDefined
-------------------------------------------------------


----------- Distribution ------------
   i           P           L 
-------------------------------------
   0    0.010741  -0.0035073
   1    0.020512  -0.0008971
   2    0.030675   0.0022337
   3    0.040337   0.0055344
   4    0.050514   0.0092227
   5    0.060039     0.01284
   6    0.070029    0.016798
   7    0.080369    0.021085
   8    0.090012    0.025284
   9     0.10012    0.029913
  10     0.11003    0.034598
  11     0.12003    0.039494
  12     0.13008    0.044564
  13     0.14008    0.049769
  14     0.15006     0.05507
  15     0.16002     0.06049
  16     0.17014    0.066112
  17     0.18015    0.071791
  18     0.19002    0.077493
  19     0.20003    0.083389
  20     0.21002    0.089377
  21     0.22008    0.095531
  22     0.23009     0.10173
  23      0.2401     0.10803
  24     0.25002     0.11437
  25     0.26002     0.12087
  26        0.27     0.12744
  27     0.28015     0.13423
  28     0.29013     0.14101
  29     0.30003     0.14783
  30     0.31003     0.15483
  31     0.32006     0.16195
  32     0.33003     0.16913
  33     0.34064     0.17686
  34     0.35007     0.18383
  35     0.36001     0.19127
  36     0.37018     0.19899
  37     0.38004     0.20654
  38      0.3901     0.21432
  39     0.40023     0.22225
  40     0.41002     0.23001
  41     0.42007     0.23806
  42     0.43004     0.24616
  43     0.44002     0.25436
  44      0.4501     0.26274
  45     0.46006     0.27112
  46     0.47019     0.27976
  47     0.48116      0.2892
  48     0.49015     0.29703
  49     0.50006     0.30575
  50     0.51005     0.31468
  51     0.52004     0.32371
  52        0.53     0.33282
  53     0.54019     0.34226
  54     0.55006     0.35148
  55     0.56004     0.36092
  56     0.57006     0.37049
  57     0.58006     0.38016
  58     0.59006     0.38995
  59     0.60026     0.40006
  60     0.61011     0.40992
  61     0.62039     0.42033
  62     0.63008     0.43027
  63     0.64005     0.44061
  64      0.6501     0.45117
  65        0.66     0.46174
  66     0.67037     0.47297
  67     0.68002     0.48355
  68     0.69008     0.49472
  69     0.70003     0.50594
  70     0.71004     0.51736
  71     0.72006     0.52892
  72     0.73001     0.54057
  73     0.74057     0.55311
  74     0.75002     0.56447
  75     0.76004     0.57672
  76     0.77009     0.58921
  77     0.78002     0.60178
  78     0.79008     0.61474
  79     0.80011      0.6279
  80        0.81     0.64108
  81     0.82003     0.65468
  82     0.83004     0.66851
  83     0.84003      0.6826
  84     0.85002     0.69693
  85     0.86006     0.71162
  86     0.87002     0.72651
  87     0.88007     0.74193
  88     0.89002     0.75768
  89     0.90004      0.7739
  90     0.91003     0.79056
  91     0.92015       0.808
  92     0.93004      0.8256
  93     0.94016     0.84433
  94        0.95     0.86342
  95        0.96     0.88387
  96     0.97008     0.90576
  97     0.98002     0.92934
  98     0.99006     0.95667
  99           1           1
-----------------------------------------

----------------- PPP$ and local currency --------------
         PPP used in computation: 0.869139
     Data mean in local currency: 1297.98
               Data mean in PPP$: 1528.37
        Poverty line in PPP$/Day: 1.9
      Poverty line in PPP$/Month: 57.7917
  Poverty line in local currency: 49.0801
-------------------------------------------------------

----------------- Estimation result --------------
     Number of observation: 10102
          Total population: 0.999999
              Total wealth: 1493.41(PPP$)
                   Minimum: -6286.2(PPP$)
                   Maximum: 38765.8(PPP$)
             Headcount(HC): 0.00489259
          Poverty gap (PG): 0.122038
       Poverty gap squared: 7.46196
                      Gini: 0.287328
                    Median: 1355.55
                       MLD: 0.154523
                      Watt: 0.000173727
--------------------------------------------------

-------------------------------- Income or Consumption share by deciles (%) -------------------------------------
     2.9858     5.3512     6.4445     7.4256     8.3633     9.4097      10.61     12.184     14.608     22.617
-----------------------------------------------------------------------------------------------------------------


