

**********************************************************************************************
**                                   Basic Information                                      **
**********************************************************************************************

----------------- Dataset Information -----------------
                         Country: Netherlands
                    Country dode: NLD
                       Data Year: 2004
                        Coverage: National
             Welfare measurement: Income
                     Data format: Unit record
                     Data source: NLD_N2004Y
                  Data time span: UnDefined
-------------------------------------------------------


----------- Distribution ------------
   i           P           L 
-------------------------------------
   0    0.010252  -0.0040812
   1    0.020269  -0.0025436
   2    0.030008 -0.00026632
   3    0.040023   0.0026174
   4    0.050048   0.0059132
   5    0.060519   0.0096697
   6    0.070009    0.013342
   7    0.080023    0.017402
   8    0.090179      0.0217
   9     0.10006    0.026056
  10     0.11013    0.030646
  11     0.12021    0.035369
  12     0.13008    0.040132
  13     0.14008    0.045105
  14     0.15005    0.050223
  15      0.1601     0.05552
  16     0.17001    0.060857
  17     0.18003    0.066346
  18     0.19005    0.071934
  19     0.20003    0.077589
  20      0.2102    0.083449
  21     0.22003    0.089213
  22     0.23008    0.095223
  23     0.24007     0.10129
  24     0.25012     0.10752
  25     0.26008     0.11377
  26     0.27002      0.1201
  27     0.28012     0.12662
  28     0.29003     0.13311
  29     0.30007     0.13978
  30     0.31009     0.14655
  31     0.32024      0.1535
  32     0.33064     0.16073
  33     0.34012     0.16744
  34     0.35011      0.1746
  35     0.36001     0.18179
  36     0.37009     0.18919
  37     0.38002     0.19659
  38     0.39007      0.2042
  39     0.40005     0.21185
  40     0.41004     0.21959
  41     0.42001     0.22741
  42     0.43005     0.23538
  43     0.44018     0.24352
  44        0.45     0.25152
  45     0.46001     0.25977
  46     0.47002     0.26812
  47        0.48     0.27655
  48     0.49002      0.2851
  49     0.50004     0.29374
  50     0.51012     0.30252
  51     0.52003     0.31127
  52     0.53011     0.32029
  53     0.54003     0.32928
  54     0.55004     0.33847
  55     0.56015     0.34788
  56     0.57003     0.35719
  57     0.58004     0.36675
  58     0.59008     0.37647
  59     0.60004     0.38622
  60     0.61001     0.39609
  61     0.62007     0.40617
  62     0.63002     0.41628
  63     0.64004      0.4266
  64     0.65001     0.43702
  65     0.66002     0.44763
  66     0.67004     0.45838
  67     0.68006      0.4693
  68     0.69007     0.48039
  69     0.70008     0.49165
  70     0.71006     0.50304
  71     0.72006      0.5146
  72     0.73009     0.52639
  73     0.74016     0.53841
  74     0.75001     0.55034
  75     0.76003     0.56267
  76     0.77014      0.5753
  77     0.78007      0.5879
  78     0.79001     0.60071
  79     0.80001     0.61382
  80        0.81     0.62716
  81     0.82006     0.64087
  82     0.83009     0.65481
  83     0.84002      0.6689
  84     0.85006     0.68349
  85     0.86003     0.69827
  86     0.87004     0.71339
  87     0.88007     0.72898
  88     0.89011     0.74495
  89     0.90002      0.7611
  90     0.91022     0.77822
  91        0.92     0.79521
  92     0.93002     0.81326
  93     0.94007     0.83225
  94      0.9501     0.85205
  95     0.96001     0.87262
  96     0.97001     0.89471
  97     0.98001     0.91913
  98     0.99001     0.94716
  99           1           1
-----------------------------------------

----------------- PPP$ and local currency --------------
         PPP used in computation: 0.869139
     Data mean in local currency: 1080.72
               Data mean in PPP$: 1396.97
        Poverty line in PPP$/Day: 1.9
      Poverty line in PPP$/Month: 57.7917
  Poverty line in local currency: 44.7085
-------------------------------------------------------

----------------- Estimation result --------------
     Number of observation: 9050
          Total population: 0.999996
              Total wealth: 1243.43(PPP$)
                   Minimum: -3767.33(PPP$)
                   Maximum: 37649.5(PPP$)
             Headcount(HC): 0.00787465
          Poverty gap (PG): 0.109798
       Poverty gap squared: 5.68311
                      Gini: 0.307437
                    Median: 1209.88
                       MLD: 0.188971
                      Watt: 0.00146282
--------------------------------------------------

-------------------------------- Income or Consumption share by deciles (%) -------------------------------------
     2.6028     5.1545     6.2154      7.208     8.1893     9.2484     10.538     12.224     14.727     23.892
-----------------------------------------------------------------------------------------------------------------


