

**********************************************************************************************
**                                   Basic Information                                      **
**********************************************************************************************

----------------- Dataset Information -----------------
                         Country: Norway
                    Country dode: NOR
                       Data Year: 2009
                        Coverage: National
             Welfare measurement: Income
                     Data format: Unit record
                     Data source: NOR_N2009Y
                  Data time span: UnDefined
-------------------------------------------------------


----------- Distribution ------------
   i           P           L 
-------------------------------------
   0     0.01028 -0.00018524
   1    0.020108   0.0021677
   2    0.030064   0.0051756
   3    0.040018   0.0086486
   4    0.050244    0.012487
   5    0.060074    0.016451
   6     0.07015    0.020824
   7    0.080003    0.025303
   8    0.090267    0.030175
   9     0.10012    0.035037
  10     0.11015    0.040159
  11     0.12002    0.045349
  12     0.13012    0.050847
  13     0.14024    0.056522
  14     0.15016    0.062186
  15     0.16028    0.068066
  16     0.17024    0.073955
  17     0.18015    0.079914
  18     0.19028    0.086102
  19     0.20017    0.092256
  20     0.21012    0.098568
  21     0.22005     0.10496
  22     0.23004     0.11151
  23     0.24012     0.11821
  24     0.25001     0.12487
  25     0.26008     0.13173
  26     0.27009     0.13863
  27     0.28018      0.1457
  28     0.29009     0.15272
  29      0.3002     0.15995
  30     0.31014     0.16714
  31     0.32013     0.17445
  32     0.33001     0.18176
  33     0.34017     0.18937
  34     0.35019     0.19696
  35     0.36019     0.20462
  36     0.37014     0.21232
  37     0.38017     0.22019
  38     0.39005     0.22801
  39     0.40008     0.23603
  40     0.41035     0.24434
  41     0.42024     0.25243
  42      0.4301     0.26055
  43     0.44012     0.26889
  44     0.45009     0.27728
  45     0.46009     0.28579
  46     0.47003     0.29434
  47     0.48027     0.30324
  48     0.49003     0.31181
  49     0.50009     0.32076
  50     0.51019     0.32985
  51     0.52009     0.33885
  52     0.53013     0.34806
  53     0.54006     0.35729
  54     0.55022     0.36686
  55     0.56016     0.37633
  56     0.57005     0.38583
  57     0.58014     0.39563
  58     0.59014     0.40547
  59     0.60005     0.41535
  60     0.61001     0.42539
  61     0.62005     0.43562
  62     0.63011       0.446
  63        0.64     0.45633
  64     0.65005     0.46694
  65     0.66013     0.47771
  66     0.67014     0.48855
  67     0.68004     0.49942
  68     0.69019     0.51068
  69     0.70007     0.52179
  70     0.71015     0.53326
  71     0.72004     0.54467
  72     0.73004      0.5564
  73        0.74     0.56824
  74     0.75004     0.58034
  75     0.76001     0.59256
  76     0.77007       0.605
  77        0.78     0.61749
  78     0.79015      0.6305
  79     0.80015     0.64355
  80     0.81015     0.65681
  81     0.82004     0.67011
  82     0.83008     0.68388
  83     0.84024     0.69808
  84     0.85008     0.71208
  85     0.86004     0.72643
  86     0.87011     0.74121
  87     0.88012     0.75615
  88     0.89011     0.77139
  89     0.90001     0.78679
  90      0.9101     0.80285
  91        0.92     0.81902
  92     0.93003     0.83581
  93     0.94002     0.85301
  94     0.95011     0.87111
  95     0.96003     0.88983
  96     0.97014     0.91023
  97     0.98013     0.93192
  98     0.99002     0.95653
  99           1           1
-----------------------------------------

----------------- PPP$ and local currency --------------
         PPP used in computation: 9.7972
     Data mean in local currency: 17547.3
               Data mean in PPP$: 1857.89
        Poverty line in PPP$/Day: 1.9
      Poverty line in PPP$/Month: 57.7917
  Poverty line in local currency: 545.829
-------------------------------------------------------

----------------- Estimation result --------------
     Number of observation: 5218
          Total population: 0.99999
              Total wealth: 1791.04(PPP$)
                   Minimum: -7757.29(PPP$)
                   Maximum: 39263.2(PPP$)
             Headcount(HC): 0.00131181
          Poverty gap (PG): 0.0471691
       Poverty gap squared: 4.87058
                      Gini: 0.263924
                    Median: 1661.37
                       MLD: 0.128786
                      Watt: 0.000663942
--------------------------------------------------

-------------------------------- Income or Consumption share by deciles (%) -------------------------------------
     3.4978     5.7175     6.7659     7.6159     8.4713     9.4611     10.641     12.165     14.342     21.323
-----------------------------------------------------------------------------------------------------------------


