

**********************************************************************************************
**                                   Basic Information                                      **
**********************************************************************************************

----------------- Dataset Information -----------------
                         Country: Norway
                    Country dode: NOR
                       Data Year: 2006
                        Coverage: National
             Welfare measurement: Income
                     Data format: Unit record
                     Data source: NOR_N2006Y
                  Data time span: UnDefined
-------------------------------------------------------


----------- Distribution ------------
   i           P           L 
-------------------------------------
   0    0.010185  -0.0031566
   1    0.020047  -0.0016865
   2    0.030055  0.00064799
   3    0.040115    0.003675
   4    0.050209   0.0071431
   5    0.060206    0.010931
   6    0.070023    0.014877
   7    0.080088    0.019156
   8    0.090041    0.023605
   9     0.10013    0.028341
  10     0.11002    0.033228
  11     0.12023    0.038477
  12     0.13015    0.043742
  13     0.14032    0.049288
  14     0.15022     0.05486
  15     0.16017    0.060627
  16     0.17015     0.06656
  17     0.18006    0.072563
  18     0.19013    0.078753
  19     0.20006    0.084948
  20     0.21005    0.091291
  21        0.22    0.097724
  22     0.23001     0.10429
  23     0.24015     0.11105
  24     0.25008     0.11777
  25     0.26014     0.12467
  26     0.27027     0.13169
  27      0.2801     0.13859
  28     0.29006     0.14567
  29     0.30013     0.15291
  30     0.31004     0.16012
  31     0.32007      0.1675
  32     0.33018     0.17503
  33     0.34003     0.18245
  34      0.3501      0.1901
  35     0.36005     0.19773
  36      0.3701     0.20555
  37      0.3801     0.21341
  38     0.39019     0.22142
  39     0.40008     0.22937
  40        0.41     0.23744
  41     0.42018      0.2458
  42     0.43026     0.25419
  43     0.44012     0.26249
  44     0.45002     0.27092
  45     0.46004     0.27954
  46     0.47014     0.28832
  47     0.48015     0.29711
  48     0.49015     0.30601
  49     0.50018     0.31504
  50     0.51005     0.32402
  51     0.52005     0.33319
  52     0.53018     0.34259
  53     0.54013     0.35191
  54     0.55007     0.36133
  55     0.56007     0.37091
  56     0.57011     0.38064
  57      0.5801     0.39044
  58     0.59004      0.4003
  59     0.60006     0.41034
  60     0.61004     0.42047
  61        0.62      0.4307
  62     0.63007     0.44116
  63     0.64009     0.45169
  64     0.65004     0.46232
  65     0.66011     0.47323
  66     0.67015     0.48426
  67     0.68006     0.49529
  68     0.69008     0.50659
  69     0.70014     0.51811
  70     0.71018     0.52975
  71     0.72005     0.54136
  72     0.73003     0.55326
  73     0.74002     0.56535
  74      0.7501     0.57769
  75      0.7601      0.5901
  76     0.77004      0.6026
  77     0.78003     0.61537
  78      0.7901     0.62847
  79     0.80004     0.64162
  80     0.81009     0.65513
  81     0.82017     0.66888
  82     0.83018     0.68273
  83     0.84008     0.69661
  84     0.85008      0.7109
  85     0.86009     0.72551
  86     0.87002     0.74024
  87     0.88005     0.75544
  88      0.8901     0.77096
  89     0.90008     0.78673
  90     0.91016     0.80305
  91     0.92009     0.81958
  92     0.93002     0.83657
  93     0.94003     0.85433
  94     0.95002     0.87271
  95     0.96006      0.8919
  96     0.97009     0.91202
  97     0.98009     0.93355
  98     0.99003     0.95764
  99           1           1
-----------------------------------------

----------------- PPP$ and local currency --------------
         PPP used in computation: 9.7972
     Data mean in local currency: 14192.9
               Data mean in PPP$: 1604.72
        Poverty line in PPP$/Day: 1.9
      Poverty line in PPP$/Month: 57.7917
  Poverty line in local currency: 511.136
-------------------------------------------------------

----------------- Estimation result --------------
     Number of observation: 6005
          Total population: 1
              Total wealth: 1448.68(PPP$)
                   Minimum: -13098.3(PPP$)
                   Maximum: 22048.6(PPP$)
             Headcount(HC): 0.00686377
          Poverty gap (PG): 0.100366
       Poverty gap squared: 9.99816
                      Gini: 0.272927
                    Median: 1451.51
                       MLD: 0.173048
                      Watt: 0.00282032
--------------------------------------------------

-------------------------------- Income or Consumption share by deciles (%) -------------------------------------
      2.828     5.6632     6.7904     7.6492      8.557       9.54     10.767     12.362     14.504      21.34
-----------------------------------------------------------------------------------------------------------------


