

**********************************************************************************************
**                                   Basic Information                                      **
**********************************************************************************************

----------------- Dataset Information -----------------
                         Country: Norway
                    Country dode: NOR
                       Data Year: 2012
                        Coverage: National
             Welfare measurement: Income
                     Data format: Unit record
                     Data source: NOR_N2012Y
                  Data time span: UnDefined
-------------------------------------------------------


----------- Distribution ------------
   i           P           L 
-------------------------------------
   0    0.010089  0.00052709
   1    0.020097   0.0029268
   2    0.030254   0.0061307
   3     0.04021   0.0096812
   4    0.050072    0.013496
   5    0.060483    0.017833
   6    0.070369    0.022163
   7    0.080059    0.026594
   8    0.090031    0.031351
   9     0.10012    0.036327
  10      0.1101    0.041392
  11     0.12013    0.046591
  12     0.13006    0.051884
  13      0.1404    0.057559
  14      0.1501    0.063015
  15     0.16003    0.068736
  16     0.17006    0.074634
  17     0.18018    0.080705
  18     0.19011    0.086774
  19     0.20014    0.093018
  20     0.21012    0.099362
  21     0.22001     0.10575
  22     0.23024     0.11247
  23     0.24012     0.11906
  24     0.25007     0.12578
  25     0.26003     0.13258
  26     0.27016     0.13957
  27     0.28006      0.1465
  28     0.29034     0.15379
  29     0.30009     0.16079
  30     0.31008     0.16805
  31     0.32006     0.17539
  32     0.33001     0.18278
  33     0.34001      0.1903
  34     0.35014     0.19801
  35        0.36     0.20559
  36     0.37007     0.21341
  37        0.38     0.22122
  38     0.39012     0.22927
  39     0.40008     0.23727
  40     0.41007     0.24542
  41     0.42008     0.25369
  42     0.43007     0.26202
  43     0.44009     0.27046
  44     0.45013     0.27899
  45     0.46003     0.28751
  46     0.47027     0.29643
  47     0.48005     0.30505
  48     0.49009     0.31398
  49     0.50008     0.32298
  50     0.51011     0.33211
  51     0.52011     0.34132
  52     0.53016     0.35067
  53     0.54004     0.35995
  54     0.55009     0.36948
  55     0.56018     0.37915
  56     0.57005     0.38871
  57     0.58018     0.39864
  58     0.59006     0.40842
  59     0.60012     0.41851
  60     0.61003     0.42859
  61     0.62006      0.4389
  62     0.63012     0.44938
  63     0.64017     0.45996
  64     0.65006     0.47052
  65     0.66007      0.4813
  66     0.67004     0.49216
  67     0.68018     0.50335
  68     0.69002     0.51435
  69         0.7     0.52565
  70     0.71002     0.53711
  71     0.72006     0.54875
  72     0.73004     0.56048
  73     0.74007     0.57243
  74     0.75001     0.58442
  75        0.76     0.59665
  76        0.77     0.60908
  77     0.78004     0.62174
  78     0.79005      0.6345
  79     0.80003     0.64745
  80     0.81011     0.66076
  81     0.82006      0.6741
  82      0.8301     0.68781
  83     0.84015     0.70183
  84     0.85004     0.71588
  85     0.86002      0.7303
  86     0.87006     0.74507
  87     0.88009     0.76014
  88     0.89009     0.77547
  89     0.90003     0.79103
  90     0.91009     0.80712
  91     0.92004     0.82345
  92     0.93004     0.84035
  93     0.94016     0.85805
  94     0.95001     0.87589
  95     0.96011     0.89515
  96     0.97007     0.91529
  97     0.98014     0.93751
  98     0.99004      0.9616
  99           1           1
-----------------------------------------

----------------- PPP$ and local currency --------------
         PPP used in computation: 9.7972
     Data mean in local currency: 19737.9
               Data mean in PPP$: 2000.46
        Poverty line in PPP$/Day: 1.9
      Poverty line in PPP$/Month: 57.7917
  Poverty line in local currency: 570.212
-------------------------------------------------------

----------------- Estimation result --------------
     Number of observation: 6020
          Total population: 1
              Total wealth: 2014.65(PPP$)
                   Minimum: -4507.84(PPP$)
                   Maximum: 28540.1(PPP$)
             Headcount(HC): 0.0026894
          Poverty gap (PG): 0.0188133
       Poverty gap squared: 0.80181
                      Gini: 0.258984
                    Median: 1811.78
                       MLD: 0.134613
                      Watt: 0.00209636
--------------------------------------------------

-------------------------------- Income or Consumption share by deciles (%) -------------------------------------
      3.627      5.666     6.7799     7.6481     8.5693     9.5496     10.725     12.176     14.357     20.901
-----------------------------------------------------------------------------------------------------------------


