

**********************************************************************************************
**                                   Basic Information                                      **
**********************************************************************************************

----------------- Dataset Information -----------------
                         Country: Norway
                    Country dode: NOR
                       Data Year: 2008
                        Coverage: National
             Welfare measurement: Income
                     Data format: Unit record
                     Data source: NOR_N2008Y
                  Data time span: UnDefined
-------------------------------------------------------


----------- Distribution ------------
   i           P           L 
-------------------------------------
   0     0.01007  0.00029136
   1    0.020055    0.002555
   2    0.030188   0.0055364
   3    0.040052   0.0088709
   4    0.050433    0.012662
   5    0.060242    0.016526
   6    0.070104    0.020652
   7    0.080089    0.025091
   8    0.090152    0.029735
   9      0.1003    0.034578
  10     0.11002    0.039351
  11     0.12006    0.044477
  12     0.13004    0.049774
  13     0.14018    0.055312
  14     0.15001    0.060807
  15     0.16011    0.066549
  16     0.17014    0.072356
  17     0.18003     0.07822
  18     0.19008    0.084278
  19      0.2001    0.090437
  20     0.21003    0.096631
  21     0.22003     0.10298
  22      0.2302     0.10953
  23     0.24011     0.11603
  24     0.25011     0.12265
  25     0.26002      0.1293
  26     0.27005     0.13612
  27     0.28029     0.14318
  28     0.29003     0.14999
  29     0.30012     0.15713
  30     0.31026     0.16438
  31     0.32033     0.17167
  32     0.33004     0.17878
  33     0.34005     0.18618
  34     0.35009     0.19369
  35     0.36015      0.2013
  36     0.37007     0.20889
  37     0.38009     0.21665
  38     0.39001     0.22443
  39     0.40006     0.23238
  40     0.41017     0.24044
  41     0.42021     0.24854
  42     0.43026     0.25671
  43      0.4401      0.2648
  44     0.45027     0.27325
  45     0.46001     0.28142
  46     0.47013        0.29
  47     0.48013     0.29858
  48     0.49002     0.30717
  49     0.50001     0.31595
  50     0.51005     0.32485
  51      0.5201     0.33387
  52     0.53008     0.34292
  53     0.54001     0.35202
  54     0.55018     0.36145
  55     0.56013     0.37078
  56     0.57004     0.38018
  57     0.58002     0.38977
  58     0.59003     0.39952
  59     0.60006     0.40941
  60     0.61004     0.41938
  61     0.62013     0.42961
  62     0.63011     0.43984
  63     0.64008     0.45021
  64     0.65002     0.46068
  65     0.66007     0.47143
  66     0.67001      0.4822
  67     0.68006      0.4932
  68     0.69013     0.50436
  69     0.70002      0.5155
  70     0.71007     0.52696
  71     0.72019     0.53864
  72     0.73003     0.55017
  73     0.74009     0.56211
  74     0.75013     0.57423
  75     0.76007      0.5864
  76     0.77011     0.59892
  77     0.78011     0.61155
  78     0.79008     0.62434
  79     0.80013     0.63745
  80     0.81012     0.65067
  81      0.8201     0.66413
  82        0.83     0.67773
  83     0.84004     0.69176
  84     0.85003       0.706
  85     0.86001     0.72052
  86     0.87006     0.73541
  87     0.88012     0.75061
  88     0.89011     0.76598
  89     0.90012     0.78179
  90     0.91007      0.7979
  91     0.92019     0.81473
  92     0.93017     0.83186
  93     0.94013     0.84952
  94     0.95002     0.86786
  95     0.96006      0.8874
  96     0.97009     0.90812
  97     0.98013     0.93065
  98     0.99004     0.95603
  99           1           1
-----------------------------------------

----------------- PPP$ and local currency --------------
         PPP used in computation: 9.7972
     Data mean in local currency: 17162.7
               Data mean in PPP$: 1856.54
        Poverty line in PPP$/Day: 1.9
      Poverty line in PPP$/Month: 57.7917
  Poverty line in local currency: 534.253
-------------------------------------------------------

----------------- Estimation result --------------
     Number of observation: 5424
          Total population: 1.00001
              Total wealth: 1751.81(PPP$)
                   Minimum: -2495.96(PPP$)
                   Maximum: 27284.2(PPP$)
             Headcount(HC): 0.00326838
          Poverty gap (PG): 0.0197511
       Poverty gap squared: 0.53809
                      Gini: 0.271388
                    Median: 1637.67
                       MLD: 0.143914
                      Watt: 0.00173494
--------------------------------------------------

-------------------------------- Income or Consumption share by deciles (%) -------------------------------------
     3.4434     5.5942     6.6673     7.5282     8.3606      9.341     10.613      12.18     14.432      21.84
-----------------------------------------------------------------------------------------------------------------


