

**********************************************************************************************
**                                   Basic Information                                      **
**********************************************************************************************

----------------- Dataset Information -----------------
                         Country: Norway
                    Country dode: NOR
                       Data Year: 2005
                        Coverage: National
             Welfare measurement: Income
                     Data format: Unit record
                     Data source: NOR_N2005Y
                  Data time span: UnDefined
-------------------------------------------------------


----------- Distribution ------------
   i           P           L 
-------------------------------------
   0    0.010002   -0.010982
   1    0.020011  -0.0088049
   2     0.03008  -0.0060045
   3    0.040057  -0.0027279
   4    0.050124  0.00099282
   5    0.060051    0.004945
   6    0.070036   0.0091182
   7    0.080081    0.013544
   8    0.090222    0.018207
   9     0.10003    0.022894
  10     0.11011    0.027907
  11     0.12018    0.033045
  12     0.13019     0.03828
  13      0.1401    0.043582
  14     0.15009    0.049071
  15     0.16025    0.054754
  16     0.17017    0.060405
  17     0.18007    0.066139
  18      0.1901    0.072022
  19     0.20002    0.077938
  20     0.21011    0.084068
  21     0.22022    0.090293
  22     0.23017     0.09649
  23     0.24016     0.10279
  24     0.25027     0.10926
  25     0.26017     0.11567
  26     0.27009     0.12217
  27     0.28003     0.12877
  28     0.29015     0.13559
  29     0.30001     0.14229
  30     0.31022     0.14932
  31     0.32004     0.15616
  32     0.33003      0.1632
  33      0.3402     0.17043
  34     0.35009     0.17752
  35     0.36007     0.18475
  36     0.37017     0.19215
  37     0.38011     0.19951
  38     0.39002     0.20692
  39     0.40014     0.21457
  40     0.41011     0.22219
  41     0.42013     0.22992
  42     0.43002     0.23764
  43     0.44005     0.24556
  44     0.45004     0.25353
  45     0.46011     0.26165
  46     0.47007     0.26974
  47     0.48007     0.27794
  48     0.49001     0.28617
  49     0.50014     0.29463
  50        0.51     0.30294
  51     0.52006     0.31151
  52     0.53006     0.32013
  53     0.54017     0.32894
  54     0.55015     0.33773
  55     0.56006     0.34655
  56     0.57008     0.35554
  57     0.58026     0.36478
  58     0.59007     0.37376
  59     0.60006     0.38301
  60     0.61012     0.39249
  61     0.62001     0.40192
  62     0.63009     0.41164
  63     0.64013     0.42145
  64     0.65001     0.43124
  65     0.66004     0.44131
  66      0.6701     0.45154
  67     0.68018     0.46195
  68     0.69008     0.47228
  69     0.70003     0.48281
  70      0.7101      0.4936
  71     0.72016     0.50453
  72     0.73014     0.51553
  73     0.74001     0.52656
  74     0.75012     0.53804
  75     0.76004     0.54947
  76     0.77006     0.56121
  77     0.78001     0.57306
  78      0.7902     0.58538
  79     0.80011     0.59756
  80     0.81009     0.61006
  81     0.82004     0.62272
  82     0.83013     0.63581
  83     0.84005     0.64893
  84     0.85009     0.66245
  85     0.86014     0.67618
  86     0.87011     0.69002
  87     0.88006     0.70415
  88     0.89003     0.71859
  89     0.90007     0.73349
  90     0.91001     0.74873
  91     0.92012      0.7647
  92     0.93007     0.78091
  93     0.94003     0.79769
  94     0.95005     0.81541
  95     0.96004     0.83419
  96     0.97006     0.85449
  97     0.98003     0.87663
  98     0.99005     0.90354
  99           1           1
-----------------------------------------

----------------- PPP$ and local currency --------------
         PPP used in computation: 9.7972
     Data mean in local currency: 14415.5
               Data mean in PPP$: 1667.9
        Poverty line in PPP$/Day: 1.9
      Poverty line in PPP$/Month: 57.7917
  Poverty line in local currency: 499.487
-------------------------------------------------------

----------------- Estimation result --------------
     Number of observation: 5758
          Total population: 1
              Total wealth: 1471.39(PPP$)
                   Minimum: -49475(PPP$)
                   Maximum: 167100(PPP$)
             Headcount(HC): 0.0039835
          Poverty gap (PG): 0.340067
       Poverty gap squared: 188.589
                      Gini: 0.322709
                    Median: 1398.5
                       MLD: 0.191034
                      Watt: 0.00470063
--------------------------------------------------

-------------------------------- Income or Consumption share by deciles (%) -------------------------------------
     2.2881     5.5045     6.4365     7.2176      8.005     8.8438     9.9816     11.466     13.596     26.661
-----------------------------------------------------------------------------------------------------------------


