

**********************************************************************************************
**                                   Basic Information                                      **
**********************************************************************************************

----------------- Dataset Information -----------------
                         Country: Nepal
                    Country dode: NPL
                       Data Year: 2010
                        Coverage: National
             Welfare measurement: Consumption
                     Data format: Unit record
                     Data source: NPL_N2010X
                  Data time span: UnDefined
-------------------------------------------------------


----------- Distribution ------------
   i           P           L 
-------------------------------------
   0    0.010137   0.0021322
   1    0.020203   0.0048533
   2    0.030007   0.0079066
   3    0.040019    0.011313
   4    0.050093    0.014907
   5    0.060122    0.018644
   6    0.070316    0.022626
   7    0.080104    0.026614
   8    0.090023    0.030749
   9      0.1001     0.03507
  10     0.11007    0.039453
  11     0.12006    0.043939
  12     0.13014    0.048577
  13     0.14012    0.053282
  14     0.15001    0.058034
  15     0.16022    0.063028
  16     0.17001    0.067902
  17     0.18071    0.073302
  18     0.19019    0.078141
  19     0.20008    0.083247
  20     0.21016    0.088529
  21     0.22014    0.093838
  22     0.23013    0.099221
  23     0.24014     0.10471
  24     0.25022     0.11034
  25     0.26045     0.11614
  26     0.27017     0.12172
  27     0.28017     0.12754
  28     0.29017     0.13346
  29     0.30004     0.13937
  30     0.31029      0.1456
  31     0.32004      0.1516
  32     0.33019     0.15795
  33     0.34007     0.16421
  34     0.35006     0.17066
  35     0.36016     0.17725
  36     0.37004     0.18381
  37     0.38003     0.19057
  38      0.3903     0.19764
  39     0.40021     0.20455
  40     0.41012     0.21157
  41     0.42018      0.2188
  42     0.43003     0.22598
  43     0.44023     0.23352
  44     0.45003     0.24089
  45     0.46002     0.24851
  46     0.47002     0.25622
  47     0.48031     0.26427
  48     0.49002     0.27197
  49     0.50006     0.28003
  50     0.51001     0.28813
  51     0.52005     0.29639
  52     0.53002     0.30468
  53     0.54012     0.31322
  54     0.55007     0.32173
  55     0.56004      0.3304
  56     0.57017     0.33934
  57     0.58003     0.34817
  58      0.5902     0.35741
  59     0.60002     0.36646
  60     0.61005     0.37583
  61      0.6201     0.38537
  62     0.63006     0.39494
  63     0.64012     0.40476
  64     0.65003     0.41458
  65     0.66003     0.42466
  66     0.67002     0.43486
  67     0.68023     0.44547
  68     0.69013     0.45592
  69     0.70005     0.46655
  70     0.71001      0.4774
  71     0.72022     0.48873
  72     0.73024     0.50001
  73     0.74012     0.51137
  74      0.7501     0.52303
  75     0.76003     0.53486
  76     0.77009     0.54706
  77     0.78002     0.55935
  78      0.7901     0.57209
  79     0.80002     0.58494
  80      0.8101     0.59826
  81      0.8201     0.61182
  82     0.83015     0.62577
  83     0.84008     0.63997
  84     0.85009     0.65477
  85     0.86007     0.66995
  86     0.87004     0.68563
  87     0.88015     0.70203
  88     0.89003     0.71861
  89     0.90026     0.73635
  90     0.91004     0.75398
  91      0.9201     0.77296
  92     0.93001     0.79252
  93     0.94007     0.81333
  94     0.95023     0.83575
  95     0.96035     0.85949
  96     0.97028     0.88469
  97     0.98008     0.91307
  98        0.99     0.94722
  99           1           1
-----------------------------------------

----------------- PPP$ and local currency --------------
         PPP used in computation: 25.7593
     Data mean in local currency: 2849.68
               Data mean in PPP$: 119.009
        Poverty line in PPP$/Day: 1.9
      Poverty line in PPP$/Month: 57.7917
  Poverty line in local currency: 1383.83
-------------------------------------------------------

----------------- Estimation result --------------
     Number of observation: 5987
          Total population: 2.80237E+07
              Total wealth: 3.10019E+09(PPP$)
                   Minimum: 14.8765(PPP$)
                   Maximum: 1844.26(PPP$)
             Headcount(HC): 0.149888
          Poverty gap (PG): 0.0305075
       Poverty gap squared: 0.00986733
                      Gini: 0.328406
                    Median: 96.2487
                       MLD: 0.175316
                      Watt: 0.0376208
--------------------------------------------------

-------------------------------- Income or Consumption share by deciles (%) -------------------------------------
     3.5026     4.8181     5.6142     6.5052     7.5582     8.6455     10.005     11.842     15.099      26.41
-----------------------------------------------------------------------------------------------------------------


