

**********************************************************************************************
**                                   Basic Information                                      **
**********************************************************************************************

----------------- Dataset Information -----------------
                         Country: Nepal
                    Country dode: NPL
                       Data Year: 1995
                        Coverage: National
             Welfare measurement: Consumption
                     Data format: Unit record
                     Data source: NPL_N1995X
                  Data time span: UnDefined
-------------------------------------------------------


----------- Distribution ------------
   i           P           L 
-------------------------------------
   0     0.01005   0.0019682
   1     0.02025   0.0046321
   2    0.030148   0.0075671
   3    0.040275    0.010745
   4    0.050007    0.013962
   5    0.060149    0.017464
   6    0.070348    0.021133
   7    0.080741       0.025
   8    0.090153    0.028588
   9     0.10001    0.032466
  10     0.11009    0.036564
  11     0.12032    0.040839
  12     0.13039    0.045139
  13      0.1402    0.049449
  14     0.15012    0.053937
  15     0.16031    0.058659
  16     0.17002    0.063259
  17     0.18024    0.068225
  18     0.19007    0.073095
  19     0.20003    0.078126
  20     0.21033    0.083419
  21     0.22036    0.088646
  22     0.23022     0.09388
  23     0.24024    0.099289
  24      0.2501      0.1047
  25     0.26001     0.11022
  26      0.2704     0.11613
  27     0.28027     0.12183
  28     0.29019     0.12763
  29     0.30011     0.13353
  30     0.31039     0.13973
  31     0.32026     0.14576
  32     0.33048     0.15208
  33     0.34004     0.15808
  34        0.35     0.16441
  35     0.36045     0.17116
  36     0.37008     0.17745
  37     0.38098     0.18465
  38      0.3905       0.191
  39     0.40004     0.19746
  40     0.41004      0.2043
  41     0.42013     0.21132
  42     0.43064     0.21876
  43      0.4403     0.22569
  44     0.45039     0.23303
  45     0.46032     0.24034
  46     0.47019     0.24768
  47     0.48001     0.25508
  48     0.49018     0.26284
  49     0.50029     0.27066
  50     0.51032     0.27849
  51     0.52032     0.28642
  52     0.53001     0.29418
  53     0.54024     0.30244
  54     0.55006     0.31048
  55     0.56032     0.31899
  56      0.5701     0.32725
  57      0.5801     0.33584
  58      0.5901     0.34455
  59     0.60246     0.35545
  60     0.61014     0.36234
  61     0.62039     0.37164
  62     0.63014      0.3806
  63     0.64017     0.38993
  64     0.65032     0.39953
  65     0.66004     0.40886
  66     0.67031     0.41891
  67     0.68029     0.42881
  68      0.6901      0.4387
  69     0.70002     0.44893
  70     0.71008     0.45954
  71      0.7205     0.47073
  72     0.73035     0.48146
  73      0.7404     0.49257
  74      0.7502     0.50359
  75     0.76015     0.51506
  76     0.77032     0.52704
  77     0.78052     0.53928
  78     0.79004     0.55095
  79     0.80028     0.56379
  80     0.81018     0.57654
  81     0.82004     0.58954
  82      0.8305      0.6037
  83     0.84013     0.61708
  84     0.85013     0.63138
  85     0.86008     0.64615
  86     0.87024     0.66169
  87     0.88014     0.67721
  88     0.89016     0.69339
  89      0.9001     0.71021
  90     0.91115     0.73004
  91     0.92024     0.74724
  92     0.93032     0.76732
  93     0.94013     0.78782
  94     0.95021     0.81022
  95     0.96021       0.834
  96     0.97007     0.85984
  97     0.98003     0.89057
  98     0.99016     0.92933
  99           1           1
-----------------------------------------

----------------- PPP$ and local currency --------------
         PPP used in computation: 25.7593
     Data mean in local currency: 607.051
               Data mean in PPP$: 63.501
        Poverty line in PPP$/Day: 1.9
      Poverty line in PPP$/Month: 57.7917
  Poverty line in local currency: 552.471
-------------------------------------------------------

----------------- Estimation result --------------
     Number of observation: 3340
          Total population: 2.06443E+07
              Total wealth: 4.8651E+08(PPP$)
                   Minimum: 2.92403(PPP$)
                   Maximum: 645.393(PPP$)
             Headcount(HC): 0.618956
          Poverty gap (PG): 0.212044
       Poverty gap squared: 0.0960441
                      Gini: 0.35207
                    Median: 49.3464
                       MLD: 0.204793
                      Watt: 0.291292
--------------------------------------------------

-------------------------------- Income or Consumption share by deciles (%) -------------------------------------
     3.2461      4.565     5.5351     6.3967     7.3006     8.2846     9.5629     11.453     14.659     28.996
-----------------------------------------------------------------------------------------------------------------


