

**********************************************************************************************
**                                   Basic Information                                      **
**********************************************************************************************

----------------- Dataset Information -----------------
                         Country: Nepal
                    Country dode: NPL
                       Data Year: 2003
                        Coverage: National
             Welfare measurement: Consumption
                     Data format: Unit record
                     Data source: NPL_N2003X
                  Data time span: UnDefined
-------------------------------------------------------


----------- Distribution ------------
   i           P           L 
-------------------------------------
   0    0.010214   0.0018627
   1    0.020061   0.0039931
   2    0.030512   0.0064712
   3    0.040178   0.0089504
   4    0.050285    0.011712
   5    0.060157    0.014547
   6    0.070362    0.017605
   7    0.080318    0.020704
   8    0.090484    0.023951
   9      0.1002    0.027151
  10     0.11028    0.030536
  11      0.1202    0.033949
  12      0.1302    0.037491
  13     0.14008    0.041092
  14     0.15013    0.044829
  15     0.16023     0.04866
  16     0.17014    0.052496
  17     0.18019     0.05648
  18     0.19017    0.060524
  19     0.20017     0.06465
  20     0.21006    0.068815
  21     0.22061    0.073322
  22     0.23046    0.077591
  23     0.24015    0.081845
  24     0.25031    0.086368
  25     0.26028    0.090862
  26     0.27009    0.095358
  27     0.28009     0.10002
  28     0.29016     0.10478
  29     0.30006     0.10955
  30     0.31027     0.11451
  31     0.32011     0.11937
  32     0.33024     0.12444
  33      0.3403     0.12956
  34     0.35017     0.13466
  35     0.36002     0.13983
  36     0.37022      0.1453
  37     0.38009     0.15068
  38     0.39041     0.15639
  39     0.40026     0.16193
  40     0.41028     0.16764
  41     0.42005     0.17332
  42     0.43013     0.17927
  43     0.44019     0.18531
  44     0.45034      0.1915
  45     0.46009     0.19753
  46     0.47004      0.2038
  47     0.48022     0.21032
  48     0.49004     0.21671
  49     0.50021     0.22344
  50     0.51017     0.23015
  51     0.52034     0.23707
  52     0.53018     0.24389
  53     0.54015     0.25093
  54     0.55004     0.25805
  55      0.5601     0.26539
  56      0.5702      0.2729
  57     0.58004     0.28035
  58     0.59017     0.28812
  59     0.60001     0.29581
  60     0.61026     0.30398
  61     0.62007     0.31193
  62     0.63032     0.32038
  63     0.64011     0.32865
  64     0.65033     0.33742
  65     0.66017     0.34603
  66     0.67017     0.35494
  67     0.68022     0.36408
  68     0.69011     0.37322
  69     0.70021     0.38272
  70     0.71042     0.39253
  71     0.72016     0.40206
  72     0.73029     0.41217
  73     0.74007     0.42212
  74     0.75007      0.4325
  75     0.76019     0.44318
  76     0.77032     0.45417
  77     0.78029     0.46523
  78     0.79034     0.47669
  79     0.80014     0.48818
  80     0.81001     0.50003
  81     0.82014     0.51259
  82     0.83001     0.52524
  83     0.84028      0.5389
  84     0.85013     0.55241
  85     0.86039     0.56708
  86     0.87022      0.5817
  87     0.88008     0.59708
  88     0.89018     0.61375
  89     0.90001     0.63116
  90     0.91019     0.65047
  91      0.9202     0.67055
  92     0.93023     0.69229
  93     0.94016     0.71554
  94     0.95001     0.74099
  95     0.96002      0.7696
  96     0.97045     0.80283
  97     0.98009     0.83933
  98     0.99012      0.8925
  99           1           1
-----------------------------------------

----------------- PPP$ and local currency --------------
         PPP used in computation: 25.7593
     Data mean in local currency: 1320.9
               Data mean in PPP$: 92.2226
        Poverty line in PPP$/Day: 1.9
      Poverty line in PPP$/Month: 57.7917
  Poverty line in local currency: 827.749
-------------------------------------------------------

----------------- Estimation result --------------
     Number of observation: 3910
          Total population: 2.5105E+07
              Total wealth: 1.28735E+09(PPP$)
                   Minimum: 6.45923(PPP$)
                   Maximum: 2975.33(PPP$)
             Headcount(HC): 0.461231
          Poverty gap (PG): 0.144874
       Poverty gap squared: 0.06027
                      Gini: 0.437681
                    Median: 61.5836
                       MLD: 0.317056
                      Watt: 0.191827
--------------------------------------------------

-------------------------------- Income or Consumption share by deciles (%) -------------------------------------
     2.7086     3.7495     4.4938     5.2263     6.1518     7.2501      8.672      10.55     14.313     36.885
-----------------------------------------------------------------------------------------------------------------


