

**********************************************************************************************
**                                   Basic Information                                      **
**********************************************************************************************

----------------- Dataset Information -----------------
                         Country: Pakistan
                    Country dode: PAK
                       Data Year: 1996
                        Coverage: National
             Welfare measurement: Consumption
                     Data format: Unit record
                     Data source: PAK_N1996X
                  Data time span: UnDefined
-------------------------------------------------------


----------- Distribution ------------
   i           P           L 
-------------------------------------
   0    0.010107   0.0031679
   1     0.02007    0.006883
   2    0.030025    0.010896
   3    0.040013    0.015152
   4    0.051229    0.020123
   5        0.06     0.02414
   6    0.070009    0.028846
   7    0.080023     0.03369
   8    0.090012    0.038632
   9     0.10009    0.043733
  10     0.11009    0.048901
  11     0.12003    0.054145
  12     0.13019    0.059608
  13     0.14005    0.064996
  14     0.15009    0.070565
  15     0.16001    0.076155
  16     0.17005    0.081896
  17     0.18005    0.087682
  18     0.19027    0.093674
  19     0.20013     0.09954
  20     0.21001     0.10549
  21     0.22003      0.1116
  22        0.23     0.11775
  23     0.24002     0.12401
  24     0.25021     0.13046
  25     0.26004     0.13675
  26     0.27016      0.1433
  27     0.28002     0.14977
  28        0.29     0.15639
  29     0.30036     0.16333
  30     0.31012     0.16992
  31     0.32005     0.17669
  32     0.33021     0.18369
  33     0.34012     0.19059
  34     0.35012     0.19763
  35     0.36001     0.20467
  36     0.37001     0.21187
  37     0.38012     0.21921
  38     0.39006      0.2265
  39     0.40033     0.23411
  40     0.41004     0.24137
  41     0.42007     0.24895
  42     0.43005     0.25657
  43     0.44005     0.26429
  44     0.45015     0.27216
  45     0.46049     0.28031
  46     0.47006     0.28793
  47     0.48007     0.29598
  48     0.49003     0.30408
  49     0.50032     0.31254
  50     0.51009     0.32066
  51        0.52     0.32898
  52     0.53021     0.33763
  53     0.54009     0.34608
  54     0.55001     0.35465
  55     0.56003     0.36339
  56        0.57      0.3722
  57     0.58008     0.38122
  58     0.59006     0.39025
  59     0.60001     0.39934
  60     0.61001     0.40858
  61     0.62016     0.41808
  62     0.63001     0.42739
  63     0.64002     0.43698
  64     0.65002      0.4467
  65     0.66001     0.45655
  66     0.67004     0.46657
  67     0.68007     0.47669
  68     0.69004      0.4869
  69     0.70011     0.49733
  70     0.71001     0.50773
  71     0.72012     0.51852
  72     0.73006     0.52928
  73     0.74001     0.54022
  74     0.75026     0.55165
  75     0.76002     0.56271
  76     0.77001     0.57424
  77     0.78002     0.58598
  78     0.79002     0.59793
  79     0.80002     0.61009
  80     0.81009     0.62256
  81     0.82004     0.63513
  82     0.83003     0.64803
  83     0.84007      0.6613
  84     0.85006     0.67481
  85     0.86003     0.68865
  86     0.87003     0.70291
  87     0.88005     0.71758
  88     0.89003     0.73262
  89     0.90008     0.74824
  90     0.91002     0.76429
  91     0.92002     0.78103
  92     0.93002     0.79851
  93     0.94015     0.81708
  94     0.95001     0.83618
  95     0.96003     0.85697
  96     0.97007      0.8802
  97     0.98003     0.90658
  98     0.99002     0.93814
  99           1           1
-----------------------------------------

----------------- PPP$ and local currency --------------
         PPP used in computation: 25.4143
     Data mean in local currency: 818.529
               Data mean in PPP$: 101.87
        Poverty line in PPP$/Day: 1.9
      Poverty line in PPP$/Month: 57.7917
  Poverty line in local currency: 464.356
-------------------------------------------------------

----------------- Estimation result --------------
     Number of observation: 14408
          Total population: 1
              Total wealth: 32.2075(PPP$)
                   Minimum: 6.3189(PPP$)
                   Maximum: 4344.12(PPP$)
             Headcount(HC): 0.15921
          Poverty gap (PG): 0.0257713
       Poverty gap squared: 0.006527
                      Gini: 0.286653
                    Median: 84.2078
                       MLD: 0.137155
                      Watt: 0.030025
--------------------------------------------------

-------------------------------- Income or Consumption share by deciles (%) -------------------------------------
     4.3685      5.578     6.3625     7.0771     7.8418     8.7046     9.7893     11.284     13.805     25.189
-----------------------------------------------------------------------------------------------------------------


