

**********************************************************************************************
**                                   Basic Information                                      **
**********************************************************************************************

----------------- Dataset Information -----------------
                         Country: Pakistan
                    Country dode: PAK
                       Data Year: 2007
                        Coverage: National
             Welfare measurement: Consumption
                     Data format: Unit record
                     Data source: PAK_N2007X
                  Data time span: UnDefined
-------------------------------------------------------


----------- Distribution ------------
   i           P           L 
-------------------------------------
   0    0.010047   0.0029523
   1    0.020021   0.0063528
   2     0.03008    0.010017
   3    0.040059    0.013844
   4    0.050044    0.017838
   5    0.060054    0.021988
   6    0.070002    0.026238
   7    0.080181    0.030726
   8     0.09022    0.035278
   9      0.1001    0.039864
  10     0.11001    0.044562
  11      0.1201     0.04945
  12     0.13012    0.054399
  13     0.14004    0.059387
  14     0.15007     0.06449
  15      0.1601    0.069678
  16     0.17001    0.074896
  17     0.18005    0.080258
  18        0.19     0.08567
  19         0.2    0.091191
  20     0.21002    0.096816
  21     0.22001      0.1025
  22     0.23006     0.10828
  23     0.24006     0.11412
  24     0.25024     0.12014
  25     0.26005       0.126
  26     0.27001     0.13202
  27     0.28008     0.13818
  28     0.29001     0.14431
  29     0.30001     0.15058
  30     0.31011     0.15698
  31     0.32008     0.16335
  32     0.33018     0.16989
  33     0.34012     0.17641
  34        0.35     0.18298
  35      0.3601     0.18976
  36     0.37001     0.19649
  37     0.38003     0.20338
  38     0.39002     0.21032
  39     0.40012     0.21741
  40     0.41003     0.22446
  41     0.42002     0.23165
  42     0.43002     0.23894
  43     0.44055      0.2467
  44     0.45005     0.25377
  45      0.4601     0.26133
  46     0.47014     0.26896
  47     0.48005     0.27657
  48     0.49004     0.28432
  49     0.50016     0.29225
  50     0.51004     0.30008
  51     0.52011     0.30817
  52     0.53006     0.31623
  53     0.54003     0.32442
  54     0.55001     0.33274
  55     0.56004      0.3412
  56     0.57005     0.34976
  57     0.58006     0.35844
  58     0.59001     0.36719
  59     0.60011     0.37619
  60     0.61005     0.38515
  61     0.62019     0.39441
  62     0.63002     0.40351
  63     0.64003     0.41288
  64     0.65009     0.42242
  65     0.66003     0.43196
  66     0.67016     0.44182
  67     0.68007     0.45161
  68     0.69001     0.46163
  69     0.70019     0.47206
  70        0.71     0.48228
  71     0.72001     0.49288
  72     0.73006      0.5037
  73     0.74003     0.51463
  74     0.75004     0.52582
  75     0.76005     0.53721
  76      0.7701     0.54885
  77     0.78006     0.56062
  78     0.79031     0.57295
  79     0.80013     0.58501
  80     0.81009     0.59748
  81     0.82002     0.61022
  82     0.83001     0.62342
  83      0.8401      0.6371
  84     0.85025     0.65121
  85     0.86001     0.66515
  86     0.87001     0.67989
  87     0.88002     0.69516
  88     0.89002     0.71098
  89     0.90003     0.72753
  90     0.91065     0.74582
  91        0.92     0.76259
  92     0.93002     0.78133
  93     0.94001     0.80103
  94     0.95001     0.82214
  95        0.96     0.84506
  96     0.97007     0.87089
  97        0.98     0.89976
  98     0.99004     0.93574
  99           1           1
-----------------------------------------

----------------- PPP$ and local currency --------------
         PPP used in computation: 25.4143
     Data mean in local currency: 1860.14
               Data mean in PPP$: 115.78
        Poverty line in PPP$/Day: 1.9
      Poverty line in PPP$/Month: 57.7917
  Poverty line in local currency: 928.488
-------------------------------------------------------

----------------- Estimation result --------------
     Number of observation: 15497
          Total population: 1.31276E+08
              Total wealth: 9.60848E+09(PPP$)
                   Minimum: 12.4134(PPP$)
                   Maximum: 3382.1(PPP$)
             Headcount(HC): 0.131299
          Poverty gap (PG): 0.021141
       Poverty gap squared: 0.00520735
                      Gini: 0.318417
                    Median: 91.2456
                       MLD: 0.165555
                      Watt: 0.0244711
--------------------------------------------------

-------------------------------- Income or Consumption share by deciles (%) -------------------------------------
     3.9818     5.1372     5.9379     6.6763     7.4792     8.3965     9.5778     11.298     14.263     27.252
-----------------------------------------------------------------------------------------------------------------


