

**********************************************************************************************
**                                   Basic Information                                      **
**********************************************************************************************

----------------- Dataset Information -----------------
                         Country: Pakistan
                    Country dode: PAK
                       Data Year: 2005
                        Coverage: National
             Welfare measurement: Consumption
                     Data format: Unit record
                     Data source: PAK_N2005X
                  Data time span: UnDefined
-------------------------------------------------------


----------- Distribution ------------
   i           P           L 
-------------------------------------
   0     0.01008   0.0028179
   1     0.02004   0.0061459
   2    0.030069   0.0097907
   3    0.040107    0.013639
   4    0.050032    0.017613
   5    0.060096    0.021788
   6    0.070276     0.02613
   7    0.080131    0.030442
   8    0.090089    0.034907
   9     0.10004    0.039472
  10     0.11003    0.044163
  11     0.12005    0.048961
  12     0.13007    0.053855
  13     0.14001     0.05879
  14     0.15005    0.063857
  15     0.16009     0.06901
  16     0.17005     0.07419
  17     0.18011    0.079493
  18     0.19002    0.084789
  19     0.20001    0.090191
  20     0.21002    0.095684
  21     0.22001     0.10125
  22     0.23003     0.10692
  23     0.24004     0.11266
  24     0.25005      0.1185
  25     0.26004     0.12439
  26     0.27001     0.13034
  27     0.28011     0.13645
  28     0.29002     0.14252
  29     0.30009     0.14877
  30     0.31011     0.15507
  31     0.32007      0.1614
  32     0.33006     0.16782
  33     0.34001     0.17429
  34        0.35     0.18086
  35      0.3601     0.18758
  36     0.37003     0.19426
  37     0.38001     0.20105
  38     0.39002     0.20795
  39     0.40011     0.21496
  40     0.41002     0.22193
  41     0.42001     0.22903
  42     0.43002     0.23622
  43     0.44002     0.24348
  44     0.45002     0.25082
  45     0.46002     0.25826
  46     0.47002     0.26578
  47     0.48013     0.27347
  48     0.49002     0.28107
  49         0.5     0.28882
  50     0.51003     0.29668
  51     0.52001     0.30459
  52     0.53004     0.31265
  53     0.54001     0.32074
  54      0.5501     0.32904
  55     0.56001     0.33728
  56        0.57     0.34569
  57     0.58007     0.35427
  58     0.59003     0.36288
  59     0.60013     0.37172
  60     0.61004     0.38052
  61     0.62007     0.38956
  62     0.63013     0.39876
  63     0.64004     0.40796
  64     0.65006      0.4174
  65     0.66007     0.42695
  66     0.67007     0.43661
  67     0.68032     0.44665
  68     0.69002      0.4563
  69     0.70005     0.46643
  70     0.71003     0.47665
  71      0.7201     0.48712
  72     0.73003      0.4976
  73     0.74006     0.50833
  74     0.75013     0.51929
  75        0.76     0.53024
  76     0.77001     0.54156
  77      0.7801     0.55318
  78     0.79007     0.56494
  79     0.80015      0.5771
  80     0.81003     0.58927
  81     0.82002     0.60188
  82     0.83005     0.61477
  83        0.84     0.62787
  84     0.85003     0.64142
  85     0.86005     0.65532
  86     0.87002     0.66959
  87     0.88005     0.68446
  88     0.89004     0.69989
  89     0.90007     0.71599
  90     0.91001     0.73253
  91        0.92      0.7499
  92     0.93007     0.76848
  93     0.94001     0.78801
  94     0.95002     0.80915
  95     0.96002     0.83223
  96     0.97001     0.85792
  97     0.98021     0.88857
  98     0.99003     0.92663
  99           1           1
-----------------------------------------

----------------- PPP$ and local currency --------------
         PPP used in computation: 25.4143
     Data mean in local currency: 1452.91
               Data mean in PPP$: 111.258
        Poverty line in PPP$/Day: 1.9
      Poverty line in PPP$/Month: 57.7917
  Poverty line in local currency: 754.7
-------------------------------------------------------

----------------- Estimation result --------------
     Number of observation: 15425
          Total population: 1.3156E+08
              Total wealth: 7.52121E+09(PPP$)
                   Minimum: 11.952(PPP$)
                   Maximum: 2829.15(PPP$)
             Headcount(HC): 0.16481
          Poverty gap (PG): 0.0272537
       Poverty gap squared: 0.00709505
                      Gini: 0.327234
                    Median: 86.6925
                       MLD: 0.176754
                      Watt: 0.031905
--------------------------------------------------

-------------------------------- Income or Consumption share by deciles (%) -------------------------------------
     3.9454     5.0733     5.8527     6.6171     7.3931     8.2791     9.4774     11.054     13.895     28.413
-----------------------------------------------------------------------------------------------------------------


