

**********************************************************************************************
**                                   Basic Information                                      **
**********************************************************************************************

----------------- Dataset Information -----------------
                         Country: Pakistan
                    Country dode: PAK
                       Data Year: 2011
                        Coverage: National
             Welfare measurement: Consumption
                     Data format: Unit record
                     Data source: PAK_N2011X
                  Data time span: UnDefined
-------------------------------------------------------


----------- Distribution ------------
   i           P           L 
-------------------------------------
   0    0.010042   0.0029857
   1    0.020055   0.0065246
   2    0.030049    0.010305
   3    0.040158    0.014324
   4    0.050091    0.018424
   5    0.060014    0.022672
   6    0.070025    0.027079
   7    0.080046    0.031604
   8    0.090078    0.036259
   9     0.10001    0.040975
  10     0.11005    0.045837
  11     0.12003    0.050768
  12     0.13001    0.055799
  13     0.14006    0.060971
  14     0.15012    0.066232
  15     0.16001     0.07147
  16     0.17001    0.076855
  17     0.18007    0.082358
  18     0.19009     0.08792
  19     0.20001    0.093498
  20     0.21005    0.099225
  21     0.22004     0.10501
  22     0.23002     0.11086
  23     0.24001     0.11679
  24     0.25012     0.12286
  25     0.26002     0.12887
  26     0.27004     0.13503
  27     0.28002     0.14124
  28     0.29002     0.14755
  29     0.30006     0.15395
  30     0.31006     0.16041
  31     0.32008     0.16695
  32     0.33001     0.17353
  33        0.34     0.18021
  34        0.35     0.18697
  35     0.36003     0.19383
  36     0.37006     0.20078
  37     0.38001     0.20773
  38     0.39004     0.21483
  39     0.40003     0.22197
  40     0.41002     0.22919
  41     0.42009     0.23655
  42     0.43001     0.24388
  43     0.44002     0.25136
  44     0.45001     0.25889
  45     0.46005     0.26655
  46     0.47004     0.27426
  47     0.48009     0.28211
  48     0.49002     0.28996
  49     0.50001     0.29794
  50     0.51002     0.30604
  51     0.52002     0.31422
  52     0.53004     0.32252
  53     0.54011     0.33098
  54     0.55001     0.33938
  55     0.56008     0.34803
  56     0.57002     0.35666
  57     0.58002     0.36545
  58     0.59002     0.37434
  59     0.60003     0.38335
  60     0.61004     0.39248
  61     0.62012     0.40179
  62     0.63003     0.41108
  63     0.64002     0.42057
  64     0.65006     0.43023
  65     0.66003     0.43995
  66     0.67002     0.44984
  67     0.68003     0.45987
  68     0.69008     0.47009
  69     0.70002     0.48033
  70     0.71003      0.4908
  71     0.72001      0.5014
  72     0.73004     0.51222
  73     0.74005     0.52317
  74        0.75     0.53424
  75     0.76003     0.54556
  76     0.77002     0.55706
  77     0.78006     0.56883
  78     0.79007     0.58077
  79     0.80003     0.59289
  80     0.81005     0.60535
  81     0.82033     0.61842
  82     0.83003       0.631
  83     0.84003     0.64426
  84     0.85012     0.65799
  85     0.86007      0.6719
  86     0.87007     0.68626
  87     0.88004     0.70099
  88     0.89006     0.71633
  89         0.9     0.73214
  90     0.91006     0.74869
  91     0.92014     0.76602
  92     0.93002     0.78388
  93     0.94008     0.80317
  94        0.95     0.82366
  95     0.96005     0.84626
  96     0.97018     0.87138
  97        0.98     0.89948
  98        0.99     0.93453
  99           1           1
-----------------------------------------

----------------- PPP$ and local currency --------------
         PPP used in computation: 25.4143
     Data mean in local currency: 3365.16
               Data mean in PPP$: 126.296
        Poverty line in PPP$/Day: 1.9
      Poverty line in PPP$/Month: 57.7917
  Poverty line in local currency: 1539.86
-------------------------------------------------------

----------------- Estimation result --------------
     Number of observation: 15799
          Total population: 1.2935E+08
              Total wealth: 1.71275E+10(PPP$)
                   Minimum: 27.2623(PPP$)
                   Maximum: 6797.95(PPP$)
             Headcount(HC): 0.0793258
          Poverty gap (PG): 0.0109811
       Poverty gap squared: 0.00242757
                      Gini: 0.30934
                    Median: 101.566
                       MLD: 0.157524
                      Watt: 0.0125051
--------------------------------------------------

-------------------------------- Income or Consumption share by deciles (%) -------------------------------------
     4.0972     5.2522     6.0414     6.8038     7.5992      8.539     9.6985     11.255     13.927     26.786
-----------------------------------------------------------------------------------------------------------------


