

**********************************************************************************************
**                                   Basic Information                                      **
**********************************************************************************************

----------------- Dataset Information -----------------
                         Country: Pakistan
                    Country dode: PAK
                       Data Year: 1987
                        Coverage: National
             Welfare measurement: Consumption
                     Data format: Unit record
                     Data source: PAK_N1987X
                  Data time span: UnDefined
-------------------------------------------------------


----------- Distribution ------------
   i           P           L 
-------------------------------------
   0    0.010001   0.0021759
   1    0.020062   0.0049669
   2    0.030202   0.0081019
   3    0.040026    0.011364
   4    0.050007    0.014862
   5    0.060091    0.018583
   6    0.070359    0.022545
   7    0.080114    0.026439
   8    0.090267    0.030624
   9     0.10043    0.034942
  10     0.11021    0.039225
  11     0.12028    0.043756
  12     0.13058    0.048501
  13     0.14007    0.052974
  14     0.15072    0.058102
  15     0.16017    0.062737
  16     0.17038    0.067831
  17      0.1802    0.072817
  18     0.19054    0.078171
  19       0.201    0.083682
  20     0.21023    0.088618
  21      0.2203     0.09409
  22     0.23009    0.099499
  23     0.24003     0.10508
  24     0.25058      0.1111
  25     0.26014     0.11664
  26     0.27026     0.12259
  27     0.28011     0.12848
  28     0.29013     0.13455
  29     0.30016     0.14072
  30     0.31006     0.14688
  31     0.32018     0.15325
  32     0.33032     0.15973
  33     0.34024     0.16613
  34     0.35022     0.17267
  35     0.36036     0.17939
  36     0.37028     0.18606
  37     0.38041     0.19297
  38     0.39006     0.19963
  39     0.40031     0.20681
  40     0.41031      0.2139
  41     0.42015     0.22097
  42     0.43022     0.22828
  43     0.44031      0.2357
  44      0.4502     0.24305
  45      0.4602     0.25059
  46     0.47005     0.25808
  47     0.48036     0.26603
  48     0.49041     0.27387
  49     0.50018     0.28158
  50     0.51027     0.28964
  51     0.52005     0.29754
  52     0.53028     0.30591
  53     0.54005     0.31399
  54     0.55029     0.32259
  55     0.56014     0.33097
  56     0.57005     0.33951
  57     0.58017     0.34835
  58     0.59087     0.35781
  59     0.60016     0.36613
  60     0.61019     0.37523
  61     0.62004     0.38427
  62     0.63014      0.3937
  63      0.6401     0.40313
  64      0.6502     0.41284
  65     0.66009      0.4225
  66     0.67025     0.43258
  67     0.68023     0.44265
  68     0.69029     0.45296
  69     0.70013      0.4632
  70     0.71027     0.47394
  71     0.72044     0.48491
  72     0.73049     0.49597
  73     0.74001      0.5066
  74     0.75046      0.5185
  75      0.7602      0.5298
  76     0.77002     0.54141
  77     0.78008     0.55352
  78     0.79028     0.56608
  79     0.80003     0.57833
  80     0.81016     0.59133
  81     0.82003     0.60432
  82        0.83     0.61775
  83     0.84009     0.63169
  84      0.8503      0.6462
  85     0.86012     0.66056
  86     0.87004     0.67551
  87     0.88006     0.69102
  88     0.89007     0.70714
  89     0.90011     0.72397
  90     0.91005     0.74132
  91     0.92002     0.75957
  92     0.93025     0.77906
  93     0.94001     0.79866
  94     0.95005     0.82031
  95     0.96005     0.84383
  96     0.97001     0.87001
  97     0.98011     0.90115
  98     0.99002     0.93856
  99           1           1
-----------------------------------------

----------------- PPP$ and local currency --------------
         PPP used in computation: 25.4143
     Data mean in local currency: 197.016
               Data mean in PPP$: 62.2237
        Poverty line in PPP$/Day: 1.9
      Poverty line in PPP$/Month: 57.7917
  Poverty line in local currency: 182.983
-------------------------------------------------------

----------------- Estimation result --------------
     Number of observation: 4640
          Total population: 3.0407E+08
              Total wealth: 2.35721E+09(PPP$)
                   Minimum: 0.531177(PPP$)
                   Maximum: 159.097(PPP$)
             Headcount(HC): 0.621586
          Poverty gap (PG): 0.206298
       Poverty gap squared: 0.0904957
                      Gini: 0.333169
                    Median: 49.4255
                       MLD: 0.182172
                      Watt: 0.279448
--------------------------------------------------

-------------------------------- Income or Consumption share by deciles (%) -------------------------------------
      3.476     4.8394     5.7463     6.5972     7.4855     8.4547     9.7077     11.522     14.549     27.622
-----------------------------------------------------------------------------------------------------------------


