

**********************************************************************************************
**                                   Basic Information                                      **
**********************************************************************************************

----------------- Dataset Information -----------------
                         Country: Pakistan
                    Country dode: PAK
                       Data Year: 1990
                        Coverage: National
             Welfare measurement: Consumption
                     Data format: Unit record
                     Data source: PAK_N1990X
                  Data time span: UnDefined
-------------------------------------------------------


----------- Distribution ------------
   i           P           L 
-------------------------------------
   0    0.010007   0.0021738
   1    0.020031   0.0049168
   2    0.030024   0.0079305
   3    0.040075    0.011171
   4    0.050156    0.014587
   5     0.06007    0.018103
   6    0.070004    0.021787
   7    0.080036    0.025646
   8    0.090118    0.029659
   9     0.10018    0.033794
  10     0.11008    0.037984
  11     0.12012    0.042364
  12     0.13006    0.046825
  13        0.14    0.051393
  14     0.15013    0.056144
  15     0.16012    0.060906
  16     0.17012    0.065761
  17     0.18016    0.070741
  18     0.19017    0.075792
  19     0.20007    0.080884
  20     0.21023    0.086212
  21     0.22012    0.091502
  22     0.23022    0.096996
  23     0.24038     0.10262
  24     0.25008     0.10809
  25     0.26008      0.1138
  26     0.27046     0.11983
  27     0.28014     0.12553
  28     0.29003     0.13145
  29     0.30023     0.13764
  30     0.31024      0.1438
  31     0.32012     0.14999
  32     0.33007     0.15631
  33     0.34004     0.16274
  34        0.35     0.16927
  35     0.36007     0.17596
  36     0.37018     0.18276
  37     0.38015     0.18957
  38     0.39001      0.1964
  39     0.40026     0.20361
  40     0.41003     0.21057
  41     0.42048     0.21813
  42     0.43001     0.22511
  43      0.4401     0.23259
  44     0.45012     0.24012
  45     0.46021      0.2478
  46     0.47004     0.25537
  47     0.48029     0.26339
  48     0.49007     0.27116
  49     0.50003     0.27919
  50      0.5101     0.28746
  51     0.52006     0.29577
  52     0.53081     0.30486
  53     0.54024     0.31294
  54     0.55008     0.32146
  55     0.56031     0.33045
  56     0.57027     0.33929
  57      0.5801     0.34814
  58     0.59001     0.35716
  59     0.60019     0.36655
  60     0.61003     0.37579
  61     0.62003     0.38531
  62     0.63026     0.39515
  63     0.64006      0.4047
  64     0.65014     0.41462
  65     0.66013     0.42458
  66     0.67022      0.4348
  67     0.68012     0.44498
  68     0.69018     0.45545
  69     0.70065     0.46649
  70     0.71011     0.47663
  71     0.72004     0.48747
  72      0.7301     0.49864
  73     0.74001     0.50984
  74     0.75015     0.52155
  75     0.76011     0.53326
  76      0.7704     0.54558
  77     0.78029     0.55765
  78     0.79006     0.56976
  79     0.80002      0.5824
  80     0.81005     0.59549
  81     0.82001     0.60876
  82     0.83008     0.62254
  83     0.84035     0.63695
  84     0.85019     0.65111
  85     0.86011     0.66589
  86        0.87     0.68094
  87     0.88001     0.69652
  88     0.89005     0.71274
  89     0.90002     0.72948
  90     0.91017     0.74716
  91     0.92013     0.76547
  92     0.93031     0.78513
  93      0.9402     0.80521
  94     0.95024     0.82694
  95     0.96022     0.85025
  96     0.97022     0.87581
  97        0.98     0.90442
  98     0.99046     0.94316
  99           1           1
-----------------------------------------

----------------- PPP$ and local currency --------------
         PPP used in computation: 25.4143
     Data mean in local currency: 271.045
               Data mean in PPP$: 63.1548
        Poverty line in PPP$/Day: 1.9
      Poverty line in PPP$/Month: 57.7917
  Poverty line in local currency: 248.028
-------------------------------------------------------

----------------- Estimation result --------------
     Number of observation: 5973
          Total population: 1
              Total wealth: 10.6651(PPP$)
                   Minimum: 0.459191(PPP$)
                   Maximum: 199.635(PPP$)
             Headcount(HC): 0.589582
          Poverty gap (PG): 0.199702
       Poverty gap squared: 0.0898219
                      Gini: 0.332486
                    Median: 51.4498
                       MLD: 0.181616
                      Watt: 0.273063
--------------------------------------------------

-------------------------------- Income or Consumption share by deciles (%) -------------------------------------
     3.3719     4.7128     5.6654     6.5923     7.5743     8.7205     9.9433     11.658     14.707     27.055
-----------------------------------------------------------------------------------------------------------------


