

**********************************************************************************************
**                                   Basic Information                                      **
**********************************************************************************************

----------------- Dataset Information -----------------
                         Country: Pakistan
                    Country dode: PAK
                       Data Year: 2010
                        Coverage: National
             Welfare measurement: Consumption
                     Data format: Unit record
                     Data source: PAK_N2010X
                  Data time span: UnDefined
-------------------------------------------------------


----------- Distribution ------------
   i           P           L 
-------------------------------------
   0    0.010001   0.0030005
   1    0.020049   0.0065982
   2    0.030054    0.010456
   3    0.040176    0.014561
   4    0.050005    0.018742
   5    0.060102     0.02318
   6    0.070004    0.027664
   7    0.080089    0.032361
   8    0.090136     0.03716
   9     0.10005    0.042002
  10     0.11003    0.046957
  11     0.12001    0.052015
  12     0.13003    0.057183
  13     0.14001     0.06241
  14     0.15002     0.06774
  15     0.16002    0.073152
  16     0.17001    0.078631
  17     0.18001    0.084199
  18     0.19007    0.089872
  19     0.20003    0.095566
  20     0.21002     0.10136
  21     0.22011     0.10731
  22     0.23006     0.11325
  23     0.24001      0.1193
  24     0.25001     0.12545
  25     0.26007     0.13172
  26      0.2701     0.13805
  27     0.28002     0.14438
  28     0.29012     0.15091
  29     0.30003     0.15739
  30     0.31007     0.16403
  31     0.32003      0.1707
  32     0.33002     0.17746
  33     0.34001      0.1843
  34     0.35009     0.19128
  35        0.36     0.19821
  36     0.37004     0.20531
  37     0.38005     0.21247
  38     0.39002     0.21966
  39     0.40003     0.22697
  40     0.41003     0.23434
  41     0.42007     0.24182
  42     0.43003     0.24931
  43     0.44007     0.25695
  44     0.45005      0.2646
  45     0.46006      0.2724
  46     0.47008     0.28027
  47     0.48002     0.28816
  48     0.49016     0.29634
  49     0.50002     0.30437
  50     0.51005     0.31262
  51        0.52     0.32092
  52      0.5301     0.32943
  53     0.54002     0.33789
  54     0.55008     0.34657
  55     0.56004     0.35524
  56     0.57007     0.36407
  57     0.58002     0.37293
  58     0.59001     0.38196
  59     0.60003     0.39113
  60     0.61008     0.40044
  61     0.62005     0.40979
  62     0.63008     0.41932
  63     0.64006     0.42892
  64     0.65001     0.43863
  65     0.66002     0.44852
  66        0.67     0.45854
  67     0.68005     0.46875
  68     0.69001     0.47901
  69     0.70008     0.48954
  70     0.71009     0.50016
  71     0.72007     0.51089
  72     0.73002     0.52175
  73     0.74003     0.53284
  74     0.75008     0.54411
  75     0.76003     0.55545
  76     0.77007      0.5671
  77     0.78003     0.57884
  78     0.79007     0.59085
  79     0.80008     0.60308
  80     0.81006     0.61551
  81     0.82001     0.62815
  82     0.83001     0.64114
  83     0.84007     0.65453
  84     0.85014     0.66821
  85     0.86001     0.68191
  86     0.87005     0.69621
  87     0.88007     0.71095
  88     0.89009     0.72612
  89     0.90005     0.74168
  90     0.91005     0.75783
  91     0.92006     0.77463
  92     0.93002     0.79204
  93        0.94     0.81054
  94     0.95001     0.83034
  95        0.96      0.8516
  96     0.97002     0.87556
  97     0.98005      0.9036
  98     0.99005     0.93909
  99           1           1
-----------------------------------------

----------------- PPP$ and local currency --------------
         PPP used in computation: 25.4143
     Data mean in local currency: 2937.04
               Data mean in PPP$: 122.065
        Poverty line in PPP$/Day: 1.9
      Poverty line in PPP$/Month: 57.7917
  Poverty line in local currency: 1390.54
-------------------------------------------------------

----------------- Estimation result --------------
     Number of observation: 16315
          Total population: 1.30023E+08
              Total wealth: 1.50263E+10(PPP$)
                   Minimum: 19.8143(PPP$)
                   Maximum: 4435.63(PPP$)
             Headcount(HC): 0.0828069
          Poverty gap (PG): 0.0117457
       Poverty gap squared: 0.00273168
                      Gini: 0.298049
                    Median: 99.9559
                       MLD: 0.146292
                      Watt: 0.0134939
--------------------------------------------------

-------------------------------- Income or Consumption share by deciles (%) -------------------------------------
     4.1977      5.357      6.182     6.9581     7.7403     8.6748      9.836     11.353     13.861     25.841
-----------------------------------------------------------------------------------------------------------------


