

**********************************************************************************************
**                                   Basic Information                                      **
**********************************************************************************************

----------------- Dataset Information -----------------
                         Country: Pakistan
                    Country dode: PAK
                       Data Year: 2013
                        Coverage: National
             Welfare measurement: Consumption
                     Data format: Unit record
                     Data source: PAK_N2013X
                  Data time span: UnDefined
-------------------------------------------------------


----------- Distribution ------------
   i           P           L 
-------------------------------------
   0     0.01004   0.0028357
   1    0.020016   0.0062016
   2    0.030011   0.0098686
   3    0.040074    0.013789
   4    0.050017    0.017824
   5    0.060039    0.022044
   6    0.070027    0.026397
   7    0.080325     0.03101
   8        0.09    0.035443
   9     0.10001    0.040131
  10     0.11009    0.044949
  11     0.12001    0.049788
  12     0.13002    0.054754
  13     0.14007    0.059829
  14     0.15029    0.065111
  15     0.16002    0.070211
  16     0.17002    0.075544
  17     0.18007    0.080978
  18     0.19001    0.086434
  19     0.20003    0.092022
  20     0.21001    0.097672
  21      0.2204     0.10364
  22     0.23001     0.10923
  23     0.24002     0.11514
  24     0.25003     0.12114
  25     0.26011     0.12726
  26     0.27007      0.1334
  27     0.28001     0.13961
  28     0.29004     0.14595
  29     0.30008     0.15238
  30        0.31     0.15881
  31     0.32005     0.16541
  32     0.33011      0.1721
  33     0.34004     0.17878
  34     0.35008     0.18563
  35     0.36002     0.19248
  36     0.37035     0.19968
  37      0.3801     0.20656
  38     0.39005     0.21365
  39     0.40001     0.22085
  40     0.41004     0.22817
  41     0.42004     0.23557
  42     0.43001     0.24303
  43     0.44073     0.25116
  44     0.45009     0.25833
  45     0.46014     0.26611
  46        0.47     0.27384
  47        0.48     0.28178
  48     0.49001     0.28982
  49     0.50003     0.29796
  50     0.51001     0.30615
  51     0.52001     0.31444
  52     0.53007      0.3229
  53     0.54002     0.33134
  54     0.55003     0.33993
  55     0.56004     0.34864
  56     0.57005     0.35746
  57     0.58004     0.36635
  58     0.59003     0.37536
  59     0.60002     0.38449
  60     0.61019      0.3939
  61     0.62003     0.40313
  62     0.63006     0.41264
  63     0.64004     0.42222
  64     0.65006     0.43198
  65     0.66005     0.44183
  66     0.67001     0.45179
  67     0.68002     0.46196
  68     0.69001     0.47224
  69     0.70007     0.48275
  70     0.71014     0.49344
  71     0.72006     0.50413
  72     0.73001     0.51503
  73     0.74011     0.52627
  74     0.75007     0.53754
  75        0.76     0.54896
  76     0.77003      0.5607
  77     0.78003     0.57263
  78     0.79009     0.58488
  79     0.80007      0.5973
  80     0.81003     0.60995
  81     0.82004     0.62291
  82        0.83     0.63611
  83     0.84007     0.64974
  84     0.85003     0.66358
  85     0.86004     0.67789
  86     0.87003     0.69256
  87     0.88002     0.70771
  88     0.89004     0.72341
  89     0.90002     0.73957
  90     0.91001     0.75626
  91     0.92006      0.7737
  92        0.93      0.7918
  93     0.94004     0.81104
  94     0.95002     0.83129
  95     0.96006     0.85302
  96     0.97004     0.87683
  97     0.98001     0.90361
  98     0.99001     0.93663
  99           1           1
-----------------------------------------

----------------- PPP$ and local currency --------------
         PPP used in computation: 25.4143
     Data mean in local currency: 4183.77
               Data mean in PPP$: 134.532
        Poverty line in PPP$/Day: 1.9
      Poverty line in PPP$/Month: 57.7917
  Poverty line in local currency: 1797.24
-------------------------------------------------------

----------------- Estimation result --------------
     Number of observation: 17980
          Total population: 1.62847E+08
              Total wealth: 2.68084E+10(PPP$)
                   Minimum: 30.4806(PPP$)
                   Maximum: 4881(PPP$)
             Headcount(HC): 0.0606741
          Poverty gap (PG): 0.00872285
       Poverty gap squared: 0.00202635
                      Gini: 0.306898
                    Median: 109.85
                       MLD: 0.154776
                      Watt: 0.0100071
--------------------------------------------------

-------------------------------- Income or Consumption share by deciles (%) -------------------------------------
     4.0128     5.1876     6.0322     6.8512     7.7098     8.6536      9.821     11.453     14.233     26.047
-----------------------------------------------------------------------------------------------------------------


