

**********************************************************************************************
**                                   Basic Information                                      **
**********************************************************************************************

----------------- Dataset Information -----------------
                         Country: Pakistan
                    Country dode: PAK
                       Data Year: 1998
                        Coverage: National
             Welfare measurement: Consumption
                     Data format: Unit record
                     Data source: PAK_N1998X
                  Data time span: UnDefined
-------------------------------------------------------


----------- Distribution ------------
   i           P           L 
-------------------------------------
   0    0.010201   0.0024816
   1    0.020144   0.0055039
   2    0.030029   0.0088287
   3     0.04019    0.012482
   4    0.050136     0.01624
   5      0.0601    0.020172
   6    0.070072    0.024253
   7    0.080222    0.028545
   8    0.090151    0.032863
   9     0.10016    0.037317
  10     0.11011    0.041857
  11     0.12003    0.046502
  12     0.13008    0.051314
  13     0.14011    0.056208
  14     0.15005    0.061162
  15     0.16003    0.066221
  16     0.17011    0.071407
  17     0.18005    0.076612
  18     0.19027    0.082074
  19     0.20009    0.087398
  20     0.21007    0.092876
  21     0.22008     0.09844
  22     0.23018     0.10413
  23     0.24004     0.10975
  24     0.25006     0.11556
  25     0.26021     0.12152
  26     0.27022     0.12747
  27     0.28013     0.13343
  28     0.29051     0.13975
  29     0.30005     0.14563
  30     0.31004     0.15186
  31      0.3201     0.15821
  32     0.33002     0.16456
  33     0.34007     0.17108
  34     0.35004     0.17763
  35     0.36008     0.18429
  36     0.37001     0.19096
  37      0.3802     0.19788
  38     0.39014     0.20473
  39     0.40009     0.21167
  40     0.41003     0.21868
  41     0.42001      0.2258
  42     0.43001     0.23301
  43     0.44009     0.24037
  44     0.45003     0.24773
  45     0.46003     0.25521
  46      0.4704     0.26306
  47     0.48004     0.27045
  48     0.49001     0.27818
  49     0.50051     0.28642
  50     0.51011     0.29402
  51     0.52005       0.302
  52     0.53002      0.3101
  53     0.54002     0.31831
  54     0.55005     0.32665
  55     0.56005     0.33505
  56        0.57     0.34351
  57     0.58009     0.35219
  58     0.59001     0.36083
  59     0.60007      0.3697
  60        0.61     0.37857
  61     0.62016     0.38776
  62        0.63     0.39677
  63     0.64005     0.40608
  64      0.6501     0.41552
  65     0.66003     0.42499
  66     0.67008     0.43471
  67     0.68003     0.44447
  68     0.69021     0.45462
  69     0.70002     0.46455
  70     0.71004     0.47485
  71     0.72002     0.48529
  72      0.7301     0.49602
  73     0.74004     0.50679
  74     0.75008     0.51783
  75     0.76011     0.52904
  76     0.77006     0.54033
  77     0.78007     0.55191
  78     0.79003     0.56367
  79     0.80018      0.5759
  80     0.81008     0.58807
  81     0.82003     0.60058
  82     0.83005     0.61348
  83     0.84004     0.62664
  84     0.85005     0.64024
  85     0.86011     0.65439
  86     0.87003     0.66875
  87     0.88003     0.68369
  88        0.89     0.69914
  89     0.90003     0.71529
  90     0.91001     0.73201
  91     0.92007     0.74965
  92     0.93006     0.76811
  93     0.94003     0.78795
  94     0.95001     0.80942
  95     0.96002      0.8328
  96     0.97001     0.85864
  97        0.98     0.88864
  98     0.99001     0.92662
  99           1           1
-----------------------------------------

----------------- PPP$ and local currency --------------
         PPP used in computation: 25.4143
     Data mean in local currency: 930.445
               Data mean in PPP$: 101.344
        Poverty line in PPP$/Day: 1.9
      Poverty line in PPP$/Month: 57.7917
  Poverty line in local currency: 530.59
-------------------------------------------------------

----------------- Estimation result --------------
     Number of observation: 14644
          Total population: 1
              Total wealth: 36.6113(PPP$)
                   Minimum: 6.25554(PPP$)
                   Maximum: 1246.81(PPP$)
             Headcount(HC): 0.234434
          Poverty gap (PG): 0.0476001
       Poverty gap squared: 0.0149178
                      Gini: 0.331237
                    Median: 79.8827
                       MLD: 0.181921
                      Watt: 0.0580618
--------------------------------------------------

-------------------------------- Income or Consumption share by deciles (%) -------------------------------------
     3.7247     5.0103     5.8251      6.601     7.4401     8.3624     9.4895     11.115     13.956     28.476
-----------------------------------------------------------------------------------------------------------------


