

**********************************************************************************************
**                                   Basic Information                                      **
**********************************************************************************************

----------------- Dataset Information -----------------
                         Country: Pakistan
                    Country dode: PAK
                       Data Year: 2004
                        Coverage: National
             Welfare measurement: Consumption
                     Data format: Unit record
                     Data source: PAK_N2004X
                  Data time span: UnDefined
-------------------------------------------------------


----------- Distribution ------------
   i           P           L 
-------------------------------------
   0    0.010066   0.0023824
   1    0.020044   0.0054649
   2    0.030081   0.0088891
   3    0.040025    0.012527
   4    0.050096    0.016416
   5    0.060001    0.020405
   6    0.070021    0.024572
   7    0.080027    0.028854
   8    0.090039    0.033268
   9     0.10001    0.037777
  10     0.11019     0.04248
  11     0.12009    0.047153
  12     0.13002    0.051941
  13     0.14014    0.056911
  14     0.15006    0.061876
  15     0.16002    0.066945
  16     0.17007    0.072153
  17     0.18007    0.077429
  18     0.19004    0.082776
  19     0.20013    0.088268
  20        0.21    0.093712
  21     0.22012    0.099371
  22        0.23     0.10497
  23     0.24028     0.11087
  24     0.25003     0.11655
  25     0.26001     0.12245
  26     0.27005     0.12846
  27     0.28008     0.13455
  28     0.29007     0.14068
  29     0.30017     0.14697
  30        0.31     0.15316
  31     0.32003     0.15956
  32     0.33005     0.16605
  33     0.34014     0.17264
  34     0.35001     0.17916
  35     0.36001     0.18585
  36     0.37007     0.19264
  37     0.38001     0.19942
  38     0.39003     0.20634
  39     0.40006     0.21335
  40      0.4101     0.22046
  41     0.42008      0.2276
  42        0.43     0.23479
  43     0.44003     0.24214
  44        0.45     0.24955
  45     0.46003     0.25707
  46     0.47009      0.2647
  47     0.48027     0.27251
  48     0.49008     0.28013
  49         0.5      0.2879
  50      0.5101     0.29589
  51        0.52     0.30383
  52     0.53014     0.31205
  53     0.54004     0.32017
  54     0.55001     0.32846
  55     0.56014     0.33698
  56     0.57004     0.34541
  57     0.58006     0.35404
  58     0.59002     0.36272
  59     0.60002     0.37156
  60     0.61004     0.38056
  61     0.62004     0.38967
  62      0.6301     0.39896
  63     0.64004     0.40825
  64     0.65029     0.41798
  65     0.66009     0.42742
  66     0.67002     0.43714
  67     0.68001     0.44705
  68     0.69001     0.45714
  69      0.7001     0.46748
  70     0.71001      0.4778
  71     0.72004     0.48841
  72     0.73016     0.49934
  73     0.74002     0.51017
  74      0.7501     0.52143
  75     0.76004     0.53274
  76        0.77     0.54431
  77     0.78011      0.5563
  78     0.79004     0.56838
  79     0.80019     0.58097
  80     0.81005     0.59349
  81     0.82003      0.6065
  82     0.83001     0.61987
  83     0.84002     0.63363
  84     0.85003     0.64775
  85     0.86006      0.6623
  86        0.87     0.67718
  87     0.88007     0.69269
  88     0.89006     0.70861
  89     0.90015     0.72533
  90     0.91006     0.74239
  91        0.92     0.76024
  92     0.93008     0.77923
  93     0.94004     0.79903
  94     0.95002     0.82031
  95      0.9601     0.84384
  96     0.97004     0.86952
  97        0.98      0.8988
  98     0.99001     0.93495
  99           1           1
-----------------------------------------

----------------- PPP$ and local currency --------------
         PPP used in computation: 25.4143
     Data mean in local currency: 1309.56
               Data mean in PPP$: 108.771
        Poverty line in PPP$/Day: 1.9
      Poverty line in PPP$/Month: 57.7917
  Poverty line in local currency: 695.785
-------------------------------------------------------

----------------- Estimation result --------------
     Number of observation: 14695
          Total population: 1.29906E+08
              Total wealth: 6.69383E+09(PPP$)
                   Minimum: 4.23712(PPP$)
                   Maximum: 1676.45(PPP$)
             Headcount(HC): 0.180381
          Poverty gap (PG): 0.0343386
       Poverty gap squared: 0.0103665
                      Gini: 0.325098
                    Median: 85.6266
                       MLD: 0.173446
                      Watt: 0.041709
--------------------------------------------------

-------------------------------- Income or Consumption share by deciles (%) -------------------------------------
     3.7771     5.0425     5.8663     6.6453     7.4588     8.3639     9.5841     11.335     14.436     27.492
-----------------------------------------------------------------------------------------------------------------


