

**********************************************************************************************
**                                   Basic Information                                      **
**********************************************************************************************

----------------- Dataset Information -----------------
                         Country: Panama
                    Country dode: PAN
                       Data Year: 2006
                        Coverage: National
             Welfare measurement: Income
                     Data format: Unit record
                     Data source: PAN_N2006Y
                  Data time span: UnDefined
-------------------------------------------------------


----------- Distribution ------------
   i           P           L 
-------------------------------------
   0    0.010278  0.00011445
   1    0.020247  0.00046589
   2    0.030647  0.00099466
   3    0.040217   0.0016009
   4    0.050075   0.0023123
   5    0.060021   0.0031122
   6    0.070086    0.004034
   7    0.080324   0.0050646
   8    0.090065   0.0061525
   9     0.10014   0.0073858
  10     0.11098   0.0088309
  11     0.12006    0.010127
  12     0.13038    0.011713
  13     0.14007    0.013289
  14     0.15011    0.015038
  15      0.1603    0.016921
  16     0.17011    0.018825
  17     0.18011    0.020874
  18     0.19004    0.023027
  19     0.20003    0.025298
  20      0.2101    0.027704
  21     0.22009    0.030193
  22      0.2301    0.032823
  23     0.24051     0.03568
  24     0.25001    0.038368
  25     0.26033     0.04137
  26     0.27001    0.044282
  27     0.28003    0.047412
  28     0.29113    0.051002
  29     0.30026    0.054045
  30     0.31057    0.057591
  31     0.32003    0.060948
  32     0.33001    0.064604
  33     0.34023    0.068463
  34     0.35019     0.07232
  35     0.36002    0.076244
  36     0.37128     0.08086
  37     0.38023     0.08462
  38     0.39215     0.08977
  39     0.40005    0.093269
  40     0.41013    0.097861
  41     0.42014     0.10255
  42     0.43011     0.10734
  43     0.44019     0.11231
  44     0.45002      0.1173
  45     0.46001     0.12253
  46     0.47025       0.128
  47     0.48005     0.13334
  48     0.49001     0.13887
  49     0.50031     0.14473
  50     0.51074     0.15082
  51     0.52014     0.15645
  52     0.53103     0.16317
  53      0.5403       0.169
  54     0.55001     0.17523
  55     0.56018     0.18194
  56     0.57001     0.18859
  57     0.58024     0.19568
  58     0.59016     0.20275
  59     0.60001     0.20997
  60     0.61004     0.21755
  61     0.62022     0.22547
  62     0.63007     0.23339
  63     0.64018     0.24171
  64     0.65007     0.25005
  65     0.66033     0.25896
  66     0.67019     0.26777
  67     0.68003     0.27683
  68     0.69003     0.28631
  69     0.70009     0.29611
  70     0.71001     0.30607
  71     0.72047     0.31689
  72     0.73001     0.32702
  73      0.7403     0.33823
  74      0.7502     0.34926
  75     0.76011     0.36068
  76     0.77013     0.37266
  77     0.78014     0.38508
  78     0.79002     0.39781
  79     0.80041     0.41179
  80     0.81005     0.42529
  81     0.82004      0.4398
  82     0.83017     0.45509
  83     0.84013      0.4707
  84     0.85024     0.48725
  85     0.86006       0.504
  86     0.87004     0.52185
  87     0.88009     0.54088
  88     0.89007     0.56092
  89     0.90079     0.58382
  90     0.91028     0.60535
  91     0.92008     0.62903
  92     0.93018     0.65513
  93      0.9403     0.68338
  94     0.95004      0.7132
  95     0.96018     0.74793
  96     0.97018     0.78759
  97     0.98008     0.83419
  98     0.99006     0.89309
  99           1           1
-----------------------------------------

----------------- PPP$ and local currency --------------
         PPP used in computation: 0.553408
     Data mean in local currency: 183.284
               Data mean in PPP$: 419.652
        Poverty line in PPP$/Day: 1.9
      Poverty line in PPP$/Month: 57.7917
  Poverty line in local currency: 25.2407
-------------------------------------------------------

----------------- Estimation result --------------
     Number of observation: 5773
          Total population: 3.20342E+06
              Total wealth: 1.06095E+09(PPP$)
                   Minimum: 0(PPP$)
                   Maximum: 13308.4(PPP$)
             Headcount(HC): 0.109886
          Poverty gap (PG): 0.0468551
       Poverty gap squared: 0.0275517
                      Gini: 0.550604
                    Median: 241.937
                       MLD: 0.609411
                      Watt: 0.067307
--------------------------------------------------

-------------------------------- Income or Consumption share by deciles (%) -------------------------------------
    0.73689     1.7922     2.8666      3.929     5.1307     6.5408     8.6056     11.522     17.089     41.787
-----------------------------------------------------------------------------------------------------------------


