

**********************************************************************************************
**                                   Basic Information                                      **
**********************************************************************************************

----------------- Dataset Information -----------------
                         Country: Panama
                    Country dode: PAN
                       Data Year: 2001
                        Coverage: National
             Welfare measurement: Income
                     Data format: Unit record
                     Data source: PAN_N2001Y
                  Data time span: UnDefined
-------------------------------------------------------


----------- Distribution ------------
   i           P           L 
-------------------------------------
   0    0.019012           0
   1    0.020387    6.77E-06
   2    0.030188   0.0001416
   3    0.040859  0.00042792
   4     0.05031  0.00077028
   5    0.061145   0.0012774
   6    0.071316    0.001856
   7    0.080435   0.0024561
   8    0.090001   0.0031756
   9     0.10012   0.0040317
  10     0.11204   0.0051758
  11     0.12037   0.0060579
  12     0.13134   0.0073326
  13     0.14064   0.0085234
  14        0.15   0.0097972
  15     0.16304    0.011758
  16     0.17037    0.012933
  17     0.18042    0.014661
  18      0.1934    0.017101
  19     0.20126    0.018649
  20     0.21008    0.020438
  21     0.22051    0.022671
  22      0.2337    0.025667
  23      0.2402    0.027203
  24     0.25013    0.029669
  25     0.26053    0.032368
  26     0.27017    0.034957
  27     0.28022    0.037777
  28     0.29031    0.040731
  29     0.30001    0.043709
  30     0.31026    0.046984
  31       0.327    0.052548
  32     0.33007    0.053581
  33     0.34013    0.057046
  34     0.35061    0.060827
  35     0.36047    0.064528
  36     0.37163    0.068835
  37      0.3821    0.073006
  38     0.39031    0.076368
  39      0.4002    0.080525
  40     0.41033    0.084919
  41     0.42011    0.089301
  42     0.43271     0.09514
  43     0.44004    0.098628
  44     0.45036     0.10369
  45     0.46079     0.10894
  46        0.47     0.11367
  47     0.48037     0.11918
  48     0.49007     0.12444
  49     0.50006     0.13001
  50     0.51072     0.13611
  51     0.52002     0.14156
  52     0.53049     0.14788
  53     0.54002      0.1538
  54     0.55041     0.16048
  55     0.56418     0.16964
  56     0.57026     0.17376
  57     0.58044      0.1808
  58     0.59014     0.18773
  59     0.60015     0.19508
  60     0.61013     0.20263
  61     0.62003     0.21028
  62     0.63156     0.21944
  63     0.64524     0.23072
  64     0.65032       0.235
  65     0.66091     0.24413
  66     0.67019     0.25233
  67     0.68056     0.26176
  68     0.69069     0.27129
  69     0.70076     0.28107
  70     0.71021     0.29052
  71     0.72027     0.30089
  72     0.73064     0.31194
  73     0.74134     0.32373
  74     0.75003     0.33357
  75     0.76003     0.34526
  76     0.77046     0.35785
  77     0.78106     0.37111
  78     0.79004     0.38276
  79     0.80012     0.39622
  80     0.81007     0.40995
  81     0.82083     0.42549
  82     0.83003     0.43934
  83     0.84049     0.45574
  84     0.85115     0.47333
  85     0.86046     0.48933
  86     0.87009     0.50677
  87     0.88057     0.52692
  88     0.89005       0.546
  89     0.90033     0.56792
  90     0.91006     0.59008
  91     0.92077     0.61634
  92     0.93008     0.64101
  93     0.94037      0.6707
  94     0.95099     0.70464
  95     0.96031     0.73827
  96     0.97028     0.77958
  97     0.98075     0.83062
  98     0.99002     0.88948
  99           1           1
-----------------------------------------

----------------- PPP$ and local currency --------------
         PPP used in computation: 0.553408
     Data mean in local currency: 149.66
               Data mean in PPP$: 369.316
        Poverty line in PPP$/Day: 1.9
      Poverty line in PPP$/Month: 57.7917
  Poverty line in local currency: 23.4192
-------------------------------------------------------

----------------- Estimation result --------------
     Number of observation: 4182
          Total population: 2.89163E+06
              Total wealth: 7.81993E+08(PPP$)
                   Minimum: 0(PPP$)
                   Maximum: 22440.3(PPP$)
             Headcount(HC): 0.164227
          Poverty gap (PG): 0.0879084
       Poverty gap squared: 0.0625074
                      Gini: 0.573012
                    Median: 208.521
                       MLD: 0.764204
                      Watt: 0.122476
--------------------------------------------------

-------------------------------- Income or Consumption share by deciles (%) -------------------------------------
    0.40215      1.438     2.5305     3.6733     4.9534     6.4999     8.5368     11.573     17.116     43.278
-----------------------------------------------------------------------------------------------------------------


