

**********************************************************************************************
**                                   Basic Information                                      **
**********************************************************************************************

----------------- Dataset Information -----------------
                         Country: Panama
                    Country dode: PAN
                       Data Year: 2009
                        Coverage: National
             Welfare measurement: Income
                     Data format: Unit record
                     Data source: PAN_N2009Y
                  Data time span: UnDefined
-------------------------------------------------------


----------- Distribution ------------
   i           P           L 
-------------------------------------
   0    0.010173   0.0005477
   1    0.020077   0.0013275
   2    0.030015   0.0022677
   3    0.040204   0.0034096
   4    0.050325   0.0046802
   5    0.060034   0.0060113
   6    0.070026   0.0074921
   7    0.080299   0.0091118
   8    0.090048    0.010759
   9     0.10018     0.01257
  10     0.11022    0.014469
  11     0.12002    0.016427
  12     0.13056    0.018623
  13     0.14038    0.020747
  14     0.15023    0.022967
  15     0.16002    0.025264
  16     0.17007    0.027702
  17     0.18191    0.030687
  18     0.19014    0.032838
  19      0.2001    0.035535
  20     0.21009    0.038334
  21     0.22001    0.041199
  22     0.23001    0.044188
  23     0.24011    0.047308
  24     0.25041      0.0506
  25     0.26006    0.053802
  26     0.27004    0.057214
  27     0.28009    0.060752
  28     0.29008    0.064374
  29     0.30032    0.068202
  30     0.31001    0.071917
  31     0.32068    0.076121
  32     0.33109    0.080333
  33     0.34003    0.084057
  34     0.35045    0.088488
  35      0.3601     0.09269
  36     0.37011     0.09715
  37     0.38009     0.10171
  38     0.39034     0.10652
  39     0.40172     0.11198
  40     0.41011     0.11609
  41     0.42028     0.12117
  42     0.43075     0.12654
  43     0.44004      0.1314
  44     0.45022     0.13688
  45     0.46018     0.14237
  46        0.47     0.14787
  47     0.48009     0.15365
  48      0.4901     0.15951
  49     0.50006     0.16549
  50     0.51001     0.17159
  51     0.52002     0.17788
  52     0.53102     0.18496
  53     0.54002     0.19087
  54     0.55024     0.19772
  55     0.56014     0.20451
  56     0.57028      0.2116
  57       0.581      0.2193
  58     0.59339     0.22847
  59     0.60038     0.23372
  60     0.61003     0.24109
  61     0.62009     0.24897
  62     0.63009     0.25699
  63     0.64001     0.26514
  64     0.65006     0.27363
  65        0.66     0.28229
  66     0.67111     0.29231
  67     0.68027     0.30079
  68      0.6905      0.3105
  69     0.70022     0.31995
  70     0.71016     0.32981
  71     0.72035     0.34022
  72     0.73096     0.35134
  73     0.74004     0.36109
  74     0.75145     0.37374
  75     0.76007     0.38353
  76     0.77014     0.39533
  77     0.78021     0.40753
  78     0.79004     0.41985
  79     0.80012     0.43291
  80     0.81026     0.44648
  81     0.82003     0.46001
  82        0.83     0.47432
  83     0.84023     0.48966
  84      0.8501     0.50514
  85     0.86244     0.52538
  86     0.87096     0.53999
  87     0.88011     0.55641
  88     0.89001      0.5751
  89         0.9      0.5951
  90     0.91084     0.61859
  91     0.92023     0.64021
  92     0.93005     0.66446
  93     0.94001     0.69109
  94     0.95058     0.72226
  95     0.96001     0.75317
  96     0.97001     0.79057
  97     0.98011     0.83563
  98     0.99011       0.895
  99           1           1
-----------------------------------------

----------------- PPP$ and local currency --------------
         PPP used in computation: 0.553408
     Data mean in local currency: 268.471
               Data mean in PPP$: 528.658
        Poverty line in PPP$/Day: 1.9
      Poverty line in PPP$/Month: 57.7917
  Poverty line in local currency: 29.3486
-------------------------------------------------------

----------------- Estimation result --------------
     Number of observation: 5679
          Total population: 3.36816E+06
              Total wealth: 1.63397E+09(PPP$)
                   Minimum: 0(PPP$)
                   Maximum: 15630.4(PPP$)
             Headcount(HC): 0.0336721
          Poverty gap (PG): 0.0093564
       Poverty gap squared: 0.00386423
                      Gini: 0.520313
                    Median: 320.314
                       MLD: 0.489783
                      Watt: 0.0116645
--------------------------------------------------

-------------------------------- Income or Consumption share by deciles (%) -------------------------------------
     1.2539     2.2969     3.2573     4.3071     5.4295     6.7989     8.6294     11.303     16.234      40.49
-----------------------------------------------------------------------------------------------------------------


