

**********************************************************************************************
**                                   Basic Information                                      **
**********************************************************************************************

----------------- Dataset Information -----------------
                         Country: Panama
                    Country dode: PAN
                       Data Year: 1995
                        Coverage: National
             Welfare measurement: Income
                     Data format: Unit record
                     Data source: PAN_N1995Y
                  Data time span: UnDefined
-------------------------------------------------------


----------- Distribution ------------
   i           P           L 
-------------------------------------
   0    0.059707           0
   1    0.059707           0
   2    0.059707           0
   3    0.059707           0
   4    0.059707           0
   5    0.060218  1.6516E-06
   6    0.070307  0.00013661
   7     0.08069  0.00041785
   8    0.091719  0.00087042
   9     0.10045   0.0013287
  10     0.11021    0.001967
  11     0.12009   0.0027426
  12     0.13066   0.0037355
  13     0.14265   0.0050466
  14     0.15034   0.0059815
  15     0.16057   0.0073693
  16     0.17102   0.0089391
  17     0.18157    0.010648
  18     0.19056    0.012198
  19     0.20238    0.014407
  20     0.21078    0.016076
  21     0.22004    0.018019
  22     0.23011    0.020251
  23     0.24051     0.02266
  24      0.2503    0.025056
  25     0.26004    0.027539
  26     0.27054    0.030351
  27     0.28063    0.033192
  28     0.29022    0.035988
  29     0.30057    0.039114
  30     0.31054    0.042219
  31     0.32498    0.046941
  32     0.33006    0.048652
  33     0.34025    0.052191
  34     0.35026    0.055797
  35     0.36468    0.061224
  36     0.37023    0.063366
  37     0.38003    0.067244
  38     0.39001    0.071329
  39     0.40089    0.075955
  40     0.41018    0.080023
  41     0.42214    0.085424
  42     0.43011    0.089128
  43     0.44018     0.09396
  44     0.45029    0.098978
  45     0.46001     0.10392
  46     0.47126     0.10983
  47     0.48035     0.11475
  48     0.49002     0.12015
  49     0.50008     0.12593
  50     0.51116     0.13246
  51     0.52019     0.13792
  52     0.53003     0.14401
  53     0.54014     0.15042
  54     0.55445     0.15982
  55     0.56005     0.16355
  56     0.57025     0.17052
  57     0.58011     0.17744
  58     0.59009     0.18462
  59     0.60012     0.19203
  60     0.61014     0.19962
  61     0.62005     0.20729
  62     0.63019     0.21535
  63     0.64178     0.22483
  64     0.65002     0.23174
  65     0.66018     0.24051
  66     0.67016     0.24936
  67     0.68015     0.25848
  68     0.69029     0.26807
  69     0.70151     0.27909
  70     0.71001     0.28768
  71     0.72007     0.29819
  72     0.73001      0.3089
  73     0.74005     0.32004
  74     0.75006     0.33151
  75     0.76011     0.34342
  76     0.77001     0.35561
  77     0.78002     0.36838
  78     0.79006     0.38164
  79     0.80013     0.39537
  80      0.8101      0.4095
  81     0.82016     0.42438
  82        0.83     0.43949
  83     0.84005     0.45564
  84     0.85007     0.47242
  85     0.86017        0.49
  86     0.87009     0.50801
  87        0.88     0.52684
  88     0.89003     0.54684
  89      0.9002      0.5683
  90     0.91011     0.59071
  91     0.92019     0.61538
  92        0.93     0.64131
  93     0.94005     0.67066
  94     0.95004     0.70272
  95     0.96009     0.73852
  96     0.97002     0.78002
  97     0.98006     0.83031
  98     0.99012     0.89309
  99           1           1
-----------------------------------------

----------------- PPP$ and local currency --------------
         PPP used in computation: 0.553408
     Data mean in local currency: 150.966
               Data mean in PPP$: 393.621
        Poverty line in PPP$/Day: 1.9
      Poverty line in PPP$/Month: 57.7917
  Poverty line in local currency: 22.165
-------------------------------------------------------

----------------- Estimation result --------------
     Number of observation: 3984
          Total population: 2.40225E+06
              Total wealth: 6.5532E+08(PPP$)
                   Minimum: 0(PPP$)
                   Maximum: 9340.31(PPP$)
             Headcount(HC): 0.162752
          Poverty gap (PG): 0.110405
       Poverty gap squared: 0.0924157
                      Gini: 0.578112
                    Median: 227.899
                       MLD: 0.968282
                      Watt: 0.0922172
--------------------------------------------------

-------------------------------- Income or Consumption share by deciles (%) -------------------------------------
    0.13048     1.2658     2.4979     3.6636     5.0304     6.6057     8.5666     11.758     17.269     43.213
-----------------------------------------------------------------------------------------------------------------


