

**********************************************************************************************
**                                   Basic Information                                      **
**********************************************************************************************

----------------- Dataset Information -----------------
                         Country: Panama
                    Country dode: PAN
                       Data Year: 2008
                        Coverage: National
             Welfare measurement: Income
                     Data format: Unit record
                     Data source: PAN_N2008Y
                  Data time span: UnDefined
-------------------------------------------------------


----------- Distribution ------------
   i           P           L 
-------------------------------------
   0    0.010257  0.00047297
   1    0.020121    0.001147
   2    0.030203   0.0019557
   3     0.04016   0.0028541
   4    0.050722   0.0039258
   5    0.060028   0.0049559
   6    0.070042   0.0061536
   7    0.080505   0.0075215
   8    0.090367    0.008932
   9     0.10001    0.010424
  10     0.11007     0.01208
  11     0.12025    0.013873
  12     0.13006    0.015714
  13     0.14001    0.017698
  14     0.15038    0.019871
  15     0.16001     0.02199
  16     0.17025    0.024365
  17     0.18002     0.02675
  18     0.19004    0.029288
  19     0.20009    0.031944
  20     0.21069    0.034864
  21        0.22    0.037521
  22     0.23011    0.040491
  23     0.24023    0.043577
  24     0.25005    0.046673
  25     0.26047    0.050078
  26     0.27007    0.053318
  27     0.28007    0.056793
  28     0.29004    0.060369
  29     0.30006    0.064065
  30     0.31139    0.068368
  31     0.32082    0.072032
  32     0.33105    0.076106
  33     0.34036    0.079918
  34     0.35004    0.083983
  35     0.36015    0.088335
  36     0.37049    0.092908
  37     0.38007    0.097246
  38     0.39023     0.10195
  39     0.40012     0.10667
  40     0.41009     0.11152
  41     0.42012     0.11651
  42     0.43012     0.12161
  43      0.4404     0.12698
  44     0.45026     0.13226
  45     0.46091     0.13814
  46     0.47007     0.14333
  47     0.48034     0.14929
  48     0.49028     0.15519
  49     0.50003      0.1611
  50     0.51012     0.16735
  51     0.52047     0.17391
  52     0.53065     0.18054
  53     0.54064     0.18719
  54     0.55001     0.19356
  55     0.56024     0.20068
  56     0.57082     0.20821
  57     0.58013     0.21499
  58     0.59002     0.22235
  59     0.60042     0.23029
  60     0.61009     0.23785
  61     0.62004     0.24582
  62     0.63001     0.25401
  63     0.64001     0.26241
  64        0.65       0.271
  65     0.66017     0.27994
  66     0.67061     0.28934
  67     0.68022     0.29824
  68      0.6902     0.30771
  69     0.70001     0.31721
  70     0.71003     0.32717
  71     0.72201     0.33944
  72     0.73062      0.3485
  73     0.74007     0.35866
  74     0.75041     0.37017
  75     0.76018     0.38142
  76     0.77069     0.39385
  77     0.78082     0.40616
  78     0.79077     0.41858
  79      0.8001     0.43063
  80     0.81007     0.44391
  81     0.82051     0.45835
  82     0.83001       0.472
  83        0.84     0.48697
  84     0.85004      0.5027
  85     0.86007     0.51932
  86     0.87006     0.53661
  87     0.88009     0.55476
  88        0.89     0.57364
  89     0.90003     0.59392
  90     0.91006     0.61539
  91     0.92014     0.63827
  92     0.93005     0.66267
  93      0.9402     0.68997
  94     0.95046     0.72028
  95     0.96009     0.75171
  96     0.97009     0.78884
  97     0.98002     0.83284
  98     0.99009      0.8909
  99           1           1
-----------------------------------------

----------------- PPP$ and local currency --------------
         PPP used in computation: 0.553408
     Data mean in local currency: 260.448
               Data mean in PPP$: 522.584
        Poverty line in PPP$/Day: 1.9
      Poverty line in PPP$/Month: 57.7917
  Poverty line in local currency: 28.8024
-------------------------------------------------------

----------------- Estimation result --------------
     Number of observation: 5771
          Total population: 3.31261E+06
              Total wealth: 1.559E+09(PPP$)
                   Minimum: 0(PPP$)
                   Maximum: 73318.4(PPP$)
             Headcount(HC): 0.0549047
          Poverty gap (PG): 0.0153203
       Poverty gap squared: 0.00631448
                      Gini: 0.526322
                    Median: 320.673
                       MLD: 0.514713
                      Watt: 0.0200197
--------------------------------------------------

-------------------------------- Income or Consumption share by deciles (%) -------------------------------------
     1.0423     2.1497     3.2122     4.2573     5.4465     6.8892     8.7229      11.33     16.335     40.614
-----------------------------------------------------------------------------------------------------------------


