

**********************************************************************************************
**                                   Basic Information                                      **
**********************************************************************************************

----------------- Dataset Information -----------------
                         Country: Panama
                    Country dode: PAN
                       Data Year: 1989
                        Coverage: National
             Welfare measurement: Income
                     Data format: Unit record
                     Data source: PAN_N1989Y
                  Data time span: UnDefined
-------------------------------------------------------


----------- Distribution ------------
   i           P           L 
-------------------------------------
   0    0.086569           0
   1    0.086569           0
   2    0.086569           0
   3    0.086569           0
   4    0.086569           0
   5    0.086569           0
   6    0.086569           0
   7    0.086569           0
   8    0.090846  3.6196E-05
   9     0.10007  0.00020151
  10     0.11098  0.00052532
  11     0.12123  0.00093127
  12     0.13149   0.0014664
  13     0.14007    0.002013
  14     0.15023   0.0027619
  15      0.1614   0.0037313
  16     0.17035   0.0046294
  17     0.18014   0.0057305
  18     0.19021     0.00701
  19     0.20105   0.0085443
  20     0.21069    0.010059
  21     0.22005    0.011625
  22     0.23002    0.013442
  23     0.24007    0.015412
  24     0.25684    0.019041
  25     0.26009    0.019779
  26     0.27054    0.022272
  27     0.28019    0.024679
  28     0.29029    0.027338
  29     0.30013    0.030066
  30     0.31029    0.033013
  31     0.32018    0.036014
  32     0.33043    0.039275
  33      0.3431    0.043478
  34     0.35006    0.045859
  35      0.3616    0.049943
  36     0.37016    0.053104
  37     0.38194    0.057634
  38     0.39028     0.06092
  39      0.4027    0.066026
  40     0.41166    0.069852
  41     0.42044    0.073747
  42     0.43074    0.078471
  43     0.44006    0.082883
  44     0.45022    0.087803
  45     0.46002    0.092708
  46     0.47022     0.09798
  47     0.48049     0.10348
  48     0.49266     0.11024
  49     0.50009     0.11444
  50     0.51003     0.12021
  51     0.52005      0.1262
  52     0.53039     0.13256
  53     0.54011     0.13874
  54     0.55326     0.14743
  55      0.5605     0.15232
  56     0.57019     0.15902
  57     0.58317     0.16834
  58     0.59018      0.1735
  59      0.6018     0.18236
  60     0.61022     0.18897
  61     0.62057     0.19731
  62     0.63004     0.20514
  63     0.64023     0.21378
  64     0.65014     0.22244
  65     0.66006     0.23131
  66     0.67003     0.24047
  67     0.68003     0.24992
  68     0.69129     0.26081
  69     0.70018     0.26957
  70     0.71002      0.2796
  71      0.7202     0.29037
  72     0.73234     0.30374
  73     0.74161     0.31434
  74     0.75007     0.32433
  75     0.76166     0.33859
  76     0.77017     0.34946
  77     0.78044     0.36302
  78     0.79066     0.37701
  79     0.80537     0.39805
  80     0.81006     0.40502
  81     0.82044       0.421
  82     0.83023      0.4366
  83     0.84157     0.45547
  84     0.85019     0.47048
  85     0.86089     0.49015
  86     0.87107      0.5097
  87     0.88015     0.52792
  88     0.89001     0.54889
  89     0.90001     0.57139
  90     0.91005     0.59525
  91     0.92157     0.62473
  92     0.93249     0.65556
  93     0.94074     0.68068
  94     0.95018     0.71177
  95     0.96003     0.74728
  96     0.97003     0.78839
  97     0.98003     0.83668
  98     0.99011      0.8965
  99           1           1
-----------------------------------------

----------------- PPP$ and local currency --------------
         PPP used in computation: 0.553408
     Data mean in local currency: 103.359
               Data mean in PPP$: 288.78
        Poverty line in PPP$/Day: 1.9
      Poverty line in PPP$/Month: 57.7917
  Poverty line in local currency: 20.6845
-------------------------------------------------------

----------------- Estimation result --------------
     Number of observation: 2647
          Total population: 2.09382E+06
              Total wealth: 3.91057E+08(PPP$)
                   Minimum: 0(PPP$)
                   Maximum: 10499(PPP$)
             Headcount(HC): 0.237497
          Poverty gap (PG): 0.163066
       Poverty gap squared: 0.137083
                      Gini: 0.589077
                    Median: 165.309
                       MLD: 0.894716
                      Watt: 0.142314
--------------------------------------------------

-------------------------------- Income or Consumption share by deciles (%) -------------------------------------
   0.020031    0.81959     2.1635     3.4885     4.9474     6.6599     8.8404     12.098     18.099     42.864
-----------------------------------------------------------------------------------------------------------------


