

**********************************************************************************************
**                                   Basic Information                                      **
**********************************************************************************************

----------------- Dataset Information -----------------
                         Country: Panama
                    Country dode: PAN
                       Data Year: 2000
                        Coverage: National
             Welfare measurement: Income
                     Data format: Unit record
                     Data source: PAN_N2000Y
                  Data time span: UnDefined
-------------------------------------------------------


----------- Distribution ------------
   i           P           L 
-------------------------------------
   0    0.049427           0
   1    0.049427           0
   2    0.049427           0
   3    0.049427           0
   4    0.050076  2.4329E-06
   5     0.06055  0.00017789
   6    0.070062  0.00048747
   7     0.08006  0.00093961
   8    0.092619   0.0017311
   9     0.10073    0.002341
  10     0.11013   0.0031581
  11     0.12014     0.00416
  12     0.13229   0.0055419
  13     0.14537   0.0072588
  14     0.15049   0.0079898
  15     0.16009    0.009448
  16     0.17289    0.011583
  17     0.18008    0.012876
  18     0.19215    0.015208
  19     0.20017    0.016845
  20     0.21035    0.019023
  21     0.22044    0.021298
  22     0.23165    0.023952
  23     0.24002       0.026
  24     0.25018    0.028596
  25     0.26466     0.03252
  26     0.27011     0.03405
  27     0.29064    0.040107
  28     0.29064    0.040107
  29     0.30014    0.043016
  30     0.31009    0.046206
  31     0.32019    0.049568
  32     0.33055    0.053114
  33     0.34385    0.057824
  34     0.35004    0.060084
  35     0.36036    0.063986
  36     0.37135    0.068305
  37     0.38459    0.073698
  38     0.39103    0.076387
  39     0.40006    0.080223
  40     0.41666    0.087569
  41     0.42006    0.089109
  42     0.43018    0.093791
  43     0.44119    0.099053
  44     0.45408     0.10541
  45     0.46031     0.10853
  46     0.47003      0.1135
  47     0.48011     0.11878
  48     0.49016     0.12421
  49     0.50009     0.12972
  50     0.51031     0.13556
  51     0.52905     0.14669
  52     0.53006     0.14729
  53     0.54175     0.15443
  54      0.5503      0.1598
  55     0.56046     0.16637
  56     0.57003     0.17277
  57     0.58168      0.1808
  58     0.59349      0.1892
  59     0.60005     0.19395
  60     0.61132     0.20232
  61     0.62004     0.20893
  62     0.63018     0.21685
  63     0.64025     0.22494
  64     0.65001     0.23303
  65     0.66013     0.24167
  66      0.6756      0.2554
  67     0.68069     0.26001
  68     0.69041       0.269
  69     0.70125     0.27937
  70     0.71012     0.28813
  71     0.72102      0.2992
  72     0.73005     0.30863
  73     0.74007     0.31945
  74     0.75009     0.33072
  75     0.76004     0.34228
  76     0.77005     0.35421
  77     0.78006     0.36645
  78     0.79011     0.37922
  79     0.80013     0.39254
  80     0.81003     0.40624
  81     0.82651      0.4304
  82     0.83016      0.4359
  83     0.84002     0.45124
  84     0.85022     0.46781
  85     0.86006      0.4846
  86     0.87002     0.50242
  87     0.88016     0.52162
  88     0.89223     0.54622
  89         0.9       0.563
  90     0.91075     0.58795
  91     0.92012     0.61106
  92     0.93003     0.63736
  93     0.94221     0.67271
  94     0.95041     0.69872
  95     0.96082     0.73547
  96     0.97015      0.7728
  97     0.98012      0.8206
  98      0.9904      0.8862
  99           1           1
-----------------------------------------

----------------- PPP$ and local currency --------------
         PPP used in computation: 0.553408
     Data mean in local currency: 167.519
               Data mean in PPP$: 412.299
        Poverty line in PPP$/Day: 1.9
      Poverty line in PPP$/Month: 57.7917
  Poverty line in local currency: 23.4811
-------------------------------------------------------

----------------- Estimation result --------------
     Number of observation: 3202
          Total population: 2.55337E+06
              Total wealth: 7.72918E+08(PPP$)
                   Minimum: 0(PPP$)
                   Maximum: 13516.5(PPP$)
             Headcount(HC): 0.146773
          Poverty gap (PG): 0.0935943
       Poverty gap squared: 0.0766682
                      Gini: 0.576623
                    Median: 230.737
                       MLD: 0.905076
                      Watt: 0.0770484
--------------------------------------------------

-------------------------------- Income or Consumption share by deciles (%) -------------------------------------
    0.22861     1.4525     2.6164     3.7223     4.9475     6.4247     8.4259     11.419     17.063       43.7
-----------------------------------------------------------------------------------------------------------------


