

**********************************************************************************************
**                                   Basic Information                                      **
**********************************************************************************************

----------------- Dataset Information -----------------
                         Country: Panama
                    Country dode: PAN
                       Data Year: 1997
                        Coverage: National
             Welfare measurement: Income
                     Data format: Unit record
                     Data source: PAN_N1997Y
                  Data time span: UnDefined
-------------------------------------------------------


----------- Distribution ------------
   i           P           L 
-------------------------------------
   0    0.035788           0
   1    0.035788           0
   2    0.035788           0
   3    0.040135  2.7885E-05
   4    0.050434  0.00020226
   5    0.064524  0.00063853
   6    0.070041  0.00086571
   7    0.080159   0.0013686
   8     0.09477    0.002321
   9         0.1   0.0027205
  10     0.11019    0.003594
  11     0.12004   0.0045585
  12     0.13015   0.0056685
  13     0.14006   0.0068681
  14     0.15008   0.0081956
  15     0.16002     0.00964
  16     0.17061    0.011293
  17      0.1801     0.01289
  18     0.19015    0.014691
  19     0.20015    0.016601
  20     0.21006    0.018637
  21     0.22006    0.020797
  22     0.23143    0.023397
  23     0.24034    0.025536
  24     0.25052    0.028088
  25     0.26047    0.030719
  26     0.27013    0.033361
  27     0.28042      0.0363
  28     0.29005    0.039153
  29     0.30589    0.044048
  30     0.31034    0.045451
  31     0.32018    0.048653
  32     0.33002    0.051971
  33     0.34017    0.055496
  34     0.35023    0.059096
  35     0.36011    0.062721
  36     0.37002    0.066451
  37     0.38003    0.070335
  38     0.39037    0.074479
  39     0.40023    0.078567
  40     0.41015      0.0828
  41     0.42006    0.087138
  42     0.43002    0.091623
  43     0.44002    0.096279
  44     0.45029     0.10118
  45      0.4622     0.10705
  46     0.47044     0.11121
  47     0.48021     0.11625
  48     0.49034     0.12165
  49     0.50024     0.12704
  50     0.51003     0.13252
  51     0.52008     0.13827
  52      0.5301     0.14415
  53     0.54016     0.15023
  54     0.55209     0.15764
  55        0.56     0.16263
  56      0.5701      0.1692
  57     0.58027     0.17604
  58     0.59003     0.18279
  59     0.60005     0.18996
  60     0.61005     0.19731
  61     0.62002     0.20482
  62      0.6314     0.21364
  63     0.64031     0.22069
  64      0.6501     0.22867
  65     0.66002     0.23697
  66     0.67009     0.24562
  67     0.68005     0.25445
  68     0.69005     0.26358
  69     0.70012     0.27307
  70     0.71001     0.28271
  71     0.72014     0.29293
  72     0.73007     0.30329
  73     0.74021     0.31428
  74     0.75017     0.32544
  75     0.76001     0.33683
  76     0.77012     0.34894
  77     0.78005     0.36129
  78     0.79004     0.37413
  79      0.8004     0.38793
  80     0.81009     0.40131
  81     0.82005     0.41563
  82     0.83005     0.43054
  83     0.84008     0.44627
  84      0.8501     0.46273
  85     0.86015     0.48017
  86     0.87019     0.49867
  87     0.88005     0.51768
  88     0.89002     0.53791
  89     0.90008     0.55939
  90     0.91008     0.58194
  91     0.92044     0.60676
  92     0.93025     0.63193
  93     0.94004     0.65913
  94     0.95007     0.68995
  95     0.96013     0.72457
  96      0.9701     0.76422
  97     0.98008     0.81169
  98        0.99     0.87296
  99           1           1
-----------------------------------------

----------------- PPP$ and local currency --------------
         PPP used in computation: 0.553408
     Data mean in local currency: 160.382
               Data mean in PPP$: 407.951
        Poverty line in PPP$/Day: 1.9
      Poverty line in PPP$/Month: 57.7917
  Poverty line in local currency: 22.7202
-------------------------------------------------------

----------------- Estimation result --------------
     Number of observation: 4126
          Total population: 2.43245E+06
              Total wealth: 7.04941E+08(PPP$)
                   Minimum: 0(PPP$)
                   Maximum: 18066.2(PPP$)
             Headcount(HC): 0.150076
          Poverty gap (PG): 0.0922232
       Poverty gap squared: 0.0721224
                      Gini: 0.582317
                    Median: 225.252
                       MLD: 0.865373
                      Watt: 0.103195
--------------------------------------------------

-------------------------------- Income or Consumption share by deciles (%) -------------------------------------
    0.27203     1.3853     2.5654     3.6242     4.8444     6.3016     8.3024     11.444     17.182     44.078
-----------------------------------------------------------------------------------------------------------------


