

**********************************************************************************************
**                                   Basic Information                                      **
**********************************************************************************************

----------------- Dataset Information -----------------
                         Country: Panama
                    Country dode: PAN
                       Data Year: 2013
                        Coverage: National
             Welfare measurement: Income
                     Data format: Unit record
                     Data source: PAN_N2013Y
                  Data time span: UnDefined
-------------------------------------------------------


----------- Distribution ------------
   i           P           L 
-------------------------------------
   0    0.010333  0.00047869
   1     0.02028   0.0011834
   2    0.030168   0.0020424
   3    0.040058   0.0030336
   4    0.050031   0.0041547
   5    0.060223   0.0054053
   6    0.070003   0.0067041
   7    0.080026   0.0081523
   8    0.090399   0.0097784
   9     0.10001    0.011401
  10     0.11003    0.013205
  11     0.12026    0.015144
  12     0.13002    0.017081
  13     0.14002     0.01917
  14     0.15001    0.021369
  15     0.16013      0.0237
  16     0.17002    0.026066
  17     0.18001    0.028566
  18      0.1901    0.031184
  19     0.20005    0.033861
  20     0.21042    0.036753
  21     0.22011    0.039549
  22      0.2301     0.04253
  23     0.24015     0.04563
  24     0.25013     0.04881
  25     0.26037    0.052214
  26     0.27012    0.055574
  27     0.28002    0.059102
  28     0.29024    0.062874
  29      0.3002    0.066662
  30     0.31002    0.070485
  31     0.32062    0.074705
  32     0.33007    0.078574
  33     0.34001    0.082749
  34     0.35005    0.087076
  35     0.36027    0.091621
  36      0.3701    0.096114
  37     0.38023     0.10086
  38     0.39025     0.10564
  39      0.4002     0.11054
  40     0.41012     0.11555
  41     0.42127     0.12131
  42     0.43004     0.12594
  43     0.44048     0.13157
  44     0.45037     0.13704
  45     0.46003     0.14252
  46     0.47089     0.14883
  47     0.48012     0.15432
  48     0.49002     0.16033
  49      0.5002     0.16664
  50     0.51012     0.17294
  51     0.52001     0.17935
  52      0.5301     0.18603
  53     0.54009      0.1928
  54     0.55013     0.19976
  55     0.56029     0.20698
  56     0.57025      0.2142
  57        0.58     0.22142
  58     0.59011     0.22905
  59     0.60419     0.23997
  60        0.61     0.24455
  61      0.6201     0.25266
  62     0.63016     0.26094
  63     0.64012     0.26936
  64      0.6501     0.27798
  65     0.66005     0.28679
  66      0.6706     0.29634
  67     0.68006     0.30506
  68     0.69022     0.31467
  69      0.7001     0.32425
  70     0.71011     0.33419
  71     0.72024     0.34452
  72     0.73008     0.35485
  73     0.74004     0.36564
  74     0.75022       0.377
  75     0.76041     0.38869
  76     0.77011     0.40011
  77     0.78008     0.41222
  78     0.79026     0.42504
  79     0.80006     0.43778
  80      0.8106     0.45192
  81     0.82001     0.46508
  82     0.83009     0.47971
  83     0.84002      0.4946
  84     0.85016     0.51038
  85     0.86016      0.5266
  86     0.87005      0.5434
  87     0.88003     0.56127
  88     0.89079     0.58168
  89      0.9013     0.60302
  90     0.91017     0.62215
  91     0.92012     0.64526
  92     0.93052     0.67154
  93     0.94011     0.69815
  94     0.95183     0.73432
  95     0.96001     0.76234
  96     0.97001     0.80062
  97     0.98018     0.84553
  98     0.99024     0.90325
  99           1           1
-----------------------------------------

----------------- PPP$ and local currency --------------
         PPP used in computation: 0.553408
     Data mean in local currency: 383.848
               Data mean in PPP$: 628.268
        Poverty line in PPP$/Day: 1.9
      Poverty line in PPP$/Month: 57.7917
  Poverty line in local currency: 35.3085
-------------------------------------------------------

----------------- Estimation result --------------
     Number of observation: 5576
          Total population: 3.74491E+06
              Total wealth: 2.59749E+09(PPP$)
                   Minimum: 0(PPP$)
                   Maximum: 62969.1(PPP$)
             Headcount(HC): 0.0286269
          Poverty gap (PG): 0.00798875
       Poverty gap squared: 0.00345506
                      Gini: 0.516649
                    Median: 394.694
                       MLD: 0.492445
                      Watt: 0.00949941
--------------------------------------------------

-------------------------------- Income or Consumption share by deciles (%) -------------------------------------
       1.14     2.2449     3.2736     4.3854     5.6083     7.0195     8.7433     11.356     16.267     39.962
-----------------------------------------------------------------------------------------------------------------


