

**********************************************************************************************
**                                   Basic Information                                      **
**********************************************************************************************

----------------- Dataset Information -----------------
                         Country: Panama
                    Country dode: PAN
                       Data Year: 2005
                        Coverage: National
             Welfare measurement: Income
                     Data format: Unit record
                     Data source: PAN_N2005Y
                  Data time span: UnDefined
-------------------------------------------------------


----------- Distribution ------------
   i           P           L 
-------------------------------------
   0    0.010193    0.000119
   1    0.020063  0.00056152
   2     0.03039    0.001212
   3    0.040193   0.0019309
   4    0.050145   0.0027539
   5    0.060073   0.0036723
   6    0.070343   0.0047336
   7    0.081152   0.0059743
   8     0.09008   0.0070782
   9     0.10003   0.0084017
  10     0.11005   0.0098276
  11     0.12024    0.011383
  12     0.13097    0.013154
  13     0.14033    0.014797
  14     0.15009    0.016605
  15     0.16015    0.018577
  16     0.17036    0.020693
  17      0.1801    0.022815
  18        0.19    0.025055
  19     0.20005    0.027422
  20      0.2104    0.029989
  21     0.22239    0.033097
  22      0.2301    0.035153
  23     0.24017    0.037939
  24     0.25019    0.040814
  25     0.26027    0.043833
  26      0.2701    0.046882
  27     0.28044    0.050209
  28     0.29016    0.053433
  29     0.30005    0.056813
  30     0.31107    0.060674
  31     0.32007    0.063904
  32     0.33002    0.067569
  33     0.34128    0.071828
  34     0.35012    0.075259
  35        0.36    0.079186
  36     0.37012    0.083337
  37     0.38093    0.087923
  38     0.39002     0.09187
  39     0.40021    0.096428
  40        0.41     0.10096
  41      0.4205     0.10596
  42     0.43006     0.11063
  43     0.44033     0.11577
  44     0.45013      0.1208
  45        0.46     0.12599
  46     0.47012     0.13145
  47     0.48019     0.13702
  48     0.49053     0.14291
  49     0.50007     0.14843
  50      0.5108     0.15476
  51      0.5201     0.16041
  52     0.53059     0.16693
  53     0.54007     0.17299
  54     0.55117      0.1803
  55     0.56001     0.18627
  56     0.57018     0.19329
  57     0.58004     0.20028
  58     0.59018     0.20764
  59      0.6012     0.21591
  60     0.61047     0.22307
  61     0.62008     0.23069
  62     0.63045     0.23911
  63        0.64      0.2471
  64     0.65006     0.25574
  65     0.66001     0.26451
  66     0.67035     0.27391
  67     0.68099     0.28388
  68     0.69019     0.29278
  69     0.70008     0.30263
  70     0.71018       0.313
  71     0.72004     0.32343
  72     0.73005     0.33433
  73     0.74205      0.3479
  74     0.75013     0.35722
  75     0.76021     0.36921
  76     0.77004     0.38134
  77     0.78032     0.39444
  78     0.79004     0.40723
  79     0.80013     0.42103
  80      0.8101     0.43515
  81     0.82003      0.4497
  82     0.83148     0.46724
  83     0.84007       0.481
  84     0.85291     0.50266
  85     0.86004     0.51516
  86     0.87033     0.53405
  87     0.88005     0.55284
  88     0.89022     0.57364
  89     0.90002     0.59479
  90     0.91015     0.61815
  91     0.92017     0.64296
  92     0.93002     0.66872
  93        0.94     0.69679
  94     0.95003     0.72748
  95     0.96079     0.76494
  96     0.97083     0.80506
  97     0.98007     0.84812
  98     0.99002     0.90488
  99           1           1
-----------------------------------------

----------------- PPP$ and local currency --------------
         PPP used in computation: 0.553408
     Data mean in local currency: 175.198
               Data mean in PPP$: 410.797
        Poverty line in PPP$/Day: 1.9
      Poverty line in PPP$/Month: 57.7917
  Poverty line in local currency: 24.6471
-------------------------------------------------------

----------------- Estimation result --------------
     Number of observation: 4912
          Total population: 3.14857E+06
              Total wealth: 9.96774E+08(PPP$)
                   Minimum: 0(PPP$)
                   Maximum: 9215.62(PPP$)
             Headcount(HC): 0.10303
          Poverty gap (PG): 0.040357
       Poverty gap squared: 0.0227986
                      Gini: 0.539923
                    Median: 239.752
                       MLD: 0.580415
                      Watt: 0.05291
--------------------------------------------------

-------------------------------- Income or Consumption share by deciles (%) -------------------------------------
    0.83971     1.9014     2.9385     3.9539      5.205     6.6618     8.7546      11.83      17.39     40.525
-----------------------------------------------------------------------------------------------------------------


