

**********************************************************************************************
**                                   Basic Information                                      **
**********************************************************************************************

----------------- Dataset Information -----------------
                         Country: Panama
                    Country dode: PAN
                       Data Year: 1991
                        Coverage: National
             Welfare measurement: Income
                     Data format: Unit record
                     Data source: PAN_N1991Y
                  Data time span: UnDefined
-------------------------------------------------------


----------- Distribution ------------
   i           P           L 
-------------------------------------
   0    0.060161           0
   1    0.060161           0
   2    0.060161           0
   3    0.060161           0
   4    0.060161           0
   5    0.060161           0
   6     0.07139  0.00014974
   7    0.080182  0.00038519
   8    0.090207  0.00074109
   9     0.10536     0.00144
  10     0.11002   0.0016956
  11     0.12041   0.0023512
  12     0.13242   0.0032648
  13     0.14029   0.0039481
  14     0.15438   0.0053459
  15     0.16003   0.0059585
  16     0.17004   0.0071543
  17     0.18024    0.008502
  18     0.19319    0.010406
  19     0.20004    0.011511
  20     0.21324    0.013798
  21     0.22024    0.015086
  22     0.23357    0.017754
  23     0.24044    0.019209
  24     0.25021    0.021415
  25      0.2604    0.023872
  26     0.27036    0.026398
  27     0.28108    0.029249
  28     0.29044    0.031884
  29     0.30007    0.034733
  30     0.31077    0.038005
  31     0.32091    0.041234
  32     0.33004    0.044262
  33     0.34004    0.047702
  34     0.35013    0.051281
  35     0.36008    0.054944
  36     0.37062    0.058977
  37     0.38022    0.062775
  38      0.3903    0.066876
  39      0.4002    0.071044
  40     0.41936    0.079468
  41      0.4203    0.079884
  42      0.4304    0.084471
  43     0.44015    0.089074
  44     0.45004    0.093944
  45     0.46008     0.09905
  46     0.47017     0.10429
  47     0.48006     0.10954
  48     0.49344     0.11687
  49     0.50021     0.12067
  50     0.51057     0.12665
  51     0.52038     0.13247
  52     0.53025     0.13849
  53     0.54012     0.14465
  54     0.55038     0.15124
  55      0.5624      0.1592
  56     0.57071      0.1648
  57     0.58004     0.17127
  58     0.59013     0.17843
  59     0.60013     0.18575
  60     0.61051     0.19359
  61     0.62002     0.20097
  62     0.63263     0.21111
  63     0.64002     0.21725
  64     0.65021     0.22604
  65     0.66255     0.23695
  66     0.67112     0.24471
  67     0.68014     0.25316
  68     0.69026     0.26294
  69     0.70247     0.27527
  70     0.71005     0.28313
  71     0.72034     0.29417
  72     0.73006       0.305
  73     0.74046       0.317
  74     0.75002     0.32836
  75     0.76038      0.3411
  76     0.77004     0.35339
  77     0.78125     0.36822
  78     0.79038     0.38059
  79     0.80002     0.39413
  80     0.81005     0.40874
  81     0.82186     0.42671
  82     0.83084     0.44101
  83     0.84008      0.4564
  84     0.85215     0.47757
  85     0.86002     0.49193
  86     0.87005     0.51113
  87     0.88006      0.5313
  88     0.89004     0.55238
  89     0.90046     0.57575
  90     0.91001     0.59846
  91     0.92013     0.62401
  92     0.93007     0.65079
  93     0.94012     0.68029
  94     0.95002     0.71177
  95     0.96004     0.74677
  96     0.97002     0.78603
  97     0.98017     0.83312
  98     0.99021     0.89379
  99           1           1
-----------------------------------------

----------------- PPP$ and local currency --------------
         PPP used in computation: 0.553408
     Data mean in local currency: 112.936
               Data mean in PPP$: 308.183
        Poverty line in PPP$/Day: 1.9
      Poverty line in PPP$/Month: 57.7917
  Poverty line in local currency: 21.1781
-------------------------------------------------------

----------------- Estimation result --------------
     Number of observation: 2733
          Total population: 2.16172E+06
              Total wealth: 4.41148E+08(PPP$)
                   Minimum: 0(PPP$)
                   Maximum: 9305.97(PPP$)
             Headcount(HC): 0.218682
          Poverty gap (PG): 0.139811
       Poverty gap squared: 0.11215
                      Gini: 0.582196
                    Median: 174.704
                       MLD: 0.980145
                      Watt: 0.14535
--------------------------------------------------

-------------------------------- Income or Consumption share by deciles (%) -------------------------------------
    0.11928     1.0311     2.3208     3.6247     4.9596     6.5101     8.7115     12.132     18.063     42.528
-----------------------------------------------------------------------------------------------------------------


