

**********************************************************************************************
**                                   Basic Information                                      **
**********************************************************************************************

----------------- Dataset Information -----------------
                         Country: Panama
                    Country dode: PAN
                       Data Year: 2004
                        Coverage: National
             Welfare measurement: Income
                     Data format: Unit record
                     Data source: PAN_N2004Y
                  Data time span: UnDefined
-------------------------------------------------------


----------- Distribution ------------
   i           P           L 
-------------------------------------
   0    0.010065   0.0001236
   1    0.020184  0.00054443
   2    0.030428   0.0011291
   3    0.040014   0.0017811
   4    0.050214    0.002579
   5     0.06014   0.0034551
   6    0.070364   0.0044655
   7      0.0801   0.0055093
   8    0.090022   0.0066556
   9     0.10042   0.0079641
  10     0.11006   0.0092679
  11     0.12056     0.01079
  12     0.13005    0.012258
  13     0.14003    0.013911
  14     0.15012    0.015686
  15     0.16058    0.017624
  16     0.17031      0.0195
  17     0.18034    0.021518
  18     0.19014    0.023601
  19     0.20009    0.025824
  20     0.21014    0.028178
  21     0.22007    0.030616
  22     0.23003    0.033182
  23     0.24036    0.035939
  24     0.25062    0.038786
  25     0.26021    0.041542
  26     0.27048    0.044589
  27     0.28009    0.047518
  28     0.29013    0.050676
  29     0.30185    0.054517
  30     0.31006    0.057284
  31     0.32015    0.060774
  32     0.33017    0.064357
  33     0.34027    0.068076
  34      0.3501    0.071789
  35     0.36001    0.075628
  36     0.37277    0.080725
  37     0.38053      0.0839
  38     0.39015    0.087929
  39     0.40017    0.092267
  40     0.41015    0.096716
  41      0.4206     0.10152
  42     0.43002     0.10597
  43     0.44002     0.11083
  44     0.45039     0.11601
  45     0.46044     0.12118
  46      0.4701     0.12628
  47     0.48028     0.13177
  48     0.49017     0.13726
  49     0.50401     0.14516
  50     0.51008      0.1487
  51     0.52016     0.15473
  52     0.53079     0.16129
  53     0.54016     0.16722
  54     0.55008     0.17367
  55     0.56084     0.18084
  56     0.57132     0.18802
  57     0.58002     0.19413
  58     0.59007     0.20134
  59     0.60006     0.20865
  60     0.61013     0.21624
  61     0.62042      0.2242
  62     0.63004     0.23183
  63     0.64003     0.23995
  64     0.65008     0.24836
  65     0.66025     0.25714
  66     0.67005     0.26581
  67     0.68054     0.27539
  68     0.69021     0.28449
  69     0.70012     0.29407
  70     0.71216     0.30609
  71     0.72056     0.31471
  72     0.73023     0.32495
  73      0.7401     0.33578
  74     0.75302     0.35054
  75     0.76002     0.35872
  76     0.77052     0.37144
  77     0.78007     0.38342
  78     0.79008      0.3964
  79     0.80012     0.40993
  80     0.81005     0.42386
  81     0.82007     0.43847
  82        0.83     0.45351
  83      0.8401     0.46954
  84     0.85014     0.48633
  85     0.86012     0.50381
  86        0.87     0.52199
  87     0.88069     0.54269
  88     0.89075     0.56332
  89     0.90002     0.58351
  90     0.91002     0.60673
  91     0.92195     0.63659
  92     0.93001     0.65828
  93     0.94021     0.68819
  94     0.95006     0.72022
  95     0.96006     0.75628
  96     0.97008      0.7975
  97     0.98001     0.84524
  98        0.99     0.90349
  99           1           1
-----------------------------------------

----------------- PPP$ and local currency --------------
         PPP used in computation: 0.553408
     Data mean in local currency: 173.254
               Data mean in PPP$: 418.748
        Poverty line in PPP$/Day: 1.9
      Poverty line in PPP$/Month: 57.7917
  Poverty line in local currency: 23.911
-------------------------------------------------------

----------------- Estimation result --------------
     Number of observation: 6042
          Total population: 3.07034E+06
              Total wealth: 9.61225E+08(PPP$)
                   Minimum: 0(PPP$)
                   Maximum: 9851.08(PPP$)
             Headcount(HC): 0.107573
          Poverty gap (PG): 0.0429181
       Poverty gap squared: 0.024271
                      Gini: 0.550588
                    Median: 241.695
                       MLD: 0.602876
                      Watt: 0.0589403
--------------------------------------------------

-------------------------------- Income or Consumption share by deciles (%) -------------------------------------
    0.79112     1.7893     2.8107     3.8283     5.0678     6.5739      8.534     11.582      17.37     41.653
-----------------------------------------------------------------------------------------------------------------


