

**********************************************************************************************
**                                   Basic Information                                      **
**********************************************************************************************

----------------- Dataset Information -----------------
                         Country: Panama
                    Country dode: PAN
                       Data Year: 2012
                        Coverage: National
             Welfare measurement: Income
                     Data format: Unit record
                     Data source: PAN_N2012Y
                  Data time span: UnDefined
-------------------------------------------------------


----------- Distribution ------------
   i           P           L 
-------------------------------------
   0    0.010144  0.00036999
   1    0.020029  0.00092708
   2    0.030042   0.0016287
   3    0.040012   0.0024564
   4    0.050093   0.0034306
   5     0.06026   0.0045485
   6    0.070015   0.0057185
   7    0.080039   0.0070181
   8    0.090054   0.0084237
   9     0.10001   0.0099322
  10     0.11008     0.01157
  11     0.12001    0.013319
  12     0.13011    0.015227
  13     0.14068    0.017397
  14      0.1502    0.019485
  15     0.16055    0.021858
  16     0.17013    0.024149
  17     0.18041    0.026725
  18     0.19003    0.029239
  19     0.20012    0.031995
  20     0.21009    0.034831
  21     0.22002    0.037752
  22     0.23017    0.040856
  23     0.24031    0.044084
  24     0.25007    0.047299
  25     0.26012    0.050738
  26     0.27014    0.054277
  27     0.28037    0.057994
  28     0.29104    0.061979
  29     0.30084    0.065737
  30     0.31029    0.069449
  31     0.32039    0.073524
  32     0.33017    0.077581
  33     0.34016    0.081827
  34     0.35023    0.086191
  35     0.36031    0.090672
  36     0.37007    0.095125
  37     0.38032    0.099931
  38      0.3906     0.10488
  39     0.40054     0.10978
  40     0.41013     0.11462
  41     0.42001     0.11974
  42     0.43027     0.12519
  43     0.44002     0.13047
  44        0.45     0.13601
  45     0.46001     0.14168
  46     0.47009      0.1475
  47     0.48005     0.15341
  48        0.49     0.15942
  49     0.50013     0.16567
  50     0.51006     0.17192
  51     0.52019     0.17847
  52     0.53123     0.18578
  53     0.54044     0.19202
  54     0.55001     0.19865
  55     0.56062     0.20615
  56     0.57005     0.21295
  57     0.58027     0.22048
  58     0.59012     0.22787
  59     0.60039     0.23578
  60     0.61003     0.24338
  61     0.62011     0.25151
  62     0.63016     0.25981
  63     0.64027     0.26836
  64      0.6509     0.27755
  65        0.66      0.2856
  66     0.67021     0.29483
  67     0.68003     0.30395
  68     0.69022     0.31366
  69     0.70006     0.32328
  70     0.71053     0.33378
  71     0.72006     0.34361
  72     0.73172     0.35595
  73     0.74024     0.36523
  74     0.75018     0.37635
  75     0.76001     0.38761
  76     0.77018     0.39959
  77     0.78006     0.41166
  78     0.79024     0.42448
  79     0.80029     0.43753
  80     0.81019     0.45085
  81     0.82003     0.46462
  82     0.83013      0.4793
  83     0.84021     0.49456
  84     0.85011     0.51012
  85     0.86013     0.52652
  86     0.87013     0.54368
  87     0.88018     0.56189
  88     0.89002     0.58068
  89     0.90004     0.60086
  90     0.91007     0.62231
  91     0.92003     0.64486
  92     0.93012     0.66947
  93     0.94001     0.69593
  94     0.95003     0.72501
  95     0.96121     0.76211
  96     0.97048     0.79711
  97     0.98057     0.84223
  98     0.99003     0.89634
  99           1           1
-----------------------------------------

----------------- PPP$ and local currency --------------
         PPP used in computation: 0.553408
     Data mean in local currency: 354.575
               Data mean in PPP$: 604.334
        Poverty line in PPP$/Day: 1.9
      Poverty line in PPP$/Month: 57.7917
  Poverty line in local currency: 33.9075
-------------------------------------------------------

----------------- Estimation result --------------
     Number of observation: 5549
          Total population: 3.69582E+06
              Total wealth: 2.36795E+09(PPP$)
                   Minimum: 0(PPP$)
                   Maximum: 24394.3(PPP$)
             Headcount(HC): 0.0441291
          Poverty gap (PG): 0.0144342
       Poverty gap squared: 0.00667256
                      Gini: 0.519018
                    Median: 374.966
                       MLD: 0.508588
                      Watt: 0.0184078
--------------------------------------------------

-------------------------------- Income or Consumption share by deciles (%) -------------------------------------
    0.99313      2.203     3.3453     4.4098     5.6073     6.9895     8.7748     11.393     16.362     39.923
-----------------------------------------------------------------------------------------------------------------


