

**********************************************************************************************
**                                   Basic Information                                      **
**********************************************************************************************

----------------- Dataset Information -----------------
                         Country: Panama
                    Country dode: PAN
                       Data Year: 2003
                        Coverage: National
             Welfare measurement: Income
                     Data format: Unit record
                     Data source: PAN_N2003Y
                  Data time span: UnDefined
-------------------------------------------------------


----------- Distribution ------------
   i           P           L 
-------------------------------------
   0    0.010055  7.1737E-05
   1    0.020145  0.00041137
   2    0.030115  0.00089792
   3    0.041858   0.0016211
   4     0.05027   0.0022361
   5    0.060238    0.003054
   6    0.070031   0.0039509
   7    0.080132   0.0049705
   8    0.090276   0.0061001
   9     0.10012   0.0072795
  10     0.11245   0.0088838
  11     0.12011   0.0099517
  12     0.13006    0.011413
  13     0.14031    0.013013
  14     0.15003    0.014637
  15     0.16002    0.016385
  16     0.17002    0.018223
  17     0.18005    0.020172
  18     0.19071    0.022341
  19     0.20019    0.024364
  20     0.21023    0.026617
  21     0.22001    0.028911
  22     0.23002    0.031356
  23     0.24003    0.033908
  24     0.25005    0.036578
  25     0.26056    0.039488
  26     0.27383    0.043321
  27     0.28003    0.045157
  28     0.29068    0.048416
  29     0.30005    0.051393
  30     0.31028     0.05475
  31     0.32003    0.058042
  32     0.33005    0.061528
  33     0.34011    0.065121
  34     0.35029    0.068868
  35     0.36055    0.072743
  36     0.37005    0.076437
  37     0.38014    0.080477
  38      0.3901    0.084585
  39     0.40043    0.088977
  40     0.41043    0.093336
  41     0.42004    0.097618
  42     0.43015     0.10225
  43     0.44022     0.10698
  44     0.45026     0.11183
  45     0.46027     0.11679
  46     0.47019     0.12185
  47     0.48006       0.127
  48     0.49025     0.13246
  49     0.50064     0.13817
  50     0.51003     0.14348
  51     0.52138     0.15009
  52      0.5301     0.15526
  53     0.54008     0.16134
  54     0.55098     0.16823
  55     0.56003     0.17412
  56     0.57002     0.18079
  57     0.58035     0.18785
  58     0.59008     0.19469
  59     0.60003     0.20182
  60     0.61011     0.20922
  61     0.62006     0.21671
  62     0.63075     0.22497
  63     0.64038      0.2326
  64     0.65003     0.24047
  65     0.66004     0.24888
  66     0.67008     0.25764
  67     0.68023     0.26667
  68     0.69001     0.27567
  69     0.70018      0.2853
  70     0.71008     0.29492
  71     0.72113     0.30607
  72      0.7312     0.31657
  73     0.74024     0.32628
  74     0.75008     0.33719
  75     0.76003     0.34853
  76      0.7703     0.36059
  77     0.78016     0.37255
  78     0.79013     0.38507
  79     0.80001       0.398
  80     0.81003     0.41169
  81     0.82007     0.42598
  82     0.83001     0.44068
  83     0.84002     0.45611
  84     0.85054     0.47309
  85     0.86299     0.49449
  86     0.87021     0.50748
  87      0.8801     0.52638
  88     0.89002     0.54649
  89     0.90016     0.56842
  90     0.91004     0.59112
  91     0.92017     0.61602
  92     0.93004     0.64195
  93     0.94007     0.67059
  94     0.95008     0.70209
  95     0.96007      0.7373
  96     0.97005     0.77754
  97     0.98012      0.8255
  98     0.99046     0.88837
  99           1           1
-----------------------------------------

----------------- PPP$ and local currency --------------
         PPP used in computation: 0.553408
     Data mean in local currency: 171.047
               Data mean in PPP$: 415.886
        Poverty line in PPP$/Day: 1.9
      Poverty line in PPP$/Month: 57.7917
  Poverty line in local currency: 23.7687
-------------------------------------------------------

----------------- Estimation result --------------
     Number of observation: 5707
          Total population: 3.0214E+06
              Total wealth: 9.33849E+08(PPP$)
                   Minimum: 0(PPP$)
                   Maximum: 11745.4(PPP$)
             Headcount(HC): 0.115745
          Poverty gap (PG): 0.04856
       Poverty gap squared: 0.0288768
                      Gini: 0.563679
                    Median: 230.985
                       MLD: 0.642109
                      Watt: 0.0670134
--------------------------------------------------

-------------------------------- Income or Consumption share by deciles (%) -------------------------------------
    0.72654     1.7058     2.7054     3.7415     4.9023     6.3985     8.3323     11.287     17.009     43.192
-----------------------------------------------------------------------------------------------------------------


