

**********************************************************************************************
**                                   Basic Information                                      **
**********************************************************************************************

----------------- Dataset Information -----------------
                         Country: Panama
                    Country dode: PAN
                       Data Year: 2007
                        Coverage: National
             Welfare measurement: Income
                     Data format: Unit record
                     Data source: PAN_N2007Y
                  Data time span: UnDefined
-------------------------------------------------------


----------- Distribution ------------
   i           P           L 
-------------------------------------
   0    0.010044  0.00026167
   1    0.020014  0.00082385
   2    0.030221   0.0015703
   3    0.040045   0.0023993
   4    0.050276   0.0033796
   5    0.060127   0.0044202
   6    0.070503   0.0056256
   7    0.080357   0.0068726
   8     0.09019   0.0082253
   9      0.1004   0.0097219
  10     0.11006     0.01122
  11     0.12027    0.012906
  12     0.13057    0.014692
  13      0.1401    0.016447
  14     0.15023    0.018424
  15     0.16003    0.020435
  16     0.17011    0.022611
  17     0.18016    0.024901
  18     0.19008    0.027284
  19     0.20002    0.029776
  20     0.21022    0.032431
  21     0.22008    0.035103
  22     0.23009    0.037903
  23     0.24015    0.040826
  24     0.25016    0.043849
  25     0.26029    0.047038
  26     0.27016    0.050236
  27     0.28003    0.053519
  28     0.29001    0.056945
  29     0.30042    0.060622
  30     0.31004    0.064129
  31     0.32001    0.067868
  32     0.33036    0.071866
  33     0.34114    0.076164
  34      0.3514    0.080387
  35     0.36136    0.084589
  36     0.37009    0.088358
  37     0.38009    0.092796
  38      0.3909    0.097733
  39     0.40013     0.10206
  40     0.41014     0.10685
  41     0.42011     0.11175
  42     0.43019     0.11681
  43     0.44004     0.12188
  44     0.45004     0.12717
  45     0.46069     0.13297
  46     0.47004      0.1382
  47     0.48009     0.14397
  48     0.49009     0.14984
  49     0.50004     0.15584
  50     0.51228     0.16343
  51     0.52021     0.16847
  52     0.53007     0.17488
  53     0.54049      0.1818
  54     0.55003     0.18826
  55     0.56007     0.19525
  56     0.57007     0.20239
  57     0.58065     0.21019
  58     0.59018     0.21739
  59     0.60016     0.22508
  60     0.61214     0.23457
  61     0.62012     0.24105
  62     0.63013     0.24936
  63     0.64121     0.25883
  64     0.65017     0.26667
  65        0.66     0.27548
  66     0.67031     0.28494
  67     0.68007     0.29414
  68     0.69007     0.30381
  69     0.70187     0.31558
  70     0.71023     0.32406
  71     0.72002     0.33427
  72     0.73009     0.34513
  73     0.74121     0.35754
  74     0.75016     0.36782
  75     0.76151     0.38129
  76     0.77023     0.39198
  77     0.78094     0.40547
  78     0.79001      0.4172
  79     0.80018     0.43077
  80     0.81042     0.44493
  81     0.82007     0.45874
  82     0.83116     0.47529
  83     0.84042     0.48955
  84     0.85001     0.50499
  85     0.86013     0.52201
  86     0.87002     0.53937
  87     0.88002     0.55782
  88     0.89207     0.58149
  89      0.9001     0.59798
  90     0.91016     0.61977
  91     0.92007     0.64267
  92     0.93027     0.66803
  93        0.94     0.69477
  94     0.95039     0.72623
  95     0.96012     0.75937
  96     0.97024     0.79886
  97     0.98023     0.84423
  98     0.99001     0.89745
  99           1           1
-----------------------------------------

----------------- PPP$ and local currency --------------
         PPP used in computation: 0.553408
     Data mean in local currency: 199.417
               Data mean in PPP$: 438.44
        Poverty line in PPP$/Day: 1.9
      Poverty line in PPP$/Month: 57.7917
  Poverty line in local currency: 26.2856
-------------------------------------------------------

----------------- Estimation result --------------
     Number of observation: 5084
          Total population: 3.25779E+06
              Total wealth: 1.17393E+09(PPP$)
                   Minimum: 0(PPP$)
                   Maximum: 11224.3(PPP$)
             Headcount(HC): 0.0810905
          Poverty gap (PG): 0.0282203
       Poverty gap squared: 0.0145477
                      Gini: 0.529692
                    Median: 267.525
                       MLD: 0.539365
                      Watt: 0.0367333
--------------------------------------------------

-------------------------------- Income or Consumption share by deciles (%) -------------------------------------
    0.96634     2.0107     3.0704      4.152     5.3817     6.9144     8.8755     11.682     16.725     40.222
-----------------------------------------------------------------------------------------------------------------


