

**********************************************************************************************
**                                   Basic Information                                      **
**********************************************************************************************

----------------- Dataset Information -----------------
                         Country: Panama
                    Country dode: PAN
                       Data Year: 1998
                        Coverage: National
             Welfare measurement: Income
                     Data format: Unit record
                     Data source: PAN_N1998Y
                  Data time span: UnDefined
-------------------------------------------------------


----------- Distribution ------------
   i           P           L 
-------------------------------------
   0    0.047341           0
   1    0.047341           0
   2    0.047341           0
   3    0.047341           0
   4    0.050184  1.8543E-05
   5     0.06011  0.00020066
   6    0.072325  0.00060137
   7    0.080016  0.00093728
   8    0.090147   0.0014822
   9     0.10536   0.0025468
  10     0.11005   0.0029266
  11     0.12041   0.0038892
  12     0.13003   0.0049342
  13     0.14003   0.0061572
  14     0.15008   0.0075131
  15     0.16063   0.0091158
  16     0.17021    0.010703
  17     0.18006    0.012462
  18     0.19002    0.014363
  19     0.20036    0.016453
  20     0.21382    0.019386
  21     0.22067    0.020952
  22     0.23059    0.023313
  23     0.24021    0.025686
  24      0.2508    0.028404
  25     0.26052    0.031029
  26      0.2703    0.033774
  27     0.28267    0.037422
  28     0.29003    0.039677
  29     0.30682    0.045074
  30     0.31003     0.04613
  31     0.32018    0.049559
  32     0.33032    0.053134
  33     0.34018    0.056753
  34     0.35004    0.060435
  35     0.36212    0.065082
  36     0.37121    0.068697
  37     0.38013    0.072357
  38     0.39025    0.076632
  39     0.40002    0.080873
  40     0.41015    0.085381
  41     0.42031    0.090006
  42     0.43072    0.094883
  43     0.44406     0.10134
  44      0.4517     0.10511
  45        0.46     0.10932
  46      0.4702     0.11462
  47     0.48023     0.11997
  48     0.49074     0.12571
  49     0.50145     0.13174
  50     0.51124      0.1374
  51      0.5204     0.14282
  52     0.53122      0.1494
  53     0.54004     0.15491
  54     0.56053     0.16811
  55     0.56053     0.16811
  56     0.57008     0.17442
  57     0.58035     0.18144
  58     0.59157     0.18936
  59     0.60007     0.19552
  60     0.61002     0.20291
  61     0.62001     0.21048
  62     0.63028      0.2185
  63     0.64181     0.22777
  64     0.65022      0.2347
  65     0.66073     0.24362
  66     0.67029     0.25196
  67     0.68188     0.26237
  68     0.69008     0.26995
  69     0.70488      0.2842
  70     0.71037     0.28961
  71     0.72254     0.30206
  72      0.7301     0.31002
  73     0.74029      0.3211
  74     0.75285     0.33523
  75     0.76014     0.34365
  76     0.77047     0.35595
  77     0.78045     0.36832
  78     0.79068     0.38155
  79     0.80007     0.39403
  80     0.81003     0.40783
  81     0.82064      0.4233
  82     0.83001     0.43762
  83     0.84172     0.45637
  84     0.85026     0.47056
  85     0.86006      0.4875
  86     0.87002     0.50557
  87     0.88152      0.5276
  88     0.89019     0.54498
  89     0.90014     0.56606
  90     0.91006     0.58838
  91     0.92002     0.61241
  92      0.9301     0.63845
  93     0.94023     0.66725
  94     0.95002     0.69827
  95     0.96006     0.73397
  96     0.97009     0.77485
  97     0.98014     0.82414
  98     0.99002     0.88601
  99           1           1
-----------------------------------------

----------------- PPP$ and local currency --------------
         PPP used in computation: 0.553408
     Data mean in local currency: 154.13
               Data mean in PPP$: 390.637
        Poverty line in PPP$/Day: 1.9
      Poverty line in PPP$/Month: 57.7917
  Poverty line in local currency: 22.8023
-------------------------------------------------------

----------------- Estimation result --------------
     Number of observation: 3310
          Total population: 2.46526E+06
              Total wealth: 6.86602E+08(PPP$)
                   Minimum: 0(PPP$)
                   Maximum: 9034.92(PPP$)
             Headcount(HC): 0.151552
          Poverty gap (PG): 0.0993007
       Poverty gap squared: 0.0806352
                      Gini: 0.574808
                    Median: 221.765
                       MLD: 0.895003
                      Watt: 0.0932212
--------------------------------------------------

-------------------------------- Income or Consumption share by deciles (%) -------------------------------------
    0.21717     1.4207     2.6504     3.7979     5.0061     6.4548     8.4026     11.443     17.184     43.423
-----------------------------------------------------------------------------------------------------------------


