

**********************************************************************************************
**                                   Basic Information                                      **
**********************************************************************************************

----------------- Dataset Information -----------------
                         Country: Peru
                    Country dode: PER
                       Data Year: 2007
                        Coverage: National
             Welfare measurement: Income
                     Data format: Unit record
                     Data source: PER_N2007Y
                  Data time span: UnDefined
-------------------------------------------------------


----------- Distribution ------------
   i           P           L 
-------------------------------------
   0    0.010015  0.00048745
   1    0.020039   0.0012232
   2    0.030034   0.0021158
   3    0.040004   0.0031409
   4    0.050021   0.0042843
   5    0.060034   0.0055351
   6    0.070006   0.0068838
   7    0.080047   0.0083377
   8        0.09   0.0098725
   9         0.1    0.011516
  10     0.11001    0.013261
  11     0.12004    0.015102
  12     0.13005    0.017045
  13     0.14001    0.019078
  14     0.15003    0.021214
  15     0.16002    0.023431
  16     0.17002    0.025748
  17     0.18001     0.02817
  18     0.19003    0.030706
  19     0.20005    0.033348
  20     0.21003    0.036081
  21        0.22    0.038908
  22     0.23003    0.041849
  23        0.24    0.044877
  24     0.25009    0.048058
  25     0.26005    0.051316
  26     0.27008    0.054717
  27     0.28006    0.058235
  28     0.29004    0.061862
  29     0.30001    0.065602
  30     0.31004    0.069478
  31     0.32015    0.073491
  32        0.33    0.077513
  33     0.34006    0.081754
  34     0.35001     0.08607
  35     0.36001    0.090515
  36     0.37005    0.095102
  37     0.38004    0.099779
  38     0.39004     0.10458
  39     0.40002     0.10952
  40     0.41016     0.11468
  41     0.42001     0.11982
  42     0.43006     0.12519
  43     0.44004     0.13067
  44        0.45     0.13626
  45     0.46007     0.14206
  46     0.47008     0.14795
  47     0.48002     0.15394
  48     0.49008     0.16014
  49     0.50001     0.16641
  50     0.51002     0.17289
  51        0.52      0.1795
  52     0.53003     0.18631
  53     0.54004     0.19327
  54     0.55013     0.20043
  55     0.56001     0.20761
  56     0.57004     0.21505
  57     0.58004     0.22261
  58     0.59008     0.23035
  59     0.60001     0.23816
  60     0.61001     0.24622
  61     0.62004      0.2545
  62     0.63003     0.26292
  63     0.64019     0.27168
  64     0.65003     0.28039
  65     0.66006     0.28947
  66     0.67004     0.29872
  67     0.68007     0.30824
  68     0.69006     0.31796
  69     0.70004     0.32793
  70     0.71003     0.33821
  71     0.72007     0.34883
  72     0.73001     0.35961
  73     0.74009     0.37087
  74     0.75006      0.3823
  75        0.76     0.39403
  76        0.77     0.40618
  77     0.78008     0.41884
  78     0.79006     0.43172
  79     0.80002     0.44506
  80     0.81004     0.45896
  81     0.82001     0.47326
  82     0.83002     0.48811
  83     0.84003      0.5035
  84     0.85001     0.51943
  85     0.86012     0.53611
  86        0.87     0.55304
  87        0.88      0.5709
  88     0.89016     0.58985
  89     0.90009     0.60935
  90     0.91004     0.63007
  91     0.92005     0.65242
  92     0.93016     0.67644
  93     0.94004     0.70172
  94     0.95012     0.72989
  95     0.96002     0.76067
  96     0.97021     0.79718
  97     0.98003     0.83874
  98     0.99004      0.8917
  99           1           1
-----------------------------------------

----------------- PPP$ and local currency --------------
         PPP used in computation: 1.56864
     Data mean in local currency: 467.147
               Data mean in PPP$: 340.337
        Poverty line in PPP$/Day: 1.9
      Poverty line in PPP$/Month: 57.7917
  Poverty line in local currency: 79.3248
-------------------------------------------------------

----------------- Estimation result --------------
     Number of observation: 22185
          Total population: 2.80134E+07
              Total wealth: 8.3425E+09(PPP$)
                   Minimum: 0(PPP$)
                   Maximum: 16029.6(PPP$)
             Headcount(HC): 0.100255
          Poverty gap (PG): 0.032185
       Poverty gap squared: 0.0147127
                      Gini: 0.513528
                    Median: 217.368
                       MLD: 0.48701
                      Watt: 0.0449357
--------------------------------------------------

-------------------------------- Income or Consumption share by deciles (%) -------------------------------------
     1.1515     2.1821     3.2261     4.3909     5.6891     7.1756     8.9735     11.714     16.414     39.083
-----------------------------------------------------------------------------------------------------------------


