

**********************************************************************************************
**                                   Basic Information                                      **
**********************************************************************************************

----------------- Dataset Information -----------------
                         Country: Peru
                    Country dode: PER
                       Data Year: 2011
                        Coverage: National
             Welfare measurement: Income
                     Data format: Unit record
                     Data source: PER_N2011Y
                  Data time span: UnDefined
-------------------------------------------------------


----------- Distribution ------------
   i           P           L 
-------------------------------------
   0    0.010015  0.00066745
   1    0.020083   0.0016901
   2    0.030005    0.002872
   3    0.040047   0.0042235
   4    0.050016   0.0057067
   5    0.060005   0.0073162
   6    0.070106   0.0090869
   7    0.080064     0.01096
   8    0.090019    0.012957
   9     0.10006    0.015103
  10     0.11002    0.017346
  11     0.12009    0.019738
  12      0.1301    0.022259
  13     0.14008    0.024891
  14        0.15    0.027619
  15     0.16001    0.030488
  16     0.17003    0.033475
  17     0.18002    0.036567
  18      0.1901    0.039799
  19     0.20001    0.043098
  20     0.21002    0.046542
  21     0.22005    0.050095
  22        0.23    0.053726
  23     0.24006     0.05752
  24     0.25002    0.061396
  25     0.26001    0.065397
  26     0.27006    0.069539
  27     0.28001    0.073766
  28        0.29    0.078143
  29     0.30002    0.082666
  30     0.31001    0.087295
  31     0.32004    0.092057
  32     0.33004    0.096925
  33     0.34003     0.10192
  34     0.35011     0.10708
  35     0.36001     0.11227
  36     0.37009     0.11767
  37     0.38002     0.12312
  38     0.39001     0.12875
  39     0.40001      0.1345
  40     0.41002      0.1404
  41     0.42001     0.14643
  42     0.43017     0.15273
  43     0.44002     0.15895
  44     0.45003      0.1654
  45     0.46005     0.17197
  46     0.47003     0.17864
  47     0.48006     0.18548
  48     0.49001      0.1924
  49     0.50003     0.19954
  50     0.51003      0.2068
  51        0.52      0.2142
  52     0.53005     0.22179
  53        0.54     0.22947
  54     0.55006     0.23742
  55        0.56     0.24544
  56     0.57001     0.25369
  57     0.58001     0.26209
  58     0.59005     0.27068
  59     0.60004     0.27937
  60     0.61001     0.28823
  61     0.62003     0.29733
  62     0.63015      0.3067
  63     0.64002     0.31603
  64     0.65003     0.32565
  65     0.66005     0.33547
  66     0.67003     0.34546
  67     0.68007      0.3557
  68     0.69008     0.36612
  69     0.70004      0.3767
  70     0.71005     0.38757
  71     0.72002     0.39865
  72     0.73007     0.41005
  73     0.74017     0.42181
  74     0.75016     0.43369
  75     0.76011      0.4458
  76     0.77007     0.45821
  77     0.78005     0.47097
  78     0.79001     0.48407
  79     0.80001     0.49756
  80     0.81006     0.51147
  81     0.82007     0.52568
  82     0.83006      0.5403
  83     0.84002     0.55531
  84     0.85001     0.57085
  85      0.8601     0.58706
  86     0.87007     0.60368
  87        0.88       0.621
  88     0.89006     0.63928
  89     0.90001     0.65811
  90     0.91002     0.67796
  91        0.92     0.69884
  92     0.93024      0.7216
  93     0.94003      0.7447
  94     0.95002     0.77005
  95     0.96018     0.79864
  96     0.97007      0.8304
  97     0.98002     0.86796
  98     0.99009     0.91603
  99           1           1
-----------------------------------------

----------------- PPP$ and local currency --------------
         PPP used in computation: 1.56864
     Data mean in local currency: 616.598
               Data mean in PPP$: 393.079
        Poverty line in PPP$/Day: 1.9
      Poverty line in PPP$/Month: 57.7917
  Poverty line in local currency: 90.6543
-------------------------------------------------------

----------------- Estimation result --------------
     Number of observation: 23226
          Total population: 2.97018E+07
              Total wealth: 1.16752E+10(PPP$)
                   Minimum: 2.49686(PPP$)
                   Maximum: 20176.6(PPP$)
             Headcount(HC): 0.0434488
          Poverty gap (PG): 0.0113757
       Poverty gap squared: 0.00460089
                      Gini: 0.454768
                    Median: 282.796
                       MLD: 0.373778
                      Watt: 0.0153918
--------------------------------------------------

-------------------------------- Income or Consumption share by deciles (%) -------------------------------------
     1.5091     2.8003     3.9561      5.184     6.5019     7.9822     9.7321     12.088     16.056      34.19
-----------------------------------------------------------------------------------------------------------------


