

**********************************************************************************************
**                                   Basic Information                                      **
**********************************************************************************************

----------------- Dataset Information -----------------
                         Country: Peru
                    Country dode: PER
                       Data Year: 1999
                        Coverage: National
             Welfare measurement: Income
                     Data format: Unit record
                     Data source: PER_N1999Y
                  Data time span: UnDefined
-------------------------------------------------------


----------- Distribution ------------
   i           P           L 
-------------------------------------
   0    0.010042  0.00019854
   1    0.020211  0.00066808
   2    0.030823   0.0013191
   3    0.040092   0.0020035
   4    0.050117   0.0028552
   5    0.060107   0.0038208
   6    0.070027   0.0048762
   7    0.081028    0.006175
   8    0.090251   0.0073314
   9     0.10015   0.0086617
  10     0.11025    0.010129
  11     0.12024    0.011673
  12     0.13028    0.013313
  13     0.14013    0.015016
  14     0.15006    0.016816
  15     0.16023    0.018763
  16     0.17012    0.020751
  17     0.18031    0.022896
  18     0.19012    0.025068
  19     0.20007    0.027395
  20     0.21027    0.029902
  21     0.22077    0.032585
  22     0.23065     0.03519
  23     0.24032    0.037832
  24     0.25007    0.040573
  25     0.26066    0.043636
  26     0.27056    0.046585
  27     0.28013    0.049524
  28        0.29    0.052651
  29     0.30013    0.055994
  30     0.31002    0.059354
  31     0.32003    0.062845
  32     0.33052    0.066572
  33     0.34039    0.070167
  34     0.35072    0.074032
  35     0.36024    0.077706
  36     0.37006    0.081608
  37     0.38031      0.0858
  38     0.39012    0.089924
  39      0.4001    0.094238
  40     0.41003    0.098655
  41     0.42006     0.10322
  42     0.43114     0.10838
  43     0.44035     0.11275
  44     0.45127     0.11808
  45     0.46006     0.12249
  46     0.47021     0.12771
  47     0.48044     0.13315
  48     0.49008     0.13841
  49     0.50024     0.14405
  50     0.51003     0.14961
  51     0.52041     0.15564
  52     0.53036     0.16159
  53     0.54114     0.16822
  54      0.5507     0.17422
  55        0.56      0.1802
  56     0.57004      0.1868
  57     0.58048     0.19383
  58     0.59002     0.20042
  59     0.60019     0.20762
  60     0.61007      0.2148
  61     0.62039      0.2225
  62     0.63018        0.23
  63      0.6404     0.23802
  64     0.65006     0.24581
  65     0.66027     0.25422
  66     0.67014     0.26254
  67     0.68001     0.27104
  68     0.69006     0.27987
  69     0.70013      0.2891
  70     0.71059       0.299
  71     0.72015     0.30828
  72      0.7304     0.31848
  73     0.74014     0.32848
  74     0.75097     0.33992
  75     0.76006     0.34971
  76     0.77009     0.36085
  77     0.78018     0.37243
  78     0.79039     0.38436
  79     0.80029     0.39636
  80     0.81017     0.40886
  81     0.82012     0.42201
  82     0.83104      0.4371
  83      0.8403     0.45031
  84     0.85011     0.46479
  85     0.86073     0.48124
  86      0.8704     0.49689
  87     0.88132     0.51586
  88     0.89002     0.53189
  89     0.90009     0.55154
  90     0.91043     0.57352
  91     0.92024     0.59598
  92     0.93016     0.62039
  93     0.94079     0.64899
  94     0.95009     0.67705
  95     0.96014     0.71267
  96     0.97135     0.75986
  97     0.98002     0.80195
  98     0.99009     0.86849
  99           1           1
-----------------------------------------

----------------- PPP$ and local currency --------------
         PPP used in computation: 1.56864
     Data mean in local currency: 319.375
               Data mean in PPP$: 272.622
        Poverty line in PPP$/Day: 1.9
      Poverty line in PPP$/Month: 57.7917
  Poverty line in local currency: 67.7025
-------------------------------------------------------

----------------- Estimation result --------------
     Number of observation: 3217
          Total population: 2.53096E+07
              Total wealth: 5.15303E+09(PPP$)
                   Minimum: 1.06249(PPP$)
                   Maximum: 9854.62(PPP$)
             Headcount(HC): 0.176251
          Poverty gap (PG): 0.0723426
       Poverty gap squared: 0.0407973
                      Gini: 0.563436
                    Median: 152.512
                       MLD: 0.603458
                      Watt: 0.117893
--------------------------------------------------

-------------------------------- Income or Consumption share by deciles (%) -------------------------------------
    0.86411     1.8737     2.8573     3.8245      4.972     6.3566     8.1499     10.704     15.534     44.864
-----------------------------------------------------------------------------------------------------------------


