

**********************************************************************************************
**                                   Basic Information                                      **
**********************************************************************************************

----------------- Dataset Information -----------------
                         Country: Peru
                    Country dode: PER
                       Data Year: 2004
                        Coverage: National
             Welfare measurement: Income
                     Data format: Unit record
                     Data source: PER_N2004Y
                  Data time span: UnDefined
-------------------------------------------------------


----------- Distribution ------------
   i           P           L 
-------------------------------------
   0    0.010015  0.00056565
   1    0.020002   0.0014171
   2    0.030002   0.0024237
   3    0.040007   0.0035483
   4     0.05004   0.0047948
   5    0.060009   0.0061438
   6    0.070027   0.0076151
   7    0.080027   0.0091889
   8    0.090001    0.010855
   9     0.10001    0.012615
  10        0.11    0.014475
  11     0.12006    0.016449
  12     0.13001    0.018502
  13      0.1401    0.020684
  14     0.15008    0.022932
  15     0.16002    0.025268
  16     0.17002    0.027704
  17        0.18    0.030234
  18     0.19011    0.032895
  19     0.20003    0.035603
  20     0.21009    0.038436
  21     0.22001    0.041334
  22     0.23005    0.044362
  23        0.24    0.047458
  24     0.25002     0.05067
  25     0.26001    0.053983
  26     0.27003    0.057418
  27     0.28004    0.060958
  28     0.29017    0.064638
  29     0.30003    0.068341
  30      0.3101    0.072231
  31     0.32002    0.076167
  32     0.33001    0.080236
  33     0.34004    0.084445
  34     0.35006    0.088755
  35        0.36    0.093151
  36     0.37001    0.097697
  37     0.38001     0.10236
  38     0.39002     0.10713
  39     0.40002     0.11201
  40      0.4101     0.11707
  41     0.42002     0.12218
  42     0.43013     0.12753
  43     0.44002     0.13288
  44     0.45001     0.13842
  45     0.46003     0.14412
  46     0.47008     0.14997
  47     0.48004     0.15591
  48     0.49003       0.162
  49     0.50001     0.16824
  50     0.51009     0.17469
  51     0.52029     0.18137
  52     0.53007      0.1879
  53     0.54006     0.19469
  54     0.55048     0.20192
  55     0.56007     0.20873
  56        0.57     0.21595
  57     0.58007     0.22344
  58     0.59005     0.23103
  59     0.60005     0.23884
  60     0.61007     0.24687
  61     0.62005     0.25509
  62     0.63004     0.26352
  63     0.64011     0.27217
  64     0.65003     0.28088
  65     0.66004      0.2899
  66     0.67002     0.29912
  67     0.68007     0.30864
  68     0.69006     0.31831
  69     0.70003     0.32818
  70      0.7101     0.33839
  71     0.72001     0.34871
  72     0.73017     0.35956
  73     0.74011     0.37043
  74     0.75003     0.38166
  75     0.76056     0.39392
  76      0.7701     0.40531
  77     0.78006     0.41761
  78     0.79004     0.43034
  79         0.8     0.44354
  80     0.81001     0.45725
  81     0.82004     0.47139
  82     0.83001     0.48589
  83     0.84007     0.50109
  84     0.85005     0.51682
  85        0.86     0.53309
  86     0.87014     0.55042
  87        0.88     0.56806
  88     0.89008     0.58699
  89     0.90002     0.60681
  90     0.91002     0.62789
  91     0.92003     0.65028
  92      0.9301     0.67438
  93     0.94004     0.70016
  94        0.95     0.72876
  95        0.96     0.76078
  96     0.97013     0.79768
  97     0.98009     0.83935
  98     0.99013     0.89295
  99           1           1
-----------------------------------------

----------------- PPP$ and local currency --------------
         PPP used in computation: 1.56864
     Data mean in local currency: 369.916
               Data mean in PPP$: 284.361
        Poverty line in PPP$/Day: 1.9
      Poverty line in PPP$/Month: 57.7917
  Poverty line in local currency: 75.1794
-------------------------------------------------------

----------------- Estimation result --------------
     Number of observation: 19471
          Total population: 2.70993E+07
              Total wealth: 6.39056E+09(PPP$)
                   Minimum: 0(PPP$)
                   Maximum: 17132(PPP$)
             Headcount(HC): 0.122192
          Poverty gap (PG): 0.0391336
       Poverty gap squared: 0.0177122
                      Gini: 0.511966
                    Median: 179.655
                       MLD: 0.475187
                      Watt: 0.0542394
--------------------------------------------------

-------------------------------- Income or Consumption share by deciles (%) -------------------------------------
     1.2612     2.2981     3.2737     4.3671     5.6229     7.0572     8.9348     11.538     16.323     39.323
-----------------------------------------------------------------------------------------------------------------


