

**********************************************************************************************
**                                   Basic Information                                      **
**********************************************************************************************

----------------- Dataset Information -----------------
                         Country: Peru
                    Country dode: PER
                       Data Year: 2000
                        Coverage: National
             Welfare measurement: Income
                     Data format: Unit record
                     Data source: PER_N2000Y
                  Data time span: UnDefined
-------------------------------------------------------


----------- Distribution ------------
   i           P           L 
-------------------------------------
   0    0.010812  0.00046716
   1    0.020652   0.0011359
   2    0.030506   0.0019236
   3    0.040028   0.0027741
   4    0.050023   0.0038314
   5    0.060299   0.0050842
   6    0.070049   0.0063886
   7    0.081459   0.0080753
   8    0.090077   0.0094587
   9     0.10024    0.011195
  10      0.1104    0.013064
  11     0.12014    0.014931
  12     0.13029    0.016967
  13     0.14046    0.019111
  14     0.15017    0.021254
  15     0.16046    0.023627
  16     0.17007    0.025915
  17     0.18028    0.028475
  18     0.19182    0.031489
  19     0.20004    0.033691
  20     0.21013     0.03653
  21     0.22141    0.039855
  22     0.23081    0.042741
  23     0.24009    0.045662
  24     0.25018     0.04892
  25     0.26009    0.052233
  26     0.27008    0.055709
  27     0.28091    0.059625
  28     0.29043    0.063177
  29     0.30014     0.06691
  30     0.31068    0.071094
  31     0.32045    0.075058
  32     0.33004    0.079053
  33     0.34039    0.083517
  34     0.35024     0.08789
  35     0.36032    0.092443
  36     0.37024    0.097023
  37     0.38031      0.1018
  38     0.39006     0.10653
  39     0.40017     0.11154
  40     0.41032     0.11669
  41     0.42114     0.12238
  42     0.43005     0.12721
  43     0.44004     0.13275
  44     0.45004     0.13843
  45     0.46023     0.14433
  46     0.47009     0.15015
  47     0.48031      0.1563
  48        0.49     0.16227
  49     0.50042     0.16884
  50     0.51022     0.17522
  51     0.52055     0.18209
  52     0.53069     0.18904
  53      0.5401     0.19566
  54     0.55034     0.20302
  55     0.56085     0.21075
  56     0.57021      0.2178
  57     0.58146     0.22655
  58     0.59087     0.23404
  59     0.60006     0.24146
  60        0.61     0.24962
  61     0.62056     0.25845
  62     0.63004     0.26656
  63     0.64192     0.27694
  64     0.65127     0.28522
  65     0.66014     0.29324
  66     0.67005     0.30248
  67     0.68014      0.3122
  68     0.69022     0.32213
  69     0.70025     0.33224
  70     0.71005     0.34238
  71     0.72153     0.35469
  72     0.73095     0.36513
  73     0.74047     0.37595
  74     0.75044     0.38751
  75     0.76032     0.39932
  76     0.77013     0.41141
  77     0.78029     0.42421
  78     0.79001      0.4367
  79     0.80165     0.45212
  80     0.81002     0.46361
  81     0.82002     0.47791
  82     0.83005     0.49288
  83     0.84001     0.50831
  84     0.85007     0.52437
  85      0.8601     0.54095
  86     0.87003     0.55809
  87     0.88008     0.57628
  88     0.89049     0.59599
  89     0.90008     0.61515
  90     0.91006     0.63609
  91     0.92011     0.65898
  92     0.93085     0.68516
  93     0.94039        0.71
  94     0.95035     0.73804
  95     0.96001     0.76864
  96     0.97023     0.80665
  97     0.98002     0.85013
  98     0.99058     0.91234
  99           1           1
-----------------------------------------

----------------- PPP$ and local currency --------------
         PPP used in computation: 1.56864
     Data mean in local currency: 293.716
               Data mean in PPP$: 241.075
        Poverty line in PPP$/Day: 1.9
      Poverty line in PPP$/Month: 57.7917
  Poverty line in local currency: 70.4109
-------------------------------------------------------

----------------- Estimation result --------------
     Number of observation: 3386
          Total population: 2.54235E+07
              Total wealth: 4.76035E+09(PPP$)
                   Minimum: 2.42248(PPP$)
                   Maximum: 4645.43(PPP$)
             Headcount(HC): 0.166964
          Poverty gap (PG): 0.0620036
       Poverty gap squared: 0.0329068
                      Gini: 0.507689
                    Median: 154.15
                       MLD: 0.478785
                      Watt: 0.0942849
--------------------------------------------------

-------------------------------- Income or Consumption share by deciles (%) -------------------------------------
     1.1155     2.2526     3.3174     4.4597     5.7125      7.283      9.058     11.795     16.505     38.501
-----------------------------------------------------------------------------------------------------------------


