

**********************************************************************************************
**                                   Basic Information                                      **
**********************************************************************************************

----------------- Dataset Information -----------------
                         Country: Peru
                    Country dode: PER
                       Data Year: 2009
                        Coverage: National
             Welfare measurement: Income
                     Data format: Unit record
                     Data source: PER_N2009Y
                  Data time span: UnDefined
-------------------------------------------------------


----------- Distribution ------------
   i           P           L 
-------------------------------------
   0    0.010004  0.00056143
   1    0.020064   0.0014657
   2    0.030008   0.0025571
   3     0.04002   0.0038004
   4     0.05001   0.0051608
   5    0.060055    0.006655
   6    0.070003   0.0082661
   7    0.080038    0.010007
   8    0.090052    0.011855
   9     0.10002    0.013802
  10     0.11008    0.015881
  11     0.12004    0.018056
  12     0.13002    0.020335
  13     0.14011    0.022745
  14     0.15003    0.025226
  15     0.16001    0.027828
  16        0.17    0.030548
  17     0.18021    0.033452
  18        0.19    0.036337
  19     0.20002    0.039391
  20     0.21001    0.042554
  21     0.22003    0.045841
  22     0.23008    0.049241
  23     0.24002    0.052716
  24     0.25006     0.05633
  25     0.26002    0.060023
  26     0.27001    0.063834
  27     0.28008    0.067791
  28     0.29002     0.07182
  29     0.30004    0.075999
  30     0.31007    0.080285
  31     0.32002    0.084652
  32     0.33006    0.089183
  33     0.34003    0.093788
  34     0.35002    0.098518
  35     0.36015     0.10343
  36     0.37004     0.10835
  37     0.38007     0.11345
  38     0.39007     0.11865
  39     0.40001     0.12395
  40     0.41015     0.12949
  41     0.42003       0.135
  42     0.43012     0.14074
  43     0.44001     0.14651
  44     0.45001     0.15247
  45     0.46001     0.15858
  46        0.47     0.16485
  47     0.48001     0.17127
  48     0.49003     0.17784
  49     0.50002     0.18452
  50     0.51008     0.19141
  51     0.52002     0.19838
  52     0.53003     0.20555
  53      0.5402     0.21298
  54     0.55002     0.22031
  55     0.56013     0.22802
  56     0.57003     0.23574
  57        0.58     0.24368
  58     0.59005     0.25186
  59     0.60003     0.26016
  60     0.61005     0.26869
  61     0.62026     0.27756
  62     0.63001     0.28622
  63      0.6401     0.29541
  64     0.65002     0.30469
  65     0.66007     0.31427
  66     0.67006     0.32401
  67     0.68003     0.33393
  68     0.69001     0.34405
  69     0.70013     0.35455
  70     0.71015     0.36521
  71     0.72018     0.37615
  72        0.73     0.38714
  73     0.74002     0.39868
  74     0.75002     0.41053
  75     0.76012     0.42285
  76     0.77003     0.43526
  77     0.78002     0.44811
  78     0.79001      0.4613
  79     0.80005     0.47496
  80     0.81003     0.48899
  81        0.82     0.50339
  82        0.83     0.51827
  83     0.84001     0.53368
  84     0.85006     0.54963
  85     0.86009      0.5662
  86     0.87024     0.58365
  87     0.88009     0.60128
  88     0.89001     0.61979
  89     0.90014     0.63967
  90     0.91002        0.66
  91     0.92002     0.68167
  92     0.93002     0.70471
  93     0.94011     0.72972
  94     0.95011     0.75639
  95     0.96001     0.78585
  96     0.97006     0.82018
  97     0.98002     0.86016
  98     0.99003     0.91035
  99           1           1
-----------------------------------------

----------------- PPP$ and local currency --------------
         PPP used in computation: 1.56864
     Data mean in local currency: 543.932
               Data mean in PPP$: 363.913
        Poverty line in PPP$/Day: 1.9
      Poverty line in PPP$/Month: 57.7917
  Poverty line in local currency: 86.3798
-------------------------------------------------------

----------------- Estimation result --------------
     Number of observation: 20380
          Total population: 2.89617E+07
              Total wealth: 1.00426E+10(PPP$)
                   Minimum: 0(PPP$)
                   Maximum: 15067.6(PPP$)
             Headcount(HC): 0.0627278
          Poverty gap (PG): 0.0181844
       Poverty gap squared: 0.00789989
                      Gini: 0.479571
                    Median: 246.277
                       MLD: 0.417189
                      Watt: 0.0249796
--------------------------------------------------

-------------------------------- Income or Consumption share by deciles (%) -------------------------------------
     1.3798     2.5587     3.6597     4.7963     6.0564     7.5626     9.4284     12.048     16.449     36.061
-----------------------------------------------------------------------------------------------------------------


