

**********************************************************************************************
**                                   Basic Information                                      **
**********************************************************************************************

----------------- Dataset Information -----------------
                         Country: Peru
                    Country dode: PER
                       Data Year: 2005
                        Coverage: National
             Welfare measurement: Income
                     Data format: Unit record
                     Data source: PER_N2005Y
                  Data time span: UnDefined
-------------------------------------------------------


----------- Distribution ------------
   i           P           L 
-------------------------------------
   0    0.010008  0.00053704
   1    0.020394   0.0013905
   2    0.030013   0.0023243
   3    0.040026   0.0034187
   4    0.050096   0.0046336
   5        0.06   0.0059466
   6    0.070022   0.0073749
   7    0.080004   0.0088856
   8    0.090048    0.010499
   9     0.10004    0.012192
  10     0.11002    0.013978
  11     0.12016    0.015878
  12     0.13001    0.017816
  13     0.14005    0.019892
  14        0.15    0.022035
  15     0.16002    0.024294
  16     0.17003    0.026669
  17     0.18009    0.029168
  18     0.19001    0.031719
  19     0.20002    0.034396
  20     0.21002    0.037162
  21        0.22    0.040014
  22     0.23004    0.042978
  23      0.2402    0.046072
  24     0.25004    0.049176
  25     0.26001    0.052423
  26     0.27008    0.055821
  27        0.28     0.05927
  28     0.29006    0.062865
  29     0.30004    0.066536
  30     0.31016    0.070364
  31     0.32001    0.074198
  32     0.33001    0.078203
  33     0.34008    0.082371
  34        0.35    0.086587
  35     0.36009    0.090988
  36     0.37004    0.095442
  37     0.38005     0.10005
  38     0.39002     0.10474
  39     0.40004     0.10957
  40     0.41009     0.11453
  41     0.42005     0.11955
  42     0.43005     0.12469
  43     0.44001     0.12996
  44     0.45009     0.13545
  45        0.46     0.14098
  46     0.47001     0.14669
  47     0.48002     0.15256
  48     0.49007     0.15859
  49     0.50013     0.16477
  50     0.51002     0.17101
  51     0.52012     0.17754
  52     0.53002     0.18408
  53     0.54008     0.19091
  54     0.55008     0.19786
  55     0.56002     0.20495
  56     0.57004     0.21226
  57     0.58002      0.2197
  58     0.59009     0.22741
  59     0.60002      0.2352
  60      0.6104     0.24353
  61     0.62002     0.25141
  62     0.63001     0.25977
  63     0.64003     0.26835
  64     0.65004     0.27711
  65     0.66008     0.28609
  66     0.67002     0.29516
  67     0.68015     0.30459
  68     0.69002       0.314
  69     0.70014     0.32391
  70        0.71     0.33379
  71     0.72001      0.3441
  72     0.73003     0.35468
  73     0.74004      0.3656
  74     0.75005     0.37687
  75     0.76008     0.38847
  76     0.77002      0.4003
  77     0.78012     0.41269
  78     0.79034     0.42564
  79     0.80004      0.4383
  80     0.81019     0.45203
  81     0.82001     0.46577
  82     0.83004     0.48037
  83     0.84019     0.49571
  84     0.85005     0.51111
  85        0.86      0.5272
  86     0.87006      0.5442
  87     0.88019     0.56215
  88        0.89     0.58043
  89     0.90004     0.60018
  90        0.91     0.62105
  91     0.92002     0.64335
  92     0.93003     0.66712
  93        0.94     0.69288
  94     0.95014     0.72173
  95     0.96001     0.75295
  96     0.97004     0.78927
  97     0.98002     0.83232
  98      0.9903     0.89212
  99           1           1
-----------------------------------------

----------------- PPP$ and local currency --------------
         PPP used in computation: 1.56864
     Data mean in local currency: 360.405
               Data mean in PPP$: 272.591
        Poverty line in PPP$/Day: 1.9
      Poverty line in PPP$/Month: 57.7917
  Poverty line in local currency: 76.409
-------------------------------------------------------

----------------- Estimation result --------------
     Number of observation: 19869
          Total population: 2.73811E+07
              Total wealth: 6.29099E+09(PPP$)
                   Minimum: 0(PPP$)
                   Maximum: 9062.62(PPP$)
             Headcount(HC): 0.141692
          Poverty gap (PG): 0.0462324
       Poverty gap squared: 0.0213245
                      Gini: 0.518389
                    Median: 169.378
                       MLD: 0.489463
                      Watt: 0.0655033
--------------------------------------------------

-------------------------------- Income or Consumption share by deciles (%) -------------------------------------
     1.2185     2.2205      3.213     4.3034     5.5136     7.0499     8.8583     11.449     16.185     39.989
-----------------------------------------------------------------------------------------------------------------


