

**********************************************************************************************
**                                   Basic Information                                      **
**********************************************************************************************

----------------- Dataset Information -----------------
                         Country: Peru
                    Country dode: PER
                       Data Year: 2010
                        Coverage: National
             Welfare measurement: Income
                     Data format: Unit record
                     Data source: PER_N2010Y
                  Data time span: UnDefined
-------------------------------------------------------


----------- Distribution ------------
   i           P           L 
-------------------------------------
   0    0.010017  0.00067601
   1    0.020083   0.0016725
   2        0.03   0.0028333
   3    0.040105   0.0041856
   4    0.050044   0.0056714
   5        0.06   0.0072963
   6    0.070018   0.0090672
   7    0.080003    0.010967
   8    0.090263    0.013044
   9     0.10006    0.015123
  10     0.11001    0.017345
  11     0.12003    0.019683
  12     0.13001    0.022121
  13     0.14003    0.024674
  14     0.15011    0.027359
  15     0.16001    0.030112
  16     0.17037    0.033125
  17     0.18004    0.036044
  18     0.19015     0.03922
  19     0.20006    0.042439
  20     0.21003    0.045793
  21     0.22001    0.049271
  22     0.23001    0.052874
  23     0.24007    0.056628
  24     0.25001    0.060456
  25     0.26001    0.064422
  26     0.27005    0.068507
  27     0.28001    0.072679
  28     0.29003    0.076997
  29     0.30003    0.081436
  30        0.31     0.08597
  31     0.32003    0.090637
  32     0.33005    0.095422
  33        0.34     0.10028
  34     0.35002      0.1053
  35     0.36004     0.11045
  36     0.37007     0.11572
  37     0.38012     0.12112
  38        0.39     0.12655
  39     0.40002     0.13218
  40     0.41004     0.13795
  41      0.4201     0.14389
  42     0.43002     0.14986
  43     0.44006     0.15605
  44     0.45004     0.16232
  45     0.46004     0.16873
  46     0.47009     0.17531
  47     0.48019     0.18206
  48     0.49012     0.18883
  49      0.5001     0.19577
  50     0.51016     0.20291
  51     0.52001     0.21007
  52     0.53001     0.21748
  53     0.54001     0.22502
  54     0.55017     0.23287
  55     0.56014     0.24071
  56     0.57017     0.24876
  57     0.58001     0.25682
  58     0.59001     0.26519
  59     0.60006     0.27376
  60     0.61004     0.28247
  61     0.62012     0.29141
  62     0.63009     0.30047
  63     0.64002     0.30968
  64     0.65001     0.31914
  65     0.66004     0.32885
  66        0.67     0.33866
  67     0.68007      0.3488
  68     0.69004     0.35907
  69     0.70003     0.36958
  70     0.71018     0.38048
  71     0.72001      0.3913
  72     0.73004     0.40262
  73     0.74002     0.41416
  74     0.75001     0.42599
  75     0.76002     0.43812
  76     0.77002     0.45052
  77     0.78001     0.46318
  78     0.79003     0.47623
  79     0.80002     0.48963
  80     0.81003     0.50344
  81     0.82005     0.51773
  82     0.83001     0.53242
  83     0.84024     0.54807
  84     0.85018     0.56381
  85     0.86006     0.58002
  86     0.87002     0.59691
  87     0.88009     0.61469
  88     0.89006     0.63302
  89     0.90002     0.65206
  90     0.91007      0.6723
  91     0.92001     0.69329
  92     0.93002     0.71566
  93     0.94002     0.73961
  94     0.95002     0.76542
  95     0.96011     0.79427
  96     0.97003     0.82637
  97     0.98014     0.86529
  98     0.99005     0.91201
  99           1           1
-----------------------------------------

----------------- PPP$ and local currency --------------
         PPP used in computation: 1.56864
     Data mean in local currency: 573.319
               Data mean in PPP$: 377.802
        Poverty line in PPP$/Day: 1.9
      Poverty line in PPP$/Month: 57.7917
  Poverty line in local currency: 87.6996
-------------------------------------------------------

----------------- Estimation result --------------
     Number of observation: 20293
          Total population: 2.93698E+07
              Total wealth: 1.07343E+10(PPP$)
                   Minimum: 3.29373(PPP$)
                   Maximum: 17760.7(PPP$)
             Headcount(HC): 0.0474298
          Poverty gap (PG): 0.013004
       Poverty gap squared: 0.00527529
                      Gini: 0.462063
                    Median: 265.31
                       MLD: 0.38414
                      Watt: 0.0174422
--------------------------------------------------

-------------------------------- Income or Consumption share by deciles (%) -------------------------------------
      1.511     2.7309     3.9003     5.0749     6.3524     7.8019     9.5826     12.006     16.242     34.797
-----------------------------------------------------------------------------------------------------------------


