

**********************************************************************************************
**                                   Basic Information                                      **
**********************************************************************************************

----------------- Dataset Information -----------------
                         Country: Peru
                    Country dode: PER
                       Data Year: 2013
                        Coverage: National
             Welfare measurement: Income
                     Data format: Unit record
                     Data source: PER_N2013Y
                  Data time span: UnDefined
-------------------------------------------------------


----------- Distribution ------------
   i           P           L 
-------------------------------------
   0    0.010001  0.00067777
   1    0.020006   0.0016799
   2    0.030013   0.0028837
   3    0.040036   0.0042363
   4    0.050012   0.0057392
   5    0.060009   0.0073887
   6    0.070007   0.0091909
   7    0.080004    0.011133
   8    0.090037    0.013229
   9     0.10002    0.015448
  10     0.11008    0.017805
  11     0.12001    0.020259
  12     0.13001    0.022866
  13     0.14001     0.02559
  14     0.15004    0.028441
  15     0.16003     0.03139
  16     0.17039    0.034577
  17     0.18002    0.037657
  18     0.19019    0.041024
  19     0.20004    0.044396
  20     0.21004    0.047942
  21     0.22026     0.05168
  22     0.23003     0.05537
  23     0.24003    0.059258
  24     0.25003    0.063253
  25     0.26003    0.067376
  26     0.27003    0.071619
  27     0.28001    0.075976
  28     0.29002    0.080458
  29         0.3    0.085048
  30     0.31012    0.089833
  31     0.32007    0.094657
  32        0.33     0.09959
  33     0.34003      0.1047
  34        0.35      0.1099
  35     0.36001     0.11524
  36        0.37     0.12071
  37     0.38001     0.12629
  38     0.39007     0.13203
  39     0.40001     0.13782
  40     0.41003     0.14378
  41     0.42001     0.14985
  42        0.43     0.15603
  43     0.44001     0.16237
  44        0.45     0.16884
  45     0.46003     0.17548
  46      0.4701     0.18229
  47     0.48015     0.18925
  48     0.49001     0.19621
  49     0.50001     0.20339
  50     0.51005     0.21073
  51     0.52006     0.21821
  52     0.53007     0.22583
  53        0.54     0.23356
  54     0.55003     0.24153
  55        0.56     0.24961
  56     0.57007     0.25792
  57     0.58002     0.26628
  58     0.59005     0.27486
  59         0.6     0.28355
  60     0.61001     0.29245
  61     0.62006     0.30157
  62     0.63011     0.31086
  63     0.64001     0.32021
  64     0.65001     0.32984
  65     0.66001     0.33966
  66        0.67     0.34966
  67     0.68005     0.35993
  68     0.69015     0.37052
  69     0.70001     0.38109
  70     0.71008     0.39209
  71     0.72001     0.40318
  72     0.73001     0.41458
  73     0.74001     0.42625
  74        0.75      0.4382
  75        0.76     0.45044
  76     0.77002     0.46303
  77     0.78007     0.47601
  78        0.79     0.48918
  79         0.8     0.50282
  80     0.81003     0.51686
  81     0.82001     0.53122
  82        0.83     0.54599
  83     0.84002     0.56132
  84        0.85      0.5771
  85     0.86001      0.5935
  86     0.87001     0.61052
  87     0.88008      0.6284
  88      0.8901     0.64699
  89     0.90004     0.66618
  90     0.91002     0.68638
  91     0.92009     0.70783
  92     0.93004     0.73038
  93        0.94     0.75444
  94     0.95002     0.78059
  95     0.96003     0.80914
  96        0.97     0.84073
  97     0.98011      0.8774
  98        0.99     0.92133
  99           1           1
-----------------------------------------

----------------- PPP$ and local currency --------------
         PPP used in computation: 1.56864
     Data mean in local currency: 700.908
               Data mean in PPP$: 419.298
        Poverty line in PPP$/Day: 1.9
      Poverty line in PPP$/Month: 57.7917
  Poverty line in local currency: 96.6059
-------------------------------------------------------

----------------- Estimation result --------------
     Number of observation: 28255
          Total population: 3.07934E+07
              Total wealth: 1.37593E+10(PPP$)
                   Minimum: 0(PPP$)
                   Maximum: 14699.3(PPP$)
             Headcount(HC): 0.0369941
          Poverty gap (PG): 0.00935164
       Poverty gap squared: 0.00368683
                      Gini: 0.447268
                    Median: 303.547
                       MLD: 0.360617
                      Watt: 0.0124554
--------------------------------------------------

-------------------------------- Income or Consumption share by deciles (%) -------------------------------------
     1.5444     2.8939     4.0664     5.2766     6.5568     8.0168     9.7534     12.173     16.329      33.39
-----------------------------------------------------------------------------------------------------------------


