

**********************************************************************************************
**                                   Basic Information                                      **
**********************************************************************************************

----------------- Dataset Information -----------------
                         Country: Peru
                    Country dode: PER
                       Data Year: 2003
                        Coverage: National
             Welfare measurement: Income
                     Data format: Unit record
                     Data source: PER_N2003Y
                  Data time span: UnDefined
-------------------------------------------------------


----------- Distribution ------------
   i           P           L 
-------------------------------------
   0    0.010055   0.0004699
   1    0.020067   0.0012709
   2    0.030001   0.0022613
   3    0.040046   0.0034054
   4    0.050147   0.0046832
   5    0.060209   0.0060645
   6    0.070043   0.0075192
   7    0.080045   0.0091102
   8    0.090189    0.010824
   9         0.1    0.012576
  10     0.11006    0.014465
  11     0.12014    0.016466
  12     0.13006    0.018524
  13     0.14001    0.020665
  14     0.15003    0.022909
  15     0.16001    0.025229
  16      0.1702    0.027675
  17     0.18003    0.030113
  18     0.19002    0.032674
  19     0.20011    0.035352
  20     0.21006    0.038081
  21     0.22041    0.041015
  22     0.23003    0.043821
  23     0.24001    0.046807
  24     0.25021    0.049951
  25     0.26007    0.053077
  26     0.27001     0.05633
  27     0.28024    0.059793
  28     0.29005    0.063202
  29     0.30017    0.066812
  30     0.31007    0.070433
  31     0.32002    0.074175
  32        0.33    0.078035
  33     0.34002    0.081997
  34     0.35006     0.08608
  35     0.36023    0.090327
  36     0.37018    0.094593
  37     0.38008    0.098935
  38     0.39007     0.10342
  39         0.4     0.10797
  40     0.41001     0.11267
  41     0.42004      0.1175
  42     0.43016     0.12249
  43     0.44001     0.12746
  44     0.45008     0.13267
  45     0.46004     0.13794
  46     0.47011     0.14339
  47     0.48001     0.14884
  48     0.49004     0.15449
  49     0.50019     0.16036
  50     0.51008     0.16621
  51     0.52013      0.1723
  52     0.53011     0.17849
  53     0.54004     0.18479
  54     0.55002     0.19127
  55     0.56001     0.19791
  56     0.57021     0.20484
  57     0.58005     0.21167
  58     0.59019     0.21886
  59     0.60003     0.22598
  60     0.61017     0.23348
  61     0.62005     0.24094
  62     0.63003     0.24865
  63     0.64002     0.25655
  64     0.65001     0.26467
  65     0.66011     0.27312
  66     0.67011      0.2817
  67     0.68005     0.29043
  68     0.69008     0.29946
  69     0.70008     0.30871
  70     0.71021     0.31832
  71     0.72001     0.32785
  72      0.7301     0.33795
  73     0.74012     0.34828
  74     0.75011     0.35891
  75     0.76003     0.36978
  76     0.77011     0.38114
  77     0.78004     0.39258
  78     0.79003     0.40453
  79     0.80008     0.41704
  80      0.8103     0.43019
  81     0.82011     0.44327
  82     0.83009     0.45717
  83     0.84002     0.47147
  84     0.85003     0.48626
  85     0.86001     0.50158
  86     0.87002     0.51777
  87        0.88     0.53474
  88     0.89003     0.55261
  89     0.90018     0.57184
  90      0.9101     0.59189
  91     0.92015      0.6135
  92     0.93006     0.63618
  93     0.94001      0.6606
  94     0.95001     0.68799
  95     0.96006     0.72077
  96     0.97002      0.7573
  97     0.98035     0.80438
  98     0.99043      0.8693
  99           1           1
-----------------------------------------

----------------- PPP$ and local currency --------------
         PPP used in computation: 1.56864
     Data mean in local currency: 352.889
               Data mean in PPP$: 280.746
        Poverty line in PPP$/Day: 1.9
      Poverty line in PPP$/Month: 57.7917
  Poverty line in local currency: 72.6425
-------------------------------------------------------

----------------- Estimation result --------------
     Number of observation: 10661
          Total population: 2.66821E+07
              Total wealth: 6.00255E+09(PPP$)
                   Minimum: 0(PPP$)
                   Maximum: 15441.9(PPP$)
             Headcount(HC): 0.122417
          Poverty gap (PG): 0.0401573
       Poverty gap squared: 0.0190306
                      Gini: 0.537068
                    Median: 164.324
                       MLD: 0.522016
                      Watt: 0.0567512
--------------------------------------------------

-------------------------------- Income or Consumption share by deciles (%) -------------------------------------
     1.2575     2.2748     3.1427     4.1221     5.2276     6.5711     8.2673     10.831     15.455     42.851
-----------------------------------------------------------------------------------------------------------------


