

**********************************************************************************************
**                                   Basic Information                                      **
**********************************************************************************************

----------------- Dataset Information -----------------
                         Country: Peru
                    Country dode: PER
                       Data Year: 1994
                        Coverage: National
             Welfare measurement: Consumption
                     Data format: Unit record
                     Data source: PER_N1994X
                  Data time span: UnDefined
-------------------------------------------------------


----------- Distribution ------------
   i           P           L 
-------------------------------------
   0     0.01014  0.00085399
   1     0.02026   0.0021113
   2    0.030062   0.0035786
   3    0.040238   0.0053229
   4    0.050087   0.0071577
   5    0.060233   0.0091895
   6    0.070523    0.011373
   7    0.080078     0.01351
   8    0.090018    0.015847
   9      0.1001    0.018327
  10     0.11018    0.020919
  11     0.12014    0.023569
  12     0.13022    0.026349
  13     0.14012    0.029166
  14     0.15016    0.032119
  15     0.16011    0.035158
  16      0.1701    0.038333
  17     0.18059    0.041809
  18     0.19026    0.045123
  19     0.20008    0.048596
  20     0.21005    0.052223
  21     0.22007    0.055995
  22     0.23004    0.059864
  23     0.24024     0.06394
  24     0.25008    0.068006
  25     0.26022    0.072282
  26      0.2702     0.07659
  27     0.28014    0.080983
  28     0.29035    0.085585
  29     0.30014    0.090087
  30     0.31012    0.094797
  31     0.32055    0.099873
  32     0.33017     0.10467
  33     0.34024     0.10982
  34     0.35008     0.11496
  35     0.36006     0.12032
  36     0.37017     0.12585
  37     0.38003     0.13132
  38      0.3901     0.13701
  39     0.40025     0.14284
  40     0.41047     0.14888
  41        0.42     0.15461
  42      0.4301     0.16078
  43     0.44001     0.16698
  44      0.4502     0.17352
  45     0.46007     0.18002
  46     0.47026     0.18686
  47     0.48034      0.1938
  48     0.49001     0.20058
  49     0.50003     0.20776
  50        0.51     0.21504
  51     0.52006     0.22255
  52     0.53025     0.23031
  53     0.54003     0.23792
  54     0.55023     0.24601
  55     0.56001      0.2539
  56     0.57019     0.26222
  57      0.5801      0.2705
  58     0.59011       0.279
  59     0.60026      0.2878
  60     0.61041     0.29683
  61     0.62035     0.30587
  62     0.63015     0.31493
  63     0.64044     0.32464
  64     0.65024     0.33407
  65     0.66021     0.34384
  66     0.67035     0.35399
  67     0.68021     0.36412
  68     0.69004     0.37448
  69     0.70011     0.38531
  70     0.71018      0.3964
  71     0.72025     0.40781
  72     0.73009     0.41922
  73     0.74006     0.43105
  74     0.75019      0.4433
  75     0.76008     0.45547
  76     0.77034     0.46831
  77      0.7801     0.48083
  78     0.79033     0.49424
  79     0.80003     0.50726
  80     0.81021     0.52135
  81     0.82007     0.53544
  82     0.83001     0.55009
  83     0.84023      0.5656
  84     0.85003     0.58096
  85      0.8601     0.59723
  86     0.87016      0.6141
  87     0.88035     0.63184
  88      0.8903     0.64981
  89     0.90012     0.66811
  90     0.91009     0.68766
  91     0.92004     0.70839
  92     0.93024       0.731
  93        0.94     0.75424
  94     0.95026     0.78075
  95      0.9604     0.80957
  96     0.97017     0.83981
  97     0.98013     0.87508
  98     0.99024     0.91885
  99           1           1
-----------------------------------------

----------------- PPP$ and local currency --------------
         PPP used in computation: 1.56864
     Data mean in local currency: 152.184
               Data mean in PPP$: 188.248
        Poverty line in PPP$/Day: 1.9
      Poverty line in PPP$/Month: 57.7917
  Poverty line in local currency: 46.7201
-------------------------------------------------------

----------------- Estimation result --------------
     Number of observation: 3623
          Total population: 2.34206E+07
              Total wealth: 2.27219E+09(PPP$)
                   Minimum: 5.13679(PPP$)
                   Maximum: 1708.11(PPP$)
             Headcount(HC): 0.157826
          Poverty gap (PG): 0.045608
       Poverty gap squared: 0.0195396
                      Gini: 0.44024
                    Median: 136.131
                       MLD: 0.339495
                      Watt: 0.0620193
--------------------------------------------------

-------------------------------- Income or Consumption share by deciles (%) -------------------------------------
     1.8303     3.0266     4.1454     5.2678     6.5041     7.9834     9.7615     12.204     16.065     33.212
-----------------------------------------------------------------------------------------------------------------


