

**********************************************************************************************
**                                   Basic Information                                      **
**********************************************************************************************

----------------- Dataset Information -----------------
                         Country: Peru
                    Country dode: PER
                       Data Year: 2001
                        Coverage: National
             Welfare measurement: Income
                     Data format: Unit record
                     Data source: PER_N2001Y
                  Data time span: UnDefined
-------------------------------------------------------


----------- Distribution ------------
   i           P           L 
-------------------------------------
   0    0.010067  0.00036437
   1    0.020143   0.0010302
   2     0.03004   0.0018496
   3    0.040127   0.0028451
   4    0.050036     0.00394
   5    0.060089   0.0051829
   6    0.070016    0.006515
   7    0.080102   0.0079676
   8    0.090033   0.0094997
   9     0.10001     0.01115
  10     0.11013    0.012945
  11     0.12003      0.0148
  12     0.13004    0.016775
  13     0.14001    0.018837
  14     0.15009    0.021025
  15      0.1601    0.023311
  16     0.17005     0.02567
  17     0.18007    0.028133
  18        0.19     0.03067
  19     0.20007    0.033339
  20        0.21    0.036067
  21     0.22003    0.038926
  22     0.23003    0.041892
  23     0.24002    0.044962
  24     0.25005    0.048144
  25     0.26005    0.051413
  26     0.27001    0.054757
  27     0.28003    0.058235
  28     0.29009     0.06185
  29     0.30004    0.065548
  30     0.31002    0.069372
  31     0.32019    0.073371
  32      0.3301    0.077369
  33     0.34004    0.081486
  34     0.35021    0.085823
  35        0.36    0.090119
  36     0.37007    0.094649
  37     0.38011     0.09927
  38      0.3901     0.10399
  39     0.40003      0.1088
  40     0.41005     0.11378
  41     0.42004     0.11885
  42     0.43004     0.12402
  43     0.44002     0.12933
  44     0.45013     0.13486
  45     0.46013     0.14046
  46     0.47001     0.14611
  47     0.48028     0.15214
  48      0.4901     0.15805
  49     0.50002     0.16416
  50     0.51011     0.17055
  51     0.52003       0.177
  52     0.53004     0.18366
  53     0.54002     0.19044
  54     0.55007     0.19741
  55      0.5602     0.20462
  56     0.57002     0.21176
  57     0.58019     0.21936
  58     0.59019     0.22701
  59     0.60003     0.23471
  60     0.61012     0.24281
  61     0.62012     0.25102
  62     0.63012     0.25941
  63     0.64002     0.26791
  64     0.65005     0.27672
  65     0.66002      0.2857
  66        0.67     0.29494
  67     0.68003     0.30446
  68     0.69004      0.3142
  69     0.70001     0.32412
  70     0.71021     0.33455
  71     0.72009     0.34491
  72     0.73011     0.35565
  73     0.74005     0.36661
  74     0.75014     0.37809
  75     0.76005     0.38969
  76     0.77007     0.40171
  77     0.78001     0.41403
  78     0.79001      0.4268
  79     0.80002     0.44006
  80     0.81006     0.45385
  81     0.82001     0.46795
  82     0.83014     0.48291
  83     0.84004     0.49804
  84     0.85002      0.5138
  85     0.86007     0.53032
  86     0.87007     0.54747
  87     0.88003     0.56533
  88     0.89008     0.58423
  89      0.9001     0.60412
  90     0.91011     0.62519
  91     0.92004     0.64726
  92     0.93007     0.67105
  93     0.94001     0.69646
  94     0.95003     0.72456
  95     0.96005     0.75566
  96      0.9701     0.79099
  97     0.98002     0.83305
  98     0.99016     0.88706
  99           1           1
-----------------------------------------

----------------- PPP$ and local currency --------------
         PPP used in computation: 1.56864
     Data mean in local currency: 284.544
               Data mean in PPP$: 233.026
        Poverty line in PPP$/Day: 1.9
      Poverty line in PPP$/Month: 57.7917
  Poverty line in local currency: 70.5684
-------------------------------------------------------

----------------- Estimation result --------------
     Number of observation: 11745
          Total population: 2.57776E+07
              Total wealth: 4.67594E+09(PPP$)
                   Minimum: 0(PPP$)
                   Maximum: 12928.5(PPP$)
             Headcount(HC): 0.176682
          Poverty gap (PG): 0.066652
       Poverty gap squared: 0.0351979
                      Gini: 0.518283
                    Median: 145.187
                       MLD: 0.501446
                      Watt: 0.100964
--------------------------------------------------

-------------------------------- Income or Consumption share by deciles (%) -------------------------------------
     1.1149     2.2172     3.2213      4.325     5.5368     7.0537     8.9421     11.592      16.39     39.606
-----------------------------------------------------------------------------------------------------------------


