

**********************************************************************************************
**                                   Basic Information                                      **
**********************************************************************************************

----------------- Dataset Information -----------------
                         Country: Peru
                    Country dode: PER
                       Data Year: 2008
                        Coverage: National
             Welfare measurement: Income
                     Data format: Unit record
                     Data source: PER_N2008Y
                  Data time span: UnDefined
-------------------------------------------------------


----------- Distribution ------------
   i           P           L 
-------------------------------------
   0    0.010021    0.000527
   1    0.020008   0.0013628
   2    0.030001   0.0023773
   3    0.040034   0.0035293
   4    0.050076   0.0048042
   5    0.060034   0.0061816
   6      0.0701   0.0076926
   7    0.080011   0.0092896
   8    0.090026    0.011004
   9     0.10001    0.012809
  10     0.11005    0.014731
  11     0.12002    0.016746
  12     0.13003    0.018876
  13     0.14001    0.021123
  14     0.15001    0.023481
  15        0.16    0.025947
  16     0.17007    0.028542
  17     0.18002    0.031231
  18     0.19002    0.034042
  19     0.20001    0.036963
  20     0.21002    0.040011
  21     0.22007    0.043187
  22     0.23002    0.046454
  23     0.24001    0.049853
  24     0.25001     0.05338
  25     0.26036     0.05713
  26     0.27004    0.060754
  27     0.28007    0.064624
  28     0.29002    0.068591
  29     0.30018    0.072768
  30     0.31003    0.076922
  31     0.32017    0.081301
  32     0.33006    0.085693
  33     0.34007    0.090266
  34     0.35009    0.094953
  35     0.36002    0.099711
  36        0.37      0.1046
  37     0.38011     0.10969
  38     0.39001     0.11478
  39     0.40005     0.12009
  40     0.41001     0.12547
  41     0.42002     0.13101
  42     0.43004      0.1367
  43     0.44002     0.14251
  44        0.45     0.14844
  45     0.46002     0.15454
  46     0.47001     0.16078
  47     0.48002     0.16718
  48      0.4903     0.17393
  49     0.50005     0.18047
  50     0.51015     0.18739
  51     0.52001     0.19431
  52     0.53007     0.20151
  53     0.54006     0.20882
  54     0.55002     0.21627
  55     0.56011     0.22399
  56     0.57019     0.23186
  57     0.58004     0.23973
  58     0.59002     0.24791
  59     0.60001     0.25629
  60     0.61005     0.26492
  61     0.62001     0.27369
  62     0.63016     0.28282
  63     0.64014     0.29197
  64     0.65001     0.30122
  65     0.66002     0.31077
  66     0.67005     0.32055
  67     0.68004     0.33054
  68     0.69005     0.34078
  69     0.70001     0.35121
  70     0.71011     0.36204
  71     0.72001     0.37292
  72     0.73008     0.38428
  73     0.74021       0.396
  74     0.75003     0.40765
  75     0.76006     0.41986
  76     0.77007     0.43233
  77     0.78007     0.44512
  78     0.79005     0.45822
  79     0.80003     0.47174
  80     0.81001     0.48567
  81     0.82006      0.5001
  82     0.83004     0.51493
  83     0.84001     0.53025
  84     0.85002     0.54623
  85     0.86016     0.56303
  86        0.87        0.58
  87     0.88004     0.59797
  88     0.89002     0.61654
  89     0.90005     0.63611
  90     0.91002     0.65655
  91     0.92014     0.67858
  92     0.93003     0.70173
  93     0.94009     0.72689
  94      0.9501     0.75397
  95        0.96     0.78344
  96     0.97002     0.81706
  97        0.98      0.8563
  98     0.99016     0.90714
  99           1           1
-----------------------------------------

----------------- PPP$ and local currency --------------
         PPP used in computation: 1.56864
     Data mean in local currency: 507.698
               Data mean in PPP$: 349.645
        Poverty line in PPP$/Day: 1.9
      Poverty line in PPP$/Month: 57.7917
  Poverty line in local currency: 83.9157
-------------------------------------------------------

----------------- Estimation result --------------
     Number of observation: 20029
          Total population: 2.86293E+07
              Total wealth: 9.26604E+09(PPP$)
                   Minimum: 0(PPP$)
                   Maximum: 39407.6(PPP$)
             Headcount(HC): 0.079422
          Poverty gap (PG): 0.0238091
       Poverty gap squared: 0.0105249
                      Gini: 0.485495
                    Median: 236.954
                       MLD: 0.43347
                      Watt: 0.0327154
--------------------------------------------------

-------------------------------- Income or Consumption share by deciles (%) -------------------------------------
     1.2807     2.4153     3.5734     4.7363     6.0378     7.5847     9.4919      12.05      16.43       36.4
-----------------------------------------------------------------------------------------------------------------


