

**********************************************************************************************
**                                   Basic Information                                      **
**********************************************************************************************

----------------- Dataset Information -----------------
                         Country: Peru
                    Country dode: PER
                       Data Year: 1985
                        Coverage: National
             Welfare measurement: Consumption
                     Data format: Unit record
                     Data source: PER_N1985X
                  Data time span: UnDefined
-------------------------------------------------------


----------- Distribution ------------
   i           P           L 
-------------------------------------
   0    0.010081  0.00079313
   1    0.020347   0.0020066
   2    0.030205   0.0033992
   3    0.040062   0.0049899
   4    0.050069   0.0067915
   5    0.060001   0.0087316
   6    0.070007     0.01084
   7    0.080013    0.013082
   8     0.09002    0.015443
   9     0.10003    0.017896
  10     0.11059    0.020618
  11     0.12022    0.023196
  12     0.13005    0.025935
  13     0.14005    0.028827
  14     0.15009    0.031833
  15     0.16025    0.034981
  16     0.17018    0.038174
  17     0.18011    0.041477
  18     0.19012    0.044922
  19     0.20009     0.04846
  20      0.2101     0.05211
  21     0.22018    0.055888
  22     0.23033    0.059805
  23     0.24015    0.063696
  24     0.25012    0.067739
  25     0.26009    0.071889
  26      0.2701    0.076132
  27      0.2801    0.080466
  28     0.29022    0.084938
  29     0.30008    0.089403
  30      0.3102    0.094098
  31     0.32002    0.098746
  32     0.33002     0.10361
  33     0.34003     0.10857
  34     0.35007     0.11364
  35     0.36019     0.11885
  36     0.37012     0.12405
  37     0.38009     0.12936
  38     0.39002     0.13475
  39     0.40029     0.14044
  40     0.41026     0.14607
  41     0.42004      0.1517
  42     0.43016     0.15761
  43      0.4402     0.16359
  44      0.4501     0.16961
  45     0.46014     0.17584
  46     0.47022     0.18224
  47     0.48038     0.18883
  48     0.49024     0.19536
  49     0.50017     0.20205
  50     0.51014      0.2089
  51     0.52007     0.21586
  52     0.53019     0.22309
  53     0.54023      0.2304
  54     0.55012     0.23773
  55     0.56009     0.24529
  56     0.57006     0.25305
  57     0.58018     0.26108
  58     0.59004     0.26909
  59     0.60019     0.27751
  60     0.61009     0.28586
  61     0.62009     0.29446
  62     0.63021     0.30333
  63     0.64014     0.31223
  64     0.65015      0.3214
  65     0.66001     0.33065
  66     0.67009     0.34026
  67     0.68002     0.34995
  68     0.69006     0.35997
  69     0.70003     0.37012
  70     0.71004      0.3805
  71     0.72023     0.39138
  72     0.73028     0.40236
  73     0.74013     0.41346
  74      0.7501     0.42498
  75     0.76015     0.43692
  76     0.77019     0.44915
  77     0.78005     0.46152
  78     0.79002      0.4744
  79     0.80017     0.48787
  80     0.81014     0.50144
  81     0.82007     0.51536
  82     0.83019     0.52993
  83     0.84012     0.54479
  84     0.85005     0.56027
  85     0.86013     0.57661
  86     0.87014     0.59345
  87     0.88015     0.61096
  88     0.89012     0.62934
  89     0.90001     0.64847
  90     0.91009     0.66881
  91     0.92025     0.69046
  92      0.9301     0.71268
  93     0.94022     0.73732
  94     0.95008     0.76314
  95     0.96001     0.79153
  96     0.97002     0.82389
  97     0.98017     0.86284
  98     0.99014     0.91173
  99           1           1
-----------------------------------------

----------------- PPP$ and local currency --------------
         PPP used in computation: 1.56864
     Data mean in local currency: 397.771
               Data mean in PPP$: 179.74
        Poverty line in PPP$/Day: 1.9
      Poverty line in PPP$/Month: 57.7917
  Poverty line in local currency: 127.895
-------------------------------------------------------

----------------- Estimation result --------------
     Number of observation: 4993
          Total population: 26883
              Total wealth: 6.81692E+06(PPP$)
                   Minimum: 2.82933(PPP$)
                   Maximum: 9651.74(PPP$)
             Headcount(HC): 0.165755
          Poverty gap (PG): 0.0514998
       Poverty gap squared: 0.0233635
                      Gini: 0.45635
                    Median: 122.185
                       MLD: 0.362947
                      Watt: 0.0724454
--------------------------------------------------

-------------------------------- Income or Consumption share by deciles (%) -------------------------------------
     1.7889     3.0539      4.094     5.0911     6.1663     7.5405     9.2737     11.756     16.081     35.155
-----------------------------------------------------------------------------------------------------------------


