

**********************************************************************************************
**                                   Basic Information                                      **
**********************************************************************************************

----------------- Dataset Information -----------------
                         Country: Philippines
                    Country dode: PHL
                       Data Year: 1997
                        Coverage: National
             Welfare measurement: Consumption
                     Data format: Unit record
                     Data source: PHL_N1997X
                  Data time span: UnDefined
-------------------------------------------------------


----------- Distribution ------------
   i           P           L 
-------------------------------------
   0    0.010058   0.0013994
   1    0.020021   0.0031448
   2    0.030038   0.0051083
   3     0.04007   0.0072365
   4    0.050015    0.009484
   5    0.060009    0.011861
   6    0.070035     0.01435
   7     0.08007    0.016939
   8    0.090044    0.019608
   9     0.10002    0.022361
  10        0.11    0.025201
  11        0.12    0.028126
  12     0.13003    0.031142
  13     0.14002    0.034227
  14     0.15001    0.037387
  15     0.16002    0.040628
  16     0.17001    0.043938
  17     0.18002    0.047333
  18     0.19005    0.050811
  19         0.2    0.054334
  20     0.21006    0.057978
  21     0.22002    0.061673
  22     0.23004    0.065463
  23     0.24004    0.069326
  24        0.25    0.073256
  25     0.26001    0.077288
  26     0.27002    0.081404
  27        0.28    0.085597
  28     0.29001    0.089884
  29     0.30006    0.094282
  30     0.31004    0.098733
  31     0.32004     0.10329
  32     0.33008     0.10797
  33        0.34     0.11268
  34     0.35003     0.11753
  35     0.36002     0.12246
  36        0.37     0.12748
  37     0.38001     0.13261
  38     0.39003     0.13784
  39     0.40001     0.14315
  40     0.41001     0.14857
  41     0.42002     0.15411
  42        0.43     0.15973
  43     0.44002     0.16549
  44     0.45005     0.17137
  45     0.46001     0.17733
  46     0.47007     0.18345
  47     0.48001     0.18961
  48     0.49003     0.19595
  49         0.5     0.20238
  50        0.51     0.20897
  51     0.52001     0.21569
  52     0.53001     0.22255
  53     0.54005     0.22959
  54     0.55001      0.2367
  55     0.56003     0.24401
  56     0.57009     0.25151
  57     0.58001     0.25906
  58     0.59001     0.26683
  59     0.60001     0.27477
  60     0.61002      0.2829
  61     0.62001     0.29119
  62        0.63     0.29965
  63        0.64     0.30829
  64     0.65001     0.31712
  65     0.66002     0.32616
  66     0.67003     0.33543
  67     0.68005     0.34492
  68     0.69002     0.35457
  69     0.70003     0.36451
  70     0.71001     0.37468
  71        0.72     0.38509
  72     0.73001      0.3958
  73     0.74003     0.40679
  74     0.75001     0.41799
  75     0.76002     0.42953
  76     0.77003      0.4414
  77     0.78001     0.45359
  78     0.79001     0.46617
  79         0.8     0.47915
  80        0.81     0.49256
  81        0.82     0.50639
  82     0.83001     0.52071
  83     0.84003      0.5355
  84     0.85003     0.55077
  85     0.86001     0.56663
  86     0.87001     0.58316
  87        0.88     0.60041
  88     0.89001     0.61843
  89     0.90001     0.63732
  90     0.91001     0.65724
  91     0.92001      0.6783
  92     0.93002     0.70061
  93     0.94002     0.72445
  94     0.95002     0.75005
  95     0.96001     0.77795
  96     0.97001     0.80908
  97     0.98004     0.84528
  98     0.99003     0.89111
  99           1           1
-----------------------------------------

----------------- PPP$ and local currency --------------
         PPP used in computation: 18.8733
     Data mean in local currency: 1621.14
               Data mean in PPP$: 169.922
        Poverty line in PPP$/Day: 1.9
      Poverty line in PPP$/Month: 57.7917
  Poverty line in local currency: 551.363
-------------------------------------------------------

----------------- Estimation result --------------
     Number of observation: 38244
          Total population: 7.26144E+07
              Total wealth: 6.2373E+09(PPP$)
                   Minimum: 6.392(PPP$)
                   Maximum: 11687.4(PPP$)
             Headcount(HC): 0.176584
          Poverty gap (PG): 0.0408667
       Poverty gap squared: 0.0140244
                      Gini: 0.459622
                    Median: 110.797
                       MLD: 0.355136
                      Watt: 0.051024
--------------------------------------------------

-------------------------------- Income or Consumption share by deciles (%) -------------------------------------
     2.2356     3.1978      3.992      4.889     5.9238      7.238      8.972     11.466     15.815      36.27
-----------------------------------------------------------------------------------------------------------------


