

**********************************************************************************************
**                                   Basic Information                                      **
**********************************************************************************************

----------------- Dataset Information -----------------
                         Country: Philippines
                    Country dode: PHL
                       Data Year: 2009
                        Coverage: National
             Welfare measurement: Consumption
                     Data format: Unit record
                     Data source: PHL_N2009X
                  Data time span: UnDefined
-------------------------------------------------------


----------- Distribution ------------
   i           P           L 
-------------------------------------
   0     0.01002    0.001585
   1    0.020015   0.0035684
   2    0.030018   0.0057639
   3    0.040026   0.0081328
   4    0.050001    0.010638
   5    0.060004    0.013274
   6    0.070025    0.016014
   7    0.080007     0.01884
   8    0.090019    0.021782
   9     0.10004    0.024828
  10     0.11003    0.027954
  11     0.12001    0.031165
  12     0.13003    0.034465
  13     0.14004    0.037838
  14     0.15002    0.041283
  15     0.16001    0.044817
  16     0.17004    0.048439
  17        0.18    0.052123
  18     0.19003    0.055911
  19     0.20004    0.059775
  20        0.21    0.063696
  21     0.22002    0.067719
  22     0.23002     0.07182
  23     0.24006    0.076016
  24     0.25001    0.080258
  25     0.26001      0.0846
  26     0.27002    0.089034
  27     0.28002    0.093545
  28        0.29    0.098134
  29     0.30001     0.10282
  30     0.31001      0.1076
  31     0.32001     0.11245
  32        0.33     0.11739
  33     0.34002     0.12244
  34     0.35001     0.12756
  35     0.36007     0.13281
  36     0.37007     0.13813
  37     0.38003     0.14354
  38     0.39002     0.14907
  39     0.40002     0.15472
  40     0.41003     0.16048
  41        0.42     0.16633
  42     0.43001     0.17231
  43     0.44006     0.17843
  44     0.45001      0.1846
  45        0.46     0.19091
  46        0.47     0.19734
  47     0.48004     0.20391
  48     0.49003     0.21058
  49     0.50007     0.21739
  50        0.51     0.22426
  51     0.52005     0.23134
  52     0.53001      0.2385
  53     0.54003     0.24583
  54     0.55001     0.25327
  55     0.56003     0.26091
  56     0.57001     0.26866
  57     0.58001     0.27659
  58     0.59002      0.2847
  59         0.6     0.29293
  60        0.61     0.30134
  61        0.62     0.30993
  62        0.63     0.31869
  63     0.64004     0.32766
  64        0.65     0.33675
  65     0.66001      0.3461
  66     0.67004      0.3557
  67     0.68002     0.36545
  68     0.69002     0.37547
  69     0.70003     0.38573
  70     0.71001     0.39622
  71     0.72002       0.407
  72     0.73004     0.41806
  73     0.74002     0.42932
  74     0.75001     0.44091
  75     0.76003     0.45285
  76     0.77002     0.46507
  77     0.78001     0.47764
  78        0.79     0.49057
  79     0.80002     0.50388
  80     0.81001     0.51753
  81     0.82004     0.53169
  82     0.83001     0.54627
  83        0.84     0.56138
  84        0.85     0.57705
  85     0.86001     0.59336
  86     0.87007     0.61045
  87     0.88002     0.62808
  88     0.89003      0.6467
  89     0.90003     0.66626
  90     0.91002     0.68677
  91     0.92001      0.7084
  92     0.93003     0.73143
  93     0.94002     0.75586
  94        0.95     0.78227
  95     0.96001     0.81126
  96     0.97002     0.84325
  97        0.98     0.87968
  98     0.99003     0.92431
  99           1           1
-----------------------------------------

----------------- PPP$ and local currency --------------
         PPP used in computation: 18.8733
     Data mean in local currency: 3084.81
               Data mean in PPP$: 177.527
        Poverty line in PPP$/Day: 1.9
      Poverty line in PPP$/Month: 57.7917
  Poverty line in local currency: 1004.22
-------------------------------------------------------

----------------- Estimation result --------------
     Number of observation: 37432
          Total population: 8.86924E+07
              Total wealth: 1.44966E+10(PPP$)
                   Minimum: 12.5667(PPP$)
                   Maximum: 10170.3(PPP$)
             Headcount(HC): 0.119779
          Poverty gap (PG): 0.0242786
       Poverty gap squared: 0.00750293
                      Gini: 0.429119
                    Median: 121.685
                       MLD: 0.303709
                      Watt: 0.0295
--------------------------------------------------

-------------------------------- Income or Consumption share by deciles (%) -------------------------------------
     2.4815     3.4944     4.3061     5.1883      6.264     7.5585     9.2781     11.815     16.234      33.38
-----------------------------------------------------------------------------------------------------------------


