

**********************************************************************************************
**                                   Basic Information                                      **
**********************************************************************************************

----------------- Dataset Information -----------------
                         Country: Philippines
                    Country dode: PHL
                       Data Year: 1988
                        Coverage: National
             Welfare measurement: Consumption
                     Data format: Unit record
                     Data source: PHL_N1988X
                  Data time span: UnDefined
-------------------------------------------------------


----------- Distribution ------------
   i           P           L 
-------------------------------------
   0     0.01007   0.0016938
   1    0.020043   0.0038229
   2    0.030066   0.0061955
   3    0.040079   0.0087334
   4    0.050002    0.011386
   5        0.06    0.014206
   6    0.070003    0.017161
   7     0.08004    0.020244
   8    0.090029    0.023441
   9     0.10009    0.026776
  10     0.11004    0.030175
  11     0.12003     0.03368
  12     0.13001    0.037279
  13        0.14    0.040964
  14     0.15005    0.044766
  15     0.16001    0.048625
  16     0.17006      0.0526
  17     0.18001    0.056618
  18     0.19001    0.060735
  19     0.20001    0.064926
  20     0.21005    0.069202
  21     0.22012    0.073561
  22     0.23004    0.077934
  23     0.24002     0.08242
  24     0.25001    0.086998
  25     0.26004    0.091681
  26     0.27001    0.096432
  27     0.28005     0.10129
  28      0.2901     0.10624
  29     0.30002     0.11121
  30     0.31003     0.11632
  31     0.32001     0.12149
  32     0.33003     0.12677
  33     0.34004     0.13213
  34     0.35002     0.13757
  35     0.36009     0.14314
  36     0.37005     0.14875
  37     0.38012     0.15453
  38     0.39004     0.16032
  39     0.40002     0.16625
  40     0.41002     0.17229
  41     0.42002     0.17845
  42        0.43     0.18467
  43     0.44004     0.19103
  44        0.45     0.19745
  45        0.46     0.20401
  46     0.47004     0.21071
  47     0.48001     0.21747
  48     0.49004      0.2244
  49     0.50016     0.23152
  50     0.51003     0.23857
  51     0.52005     0.24587
  52     0.53001     0.25325
  53        0.54      0.2608
  54     0.55003     0.26851
  55     0.56004     0.27634
  56     0.57001     0.28427
  57        0.58     0.29238
  58     0.59002     0.30067
  59         0.6     0.30908
  60     0.61003      0.3177
  61     0.62004     0.32648
  62     0.63003     0.33543
  63     0.64007     0.34461
  64     0.65004     0.35392
  65     0.66001     0.36344
  66     0.67011      0.3733
  67     0.68002     0.38314
  68     0.69006     0.39335
  69     0.70002      0.4037
  70     0.71002     0.41431
  71     0.72002     0.42517
  72     0.73001     0.43626
  73     0.74002     0.44763
  74     0.75002     0.45925
  75     0.76001     0.47113
  76     0.77005      0.4834
  77     0.78004     0.49595
  78     0.79001     0.50883
  79     0.80003     0.52209
  80     0.81003     0.53569
  81     0.82001     0.54968
  82     0.83005     0.56415
  83     0.84001     0.57892
  84        0.85     0.59421
  85     0.86002     0.61013
  86     0.87004     0.62665
  87     0.88002     0.64378
  88        0.89     0.66163
  89     0.90001     0.68033
  90     0.91003     0.69999
  91     0.92002     0.72054
  92        0.93     0.74217
  93     0.94007     0.76544
  94     0.95002     0.79015
  95        0.96      0.8171
  96     0.97001     0.84721
  97     0.98002     0.88173
  98     0.99002     0.92367
  99           1           1
-----------------------------------------

----------------- PPP$ and local currency --------------
         PPP used in computation: 18.8733
     Data mean in local currency: 510.655
               Data mean in PPP$: 124.72
        Poverty line in PPP$/Day: 1.9
      Poverty line in PPP$/Month: 57.7917
  Poverty line in local currency: 236.622
-------------------------------------------------------

----------------- Estimation result --------------
     Number of observation: 17812
          Total population: 5.59028E+07
              Total wealth: 1.51256E+09(PPP$)
                   Minimum: 2.20005(PPP$)
                   Maximum: 3559.1(PPP$)
             Headcount(HC): 0.250643
          Poverty gap (PG): 0.0622632
       Poverty gap squared: 0.0225362
                      Gini: 0.407463
                    Median: 88.4971
                       MLD: 0.273323
                      Watt: 0.0789521
--------------------------------------------------

-------------------------------- Income or Consumption share by deciles (%) -------------------------------------
     2.6748     3.8175     4.6282     5.5032     6.5166     7.7672     9.4595     11.838     15.826     31.969
-----------------------------------------------------------------------------------------------------------------


