

**********************************************************************************************
**                                   Basic Information                                      **
**********************************************************************************************

----------------- Dataset Information -----------------
                         Country: Philippines
                    Country dode: PHL
                       Data Year: 2003
                        Coverage: National
             Welfare measurement: Consumption
                     Data format: Unit record
                     Data source: PHL_N2003X
                  Data time span: UnDefined
-------------------------------------------------------


----------- Distribution ------------
   i           P           L 
-------------------------------------
   0    0.010002   0.0013841
   1    0.020004   0.0031341
   2    0.030014   0.0050941
   3    0.040004   0.0072132
   4     0.05003   0.0094752
   5     0.06001    0.011844
   6    0.070056    0.014345
   7     0.08005    0.016949
   8    0.090008    0.019639
   9     0.10004    0.022439
  10     0.11001    0.025311
  11        0.12    0.028287
  12     0.13001    0.031356
  13     0.14001    0.034509
  14        0.15    0.037742
  15     0.16001    0.041063
  16     0.17002    0.044466
  17     0.18002    0.047956
  18     0.19001    0.051523
  19     0.20002    0.055179
  20     0.21001    0.058912
  21     0.22004     0.06274
  22     0.23001    0.066628
  23     0.24002    0.070621
  24     0.25001      0.0747
  25     0.26001    0.078869
  26     0.27001    0.083127
  27     0.28002    0.087474
  28     0.29004     0.09192
  29     0.30002    0.096428
  30        0.31     0.10104
  31     0.32001     0.10576
  32     0.33002     0.11059
  33     0.34004     0.11551
  34        0.35      0.1205
  35     0.36004     0.12564
  36     0.37001     0.13085
  37     0.38002     0.13618
  38     0.39001     0.14162
  39     0.40003     0.14717
  40        0.41     0.15281
  41        0.42     0.15856
  42     0.43002     0.16445
  43     0.44002     0.17044
  44        0.45     0.17654
  45        0.46     0.18277
  46     0.47001     0.18913
  47     0.48002     0.19561
  48     0.49002     0.20222
  49         0.5     0.20894
  50        0.51      0.2158
  51        0.52      0.2228
  52     0.53001     0.22995
  53     0.54002     0.23727
  54     0.55001      0.2447
  55     0.56002      0.2523
  56     0.57001     0.26006
  57     0.58001     0.26797
  58        0.59     0.27606
  59     0.60001     0.28433
  60     0.61002      0.2928
  61     0.62003     0.30146
  62     0.63001     0.31028
  63     0.64002     0.31931
  64     0.65001     0.32854
  65     0.66002     0.33799
  66     0.67003     0.34768
  67        0.68     0.35756
  68     0.69002     0.36772
  69     0.70002     0.37812
  70        0.71     0.38876
  71        0.72     0.39969
  72     0.73007     0.41097
  73     0.74002     0.42241
  74     0.75001      0.4342
  75     0.76003     0.44631
  76     0.77003     0.45871
  77        0.78     0.47141
  78     0.79001     0.48455
  79         0.8     0.49807
  80     0.81003     0.51203
  81     0.82002     0.52634
  82     0.83001     0.54113
  83     0.84004     0.55649
  84     0.85002     0.57235
  85     0.86001     0.58888
  86     0.87001     0.60612
  87     0.88002     0.62411
  88     0.89001     0.64283
  89     0.90003     0.66242
  90     0.91001     0.68291
  91     0.92002     0.70468
  92     0.93001     0.72769
  93        0.94     0.75227
  94     0.95001     0.77882
  95     0.96001     0.80807
  96     0.97001     0.84055
  97        0.98     0.87773
  98     0.99001     0.92311
  99           1           1
-----------------------------------------

----------------- PPP$ and local currency --------------
         PPP used in computation: 18.8733
     Data mean in local currency: 2140.17
               Data mean in PPP$: 168.426
        Poverty line in PPP$/Day: 1.9
      Poverty line in PPP$/Month: 57.7917
  Poverty line in local currency: 734.354
-------------------------------------------------------

----------------- Estimation result --------------
     Number of observation: 40462
          Total population: 7.93734E+07
              Total wealth: 9.00068E+09(PPP$)
                   Minimum: 8.07667(PPP$)
                   Maximum: 5773.39(PPP$)
             Headcount(HC): 0.168374
          Poverty gap (PG): 0.0404277
       Poverty gap squared: 0.0142257
                      Gini: 0.440404
                    Median: 114.39
                       MLD: 0.324277
                      Watt: 0.0508149
--------------------------------------------------

-------------------------------- Income or Consumption share by deciles (%) -------------------------------------
     2.2428     3.2743     4.1249     5.0735      6.178     7.5392     9.3773     11.997      16.43     33.763
-----------------------------------------------------------------------------------------------------------------


