

**********************************************************************************************
**                                   Basic Information                                      **
**********************************************************************************************

----------------- Dataset Information -----------------
                         Country: Philippines
                    Country dode: PHL
                       Data Year: 2000
                        Coverage: National
             Welfare measurement: Consumption
                     Data format: Unit record
                     Data source: PHL_N2000X
                  Data time span: UnDefined
-------------------------------------------------------


----------- Distribution ------------
   i           P           L 
-------------------------------------
   0    0.010081   0.0013917
   1    0.020017   0.0031065
   2    0.030004   0.0050266
   3        0.04   0.0071098
   4    0.050021   0.0093272
   5    0.060104    0.011672
   6    0.070012    0.014084
   7    0.080034     0.01663
   8    0.090061    0.019276
   9     0.10007    0.022011
  10        0.11    0.024806
  11     0.12003    0.027713
  12     0.13001    0.030693
  13     0.14006    0.033769
  14     0.15002    0.036897
  15     0.16001    0.040119
  16     0.17002    0.043427
  17        0.18    0.046808
  18     0.19002    0.050273
  19     0.20004    0.053809
  20     0.21001    0.057401
  21     0.22003    0.061087
  22        0.23    0.064847
  23     0.24001    0.068697
  24     0.25003    0.072625
  25        0.26    0.076612
  26     0.27006    0.080713
  27     0.28001    0.084848
  28     0.29005    0.089105
  29         0.3    0.093411
  30     0.31003     0.09784
  31     0.32003     0.10235
  32     0.33006     0.10696
  33     0.34005     0.11165
  34     0.35001     0.11641
  35        0.36     0.12127
  36     0.37001     0.12624
  37     0.38004     0.13132
  38     0.39001     0.13645
  39     0.40003     0.14172
  40     0.41002     0.14708
  41     0.42008     0.15258
  42     0.43001     0.15812
  43     0.44009     0.16384
  44     0.45001     0.16959
  45     0.46003     0.17551
  46     0.47002     0.18155
  47     0.48005     0.18773
  48     0.49008     0.19405
  49         0.5     0.20043
  50        0.51     0.20698
  51     0.52002     0.21368
  52     0.53005     0.22053
  53        0.54     0.22747
  54        0.55     0.23459
  55     0.56002     0.24187
  56     0.57001     0.24928
  57     0.58001     0.25686
  58     0.59001     0.26461
  59     0.60003     0.27254
  60     0.61003     0.28063
  61     0.62001     0.28887
  62     0.63002     0.29731
  63     0.64002     0.30592
  64     0.65006     0.31475
  65     0.66002     0.32371
  66     0.67004     0.33294
  67     0.68002     0.34234
  68     0.69004     0.35201
  69     0.70002     0.36189
  70        0.71     0.37203
  71        0.72     0.38246
  72     0.73004     0.39322
  73     0.74004     0.40422
  74     0.75001     0.41549
  75     0.76004     0.42714
  76     0.77005     0.43914
  77     0.78001      0.4514
  78     0.79001     0.46407
  79     0.80001     0.47718
  80        0.81     0.49068
  81        0.82     0.50466
  82     0.83002     0.51915
  83        0.84     0.53409
  84     0.85005      0.5497
  85        0.86     0.56572
  86        0.87     0.58248
  87     0.88001     0.59995
  88     0.89002     0.61819
  89     0.90002     0.63731
  90     0.91001     0.65746
  91        0.92     0.67869
  92     0.93002     0.70128
  93     0.94004     0.72549
  94     0.95001      0.7515
  95     0.96003     0.78016
  96     0.97001     0.81219
  97     0.98003     0.84942
  98     0.99001     0.89607
  99           1           1
-----------------------------------------

----------------- PPP$ and local currency --------------
         PPP used in computation: 18.8733
     Data mean in local currency: 1921.76
               Data mean in PPP$: 167.406
        Poverty line in PPP$/Day: 1.9
      Poverty line in PPP$/Month: 57.7917
  Poverty line in local currency: 663.427
-------------------------------------------------------

----------------- Estimation result --------------
     Number of observation: 38242
          Total population: 7.81337E+07
              Total wealth: 7.95589E+09(PPP$)
                   Minimum: 6.91264(PPP$)
                   Maximum: 7862.14(PPP$)
             Headcount(HC): 0.184077
          Poverty gap (PG): 0.0444354
       Poverty gap squared: 0.0156668
                      Gini: 0.461656
                    Median: 108.567
                       MLD: 0.357808
                      Watt: 0.0558838
--------------------------------------------------

-------------------------------- Income or Consumption share by deciles (%) -------------------------------------
     2.1993     3.1801     3.9617     4.8298     5.8716     7.2096     8.9346      11.53     16.011     36.273
-----------------------------------------------------------------------------------------------------------------


