

**********************************************************************************************
**                                   Basic Information                                      **
**********************************************************************************************

----------------- Dataset Information -----------------
                         Country: Papua New Guinea
                    Country dode: PNG
                       Data Year: 1996
                        Coverage: National
             Welfare measurement: Consumption
                     Data format: Unit record
                     Data source: PNG_N1996X
                  Data time span: UnDefined
-------------------------------------------------------


----------- Distribution ------------
   i           P           L 
-------------------------------------
   0    0.012003  2.8452E-05
   1     0.02032  6.2401E-05
   2    0.030236   0.0001493
   3    0.040217  0.00027355
   4    0.051914  0.00059236
   5    0.060065  0.00093604
   6    0.073437   0.0018671
   7     0.08051   0.0024625
   8    0.093044   0.0037899
   9     0.10038   0.0046272
  10     0.11041   0.0058484
  11     0.12056   0.0071799
  12     0.13116   0.0087053
  13     0.14106    0.010254
  14     0.15006    0.011716
  15     0.16007    0.013469
  16     0.17036    0.015414
  17     0.18008    0.017369
  18     0.19126    0.019749
  19     0.20014    0.021756
  20     0.21005    0.024148
  21     0.22124    0.026986
  22     0.23103    0.029588
  23     0.24014     0.03212
  24      0.2511    0.035224
  25     0.26055    0.037972
  26     0.27037    0.040919
  27     0.28094    0.044216
  28     0.29013    0.047155
  29     0.30093      0.0507
  30     0.31024     0.05388
  31     0.32007    0.057363
  32     0.33468    0.062705
  33     0.34085    0.064993
  34     0.35083    0.068789
  35     0.36082    0.072691
  36     0.37096    0.076783
  37      0.3802    0.080573
  38      0.3926    0.085723
  39     0.40097    0.089234
  40     0.41075    0.093382
  41     0.42056     0.09768
  42     0.43103      0.1024
  43     0.44115      0.1072
  44      0.4511     0.11212
  45     0.46114     0.11719
  46     0.47034     0.12191
  47     0.48023     0.12714
  48     0.49064      0.1328
  49     0.50026     0.13814
  50     0.51009     0.14367
  51     0.52034     0.14963
  52     0.53009     0.15554
  53     0.54174     0.16287
  54     0.55029     0.16835
  55     0.56038     0.17494
  56     0.57058     0.18177
  57     0.58091     0.18898
  58     0.59025      0.1957
  59     0.60032     0.20323
  60     0.61003     0.21078
  61     0.62028     0.21898
  62     0.63029      0.2272
  63     0.64019     0.23555
  64     0.65017     0.24424
  65     0.66052     0.25349
  66     0.67148     0.26353
  67     0.68022     0.27172
  68     0.69113     0.28223
  69     0.70048     0.29155
  70     0.71023     0.30169
  71     0.72004     0.31235
  72     0.73069     0.32434
  73      0.7402     0.33546
  74     0.75215     0.35011
  75     0.76004     0.35993
  76     0.77147     0.37454
  77     0.78014     0.38595
  78     0.79004     0.39948
  79     0.80015     0.41391
  80     0.81355     0.43405
  81     0.82174      0.4469
  82     0.83075     0.46165
  83     0.84002      0.4775
  84     0.85015     0.49541
  85     0.86028     0.51393
  86     0.87161     0.53549
  87     0.88009     0.55213
  88     0.89137     0.57506
  89     0.90009      0.5933
  90      0.9101     0.61526
  91     0.92008     0.63858
  92     0.93039     0.66479
  93     0.94053     0.69162
  94     0.95011      0.7187
  95     0.96055     0.75216
  96     0.97012      0.7893
  97     0.98053     0.83997
  98     0.99011     0.89662
  99           1           1
-----------------------------------------

----------------- PPP$ and local currency --------------
         PPP used in computation: 2.13789
     Data mean in local currency: 63.8726
               Data mean in PPP$: 92.5229
        Poverty line in PPP$/Day: 1.9
      Poverty line in PPP$/Month: 57.7917
  Poverty line in local currency: 39.8961
-------------------------------------------------------

----------------- Estimation result --------------
     Number of observation: 1362
          Total population: 5.48163E+06
              Total wealth: 1.63772E+08(PPP$)
                   Minimum: 0.0194897(PPP$)
                   Maximum: 1251.35(PPP$)
             Headcount(HC): 0.532333
          Poverty gap (PG): 0.281075
       Poverty gap squared: 0.188815
                      Gini: 0.554297
                    Median: 51.4639
                       MLD: 0.697726
                      Watt: 0.612881
--------------------------------------------------

-------------------------------- Income or Consumption share by deciles (%) -------------------------------------
    0.45838      1.714     2.8671     3.8433     4.9162     6.5007     8.8077     12.262     17.941     40.689
-----------------------------------------------------------------------------------------------------------------


