

**********************************************************************************************
**                                   Basic Information                                      **
**********************************************************************************************

----------------- Dataset Information -----------------
                         Country: Papua New Guinea
                    Country dode: PNG
                       Data Year: 2009
                        Coverage: National
             Welfare measurement: Consumption
                     Data format: Unit record
                     Data source: PNG_N2009X
                  Data time span: UnDefined
-------------------------------------------------------


----------- Distribution ------------
   i           P           L 
-------------------------------------
   0    0.010746  0.00097831
   1    0.020067   0.0020863
   2    0.030003   0.0034561
   3    0.040032   0.0049815
   4    0.050071   0.0066924
   5    0.060615   0.0086162
   6    0.070499    0.010525
   7    0.080409    0.012588
   8    0.090593    0.014851
   9     0.10063    0.017205
  10     0.11008    0.019531
  11     0.12016    0.022143
  12     0.13034    0.024923
  13      0.1402    0.027727
  14        0.15    0.030622
  15     0.16016    0.033741
  16     0.17015    0.036956
  17     0.18027    0.040335
  18     0.19036    0.043842
  19     0.20007    0.047356
  20     0.21014    0.051099
  21     0.22051    0.055055
  22     0.23022    0.058859
  23     0.24038    0.062943
  24     0.25015    0.066974
  25      0.2601    0.071194
  26     0.27031    0.075609
  27     0.28109    0.080407
  28     0.29024    0.084552
  29     0.30005     0.08913
  30     0.31007    0.093946
  31     0.32003    0.098848
  32     0.33045     0.10409
  33     0.34011     0.10905
  34     0.35003     0.11425
  35     0.36053     0.11988
  36     0.37025     0.12525
  37     0.38032     0.13097
  38     0.39072     0.13705
  39     0.40016     0.14267
  40     0.41015     0.14871
  41     0.42026     0.15495
  42     0.43001     0.16104
  43     0.44025      0.1675
  44      0.4505     0.17405
  45     0.46026     0.18045
  46     0.47042     0.18727
  47     0.48017     0.19395
  48     0.49028     0.20104
  49     0.50014     0.20808
  50     0.51029     0.21547
  51     0.52002      0.2227
  52     0.53005      0.2303
  53      0.5404     0.23836
  54     0.55022     0.24613
  55      0.5606     0.25452
  56     0.57005     0.26229
  57     0.58031     0.27091
  58     0.59008      0.2793
  59     0.60043     0.28836
  60      0.6106     0.29741
  61     0.62035     0.30628
  62     0.63023     0.31544
  63     0.64007     0.32474
  64     0.65019      0.3345
  65     0.66023     0.34439
  66     0.67041     0.35464
  67     0.68017     0.36468
  68     0.69001     0.37504
  69     0.70046     0.38632
  70     0.71003     0.39691
  71     0.72027     0.40855
  72     0.73036     0.42028
  73     0.74024     0.43204
  74      0.7505     0.44455
  75     0.76012     0.45651
  76     0.77015     0.46929
  77      0.7805     0.48275
  78     0.79014     0.49557
  79     0.80001     0.50907
  80      0.8102     0.52342
  81     0.82004     0.53766
  82     0.83017     0.55265
  83     0.84017     0.56801
  84      0.8501     0.58394
  85     0.86006     0.60034
  86     0.87025     0.61784
  87     0.88012     0.63553
  88     0.89036     0.65454
  89      0.9001     0.67336
  90     0.91002     0.69341
  91      0.9202     0.71487
  92     0.93019     0.73717
  93     0.94012     0.76109
  94     0.95001     0.78697
  95     0.96008      0.8152
  96     0.97002     0.84572
  97     0.98027      0.8809
  98     0.99022     0.92324
  99           1           1
-----------------------------------------

----------------- PPP$ and local currency --------------
         PPP used in computation: 2.13789
     Data mean in local currency: 196.1
               Data mean in PPP$: 97.6269
        Poverty line in PPP$/Day: 1.9
      Poverty line in PPP$/Month: 57.7917
  Poverty line in local currency: 116.084
-------------------------------------------------------

----------------- Estimation result --------------
     Number of observation: 3658
          Total population: 5.10051E+06
              Total wealth: 4.67849E+08(PPP$)
                   Minimum: 5.64644(PPP$)
                   Maximum: 5807.67(PPP$)
             Headcount(HC): 0.39305
          Poverty gap (PG): 0.159206
       Poverty gap squared: 0.0857443
                      Gini: 0.438843
                    Median: 70.3302
                       MLD: 0.34093
                      Watt: 0.241766
--------------------------------------------------

-------------------------------- Income or Consumption share by deciles (%) -------------------------------------
     1.7057     3.0273     4.1777     5.3472     6.5399     8.0008     9.7838     12.323     16.411     32.683
-----------------------------------------------------------------------------------------------------------------


