

**********************************************************************************************
**                                   Basic Information                                      **
**********************************************************************************************

----------------- Dataset Information -----------------
                         Country: Poland
                    Country dode: POL
                       Data Year: 1999
                        Coverage: National
             Welfare measurement: Consumption
                     Data format: Unit record
                     Data source: POL_N1999X
                  Data time span: UnDefined
-------------------------------------------------------


----------- Distribution ------------
   i           P           L 
-------------------------------------
   0    0.010027   0.0020724
   1     0.02003   0.0047159
   2    0.030041   0.0076714
   3    0.040098    0.010878
   4     0.05004    0.014235
   5    0.060025    0.017768
   6    0.070014     0.02144
   7    0.080021    0.025256
   8    0.090059    0.029213
   9     0.10003    0.033279
  10     0.11002    0.037477
  11     0.12003    0.041796
  12     0.13001    0.046204
  13        0.14    0.050727
  14        0.15    0.055359
  15        0.16    0.060094
  16     0.17001    0.064945
  17     0.18002    0.069908
  18     0.19002     0.07497
  19     0.20004    0.080158
  20     0.21001    0.085411
  21     0.22002    0.090782
  22     0.23005    0.096256
  23        0.24     0.10179
  24     0.25001     0.10744
  25     0.26003      0.1132
  26     0.27003     0.11906
  27     0.28004     0.12502
  28     0.29002     0.13105
  29     0.30002     0.13719
  30     0.31005     0.14345
  31     0.32001     0.14974
  32     0.33001     0.15615
  33     0.34001     0.16266
  34     0.35001     0.16927
  35     0.36001     0.17599
  36     0.37003     0.18282
  37     0.38004     0.18974
  38     0.39002     0.19673
  39     0.40005     0.20387
  40     0.41004     0.21107
  41     0.42004     0.21838
  42     0.43003     0.22578
  43        0.44     0.23325
  44     0.45004     0.24088
  45     0.46001     0.24856
  46     0.47002     0.25638
  47     0.48001     0.26429
  48     0.49002     0.27234
  49     0.50001     0.28049
  50     0.51001     0.28877
  51     0.52004      0.2972
  52     0.53001      0.3057
  53     0.54003     0.31437
  54     0.55003     0.32313
  55     0.56002     0.33202
  56     0.57004     0.34105
  57     0.58001     0.35017
  58     0.59002     0.35945
  59     0.60004     0.36889
  60     0.61002     0.37844
  61     0.62003     0.38815
  62     0.63002     0.39799
  63        0.64     0.40797
  64        0.65     0.41813
  65        0.66     0.42844
  66     0.67001     0.43891
  67     0.68002     0.44953
  68     0.69002      0.4603
  69         0.7     0.47123
  70     0.71003     0.48239
  71     0.72001     0.49369
  72     0.73001      0.5052
  73     0.74002     0.51693
  74     0.75003     0.52888
  75     0.76003     0.54103
  76     0.77002      0.5534
  77     0.78001     0.56602
  78        0.79     0.57887
  79     0.80004     0.59205
  80     0.81002     0.60543
  81     0.82003     0.61915
  82     0.83003     0.63315
  83     0.84002     0.64746
  84     0.85003     0.66216
  85        0.86     0.67716
  86     0.87001     0.69261
  87     0.88001     0.70849
  88     0.89002     0.72488
  89     0.90005     0.74184
  90     0.91002     0.75925
  91     0.92005      0.7774
  92     0.93004     0.79625
  93     0.94001     0.81608
  94     0.95002     0.83716
  95     0.96002     0.85971
  96     0.97001     0.88437
  97     0.98002     0.91199
  98     0.99004     0.94506
  99           1           1
-----------------------------------------

----------------- PPP$ and local currency --------------
         PPP used in computation: 1.93633
     Data mean in local currency: 509.746
               Data mean in PPP$: 398.744
        Poverty line in PPP$/Day: 1.9
      Poverty line in PPP$/Month: 57.7917
  Poverty line in local currency: 73.8796
-------------------------------------------------------

----------------- Estimation result --------------
     Number of observation: 31408
          Total population: 389057
              Total wealth: 1.02421E+08(PPP$)
                   Minimum: 27.4971(PPP$)
                   Maximum: 6536.35(PPP$)
             Headcount(HC): 0.000645627
          Poverty gap (PG): 8.87147E-05
       Poverty gap squared: 1.52692E-05
                      Gini: 0.325904
                    Median: 327.825
                       MLD: 0.175176
                      Watt: 9.75389E-05
--------------------------------------------------

-------------------------------- Income or Consumption share by deciles (%) -------------------------------------
     3.3265     4.6871     5.7046     6.6651     7.6652     8.8371     10.237     12.077     14.977     25.824
-----------------------------------------------------------------------------------------------------------------


