

**********************************************************************************************
**                                   Basic Information                                      **
**********************************************************************************************

----------------- Dataset Information -----------------
                         Country: Poland
                    Country dode: POL
                       Data Year: 2001
                        Coverage: National
             Welfare measurement: Consumption
                     Data format: Unit record
                     Data source: POL_N2001X
                  Data time span: UnDefined
-------------------------------------------------------


----------- Distribution ------------
   i           P           L 
-------------------------------------
   0    0.010046   0.0019249
   1     0.02002   0.0044125
   2    0.030036   0.0072055
   3    0.040022    0.010236
   4    0.050012    0.013473
   5    0.060051    0.016908
   6     0.07007    0.020484
   7    0.080035    0.024184
   8    0.090019    0.028038
   9     0.10003    0.032038
  10     0.11004    0.036166
  11        0.12    0.040394
  12     0.13002    0.044774
  13     0.14003     0.04928
  14     0.15004    0.053885
  15     0.16004    0.058586
  16     0.17001     0.06338
  17        0.18    0.068288
  18     0.19003    0.073313
  19     0.20001    0.078425
  20     0.21004    0.083677
  21     0.22001    0.088992
  22     0.23002    0.094431
  23     0.24004    0.099961
  24     0.25002     0.10556
  25     0.26002     0.11127
  26        0.27     0.11707
  27     0.28002     0.12298
  28     0.29002     0.12898
  29         0.3     0.13508
  30     0.31002     0.14128
  31     0.32006     0.14759
  32     0.33003     0.15395
  33     0.34001     0.16042
  34     0.35002     0.16702
  35     0.36003     0.17372
  36     0.37003     0.18051
  37     0.38002     0.18739
  38     0.39003     0.19437
  39         0.4     0.20143
  40     0.41002     0.20863
  41     0.42003     0.21592
  42     0.43004     0.22333
  43     0.44003     0.23083
  44     0.45001     0.23844
  45     0.46003     0.24619
  46     0.47005     0.25405
  47     0.48001     0.26198
  48     0.49005     0.27007
  49     0.50002     0.27821
  50        0.51     0.28648
  51        0.52      0.2949
  52        0.53     0.30342
  53     0.54001     0.31209
  54     0.55002     0.32086
  55     0.56002     0.32975
  56        0.57     0.33877
  57        0.58     0.34792
  58     0.59001      0.3572
  59     0.60002     0.36663
  60     0.61002     0.37618
  61     0.62004     0.38591
  62     0.63001     0.39574
  63     0.64002     0.40577
  64        0.65     0.41594
  65        0.66     0.42631
  66        0.67     0.43684
  67     0.68004     0.44759
  68     0.69001     0.45841
  69     0.70001     0.46945
  70     0.71002      0.4807
  71     0.72001     0.49211
  72     0.73002     0.50373
  73        0.74     0.51552
  74        0.75     0.52753
  75     0.76001     0.53979
  76     0.77001     0.55227
  77     0.78001     0.56497
  78     0.79005     0.57796
  79     0.80001     0.59113
  80     0.81002     0.60462
  81     0.82004     0.61843
  82     0.83002      0.6325
  83     0.84002     0.64697
  84        0.85     0.66176
  85        0.86     0.67696
  86        0.87     0.69258
  87     0.88001     0.70869
  88     0.89003     0.72534
  89     0.90002     0.74249
  90     0.91001     0.76024
  91     0.92001     0.77874
  92        0.93     0.79798
  93     0.94004     0.81828
  94     0.95001     0.83953
  95     0.96002     0.86224
  96        0.97     0.88668
  97     0.98001     0.91409
  98     0.99001     0.94636
  99           1           1
-----------------------------------------

----------------- PPP$ and local currency --------------
         PPP used in computation: 1.93633
     Data mean in local currency: 583.012
               Data mean in PPP$: 392.801
        Poverty line in PPP$/Day: 1.9
      Poverty line in PPP$/Month: 57.7917
  Poverty line in local currency: 85.7768
-------------------------------------------------------

----------------- Estimation result --------------
     Number of observation: 31825
          Total population: 3.80784E+07
              Total wealth: 1.14651E+10(PPP$)
                   Minimum: 21.1926(PPP$)
                   Maximum: 7181.79(PPP$)
             Headcount(HC): 0.000755021
          Poverty gap (PG): 0.000170993
       Poverty gap squared: 6.02754E-05
                      Gini: 0.32849
                    Median: 322.995
                       MLD: 0.17877
                      Watt: 0.00021528
--------------------------------------------------

-------------------------------- Income or Consumption share by deciles (%) -------------------------------------
     3.2028     4.6395     5.6652     6.6358     7.6764     8.8411     10.284     12.167     15.134     25.754
-----------------------------------------------------------------------------------------------------------------


