

**********************************************************************************************
**                                   Basic Information                                      **
**********************************************************************************************

----------------- Dataset Information -----------------
                         Country: Poland
                    Country dode: POL
                       Data Year: 2014
                        Coverage: National
             Welfare measurement: Consumption
                     Data format: Unit record
                     Data source: POL_N2014X
                  Data time span: UnDefined
-------------------------------------------------------


----------- Distribution ------------
   i           P           L 
-------------------------------------
   0    0.010003   0.0020214
   1    0.020023   0.0046221
   2    0.030011   0.0075061
   3    0.040003     0.01064
   4     0.05019    0.014046
   5    0.060028      0.0175
   6    0.070072    0.021175
   7    0.080082    0.024987
   8    0.090014    0.028917
   9     0.10006    0.033011
  10     0.11003    0.037194
  11     0.12001     0.04149
  12     0.13002    0.045903
  13     0.14016    0.050505
  14     0.15004    0.055089
  15     0.16005    0.059844
  16     0.17001    0.064678
  17        0.18    0.069636
  18     0.19008    0.074742
  19     0.20001    0.079873
  20     0.21004    0.085154
  21     0.22003    0.090515
  22     0.23001     0.09597
  23     0.24014     0.10161
  24        0.25     0.10721
  25     0.26001     0.11299
  26     0.27001     0.11887
  27     0.28004     0.12488
  28     0.29003     0.13096
  29     0.30001     0.13713
  30     0.31002     0.14343
  31     0.32001      0.1498
  32     0.33001     0.15629
  33     0.34008     0.16292
  34     0.35002     0.16957
  35     0.36001     0.17635
  36     0.37001     0.18324
  37     0.38002     0.19024
  38     0.39001     0.19734
  39     0.40002     0.20457
  40      0.4101     0.21195
  41     0.42003     0.21932
  42        0.43     0.22683
  43     0.44004      0.2345
  44     0.45002     0.24222
  45     0.46001     0.25008
  46     0.47002     0.25805
  47     0.48002     0.26614
  48     0.49002     0.27433
  49     0.50002     0.28265
  50     0.51002     0.29108
  51     0.52002     0.29963
  52     0.53001      0.3083
  53        0.54     0.31708
  54        0.55     0.32599
  55        0.56     0.33501
  56     0.57001     0.34418
  57        0.58     0.35346
  58     0.59003      0.3629
  59     0.60001     0.37242
  60     0.61002      0.3821
  61     0.62004     0.39193
  62     0.63001     0.40186
  63     0.64001     0.41197
  64     0.65002     0.42224
  65        0.66     0.43265
  66        0.67     0.44322
  67     0.68001     0.45398
  68     0.69002     0.46491
  69     0.70001     0.47601
  70     0.71002     0.48729
  71     0.72001     0.49873
  72     0.73002     0.51038
  73     0.74002     0.52223
  74     0.75001     0.53427
  75        0.76     0.54652
  76     0.77001     0.55901
  77     0.78003     0.57175
  78     0.79003     0.58474
  79     0.80001     0.59796
  80     0.81001     0.61148
  81        0.82     0.62527
  82     0.83002     0.63938
  83     0.84003     0.65378
  84     0.85001     0.66848
  85     0.86004      0.6836
  86     0.87001     0.69904
  87     0.88003     0.71495
  88     0.89001     0.73127
  89     0.90001      0.7482
  90     0.91001     0.76574
  91        0.92     0.78392
  92        0.93      0.8029
  93        0.94     0.82276
  94     0.95004     0.84376
  95     0.96003     0.86608
  96     0.97001     0.89026
  97     0.98001     0.91729
  98     0.99005     0.94893
  99           1           1
-----------------------------------------

----------------- PPP$ and local currency --------------
         PPP used in computation: 1.93633
     Data mean in local currency: 1032.21
               Data mean in PPP$: 508.953
        Poverty line in PPP$/Day: 1.9
      Poverty line in PPP$/Month: 57.7917
  Poverty line in local currency: 117.208
-------------------------------------------------------

----------------- Estimation result --------------
     Number of observation: 37191
          Total population: 3.81054E+07
              Total wealth: 2.03131E+10(PPP$)
                   Minimum: 46.294(PPP$)
                   Maximum: 17225.1(PPP$)
             Headcount(HC): 0.000103037
          Poverty gap (PG): 3.79269E-06
       Poverty gap squared: 7.2355E-07
                      Gini: 0.320802
                    Median: 426.19
                       MLD: 0.170251
                      Watt: 4.2193E-06
--------------------------------------------------

-------------------------------- Income or Consumption share by deciles (%) -------------------------------------
     3.2987      4.688     5.7257     6.7426     7.8081     8.9782     10.358     12.195     15.024     25.181
-----------------------------------------------------------------------------------------------------------------


