

**********************************************************************************************
**                                   Basic Information                                      **
**********************************************************************************************

----------------- Dataset Information -----------------
                         Country: Poland
                    Country dode: POL
                       Data Year: 2002
                        Coverage: National
             Welfare measurement: Consumption
                     Data format: Unit record
                     Data source: POL_N2002X
                  Data time span: UnDefined
-------------------------------------------------------


----------- Distribution ------------
   i           P           L 
-------------------------------------
   0     0.01003   0.0019317
   1    0.020008   0.0043409
   2    0.030031   0.0070733
   3    0.040001    0.010027
   4    0.050045    0.013193
   5    0.060007    0.016485
   6    0.070037    0.019945
   7    0.080025    0.023525
   8    0.090002    0.027246
   9     0.10003    0.031112
  10     0.11003    0.035095
  11     0.12001    0.039189
  12     0.13003    0.043421
  13     0.14003    0.047766
  14     0.15002    0.052221
  15     0.16002    0.056782
  16        0.17    0.061448
  17     0.18003    0.066226
  18     0.19003     0.07109
  19     0.20001    0.076051
  20     0.21001    0.081121
  21     0.22001    0.086288
  22     0.23002    0.091571
  23     0.24001    0.096935
  24     0.25003     0.10242
  25        0.26     0.10798
  26     0.27006     0.11368
  27        0.28     0.11941
  28     0.29004     0.12528
  29     0.30001     0.13121
  30     0.31001     0.13726
  31     0.32003     0.14341
  32        0.33     0.14964
  33     0.34002     0.15599
  34     0.35004     0.16245
  35     0.36006     0.16901
  36     0.37002     0.17563
  37        0.38     0.18236
  38     0.39001     0.18921
  39     0.40003     0.19617
  40     0.41003     0.20321
  41     0.42003     0.21037
  42     0.43002     0.21762
  43     0.44004     0.22499
  44        0.45     0.23241
  45     0.46005        0.24
  46        0.47     0.24762
  47     0.48003     0.25541
  48     0.49001     0.26328
  49     0.50002     0.27129
  50        0.51     0.27942
  51     0.52004      0.2877
  52     0.53001     0.29606
  53     0.54004      0.3046
  54     0.55001     0.31321
  55     0.56003     0.32197
  56     0.57002     0.33085
  57     0.58001     0.33985
  58     0.59001     0.34901
  59         0.6     0.35831
  60     0.61001     0.36776
  61     0.62002     0.37736
  62     0.63001     0.38709
  63     0.64003     0.39702
  64     0.65001     0.40706
  65     0.66005     0.41732
  66     0.67002      0.4277
  67        0.68     0.43825
  68     0.69001       0.449
  69     0.70001     0.45992
  70     0.71002     0.47105
  71     0.72002     0.48237
  72     0.73003      0.4939
  73     0.74001     0.50561
  74     0.75002     0.51758
  75     0.76002     0.52979
  76     0.77001     0.54221
  77     0.78002     0.55487
  78     0.79001     0.56774
  79     0.80001     0.58091
  80     0.81002     0.59438
  81     0.82001     0.60816
  82     0.83001     0.62227
  83     0.84002     0.63677
  84     0.85001      0.6516
  85     0.86001     0.66683
  86     0.87001      0.6825
  87     0.88002     0.69872
  88     0.89001     0.71543
  89         0.9     0.73272
  90        0.91     0.75066
  91     0.92001      0.7693
  92     0.93001     0.78877
  93     0.94001     0.80922
  94     0.95003     0.83104
  95     0.96001     0.85432
  96     0.97001      0.8797
  97     0.98002     0.90815
  98     0.99002      0.9419
  99           1           1
-----------------------------------------

----------------- PPP$ and local currency --------------
         PPP used in computation: 1.93633
     Data mean in local currency: 599.255
               Data mean in PPP$: 396.216
        Poverty line in PPP$/Day: 1.9
      Poverty line in PPP$/Month: 57.7917
  Poverty line in local currency: 87.4067
-------------------------------------------------------

----------------- Estimation result --------------
     Number of observation: 32325
          Total population: 3.81084E+07
              Total wealth: 1.17938E+10(PPP$)
                   Minimum: 30.12(PPP$)
                   Maximum: 10328.9(PPP$)
             Headcount(HC): 0.000748844
          Poverty gap (PG): 6.56518E-05
       Poverty gap squared: 1.59315E-05
                      Gini: 0.340502
                    Median: 319.92
                       MLD: 0.191898
                      Watt: 7.571E-05
--------------------------------------------------

-------------------------------- Income or Consumption share by deciles (%) -------------------------------------
     3.1102     4.4946     5.5156     6.4946     7.5129      8.703      10.16     12.099     15.182     26.728
-----------------------------------------------------------------------------------------------------------------


