

**********************************************************************************************
**                                   Basic Information                                      **
**********************************************************************************************

----------------- Dataset Information -----------------
                         Country: Poland
                    Country dode: POL
                       Data Year: 2003
                        Coverage: National
             Welfare measurement: Consumption
                     Data format: Unit record
                     Data source: POL_N2003X
                  Data time span: UnDefined
-------------------------------------------------------


----------- Distribution ------------
   i           P           L 
-------------------------------------
   0    0.010048   0.0018754
   1    0.020006   0.0042203
   2    0.030018   0.0068353
   3    0.040036   0.0096549
   4    0.050005    0.012653
   5    0.060023    0.015813
   6    0.070024    0.019107
   7    0.080011    0.022536
   8    0.090039    0.026113
   9     0.10001    0.029788
  10     0.11002    0.033599
  11     0.12004    0.037531
  12     0.13001    0.041556
  13     0.14001    0.045689
  14     0.15004    0.049948
  15     0.16004     0.05431
  16        0.17    0.058764
  17     0.18005    0.063362
  18     0.19006    0.068046
  19     0.20005    0.072836
  20     0.21004    0.077727
  21     0.22004    0.082733
  22     0.23005    0.087844
  23     0.24003    0.093049
  24     0.25001    0.098362
  25     0.26002     0.10378
  26     0.27001     0.10929
  27     0.28005     0.11493
  28        0.29     0.12062
  29         0.3     0.12643
  30     0.31002     0.13237
  31     0.32006     0.13842
  32     0.33001     0.14452
  33     0.34001     0.15076
  34     0.35002     0.15711
  35     0.36006     0.16357
  36     0.37007     0.17011
  37     0.38001     0.17672
  38        0.39     0.18346
  39     0.40002     0.19032
  40     0.41003     0.19728
  41     0.42002     0.20434
  42     0.43001      0.2115
  43     0.44001     0.21879
  44     0.45001     0.22619
  45     0.46003     0.23371
  46     0.47005     0.24134
  47     0.48001     0.24903
  48        0.49     0.25686
  49     0.50001     0.26482
  50     0.51001     0.27287
  51     0.52005     0.28109
  52     0.53004     0.28937
  53     0.54002     0.29778
  54     0.55001     0.30632
  55     0.56001     0.31501
  56     0.57001     0.32385
  57     0.58004     0.33285
  58     0.59001     0.34194
  59     0.60002     0.35125
  60     0.61006     0.36072
  61     0.62002     0.37028
  62        0.63     0.38002
  63     0.64003     0.38996
  64     0.65002     0.40005
  65     0.66001     0.41032
  66     0.67001     0.42077
  67     0.68002     0.43142
  68     0.69002     0.44223
  69     0.70002     0.45323
  70        0.71     0.46442
  71     0.72002     0.47582
  72     0.73002     0.48743
  73     0.74001     0.49926
  74        0.75     0.51132
  75     0.76002     0.52365
  76        0.77      0.5362
  77     0.78001     0.54906
  78     0.79005     0.56223
  79     0.80005     0.57562
  80     0.81003     0.58928
  81     0.82003     0.60331
  82        0.83      0.6176
  83     0.84001     0.63233
  84     0.85001     0.64744
  85     0.86001     0.66297
  86     0.87001     0.67895
  87        0.88     0.69543
  88     0.89002      0.7125
  89     0.90002     0.73013
  90        0.91     0.74838
  91     0.92001     0.76738
  92     0.93002     0.78734
  93        0.94     0.80834
  94     0.95001     0.83064
  95     0.96003     0.85444
  96     0.97001     0.88016
  97     0.98001     0.90888
  98     0.99002     0.94272
  99           1           1
-----------------------------------------

----------------- PPP$ and local currency --------------
         PPP used in computation: 1.93633
     Data mean in local currency: 666.59
               Data mean in PPP$: 437.292
        Poverty line in PPP$/Day: 1.9
      Poverty line in PPP$/Month: 57.7917
  Poverty line in local currency: 88.0954
-------------------------------------------------------

----------------- Estimation result --------------
     Number of observation: 32438
          Total population: 3.81124E+07
              Total wealth: 1.31204E+10(PPP$)
                   Minimum: 37.124(PPP$)
                   Maximum: 9713.97(PPP$)
             Headcount(HC): 0.000473769
          Poverty gap (PG): 4.77971E-05
       Poverty gap squared: 6.29793E-06
                      Gini: 0.349113
                    Median: 349.985
                       MLD: 0.201925
                      Watt: 5.12812E-05
--------------------------------------------------

-------------------------------- Income or Consumption share by deciles (%) -------------------------------------
     2.9785     4.3026     5.3621     6.3877     7.4499     8.6419     10.198     12.234     15.454     26.991
-----------------------------------------------------------------------------------------------------------------


