

**********************************************************************************************
**                                   Basic Information                                      **
**********************************************************************************************

----------------- Dataset Information -----------------
                         Country: Poland
                    Country dode: POL
                       Data Year: 2013
                        Coverage: National
             Welfare measurement: Consumption
                     Data format: Unit record
                     Data source: POL_N2013X
                  Data time span: UnDefined
-------------------------------------------------------


----------- Distribution ------------
   i           P           L 
-------------------------------------
   0    0.010078   0.0020468
   1     0.02006   0.0045998
   2    0.030012   0.0074407
   3    0.040007    0.010538
   4    0.050034     0.01386
   5    0.060029    0.017342
   6    0.070038     0.02099
   7    0.080016    0.024775
   8    0.090051    0.028714
   9     0.10002    0.032753
  10     0.11002    0.036924
  11        0.12    0.041201
  12     0.13002    0.045613
  13     0.14003    0.050121
  14     0.15006    0.054753
  15     0.16001    0.059457
  16     0.17005    0.064309
  17     0.18004    0.069254
  18     0.19001    0.074288
  19     0.20002     0.07944
  20     0.21001    0.084676
  21     0.22003    0.090024
  22     0.23002    0.095443
  23        0.24     0.10096
  24     0.25001     0.10659
  25     0.26001     0.11232
  26     0.27004     0.11818
  27     0.28003     0.12412
  28     0.29001     0.13016
  29     0.30005     0.13633
  30        0.31     0.14254
  31        0.32     0.14887
  32     0.33003     0.15533
  33     0.34005     0.16188
  34     0.35004      0.1685
  35     0.36005     0.17522
  36     0.37001     0.18201
  37     0.38001     0.18892
  38     0.39001     0.19595
  39     0.40002     0.20309
  40     0.41001     0.21031
  41     0.42002     0.21764
  42        0.43     0.22507
  43     0.44004     0.23264
  44     0.45005     0.24029
  45     0.46002     0.24802
  46     0.47002     0.25589
  47        0.48     0.26384
  48     0.49003     0.27194
  49     0.50001     0.28012
  50     0.51001     0.28843
  51     0.52003     0.29688
  52     0.53001     0.30542
  53     0.54002     0.31412
  54     0.55004     0.32294
  55     0.56001     0.33185
  56     0.57002     0.34092
  57        0.58     0.35009
  58     0.59002     0.35943
  59     0.60001     0.36891
  60        0.61     0.37853
  61     0.62003     0.38832
  62     0.63003     0.39822
  63     0.64001     0.40827
  64        0.65     0.41849
  65     0.66002     0.42889
  66     0.67003     0.43944
  67     0.68003     0.45015
  68     0.69004     0.46104
  69     0.70001     0.47206
  70     0.71005     0.48332
  71        0.72     0.49465
  72        0.73     0.50622
  73        0.74     0.51799
  74     0.75004     0.53002
  75     0.76001     0.54218
  76     0.77003     0.55466
  77     0.78001     0.56732
  78     0.79002     0.58028
  79     0.80001     0.59345
  80     0.81005     0.60696
  81     0.82001     0.62064
  82        0.83     0.63468
  83     0.84004     0.64912
  84     0.85002     0.66381
  85        0.86     0.67888
  86     0.87001      0.6944
  87     0.88001     0.71037
  88        0.89     0.72681
  89     0.90001     0.74382
  90     0.91005     0.76146
  91        0.92     0.77965
  92        0.93     0.79873
  93        0.94     0.81875
  94     0.95001      0.8399
  95        0.96     0.86243
  96     0.97004     0.88699
  97     0.98001      0.9142
  98     0.99001     0.94611
  99           1           1
-----------------------------------------

----------------- PPP$ and local currency --------------
         PPP used in computation: 1.93633
     Data mean in local currency: 1017.6
               Data mean in PPP$: 502.284
        Poverty line in PPP$/Day: 1.9
      Poverty line in PPP$/Month: 57.7917
  Poverty line in local currency: 117.082
-------------------------------------------------------

----------------- Estimation result --------------
     Number of observation: 37139
          Total population: 3.81015E+07
              Total wealth: 2.00235E+10(PPP$)
                   Minimum: 57.2118(PPP$)
                   Maximum: 18218.9(PPP$)
             Headcount(HC): 9.05477E-05
          Poverty gap (PG): 2.27925E-06
       Poverty gap squared: 1.13544E-07
                      Gini: 0.325495
                    Median: 414.403
                       MLD: 0.175288
                      Watt: 2.33813E-06
--------------------------------------------------

-------------------------------- Income or Consumption share by deciles (%) -------------------------------------
     3.2746     4.6683     5.6866     6.6776     7.7039     8.8787     10.315     12.139     15.036     25.621
-----------------------------------------------------------------------------------------------------------------


