

**********************************************************************************************
**                                   Basic Information                                      **
**********************************************************************************************

----------------- Dataset Information -----------------
                         Country: Portugal
                    Country dode: PRT
                       Data Year: 2009
                        Coverage: National
             Welfare measurement: Income
                     Data format: Unit record
                     Data source: PRT_N2009Y
                  Data time span: UnDefined
-------------------------------------------------------


----------- Distribution ------------
   i           P           L 
-------------------------------------
   0    0.010206   0.0011574
   1    0.020707   0.0031437
   2    0.030243   0.0052825
   3    0.040128   0.0077424
   4    0.050085    0.010506
   5    0.060091    0.013509
   6    0.070153    0.016723
   7    0.080696    0.020283
   8    0.090138    0.023596
   9     0.10009    0.027248
  10     0.11002    0.031064
  11        0.12       0.035
  12     0.13009    0.039146
  13     0.14005    0.043386
  14     0.15001    0.047762
  15      0.1602    0.052371
  16     0.17018    0.057015
  17     0.18003    0.061711
  18     0.19037    0.066753
  19      0.2003    0.071699
  20     0.21007    0.076664
  21     0.22004    0.081845
  22     0.23004    0.087133
  23     0.24007     0.09255
  24     0.25032    0.098196
  25     0.26005     0.10365
  26     0.27024     0.10946
  27     0.28015     0.11521
  28     0.29002     0.12104
  29     0.30003     0.12705
  30     0.31038     0.13332
  31        0.32     0.13923
  32     0.33014     0.14555
  33     0.34019     0.15189
  34     0.35009     0.15824
  35     0.36012     0.16477
  36     0.37008     0.17133
  37      0.3801     0.17804
  38     0.39009     0.18485
  39     0.40009     0.19178
  40     0.41003     0.19874
  41      0.4204     0.20612
  42     0.43029     0.21326
  43     0.44023     0.22057
  44     0.45004     0.22788
  45     0.46054     0.23586
  46     0.47002     0.24316
  47     0.48003       0.251
  48     0.49043     0.25924
  49         0.5     0.26695
  50     0.51004     0.27513
  51     0.52011     0.28343
  52     0.53025     0.29193
  53     0.54001     0.30023
  54     0.55004      0.3089
  55     0.56009     0.31778
  56     0.57002     0.32673
  57     0.58051     0.33632
  58     0.59021     0.34528
  59     0.60015     0.35456
  60     0.61055     0.36438
  61     0.62012     0.37354
  62      0.6301     0.38327
  63     0.64001     0.39306
  64     0.65015     0.40321
  65     0.66001     0.41326
  66     0.67044      0.4241
  67     0.68023     0.43438
  68      0.6909     0.44577
  69     0.70014     0.45577
  70     0.71051     0.46714
  71     0.72027     0.47802
  72     0.73052     0.48966
  73     0.74005     0.50071
  74     0.75001     0.51245
  75     0.76002     0.52449
  76     0.77011     0.53684
  77     0.78004     0.54921
  78        0.79     0.56185
  79     0.80012     0.57491
  80     0.81033      0.5884
  81     0.82037     0.60196
  82     0.83023     0.61568
  83     0.84003     0.62965
  84     0.85006     0.64437
  85     0.86001     0.65932
  86     0.87005     0.67489
  87     0.88022     0.69125
  88     0.89004     0.70783
  89     0.90001     0.72539
  90     0.91039     0.74492
  91     0.92119     0.76617
  92     0.93035     0.78485
  93     0.94009     0.80555
  94     0.95006     0.82819
  95     0.96003     0.85207
  96     0.97007     0.87883
  97     0.98011     0.90936
  98        0.99     0.94517
  99           1           1
-----------------------------------------

----------------- PPP$ and local currency --------------
         PPP used in computation: 0.703863
     Data mean in local currency: 577.27
               Data mean in PPP$: 862.029
        Poverty line in PPP$/Day: 1.9
      Poverty line in PPP$/Month: 57.7917
  Poverty line in local currency: 38.701
-------------------------------------------------------

----------------- Estimation result --------------
     Number of observation: 4889
          Total population: 0.999999
              Total wealth: 820.145(PPP$)
                   Minimum: 14.0937(PPP$)
                   Maximum: 10669.4(PPP$)
             Headcount(HC): 0.0016591
          Poverty gap (PG): 0.000774673
       Poverty gap squared: 0.000441748
                      Gini: 0.349074
                    Median: 698.499
                       MLD: 0.208861
                      Watt: 0.00119176
--------------------------------------------------

-------------------------------- Income or Consumption share by deciles (%) -------------------------------------
     2.7217      4.433     5.5482     6.4685     7.5239      8.747     10.119     11.915      15.06     27.464
-----------------------------------------------------------------------------------------------------------------


