

**********************************************************************************************
**                                   Basic Information                                      **
**********************************************************************************************

----------------- Dataset Information -----------------
                         Country: Portugal
                    Country dode: PRT
                       Data Year: 2007
                        Coverage: National
             Welfare measurement: Income
                     Data format: Unit record
                     Data source: PRT_N2007Y
                  Data time span: UnDefined
-------------------------------------------------------


----------- Distribution ------------
   i           P           L 
-------------------------------------
   0    0.010061  0.00082421
   1    0.020166   0.0026814
   2    0.030065   0.0049014
   3    0.040038   0.0074248
   4    0.050208    0.010218
   5    0.060092    0.013119
   6    0.070024    0.016212
   7    0.080074    0.019489
   8    0.090329    0.023008
   9     0.10003    0.026488
  10     0.11062    0.030396
  11     0.12002    0.033967
  12     0.13003    0.037893
  13     0.14045    0.042112
  14     0.15016    0.046132
  15     0.16017    0.050383
  16     0.17012    0.054731
  17      0.1803    0.059303
  18     0.19002    0.063787
  19     0.20018    0.068587
  20     0.21088    0.073757
  21     0.22065    0.078572
  22     0.23029    0.083427
  23     0.24003    0.088443
  24     0.25004    0.093705
  25     0.26003    0.099065
  26     0.27015      0.1046
  27     0.28001      0.1101
  28     0.29003     0.11577
  29     0.30069     0.12192
  30     0.31021      0.1275
  31     0.32002     0.13334
  32     0.33002     0.13939
  33     0.34005     0.14556
  34     0.35015     0.15186
  35     0.36017     0.15821
  36     0.37024      0.1647
  37     0.38033      0.1713
  38     0.39033     0.17792
  39     0.40015     0.18448
  40     0.41008     0.19121
  41     0.42011     0.19814
  42     0.43035      0.2053
  43      0.4401     0.21224
  44     0.45005     0.21943
  45     0.46048     0.22705
  46     0.47006     0.23412
  47     0.48025     0.24173
  48     0.49018     0.24927
  49     0.50007     0.25691
  50     0.51018     0.26485
  51     0.52014      0.2728
  52     0.53006      0.2808
  53      0.5403      0.2892
  54     0.55013     0.29739
  55     0.56064     0.30631
  56     0.57051      0.3148
  57     0.58012     0.32322
  58     0.59055     0.33248
  59     0.60003     0.34102
  60     0.61027     0.35043
  61     0.62019     0.35962
  62     0.63013     0.36896
  63     0.64035     0.37869
  64        0.65     0.38804
  65     0.66035     0.39824
  66     0.67005       0.408
  67     0.68006     0.41827
  68     0.69029     0.42889
  69     0.70015     0.43929
  70     0.71011     0.45007
  71     0.72021     0.46128
  72     0.73007     0.47242
  73     0.74007     0.48392
  74     0.75057     0.49625
  75     0.76004     0.50761
  76     0.77067      0.5207
  77     0.78011     0.53252
  78     0.79009     0.54526
  79     0.80012     0.55839
  80     0.81013     0.57177
  81     0.82005     0.58543
  82     0.83008      0.5996
  83     0.84062     0.61494
  84     0.85056     0.62982
  85     0.86008     0.64451
  86     0.87001     0.66028
  87      0.8805     0.67741
  88     0.89006     0.69371
  89     0.90002     0.71151
  90     0.91002     0.72991
  91     0.92003     0.74931
  92     0.93031     0.77034
  93     0.94003     0.79107
  94     0.95016     0.81425
  95     0.96001     0.83911
  96     0.97009     0.86761
  97     0.98001     0.89994
  98     0.99004     0.93886
  99           1           1
-----------------------------------------

----------------- PPP$ and local currency --------------
         PPP used in computation: 0.703863
     Data mean in local currency: 560.055
               Data mean in PPP$: 850.817
        Poverty line in PPP$/Day: 1.9
      Poverty line in PPP$/Month: 57.7917
  Poverty line in local currency: 38.0417
-------------------------------------------------------

----------------- Estimation result --------------
     Number of observation: 4184
          Total population: 1
              Total wealth: 795.688(PPP$)
                   Minimum: 25.4595(PPP$)
                   Maximum: 11627.4(PPP$)
             Headcount(HC): 0.0025772
          Poverty gap (PG): 0.000996282
       Poverty gap squared: 0.000447844
                      Gini: 0.367501
                    Median: 663.238
                       MLD: 0.231498
                      Watt: 0.0013337
--------------------------------------------------

-------------------------------- Income or Consumption share by deciles (%) -------------------------------------
     2.6479     4.2022     5.3017     6.2862     7.2476     8.4144     9.8135      11.91     15.324     28.853
-----------------------------------------------------------------------------------------------------------------


