

**********************************************************************************************
**                                   Basic Information                                      **
**********************************************************************************************

----------------- Dataset Information -----------------
                         Country: Portugal
                    Country dode: PRT
                       Data Year: 2012
                        Coverage: National
             Welfare measurement: Income
                     Data format: Unit record
                     Data source: PRT_N2012Y
                  Data time span: UnDefined
-------------------------------------------------------


----------- Distribution ------------
   i           P           L 
-------------------------------------
   0    0.010345  0.00057265
   1    0.020272   0.0018878
   2    0.030348   0.0036023
   3     0.04026   0.0055084
   4    0.050303   0.0076874
   5    0.060265    0.010133
   6    0.070035    0.012747
   7     0.08006    0.015678
   8    0.090501     0.01896
   9      0.1003    0.022179
  10     0.11008    0.025593
  11     0.12004     0.02926
  12        0.13     0.03311
  13     0.14013    0.037172
  14     0.15008    0.041327
  15     0.16012    0.045696
  16     0.17015    0.050182
  17     0.18018    0.054821
  18     0.19025    0.059675
  19      0.2003    0.064656
  20     0.21003    0.069595
  21     0.22003    0.074796
  22     0.23001    0.080083
  23     0.24032    0.085643
  24     0.25008    0.091006
  25     0.26009    0.096629
  26     0.27001     0.10232
  27     0.28019     0.10825
  28     0.29004     0.11408
  29     0.30004      0.1201
  30     0.31036     0.12644
  31     0.32022     0.13258
  32     0.33028     0.13896
  33     0.34016     0.14529
  34      0.3503     0.15188
  35      0.3603     0.15848
  36     0.37024     0.16515
  37     0.38023     0.17194
  38     0.39044     0.17898
  39     0.40005     0.18568
  40     0.41001     0.19275
  41     0.42004     0.19997
  42     0.43007     0.20727
  43     0.44078     0.21516
  44     0.45001     0.22205
  45     0.46021     0.22976
  46     0.47015     0.23738
  47     0.48035     0.24529
  48     0.49052     0.25332
  49      0.5002     0.26105
  50     0.51004     0.26901
  51     0.52024      0.2774
  52     0.53037     0.28587
  53     0.54017     0.29419
  54     0.55004     0.30265
  55     0.56006     0.31137
  56     0.57011     0.32023
  57     0.58009     0.32913
  58     0.59001     0.33812
  59     0.60011     0.34739
  60     0.61002     0.35664
  61     0.62007     0.36617
  62      0.6301     0.37585
  63     0.64008     0.38563
  64     0.65001     0.39557
  65     0.66025     0.40601
  66     0.67008     0.41623
  67     0.68005     0.42677
  68     0.69004     0.43751
  69     0.70051     0.44895
  70     0.71032     0.45985
  71     0.72009     0.47085
  72     0.73022     0.48239
  73     0.74004     0.49375
  74     0.75035     0.50588
  75     0.76028     0.51782
  76        0.77     0.52975
  77      0.7805     0.54291
  78     0.79002     0.55511
  79     0.80014     0.56841
  80        0.81     0.58167
  81     0.82004     0.59551
  82     0.83049     0.61033
  83     0.84001     0.62417
  84     0.85007     0.63934
  85     0.86006     0.65487
  86     0.87005     0.67093
  87     0.88002     0.68739
  88      0.8902     0.70485
  89     0.90007     0.72239
  90     0.91037     0.74158
  91     0.92011     0.76057
  92      0.9302     0.78132
  93     0.94005     0.80258
  94     0.95009     0.82565
  95     0.96007     0.85033
  96     0.97019     0.87781
  97     0.98017     0.90851
  98     0.99005     0.94362
  99           1           1
-----------------------------------------

----------------- PPP$ and local currency --------------
         PPP used in computation: 0.703863
     Data mean in local currency: 552.489
               Data mean in PPP$: 763.757
        Poverty line in PPP$/Day: 1.9
      Poverty line in PPP$/Month: 57.7917
  Poverty line in local currency: 41.8055
-------------------------------------------------------

----------------- Estimation result --------------
     Number of observation: 5972
          Total population: 1
              Total wealth: 784.941(PPP$)
                   Minimum: 9.77463(PPP$)
                   Maximum: 11947.7(PPP$)
             Headcount(HC): 0.00703208
          Poverty gap (PG): 0.00361207
       Poverty gap squared: 0.00231762
                      Gini: 0.360385
                    Median: 614.059
                       MLD: 0.236771
                      Watt: 0.0060151
--------------------------------------------------

-------------------------------- Income or Consumption share by deciles (%) -------------------------------------
     2.2079     4.2427     5.5576     6.5563     7.5242     8.6397     10.111     11.983     15.404     27.773
-----------------------------------------------------------------------------------------------------------------


