

**********************************************************************************************
**                                   Basic Information                                      **
**********************************************************************************************

----------------- Dataset Information -----------------
                         Country: Portugal
                    Country dode: PRT
                       Data Year: 2008
                        Coverage: National
             Welfare measurement: Income
                     Data format: Unit record
                     Data source: PRT_N2008Y
                  Data time span: UnDefined
-------------------------------------------------------


----------- Distribution ------------
   i           P           L 
-------------------------------------
   0    0.010319   0.0009678
   1    0.020327    0.002637
   2    0.030299   0.0047065
   3    0.040094   0.0070141
   4    0.050464   0.0097547
   5    0.060051    0.012527
   6    0.070576    0.015741
   7    0.080237    0.018861
   8    0.090071    0.022229
   9     0.10023    0.025866
  10     0.11012    0.029563
  11     0.12115    0.033865
  12     0.13037    0.037562
  13     0.14003    0.041565
  14     0.15009    0.045848
  15     0.16016    0.050239
  16     0.17011    0.054689
  17     0.18003    0.059254
  18     0.19004     0.06394
  19     0.20021      0.0688
  20     0.21032    0.073748
  21     0.22001    0.078607
  22     0.23023    0.083845
  23     0.24022    0.089051
  24     0.25007    0.094292
  25     0.26006    0.099708
  26     0.27028     0.10533
  27     0.28009      0.1108
  28     0.29061     0.11678
  29     0.30061     0.12256
  30     0.31006     0.12811
  31     0.32007      0.1341
  32     0.33079     0.14063
  33     0.34024     0.14647
  34     0.35004     0.15263
  35     0.36003     0.15898
  36     0.37007     0.16545
  37     0.38016     0.17206
  38     0.39008     0.17866
  39     0.40022     0.18551
  40     0.41012     0.19231
  41     0.42018     0.19933
  42     0.43005     0.20632
  43     0.44052     0.21386
  44     0.45014     0.22088
  45     0.46074     0.22874
  46     0.47009     0.23576
  47     0.48004     0.24332
  48     0.49016     0.25112
  49     0.50022     0.25897
  50     0.51005     0.26674
  51     0.52009      0.2748
  52     0.53023     0.28306
  53     0.54006     0.29118
  54     0.55001     0.29951
  55     0.56018     0.30814
  56     0.57063     0.31712
  57     0.58009     0.32535
  58     0.59006     0.33417
  59     0.60031     0.34336
  60     0.61079     0.35293
  61     0.62007     0.36156
  62     0.63005     0.37099
  63     0.64001     0.38052
  64     0.65002     0.39024
  65     0.66021     0.40036
  66     0.67017     0.41041
  67     0.68024     0.42072
  68     0.69003     0.43089
  69     0.70026      0.4417
  70     0.71009     0.45223
  71     0.72055     0.46363
  72     0.73017     0.47433
  73     0.74001      0.4855
  74     0.75002     0.49705
  75     0.76005     0.50883
  76     0.77015     0.52098
  77     0.78002     0.53315
  78     0.79006     0.54585
  79     0.80018     0.55907
  80     0.81004     0.57224
  81     0.82027     0.58623
  82      0.8301         0.6
  83     0.84003     0.61424
  84     0.85024     0.62937
  85     0.86003     0.64428
  86     0.87002     0.66004
  87     0.88006     0.67648
  88     0.89023     0.69362
  89     0.90014     0.71089
  90     0.91007     0.72879
  91     0.92014     0.74799
  92     0.93007     0.76814
  93     0.94006     0.78981
  94     0.95034     0.81352
  95     0.96017      0.8378
  96     0.97115     0.86839
  97     0.98017     0.89671
  98     0.99058     0.93688
  99           1           1
-----------------------------------------

----------------- PPP$ and local currency --------------
         PPP used in computation: 0.703863
     Data mean in local currency: 569.463
               Data mean in PPP$: 843.266
        Poverty line in PPP$/Day: 1.9
      Poverty line in PPP$/Month: 57.7917
  Poverty line in local currency: 39.0271
-------------------------------------------------------

----------------- Estimation result --------------
     Number of observation: 4725
          Total population: 1
              Total wealth: 809.054(PPP$)
                   Minimum: 12.4314(PPP$)
                   Maximum: 17508(PPP$)
             Headcount(HC): 0.0013725
          Poverty gap (PG): 0.000538379
       Poverty gap squared: 0.00030852
                      Gini: 0.366341
                    Median: 661.699
                       MLD: 0.231422
                      Watt: 0.000854614
--------------------------------------------------

-------------------------------- Income or Consumption share by deciles (%) -------------------------------------
     2.5785     4.2916     5.3506     6.3159     7.3432     8.4281     9.8352      11.74     15.181     28.936
-----------------------------------------------------------------------------------------------------------------


