

**********************************************************************************************
**                                   Basic Information                                      **
**********************************************************************************************

----------------- Dataset Information -----------------
                         Country: Portugal
                    Country dode: PRT
                       Data Year: 2004
                        Coverage: National
             Welfare measurement: Income
                     Data format: Unit record
                     Data source: PRT_N2004Y
                  Data time span: UnDefined
-------------------------------------------------------


----------- Distribution ------------
   i           P           L 
-------------------------------------
   0    0.010301  0.00067858
   1    0.020273    0.002196
   2    0.030579   0.0042099
   3    0.040034   0.0063791
   4     0.05021   0.0089161
   5     0.06025    0.011583
   6    0.070191    0.014355
   7    0.080188    0.017293
   8    0.090081    0.020373
   9     0.10055    0.023771
  10     0.11036    0.027113
  11     0.12004     0.03053
  12     0.13001     0.03422
  13     0.14022    0.038169
  14     0.15022    0.042198
  15     0.16009    0.046322
  16     0.17033    0.050723
  17     0.18008    0.055015
  18     0.19007    0.059527
  19     0.20012    0.064187
  20     0.21002    0.068867
  21     0.22022    0.073766
  22     0.23011    0.078585
  23      0.2404    0.083697
  24     0.25038    0.088725
  25     0.26045    0.093874
  26     0.27005    0.098866
  27      0.2801     0.10421
  28     0.29009     0.10962
  29     0.30003      0.1151
  30     0.31007     0.12073
  31     0.32032     0.12659
  32     0.33004     0.13226
  33     0.34016     0.13827
  34     0.35017     0.14431
  35     0.36028     0.15048
  36     0.37035     0.15673
  37     0.38005     0.16287
  38     0.39034     0.16948
  39         0.4     0.17581
  40     0.41012     0.18253
  41     0.42015     0.18927
  42     0.43023     0.19613
  43     0.44017     0.20299
  44     0.45011     0.20994
  45     0.46012     0.21702
  46     0.47003     0.22413
  47     0.48022     0.23157
  48     0.49001     0.23881
  49     0.50024     0.24647
  50     0.51002     0.25388
  51     0.52001     0.26156
  52     0.53005     0.26941
  53     0.54036     0.27757
  54     0.55006     0.28532
  55     0.56037     0.29365
  56     0.57004     0.30154
  57     0.58023     0.30998
  58     0.59035     0.31851
  59     0.60025     0.32702
  60     0.61023     0.33571
  61     0.62001     0.34435
  62     0.63014      0.3535
  63     0.64011     0.36266
  64     0.65004     0.37194
  65     0.66011     0.38157
  66     0.67006     0.39129
  67     0.68022     0.40141
  68     0.69029     0.41164
  69     0.70019     0.42188
  70     0.71015     0.43238
  71     0.72015     0.44315
  72     0.73024     0.45423
  73     0.74042      0.4656
  74      0.7504     0.47701
  75     0.76024      0.4885
  76     0.77001     0.50008
  77     0.78001      0.5122
  78     0.79033     0.52503
  79       0.801     0.53867
  80     0.81022     0.55075
  81     0.82031     0.56425
  82     0.83003     0.57765
  83     0.84002     0.59194
  84     0.85012     0.60691
  85     0.86025     0.62248
  86     0.87016     0.63857
  87     0.88011     0.65551
  88     0.89002      0.6732
  89     0.90055     0.69278
  90     0.91008     0.71156
  91     0.92018     0.73268
  92     0.93013      0.7549
  93     0.94002     0.77818
  94     0.95028     0.80405
  95      0.9603     0.83121
  96     0.97016     0.86081
  97     0.98029     0.89549
  98      0.9903     0.93664
  99           1           1
-----------------------------------------

----------------- PPP$ and local currency --------------
         PPP used in computation: 0.703863
     Data mean in local currency: 506.235
               Data mean in PPP$: 830.952
        Poverty line in PPP$/Day: 1.9
      Poverty line in PPP$/Month: 57.7917
  Poverty line in local currency: 35.208
-------------------------------------------------------

----------------- Estimation result --------------
     Number of observation: 4410
          Total population: 1
              Total wealth: 719.226(PPP$)
                   Minimum: 4.37585(PPP$)
                   Maximum: 9379.88(PPP$)
             Headcount(HC): 0.00536659
          Poverty gap (PG): 0.00258203
       Poverty gap squared: 0.00164622
                      Gini: 0.388968
                    Median: 624.943
                       MLD: 0.263121
                      Watt: 0.00445453
--------------------------------------------------

-------------------------------- Income or Consumption share by deciles (%) -------------------------------------
     2.3592     4.0539     5.0949     6.0729     7.0478     8.0516     9.4882     11.571     15.437     30.824
-----------------------------------------------------------------------------------------------------------------


