

**********************************************************************************************
**                                   Basic Information                                      **
**********************************************************************************************

----------------- Dataset Information -----------------
                         Country: Portugal
                    Country dode: PRT
                       Data Year: 2010
                        Coverage: National
             Welfare measurement: Income
                     Data format: Unit record
                     Data source: PRT_N2010Y
                  Data time span: UnDefined
-------------------------------------------------------


----------- Distribution ------------
   i           P           L 
-------------------------------------
   0    0.010087   0.0011086
   1    0.020121   0.0028605
   2    0.030127   0.0050102
   3    0.040265   0.0075223
   4    0.050604    0.010368
   5    0.060008    0.013131
   6    0.070044    0.016278
   7    0.080106    0.019585
   8    0.090594    0.023169
   9     0.10028    0.026631
  10     0.11038    0.030404
  11     0.12007    0.034174
  12      0.1309    0.038603
  13     0.14028    0.042595
  14     0.15057    0.047096
  15      0.1601    0.051342
  16     0.17035    0.056037
  17     0.18007    0.060625
  18     0.19066    0.065762
  19     0.20006    0.070403
  20     0.21023     0.07552
  21     0.22004    0.080562
  22      0.2302    0.085863
  23     0.24034    0.091225
  24     0.25008    0.096467
  25     0.26013     0.10195
  26     0.27017     0.10753
  27     0.28003      0.1131
  28     0.29069     0.11924
  29     0.30006     0.12472
  30     0.31028      0.1308
  31     0.32018     0.13676
  32     0.33001     0.14278
  33     0.34011     0.14906
  34     0.35003     0.15531
  35     0.36032     0.16189
  36     0.37009     0.16824
  37     0.38002     0.17478
  38      0.3901     0.18153
  39     0.40026     0.18841
  40     0.41004     0.19512
  41     0.42017     0.20219
  42     0.43003     0.20918
  43     0.44002     0.21636
  44     0.45012     0.22373
  45        0.46     0.23104
  46     0.47001     0.23857
  47     0.48017     0.24637
  48     0.49011     0.25412
  49     0.50001     0.26194
  50     0.51009        0.27
  51     0.52084     0.27872
  52        0.53     0.28628
  53     0.54008     0.29469
  54      0.5501      0.3032
  55     0.56005     0.31177
  56     0.57017     0.32061
  57     0.58017     0.32948
  58      0.5903     0.33863
  59     0.60003     0.34759
  60     0.61007     0.35699
  61     0.62002     0.36643
  62     0.63008     0.37609
  63     0.64001     0.38578
  64     0.65031     0.39599
  65     0.66003     0.40576
  66      0.6701     0.41603
  67     0.68007     0.42637
  68     0.69012     0.43695
  69     0.70044       0.448
  70     0.71013     0.45858
  71       0.721     0.47066
  72     0.73012       0.481
  73     0.74005     0.49245
  74     0.75024      0.5044
  75     0.76025     0.51636
  76      0.7705     0.52883
  77     0.78007      0.5407
  78      0.7901     0.55341
  79     0.80018     0.56653
  80     0.81011     0.57971
  81     0.82002     0.59312
  82     0.83003       0.607
  83     0.84007     0.62126
  84     0.85008     0.63593
  85     0.86027     0.65147
  86     0.87018     0.66704
  87     0.88011     0.68316
  88     0.89007     0.69988
  89     0.90002      0.7172
  90     0.91011     0.73552
  91     0.92016     0.75472
  92     0.93018     0.77505
  93     0.94015     0.79647
  94     0.95014     0.81957
  95     0.96011       0.845
  96     0.97025     0.87392
  97     0.98001     0.90517
  98     0.99002      0.9431
  99           1           1
-----------------------------------------

----------------- PPP$ and local currency --------------
         PPP used in computation: 0.703863
     Data mean in local currency: 575.3
               Data mean in PPP$: 847.205
        Poverty line in PPP$/Day: 1.9
      Poverty line in PPP$/Month: 57.7917
  Poverty line in local currency: 39.2438
-------------------------------------------------------

----------------- Estimation result --------------
     Number of observation: 5576
          Total population: 1
              Total wealth: 817.347(PPP$)
                   Minimum: 16.5799(PPP$)
                   Maximum: 15150.7(PPP$)
             Headcount(HC): 0.0013646
          Poverty gap (PG): 0.00054208
       Poverty gap squared: 0.00026992
                      Gini: 0.358449
                    Median: 672.374
                       MLD: 0.219539
                      Watt: 0.000778179
--------------------------------------------------

-------------------------------- Income or Consumption share by deciles (%) -------------------------------------
      2.653     4.3844     5.4308     6.3552       7.37     8.5633     9.9969     11.876     15.087     28.283
-----------------------------------------------------------------------------------------------------------------


