

**********************************************************************************************
**                                   Basic Information                                      **
**********************************************************************************************

----------------- Dataset Information -----------------
                         Country: Paraguay
                    Country dode: PRY
                       Data Year: 2006
                        Coverage: National
             Welfare measurement: Income
                     Data format: Unit record
                     Data source: PRY_N2006Y
                  Data time span: UnDefined
-------------------------------------------------------


----------- Distribution ------------
   i           P           L 
-------------------------------------
   0    0.010049  0.00035306
   1    0.020194   0.0011027
   2    0.030885   0.0020721
   3    0.040227   0.0030481
   4    0.050847   0.0042859
   5    0.060404   0.0055066
   6    0.070295   0.0068739
   7    0.080831   0.0084467
   8    0.090675     0.01002
   9     0.10002    0.011587
  10     0.11008    0.013392
  11      0.1211    0.015504
  12     0.13022    0.017331
  13     0.14063    0.019495
  14     0.15032    0.021585
  15      0.1602    0.023805
  16      0.1701    0.026146
  17     0.18017    0.028662
  18     0.19068    0.031406
  19     0.20009    0.033974
  20     0.21022    0.036838
  21     0.22023    0.039757
  22     0.23052    0.042859
  23     0.24002    0.045786
  24     0.25007    0.048987
  25     0.26018    0.052319
  26     0.27033    0.055739
  27     0.28001    0.059082
  28     0.29003    0.062657
  29     0.30055    0.066524
  30     0.31024    0.070194
  31     0.32021    0.074059
  32     0.33017    0.078026
  33     0.34016    0.082112
  34     0.35043    0.086413
  35     0.36034    0.090676
  36      0.3706     0.09519
  37     0.38034    0.099558
  38     0.39038     0.10416
  39     0.40005      0.1087
  40     0.41012     0.11356
  41     0.42007     0.11848
  42     0.43004     0.12349
  43     0.44007     0.12862
  44     0.45009     0.13389
  45        0.46     0.13926
  46     0.47022     0.14494
  47     0.48009     0.15057
  48     0.49009     0.15639
  49     0.50007     0.16232
  50     0.51117     0.16905
  51     0.52001     0.17449
  52     0.53089     0.18134
  53     0.54055     0.18755
  54     0.55004      0.1938
  55     0.56027     0.20066
  56     0.57016     0.20743
  57     0.58001     0.21433
  58     0.59003     0.22149
  59     0.60043      0.2291
  60     0.61001     0.23626
  61     0.62013     0.24404
  62     0.63021     0.25198
  63     0.64004     0.25991
  64     0.65009     0.26823
  65     0.66002     0.27661
  66      0.6703     0.28551
  67     0.68042     0.29452
  68     0.69057     0.30381
  69     0.70007     0.31271
  70     0.71003      0.3223
  71     0.72048      0.3326
  72     0.73008     0.34234
  73     0.74022      0.3529
  74     0.75004     0.36335
  75     0.76006     0.37425
  76     0.77005     0.38537
  77     0.78001     0.39676
  78     0.79027     0.40879
  79     0.80002     0.42055
  80     0.81016     0.43317
  81     0.82014     0.44597
  82     0.83001     0.45909
  83     0.84001     0.47296
  84      0.8503     0.48783
  85     0.86001     0.50248
  86     0.87006     0.51844
  87     0.88007     0.53509
  88     0.89015     0.55287
  89     0.90004      0.5714
  90     0.91002     0.59119
  91     0.92004     0.61226
  92     0.93011     0.63468
  93     0.94031     0.65922
  94     0.95026     0.68568
  95     0.96002     0.71493
  96     0.97005     0.75059
  97     0.98008      0.7928
  98     0.99005      0.8469
  99           1           1
-----------------------------------------

----------------- PPP$ and local currency --------------
         PPP used in computation: 2309.43
     Data mean in local currency: 595688
               Data mean in PPP$: 333.981
        Poverty line in PPP$/Day: 1.9
      Poverty line in PPP$/Month: 57.7917
  Poverty line in local currency: 103077
-------------------------------------------------------

----------------- Estimation result --------------
     Number of observation: 4397
          Total population: 5.90922E+06
              Total wealth: 1.52421E+09(PPP$)
                   Minimum: 0(PPP$)
                   Maximum: 94106.9(PPP$)
             Headcount(HC): 0.100642
          Poverty gap (PG): 0.0330595
       Poverty gap squared: 0.0161862
                      Gini: 0.536345
                    Median: 200.512
                       MLD: 0.535195
                      Watt: 0.0477308
--------------------------------------------------

-------------------------------- Income or Consumption share by deciles (%) -------------------------------------
     1.1584     2.2364     3.2375     4.2351       5.36     6.6508     8.3868     10.788      15.08     42.867
-----------------------------------------------------------------------------------------------------------------


