

**********************************************************************************************
**                                   Basic Information                                      **
**********************************************************************************************

----------------- Dataset Information -----------------
                         Country: Paraguay
                    Country dode: PRY
                       Data Year: 2002
                        Coverage: National
             Welfare measurement: Income
                     Data format: Unit record
                     Data source: PRY_N2002Y
                  Data time span: UnDefined
-------------------------------------------------------


----------- Distribution ------------
   i           P           L 
-------------------------------------
   0    0.010024  0.00029094
   1    0.020771  0.00084959
   2      0.0305   0.0015086
   3     0.04031     0.00228
   4    0.050212   0.0031752
   5    0.060151   0.0041732
   6    0.070786   0.0053506
   7    0.080687   0.0065182
   8    0.090433   0.0077588
   9     0.10039   0.0091318
  10     0.11012    0.010573
  11     0.12013    0.012157
  12     0.13004    0.013834
  13     0.14003    0.015653
  14     0.15117    0.017769
  15     0.16054    0.019641
  16     0.17017    0.021636
  17     0.18006    0.023778
  18     0.19013     0.02606
  19      0.2002     0.02843
  20     0.21064    0.030965
  21     0.22029    0.033374
  22     0.23058    0.036034
  23     0.24012    0.038593
  24     0.25031    0.041441
  25     0.26009    0.044262
  26     0.27001    0.047188
  27     0.28007    0.050237
  28     0.29002    0.053355
  29     0.30007     0.05659
  30     0.31009     0.05992
  31     0.32012    0.063363
  32     0.33031    0.066963
  33     0.34003    0.070472
  34     0.35143    0.074698
  35     0.36038    0.078098
  36     0.37031    0.081966
  37     0.38004    0.085861
  38      0.3901    0.090013
  39     0.40032    0.094379
  40     0.41003    0.098646
  41     0.42009     0.10315
  42      0.4302     0.10781
  43     0.44026     0.11259
  44     0.45008     0.11739
  45     0.46025     0.12246
  46     0.47042     0.12764
  47     0.48046     0.13285
  48     0.49029      0.1381
  49     0.50024     0.14353
  50     0.51047     0.14924
  51     0.52033     0.15486
  52     0.53008     0.16052
  53     0.54002     0.16646
  54     0.55032     0.17279
  55     0.56036     0.17908
  56      0.5701     0.18537
  57        0.58     0.19191
  58     0.59014      0.1988
  59     0.60013     0.20574
  60     0.61014     0.21286
  61     0.62023     0.22023
  62     0.63003     0.22756
  63     0.64029     0.23542
  64      0.6502     0.24324
  65     0.66019     0.25135
  66     0.67055     0.25996
  67     0.68041     0.26836
  68     0.69002     0.27669
  69     0.70013     0.28571
  70     0.71027     0.29498
  71     0.72009     0.30418
  72     0.73006     0.31373
  73     0.74004     0.32357
  74      0.7501     0.33389
  75     0.76008     0.34436
  76     0.77012     0.35521
  77     0.78017     0.36641
  78     0.79007     0.37779
  79      0.8001     0.38967
  80     0.81013       0.402
  81      0.8201     0.41473
  82     0.83016     0.42806
  83     0.84028     0.44202
  84     0.85008     0.45619
  85        0.86      0.4712
  86     0.87022     0.48736
  87     0.88015     0.50375
  88     0.89038     0.52133
  89     0.90009     0.53897
  90     0.91019     0.55854
  91     0.92028     0.57926
  92     0.93014     0.60071
  93     0.94027     0.62449
  94     0.95002     0.64943
  95      0.9601     0.67822
  96     0.97005     0.71121
  97     0.98003     0.75063
  98     0.99006     0.80227
  99           1           1
-----------------------------------------

----------------- PPP$ and local currency --------------
         PPP used in computation: 2309.43
     Data mean in local currency: 406931
               Data mean in PPP$: 321.621
        Poverty line in PPP$/Day: 1.9
      Poverty line in PPP$/Month: 57.7917
  Poverty line in local currency: 73120.8
-------------------------------------------------------

----------------- Estimation result --------------
     Number of observation: 3681
          Total population: 5.47541E+06
              Total wealth: 9.64789E+08(PPP$)
                   Minimum: 0(PPP$)
                   Maximum: 34890.3(PPP$)
             Headcount(HC): 0.133057
          Poverty gap (PG): 0.0530696
       Poverty gap squared: 0.0284113
                      Gini: 0.573355
                    Median: 177.812
                       MLD: 0.631821
                      Watt: 0.0790159
--------------------------------------------------

-------------------------------- Income or Consumption share by deciles (%) -------------------------------------
    0.90781     1.9305     2.8184     3.7677     4.9152     6.2249     7.9948     10.397     14.924      46.12
-----------------------------------------------------------------------------------------------------------------


