

**********************************************************************************************
**                                   Basic Information                                      **
**********************************************************************************************

----------------- Dataset Information -----------------
                         Country: Paraguay
                    Country dode: PRY
                       Data Year: 2013
                        Coverage: National
             Welfare measurement: Income
                     Data format: Unit record
                     Data source: PRY_N2013Y
                  Data time span: UnDefined
-------------------------------------------------------


----------- Distribution ------------
   i           P           L 
-------------------------------------
   0    0.010022  0.00037871
   1    0.020758   0.0013404
   2    0.030033   0.0024185
   3    0.040215    0.003785
   4    0.050112   0.0052781
   5    0.060033   0.0069474
   6    0.070227   0.0088226
   7    0.080168    0.010765
   8    0.090038    0.012801
   9     0.10009    0.015012
  10      0.1103    0.017383
  11      0.1203     0.01982
  12     0.13027    0.022329
  13     0.14022    0.024934
  14      0.1507    0.027798
  15     0.16059      0.0306
  16     0.17005    0.033355
  17     0.18006    0.036377
  18     0.19006    0.039467
  19     0.20014     0.04266
  20     0.21015    0.045953
  21      0.2201     0.04935
  22     0.23001    0.052818
  23     0.24008     0.05646
  24     0.25058    0.060376
  25     0.26025    0.064074
  26     0.27001    0.067909
  27     0.28032    0.072058
  28     0.29033    0.076167
  29      0.3001    0.080293
  30     0.31005    0.084618
  31     0.32106    0.089495
  32     0.33012    0.093585
  33     0.34018    0.098224
  34     0.35025     0.10298
  35     0.36021     0.10778
  36      0.3704      0.1128
  37     0.38009     0.11767
  38     0.39051     0.12302
  39     0.40014     0.12805
  40     0.41072     0.13369
  41     0.42045     0.13897
  42     0.43141     0.14505
  43     0.44009     0.14997
  44     0.45002     0.15571
  45     0.46032     0.16182
  46     0.47002     0.16774
  47     0.48018     0.17403
  48     0.49001     0.18025
  49     0.50011     0.18678
  50     0.51114     0.19409
  51     0.52023     0.20022
  52     0.53029     0.20716
  53     0.54011     0.21408
  54     0.55006     0.22127
  55     0.56006     0.22864
  56     0.57016     0.23627
  57     0.58022     0.24404
  58     0.59046     0.25211
  59         0.6     0.25984
  60     0.61017     0.26827
  61     0.62005     0.27668
  62     0.63027     0.28552
  63     0.64015     0.29423
  64     0.65019     0.30331
  65     0.66031     0.31267
  66     0.67082     0.32265
  67     0.68002     0.33156
  68     0.69031     0.34172
  69     0.70031     0.35183
  70        0.71     0.36191
  71     0.72027     0.37282
  72     0.73005     0.38346
  73     0.74014      0.3947
  74     0.75015     0.40608
  75     0.76014     0.41765
  76      0.7702     0.42965
  77     0.78008     0.44187
  78     0.79009      0.4546
  79     0.80059     0.46846
  80     0.81036     0.48169
  81     0.82019     0.49537
  82     0.83025     0.50987
  83     0.84004     0.52438
  84     0.85004      0.5396
  85     0.86023      0.5556
  86     0.87036     0.57198
  87     0.88005     0.58835
  88     0.89034     0.60644
  89     0.90013     0.62469
  90     0.91007     0.64455
  91     0.92013      0.6659
  92     0.93038     0.68937
  93     0.94003     0.71351
  94     0.95024     0.74174
  95     0.96009     0.77134
  96     0.97031     0.80626
  97     0.98027     0.84544
  98        0.99     0.89614
  99           1           1
-----------------------------------------

----------------- PPP$ and local currency --------------
         PPP used in computation: 2309.43
     Data mean in local currency: 1.30318E+06
               Data mean in PPP$: 522.753
        Poverty line in PPP$/Day: 1.9
      Poverty line in PPP$/Month: 57.7917
  Poverty line in local currency: 144070
-------------------------------------------------------

----------------- Estimation result --------------
     Number of observation: 4423
          Total population: 6.67055E+06
              Total wealth: 3.7641E+09(PPP$)
                   Minimum: 0(PPP$)
                   Maximum: 32867.1(PPP$)
             Headcount(HC): 0.0219379
          Poverty gap (PG): 0.00866874
       Poverty gap squared: 0.00520686
                      Gini: 0.482967
                    Median: 341.391
                       MLD: 0.43515
                      Watt: 0.0115639
--------------------------------------------------

-------------------------------- Income or Consumption share by deciles (%) -------------------------------------
     1.4991     2.7626     3.7636     4.7731     5.8725     7.3123     9.1688     11.616     15.676     37.556
-----------------------------------------------------------------------------------------------------------------


