

**********************************************************************************************
**                                   Basic Information                                      **
**********************************************************************************************

----------------- Dataset Information -----------------
                         Country: Paraguay
                    Country dode: PRY
                       Data Year: 1997
                        Coverage: National
             Welfare measurement: Income
                     Data format: Unit record
                     Data source: PRY_N1997Y
                  Data time span: UnDefined
-------------------------------------------------------


----------- Distribution ------------
   i           P           L 
-------------------------------------
   0    0.010655  0.00022974
   1    0.020148  0.00057524
   2    0.030103   0.0010233
   3    0.040097   0.0016142
   4    0.050067   0.0022946
   5    0.060038   0.0030882
   6    0.070143   0.0040149
   7     0.08009   0.0050187
   8    0.090038   0.0061316
   9     0.10018   0.0073863
  10     0.11008   0.0087077
  11     0.12089    0.010266
  12     0.13034    0.011716
  13     0.14005    0.013305
  14     0.15015    0.015064
  15     0.16005     0.01689
  16     0.17005    0.018823
  17     0.18005    0.020853
  18     0.19014    0.023023
  19     0.20074    0.025378
  20     0.21019    0.027547
  21     0.22004    0.029892
  22     0.23007    0.032371
  23     0.24063    0.035087
  24     0.25033    0.037669
  25     0.26014    0.040361
  26     0.27001    0.043165
  27     0.28045    0.046273
  28      0.2901    0.049231
  29     0.30024    0.052457
  30     0.31014    0.055703
  31     0.32014    0.059101
  32     0.33012    0.062624
  33     0.34003    0.066244
  34     0.35001    0.070022
  35      0.3601     0.07397
  36      0.3701    0.078015
  37     0.38127    0.082705
  38     0.39004    0.086538
  39     0.40018    0.091111
  40     0.41013    0.095733
  41     0.42036     0.10061
  42     0.43022     0.10541
  43     0.44014     0.11038
  44     0.45038     0.11561
  45     0.46002     0.12066
  46     0.47002     0.12605
  47     0.48033     0.13177
  48     0.49001     0.13731
  49     0.50046      0.1435
  50     0.51002     0.14935
  51     0.52009      0.1557
  52     0.53013      0.1622
  53     0.54006     0.16881
  54     0.55004     0.17564
  55     0.56012     0.18268
  56     0.57002     0.18973
  57     0.58014     0.19714
  58     0.59008     0.20461
  59     0.60052     0.21265
  60     0.61006     0.22018
  61     0.62047     0.22859
  62     0.63023     0.23668
  63     0.64038     0.24532
  64     0.65033     0.25396
  65      0.6606     0.26307
  66     0.67013      0.2717
  67     0.68027     0.28116
  68      0.6902      0.2907
  69     0.70021      0.3005
  70      0.7101     0.31039
  71     0.72028      0.3209
  72     0.73001     0.33123
  73     0.74001     0.34213
  74     0.75004     0.35342
  75     0.76013     0.36519
  76     0.77001     0.37707
  77     0.78045     0.39006
  78      0.7901     0.40255
  79     0.80018     0.41617
  80     0.81014     0.43015
  81      0.8202     0.44486
  82     0.83001     0.45985
  83     0.84017     0.47602
  84     0.85005     0.49233
  85     0.86022     0.50973
  86     0.87024     0.52748
  87     0.88037     0.54617
  88     0.89017     0.56528
  89     0.90007     0.58576
  90      0.9102     0.60797
  91     0.92025     0.63143
  92     0.93014      0.6563
  93     0.94011     0.68374
  94     0.95003     0.71414
  95     0.96002     0.74835
  96     0.97007     0.78661
  97     0.98032     0.83225
  98     0.99007     0.88797
  99           1           1
-----------------------------------------

----------------- PPP$ and local currency --------------
         PPP used in computation: 2309.43
     Data mean in local currency: 350993
               Data mean in PPP$: 430.66
        Poverty line in PPP$/Day: 1.9
      Poverty line in PPP$/Month: 57.7917
  Poverty line in local currency: 47100.9
-------------------------------------------------------

----------------- Estimation result --------------
     Number of observation: 3954
          Total population: 5.35039E+06
              Total wealth: 8.13165E+08(PPP$)
                   Minimum: 0(PPP$)
                   Maximum: 8420.53(PPP$)
             Headcount(HC): 0.105532
          Poverty gap (PG): 0.0452944
       Poverty gap squared: 0.0262222
                      Gini: 0.548924
                    Median: 258.313
                       MLD: 0.608157
                      Watt: 0.0699576
--------------------------------------------------

-------------------------------- Income or Consumption share by deciles (%) -------------------------------------
    0.73635      1.785     2.7169     3.8646     5.2202      6.902     8.8043     11.564     16.969     41.438
-----------------------------------------------------------------------------------------------------------------


