

**********************************************************************************************
**                                   Basic Information                                      **
**********************************************************************************************

----------------- Dataset Information -----------------
                         Country: Paraguay
                    Country dode: PRY
                       Data Year: 2010
                        Coverage: National
             Welfare measurement: Income
                     Data format: Unit record
                     Data source: PRY_N2010Y
                  Data time span: UnDefined
-------------------------------------------------------


----------- Distribution ------------
   i           P           L 
-------------------------------------
   0     0.01017  0.00039995
   1    0.020065   0.0010331
   2    0.030043   0.0018481
   3     0.04023   0.0028826
   4    0.050014   0.0040133
   5    0.060444   0.0053635
   6    0.070589   0.0068214
   7     0.08046    0.008343
   8    0.090235   0.0099497
   9     0.10025    0.011735
  10     0.11052    0.013687
  11     0.12011    0.015626
  12     0.13009    0.017743
  13     0.14016        0.02
  14     0.15046    0.022455
  15     0.16007    0.024828
  16     0.17044    0.027478
  17     0.18042    0.030139
  18     0.19029    0.032875
  19     0.20006    0.035673
  20     0.21032    0.038722
  21     0.22017    0.041742
  22     0.23003     0.04486
  23     0.24006    0.048161
  24      0.2502    0.051613
  25     0.26004    0.055063
  26        0.27    0.058652
  27     0.28049     0.06253
  28     0.29002    0.066148
  29      0.3003    0.070163
  30     0.31038    0.074212
  31     0.32041    0.078382
  32     0.33015    0.082514
  33     0.34017     0.08686
  34     0.35013    0.091292
  35      0.3603    0.095903
  36     0.37036     0.10057
  37     0.38014     0.10526
  38     0.39084     0.11052
  39      0.4011     0.11569
  40      0.4101     0.12032
  41     0.42024     0.12567
  42     0.43137     0.13165
  43     0.44012     0.13644
  44     0.45005     0.14205
  45     0.46092     0.14836
  46     0.47156     0.15465
  47     0.48195     0.16093
  48     0.49056     0.16621
  49     0.50089     0.17266
  50     0.51052     0.17878
  51     0.52004     0.18496
  52     0.53011     0.19164
  53     0.54068     0.19882
  54     0.55001     0.20527
  55     0.56031     0.21254
  56     0.57017     0.21962
  57      0.5802     0.22699
  58     0.59006     0.23439
  59     0.60007     0.24203
  60     0.61001     0.24976
  61     0.62015     0.25779
  62     0.63006     0.26588
  63     0.64032     0.27442
  64     0.65042     0.28301
  65     0.66026     0.29158
  66     0.67024     0.30046
  67     0.68001     0.30937
  68     0.69033     0.31904
  69      0.7009     0.32918
  70     0.71007     0.33811
  71      0.7201     0.34814
  72     0.73033      0.3586
  73     0.74056     0.36927
  74     0.75022     0.37964
  75     0.76089     0.39133
  76     0.77001     0.40159
  77     0.78008     0.41324
  78     0.79008     0.42511
  79     0.80003     0.43728
  80     0.81007     0.44994
  81     0.82022     0.46326
  82        0.83     0.47661
  83      0.8401     0.49081
  84     0.85011     0.50541
  85     0.86021     0.52067
  86     0.87007     0.53623
  87     0.88005     0.55277
  88     0.89085     0.57171
  89      0.9004      0.5895
  90     0.91055     0.60945
  91      0.9201     0.62931
  92     0.93008     0.65158
  93     0.94008     0.67576
  94     0.95044      0.7028
  95     0.96046      0.7315
  96     0.97003     0.76313
  97     0.98009       0.802
  98     0.99011      0.8523
  99           1           1
-----------------------------------------

----------------- PPP$ and local currency --------------
         PPP used in computation: 2309.43
     Data mean in local currency: 924262
               Data mean in PPP$: 424.502
        Poverty line in PPP$/Day: 1.9
      Poverty line in PPP$/Month: 57.7917
  Poverty line in local currency: 125829
-------------------------------------------------------

----------------- Estimation result --------------
     Number of observation: 4109
          Total population: 6.33445E+06
              Total wealth: 2.53512E+09(PPP$)
                   Minimum: 0(PPP$)
                   Maximum: 79482.5(PPP$)
             Headcount(HC): 0.0607179
          Poverty gap (PG): 0.0210473
       Poverty gap squared: 0.0105996
                      Gini: 0.518347
                    Median: 267.601
                       MLD: 0.502504
                      Watt: 0.0299523
--------------------------------------------------

-------------------------------- Income or Consumption share by deciles (%) -------------------------------------
      1.169     2.3967      3.439     4.5091     5.6962      6.988     8.6329     10.893     15.152     41.124
-----------------------------------------------------------------------------------------------------------------


