

**********************************************************************************************
**                                   Basic Information                                      **
**********************************************************************************************

----------------- Dataset Information -----------------
                         Country: Paraguay
                    Country dode: PRY
                       Data Year: 2011
                        Coverage: National
             Welfare measurement: Income
                     Data format: Unit record
                     Data source: PRY_N2011Y
                  Data time span: UnDefined
-------------------------------------------------------


----------- Distribution ------------
   i           P           L 
-------------------------------------
   0    0.010102  0.00026417
   1     0.02015  0.00082591
   2     0.03035   0.0016534
   3    0.040146   0.0026298
   4    0.050064   0.0037433
   5     0.06003   0.0049605
   6    0.070084   0.0062871
   7    0.080077   0.0077114
   8     0.09057    0.009306
   9     0.10085     0.01098
  10     0.11027     0.01263
  11     0.12074      0.0146
  12     0.13003    0.016489
  13     0.14086    0.018822
  14      0.1502    0.020942
  15     0.16016    0.023302
  16     0.17039    0.025796
  17     0.18019    0.028273
  18      0.1901    0.030867
  19     0.20014    0.033598
  20     0.21019    0.036445
  21     0.22035    0.039417
  22     0.23007    0.042362
  23     0.24007    0.045506
  24     0.25028    0.048829
  25     0.26031      0.0522
  26     0.27023    0.055619
  27     0.28067    0.059351
  28      0.2902    0.062826
  29     0.30022    0.066567
  30     0.31017    0.070384
  31     0.32062    0.074506
  32     0.33075    0.078612
  33     0.34016    0.082517
  34     0.35017    0.086755
  35     0.36019    0.091108
  36     0.37012    0.095568
  37     0.38003      0.1001
  38     0.39025     0.10493
  39     0.40011     0.10972
  40     0.41048     0.11491
  41     0.42001     0.11982
  42     0.43013     0.12514
  43     0.44025     0.13061
  44     0.45018     0.13609
  45     0.46004     0.14168
  46     0.47079     0.14792
  47     0.48044     0.15363
  48     0.49068     0.15979
  49     0.50016     0.16564
  50      0.5101      0.1719
  51     0.52003     0.17826
  52     0.53023     0.18492
  53     0.54018     0.19158
  54     0.55071      0.1988
  55     0.56001     0.20529
  56     0.57048     0.21278
  57     0.58001     0.21973
  58     0.59001     0.22715
  59      0.6002     0.23486
  60     0.61029     0.24266
  61     0.62041     0.25059
  62     0.63026     0.25849
  63     0.64001     0.26652
  64     0.65003     0.27498
  65     0.66016     0.28377
  66     0.67096     0.29339
  67      0.6808     0.30236
  68     0.69065     0.31153
  69     0.70015      0.3206
  70     0.71008     0.33033
  71     0.72078     0.34112
  72     0.73098     0.35171
  73        0.74      0.3613
  74     0.75008     0.37227
  75     0.76018     0.38357
  76     0.77004     0.39491
  77      0.7802     0.40697
  78     0.79039     0.41944
  79     0.80033     0.43196
  80     0.81001     0.44449
  81     0.82017     0.45815
  82     0.83019     0.47211
  83     0.84059     0.48709
  84     0.85001     0.50118
  85     0.86055     0.51764
  86     0.87003     0.53302
  87     0.88002     0.54995
  88     0.89042     0.56856
  89     0.90009     0.58639
  90     0.91004     0.60587
  91      0.9204     0.62758
  92     0.93018     0.64972
  93     0.94054     0.67538
  94     0.95049     0.70267
  95     0.96004     0.73174
  96     0.97003     0.76624
  97     0.98001     0.80826
  98     0.99006      0.8644
  99           1           1
-----------------------------------------

----------------- PPP$ and local currency --------------
         PPP used in computation: 2309.43
     Data mean in local currency: 1.09953E+06
               Data mean in PPP$: 475.682
        Poverty line in PPP$/Day: 1.9
      Poverty line in PPP$/Month: 57.7917
  Poverty line in local currency: 133584
-------------------------------------------------------

----------------- Estimation result --------------
     Number of observation: 3850
          Total population: 6.46339E+06
              Total wealth: 3.07724E+09(PPP$)
                   Minimum: 0(PPP$)
                   Maximum: 46149.3(PPP$)
             Headcount(HC): 0.0547184
          Poverty gap (PG): 0.0193235
       Poverty gap squared: 0.0108863
                      Gini: 0.526011
                    Median: 297.283
                       MLD: 0.52388
                      Watt: 0.0307825
--------------------------------------------------

-------------------------------- Income or Consumption share by deciles (%) -------------------------------------
     1.0842     2.2717     3.2927     4.3182     5.5874     6.9166      8.575     11.108     15.469     41.378
-----------------------------------------------------------------------------------------------------------------


