

**********************************************************************************************
**                                   Basic Information                                      **
**********************************************************************************************

----------------- Dataset Information -----------------
                         Country: Paraguay
                    Country dode: PRY
                       Data Year: 2008
                        Coverage: National
             Welfare measurement: Income
                     Data format: Unit record
                     Data source: PRY_N2008Y
                  Data time span: UnDefined
-------------------------------------------------------


----------- Distribution ------------
   i           P           L 
-------------------------------------
   0    0.010114   0.0004629
   1    0.020317   0.0013379
   2    0.030076   0.0023941
   3    0.041334   0.0038375
   4    0.050243   0.0051309
   5    0.060305   0.0067172
   6    0.070278   0.0084366
   7    0.080237    0.010272
   8    0.090151    0.012201
   9     0.10002     0.01421
  10      0.1101    0.016331
  11     0.12028    0.018572
  12     0.13057    0.020915
  13     0.14005    0.023182
  14     0.15042    0.025785
  15     0.16009    0.028319
  16     0.17002    0.031009
  17     0.18007     0.03384
  18     0.19018    0.036772
  19     0.20044    0.039842
  20     0.21001    0.042789
  21      0.2202    0.046033
  22     0.23022    0.049342
  23     0.24016    0.052737
  24     0.25012    0.056227
  25     0.26008    0.059816
  26     0.27069     0.06375
  27     0.28003    0.067288
  28     0.29098    0.071526
  29     0.30011    0.075131
  30     0.31001    0.079128
  31      0.3201    0.083294
  32     0.33029    0.087585
  33     0.34018     0.09184
  34     0.35046    0.096348
  35     0.36004     0.10062
  36     0.37007     0.10521
  37     0.38012     0.10991
  38     0.39027     0.11478
  39     0.40005     0.11958
  40     0.41019     0.12465
  41      0.4202     0.12978
  42     0.43004     0.13495
  43     0.44003     0.14032
  44     0.45005     0.14581
  45     0.46006     0.15141
  46      0.4701     0.15714
  47      0.4809     0.16344
  48     0.49008     0.16889
  49     0.50001     0.17492
  50     0.51026      0.1813
  51     0.52027     0.18769
  52      0.5301     0.19408
  53     0.54014     0.20075
  54     0.55009     0.20751
  55     0.56013     0.21444
  56     0.57054     0.22175
  57     0.58022     0.22869
  58     0.59016     0.23602
  59     0.60016     0.24358
  60     0.61004     0.25125
  61     0.62005     0.25924
  62     0.63018     0.26752
  63     0.64032     0.27597
  64     0.65014     0.28431
  65     0.66007     0.29293
  66     0.67067     0.30237
  67     0.68016       0.311
  68      0.6901     0.32022
  69     0.70002     0.32963
  70     0.71026     0.33963
  71     0.72002     0.34943
  72     0.73017     0.35991
  73     0.74003     0.37034
  74     0.75009     0.38129
  75     0.76004     0.39238
  76      0.7701     0.40392
  77     0.78016     0.41579
  78     0.79004     0.42785
  79     0.80032     0.44082
  80     0.81002     0.45353
  81     0.82001     0.46709
  82     0.83007     0.48122
  83     0.84022     0.49591
  84     0.85014     0.51078
  85     0.86001     0.52615
  86     0.87036     0.54312
  87     0.88003     0.55959
  88     0.89021     0.57795
  89     0.90009     0.59661
  90     0.91015     0.61645
  91     0.92011     0.63729
  92     0.93007     0.65966
  93     0.94031      0.6848
  94     0.95013     0.71157
  95     0.96004     0.74196
  96     0.97002      0.7766
  97      0.9801     0.81808
  98     0.99025     0.87134
  99           1           1
-----------------------------------------

----------------- PPP$ and local currency --------------
         PPP used in computation: 2309.43
     Data mean in local currency: 772254
               Data mean in PPP$: 383.661
        Poverty line in PPP$/Day: 1.9
      Poverty line in PPP$/Month: 57.7917
  Poverty line in local currency: 116326
-------------------------------------------------------

----------------- Estimation result --------------
     Number of observation: 4003
          Total population: 6.13244E+06
              Total wealth: 2.05064E+09(PPP$)
                   Minimum: 0(PPP$)
                   Maximum: 34422(PPP$)
             Headcount(HC): 0.0497287
          Poverty gap (PG): 0.0161816
       Poverty gap squared: 0.00799902
                      Gini: 0.510365
                    Median: 235.516
                       MLD: 0.467391
                      Watt: 0.0237745
--------------------------------------------------

-------------------------------- Income or Consumption share by deciles (%) -------------------------------------
     1.4205     2.5504     3.5377     4.4466     5.5363     6.8538     8.6156      11.08     15.603     40.356
-----------------------------------------------------------------------------------------------------------------


