

**********************************************************************************************
**                                   Basic Information                                      **
**********************************************************************************************

----------------- Dataset Information -----------------
                         Country: Paraguay
                    Country dode: PRY
                       Data Year: 2004
                        Coverage: National
             Welfare measurement: Income
                     Data format: Unit record
                     Data source: PRY_N2004Y
                  Data time span: UnDefined
-------------------------------------------------------


----------- Distribution ------------
   i           P           L 
-------------------------------------
   0     0.01001  0.00035616
   1    0.020019   0.0011821
   2    0.030067   0.0022335
   3    0.040096   0.0034588
   4    0.050246   0.0048854
   5    0.060072   0.0063838
   6    0.070541   0.0080963
   7    0.080207   0.0097792
   8    0.090206    0.011631
   9      0.1003    0.013619
  10     0.11002    0.015609
  11     0.12003    0.017768
  12     0.13012    0.020041
  13     0.14016    0.022389
  14     0.15035    0.024856
  15     0.16005    0.027293
  16        0.17    0.029886
  17     0.18012     0.03263
  18     0.19004    0.035419
  19     0.20125    0.038687
  20     0.21014    0.041349
  21     0.22002    0.044392
  22     0.23013    0.047638
  23        0.24    0.050877
  24     0.25007    0.054246
  25     0.26044    0.057809
  26     0.27031    0.061306
  27     0.28002    0.064834
  28     0.29019    0.068626
  29     0.30053    0.072577
  30     0.31051    0.076472
  31     0.32019    0.080334
  32        0.33    0.084311
  33     0.34005    0.088462
  34     0.35018    0.092742
  35     0.36012    0.097029
  36        0.37     0.10143
  37     0.38005       0.106
  38     0.39001     0.11062
  39     0.40005     0.11539
  40     0.41011      0.1203
  41     0.42003     0.12524
  42     0.43001     0.13028
  43     0.44004     0.13549
  44        0.45     0.14075
  45     0.46031      0.1463
  46     0.47022     0.15174
  47     0.48018     0.15734
  48     0.49027     0.16314
  49     0.50005     0.16886
  50     0.51005     0.17484
  51     0.52016     0.18105
  52     0.53039     0.18748
  53     0.54058     0.19407
  54     0.55003     0.20027
  55     0.56043     0.20722
  56     0.57004     0.21379
  57     0.58017     0.22085
  58     0.59025     0.22803
  59     0.60036     0.23541
  60     0.61018     0.24275
  61     0.62019     0.25042
  62     0.63001     0.25812
  63      0.6402      0.2663
  64     0.65017     0.27451
  65     0.66016     0.28292
  66     0.67015     0.29152
  67     0.68003     0.30026
  68     0.69043     0.30963
  69     0.70012     0.31854
  70     0.71003     0.32789
  71     0.72086     0.33845
  72      0.7301     0.34765
  73     0.74004     0.35783
  74     0.75004     0.36839
  75      0.7601      0.3793
  76     0.77002     0.39038
  77     0.78006     0.40197
  78     0.79005     0.41388
  79     0.80025     0.42654
  80     0.81001     0.43909
  81     0.82001      0.4524
  82     0.83003     0.46615
  83      0.8403     0.48079
  84     0.85029     0.49546
  85     0.86013     0.51056
  86     0.87002     0.52635
  87     0.88009     0.54316
  88     0.89014     0.56083
  89     0.90001     0.57914
  90     0.91003     0.59872
  91     0.92002     0.61919
  92     0.93002     0.64078
  93     0.94006     0.66395
  94     0.95009     0.68978
  95     0.96006     0.71848
  96     0.97001     0.75151
  97      0.9801     0.79302
  98     0.99007     0.84847
  99           1           1
-----------------------------------------

----------------- PPP$ and local currency --------------
         PPP used in computation: 2309.43
     Data mean in local currency: 502210
               Data mean in PPP$: 353.161
        Poverty line in PPP$/Day: 1.9
      Poverty line in PPP$/Month: 57.7917
  Poverty line in local currency: 82182.1
-------------------------------------------------------

----------------- Estimation result --------------
     Number of observation: 6785
          Total population: 5.66012E+06
              Total wealth: 1.23085E+09(PPP$)
                   Minimum: 0(PPP$)
                   Maximum: 31797(PPP$)
             Headcount(HC): 0.0659007
          Poverty gap (PG): 0.0211616
       Poverty gap squared: 0.0110254
                      Gini: 0.525875
                    Median: 208.659
                       MLD: 0.519286
                      Watt: 0.0282609
--------------------------------------------------

-------------------------------- Income or Consumption share by deciles (%) -------------------------------------
     1.3559     2.4764     3.4051     4.2999     5.3458     6.6314     8.3281      10.78      15.29     42.087
-----------------------------------------------------------------------------------------------------------------


