

**********************************************************************************************
**                                   Basic Information                                      **
**********************************************************************************************

----------------- Dataset Information -----------------
                         Country: Paraguay
                    Country dode: PRY
                       Data Year: 2009
                        Coverage: National
             Welfare measurement: Income
                     Data format: Unit record
                     Data source: PRY_N2009Y
                  Data time span: UnDefined
-------------------------------------------------------


----------- Distribution ------------
   i           P           L 
-------------------------------------
   0    0.010192  0.00040148
   1    0.020691   0.0011897
   2    0.030076   0.0020387
   3    0.040033   0.0030955
   4    0.050425   0.0043772
   5     0.06025    0.005731
   6    0.070136   0.0072264
   7    0.080315   0.0089259
   8     0.09021    0.010697
   9         0.1    0.012578
  10      0.1101    0.014648
  11     0.12059    0.016916
  12     0.13022    0.019101
  13     0.14047    0.021517
  14      0.1504     0.02395
  15     0.16008    0.026401
  16     0.17031    0.029099
  17     0.18015    0.031774
  18     0.19095    0.034835
  19     0.20005    0.037488
  20     0.21025    0.040582
  21      0.2201    0.043686
  22     0.23042    0.047041
  23     0.24002    0.050269
  24      0.2501    0.053769
  25     0.26006    0.057351
  26      0.2702     0.06112
  27     0.28052     0.06509
  28     0.29044     0.06901
  29     0.30004    0.072946
  30     0.31059    0.077399
  31     0.32056    0.081693
  32     0.33005    0.085863
  33     0.34001     0.09038
  34     0.35019    0.095112
  35     0.36033    0.099959
  36     0.37008     0.10472
  37     0.38056     0.10996
  38     0.39033     0.11496
  39     0.40042     0.12027
  40     0.41029     0.12557
  41     0.42015     0.13098
  42     0.43035     0.13669
  43        0.44     0.14217
  44     0.45041      0.1482
  45     0.46008     0.15391
  46     0.47004     0.15996
  47     0.48036     0.16637
  48     0.49004     0.17251
  49     0.50005     0.17899
  50     0.51041     0.18583
  51     0.52014      0.1924
  52     0.53036     0.19945
  53     0.54022     0.20647
  54     0.55001      0.2136
  55     0.56012      0.2211
  56      0.5706     0.22902
  57     0.58001     0.23627
  58     0.59007     0.24413
  59     0.60028     0.25227
  60     0.61007     0.26026
  61     0.62026     0.26871
  62      0.6304     0.27733
  63     0.64013     0.28585
  64     0.65004     0.29474
  65     0.66004     0.30391
  66     0.67011     0.31336
  67     0.68018     0.32304
  68     0.69003     0.33273
  69     0.70028     0.34308
  70     0.71005     0.35325
  71     0.72038      0.3643
  72     0.73106     0.37597
  73     0.74005     0.38592
  74     0.75004     0.39725
  75     0.76011     0.40906
  76     0.77025     0.42124
  77     0.78069     0.43418
  78        0.79       0.446
  79     0.80029     0.45947
  80     0.81054      0.4734
  81     0.82065     0.48757
  82     0.83038     0.50173
  83     0.84017     0.51667
  84     0.85054     0.53304
  85     0.86022     0.54875
  86     0.87014     0.56534
  87      0.8827     0.58708
  88     0.89009      0.6001
  89     0.90011      0.6185
  90     0.91001     0.63758
  91     0.92003      0.6581
  92     0.93015     0.68049
  93     0.94017     0.70466
  94     0.95004     0.73052
  95     0.96006     0.75989
  96     0.97018       0.793
  97     0.98003     0.83164
  98     0.99004     0.88511
  99           1           1
-----------------------------------------

----------------- PPP$ and local currency --------------
         PPP used in computation: 2309.43
     Data mean in local currency: 794604
               Data mean in PPP$: 385.711
        Poverty line in PPP$/Day: 1.9
      Poverty line in PPP$/Month: 57.7917
  Poverty line in local currency: 119057
-------------------------------------------------------

----------------- Estimation result --------------
     Number of observation: 3635
          Total population: 6.2389E+06
              Total wealth: 2.14661E+09(PPP$)
                   Minimum: 0(PPP$)
                   Maximum: 13321.4(PPP$)
             Headcount(HC): 0.0644221
          Poverty gap (PG): 0.0220568
       Poverty gap squared: 0.0110643
                      Gini: 0.496659
                    Median: 251.522
                       MLD: 0.467479
                      Watt: 0.0299441
--------------------------------------------------

-------------------------------- Income or Consumption share by deciles (%) -------------------------------------
     1.2578     2.4896     3.5457     4.7113     5.8912     7.3094     9.0743      11.63     15.922     38.169
-----------------------------------------------------------------------------------------------------------------


