

**********************************************************************************************
**                                   Basic Information                                      **
**********************************************************************************************

----------------- Dataset Information -----------------
                         Country: Romania
                    Country dode: ROU
                       Data Year: 2013
                        Coverage: National
             Welfare measurement: Consumption
                     Data format: Unit record
                     Data source: ROU_N2013X
                  Data time span: UnDefined
-------------------------------------------------------


----------- Distribution ------------
   i           P           L 
-------------------------------------
   0     0.01023   0.0024904
   1     0.02002   0.0051602
   2    0.030098   0.0082509
   3    0.040086    0.011631
   4    0.050014    0.015255
   5    0.060146    0.019207
   6    0.070461    0.023426
   7    0.080049    0.027493
   8     0.09007    0.031887
   9     0.10001     0.03641
  10     0.11019    0.041185
  11     0.12013    0.045978
  12     0.13013    0.050928
  13     0.14001    0.055933
  14     0.15003    0.061137
  15     0.16003    0.066461
  16     0.17003     0.07189
  17     0.18009    0.077462
  18     0.19004    0.083086
  19     0.20002    0.088844
  20        0.21    0.094718
  21        0.22      0.1007
  22     0.23001      0.1068
  23     0.24003     0.11301
  24     0.25005     0.11933
  25     0.26006     0.12575
  26     0.27013     0.13232
  27     0.28007     0.13888
  28     0.29012     0.14561
  29         0.3     0.15231
  30     0.31005     0.15923
  31     0.32001     0.16619
  32     0.33002      0.1733
  33     0.34001      0.1805
  34     0.35003     0.18783
  35     0.36011     0.19532
  36     0.37002     0.20277
  37     0.38005     0.21043
  38     0.39003     0.21814
  39     0.40003     0.22598
  40     0.41003     0.23392
  41     0.42006     0.24201
  42     0.43008     0.25019
  43     0.44011      0.2585
  44        0.45     0.26678
  45     0.46011     0.27535
  46     0.47003     0.28385
  47     0.48001     0.29251
  48     0.49002      0.3013
  49     0.50004      0.3102
  50     0.51001     0.31916
  51        0.52     0.32827
  52     0.53006     0.33756
  53     0.54015     0.34699
  54        0.55     0.35633
  55      0.5601     0.36599
  56     0.57003     0.37561
  57     0.58003     0.38541
  58     0.59013     0.39543
  59     0.60005     0.40539
  60     0.61008     0.41559
  61     0.62006     0.42585
  62     0.63001      0.4362
  63     0.64003     0.44674
  64     0.65012     0.45748
  65     0.66005      0.4682
  66     0.67006     0.47915
  67     0.68015     0.49034
  68     0.69007     0.50152
  69     0.70001     0.51287
  70     0.71006     0.52452
  71     0.72001     0.53616
  72     0.73002     0.54803
  73     0.74001     0.56006
  74        0.75      0.5723
  75     0.76007     0.58482
  76     0.77015     0.59754
  77     0.78006     0.61024
  78     0.79006     0.62324
  79     0.80001      0.6364
  80     0.81001     0.64987
  81     0.82008     0.66366
  82     0.83002     0.67752
  83     0.84001     0.69174
  84        0.85     0.70623
  85     0.86006     0.72113
  86     0.87003     0.73622
  87     0.88006     0.75178
  88        0.89     0.76757
  89     0.90006     0.78402
  90     0.91006     0.80087
  91     0.92002     0.81814
  92        0.93     0.83601
  93        0.94     0.85456
  94     0.95017     0.87442
  95     0.96001     0.89469
  96        0.97     0.91655
  97     0.98003      0.9404
  98        0.99     0.96673
  99           1           1
-----------------------------------------

----------------- PPP$ and local currency --------------
         PPP used in computation: 2.00052
     Data mean in local currency: 573.022
               Data mean in PPP$: 266.572
        Poverty line in PPP$/Day: 1.9
      Poverty line in PPP$/Month: 57.7917
  Poverty line in local currency: 124.229
-------------------------------------------------------

----------------- Estimation result --------------
     Number of observation: 29538
          Total population: 2.1286E+07
              Total wealth: 6.0971E+09(PPP$)
                   Minimum: 68.8174(PPP$)
                   Maximum: 6968.78(PPP$)
             Headcount(HC): 0
          Poverty gap (PG): 0
       Poverty gap squared: 0
                      Gini: 0.274507
                    Median: 238.076
                       MLD: 0.124827
                      Watt: 0
--------------------------------------------------

-------------------------------- Income or Consumption share by deciles (%) -------------------------------------
     3.6404     5.2428     6.3479     7.3641      8.421     9.5181     10.751     12.353     14.754     21.607
-----------------------------------------------------------------------------------------------------------------


