

**********************************************************************************************
**                                   Basic Information                                      **
**********************************************************************************************

----------------- Dataset Information -----------------
                         Country: Romania
                    Country dode: ROU
                       Data Year: 2004
                        Coverage: National
             Welfare measurement: Consumption
                     Data format: Unit record
                     Data source: ROU_N2004X
                  Data time span: UnDefined
-------------------------------------------------------


----------- Distribution ------------
   i           P           L 
-------------------------------------
   0    0.013554   0.0034949
   1    0.020024   0.0052175
   2    0.030036   0.0081158
   3    0.040023    0.011236
   4    0.050013    0.014572
   5    0.060005    0.018103
   6    0.070054    0.021817
   7    0.080075    0.025688
   8    0.090028     0.02969
   9     0.10007    0.033854
  10     0.11006    0.038148
  11        0.12    0.042553
  12     0.13001    0.047113
  13     0.14004    0.051813
  14        0.15    0.056623
  15     0.16005    0.061602
  16     0.17001    0.066665
  17     0.18002    0.071871
  18     0.19002    0.077197
  19     0.20002    0.082637
  20     0.21004      0.0882
  21     0.22004    0.093864
  22        0.23    0.099603
  23     0.24001     0.10547
  24     0.25002     0.11143
  25        0.26      0.1175
  26     0.27003     0.12371
  27     0.28002        0.13
  28     0.29003     0.13641
  29     0.30001     0.14291
  30     0.31002     0.14953
  31     0.32006     0.15628
  32     0.33006      0.1631
  33     0.34004     0.17002
  34     0.35002     0.17702
  35     0.36001     0.18413
  36     0.37005     0.19138
  37     0.38001     0.19866
  38     0.39001     0.20608
  39     0.40001     0.21361
  40     0.41001     0.22124
  41     0.42003     0.22899
  42     0.43001     0.23681
  43     0.44009      0.2448
  44     0.45001     0.25279
  45     0.46001     0.26096
  46     0.47002     0.26924
  47     0.48005     0.27763
  48        0.49     0.28607
  49         0.5     0.29466
  50        0.51     0.30335
  51     0.52003     0.31219
  52     0.53005     0.32113
  53     0.54001     0.33014
  54        0.55     0.33929
  55     0.56002      0.3486
  56     0.57001     0.35799
  57        0.58     0.36753
  58     0.59002     0.37722
  59     0.60003     0.38704
  60     0.61001     0.39695
  61     0.62003     0.40704
  62        0.63     0.41722
  63     0.64001     0.42758
  64        0.65     0.43808
  65     0.66006     0.44877
  66     0.67003     0.45953
  67     0.68004     0.47049
  68     0.69001     0.48156
  69         0.7     0.49282
  70        0.71     0.50427
  71     0.72001     0.51588
  72        0.73     0.52766
  73     0.74001     0.53964
  74     0.75001     0.55182
  75     0.76001     0.56419
  76        0.77     0.57675
  77     0.78001     0.58952
  78     0.79002     0.60253
  79     0.80001     0.61576
  80     0.81001     0.62924
  81     0.82001     0.64295
  82     0.83002     0.65695
  83     0.84002     0.67122
  84     0.85001      0.6858
  85     0.86009     0.70085
  86     0.87001     0.71604
  87     0.88004     0.73184
  88        0.89     0.74794
  89     0.90003     0.76467
  90     0.91001     0.78189
  91     0.92003     0.79979
  92     0.93002     0.81837
  93     0.94001     0.83778
  94     0.95004     0.85831
  95     0.96003     0.88001
  96     0.97002     0.90333
  97     0.98001      0.9292
  98     0.99001     0.95953
  99           1           1
-----------------------------------------

----------------- PPP$ and local currency --------------
         PPP used in computation: 2.00052
     Data mean in local currency: 249.232
               Data mean in PPP$: 193.911
        Poverty line in PPP$/Day: 1.9
      Poverty line in PPP$/Month: 57.7917
  Poverty line in local currency: 74.2791
-------------------------------------------------------

----------------- Estimation result --------------
     Number of observation: 32783
          Total population: 2.16922E+07
              Total wealth: 2.70249E+09(PPP$)
                   Minimum: 32.1241(PPP$)
                   Maximum: 2280.2(PPP$)
             Headcount(HC): 0.0283876
          Poverty gap (PG): 0.00281308
       Poverty gap squared: 0.000335602
                      Gini: 0.300394
                    Median: 167.604
                       MLD: 0.149004
                      Watt: 0.0029965
--------------------------------------------------

-------------------------------- Income or Consumption share by deciles (%) -------------------------------------
     3.3827     4.8799     6.0277       7.07     8.1053     9.2348     10.582     12.292     14.887     23.539
-----------------------------------------------------------------------------------------------------------------


