

**********************************************************************************************
**                                   Basic Information                                      **
**********************************************************************************************

----------------- Dataset Information -----------------
                         Country: Romania
                    Country dode: ROU
                       Data Year: 2002
                        Coverage: National
             Welfare measurement: Consumption
                     Data format: Unit record
                     Data source: ROU_N2002X
                  Data time span: UnDefined
-------------------------------------------------------


----------- Distribution ------------
   i           P           L 
-------------------------------------
   0    0.010384   0.0018223
   1    0.020042   0.0042104
   2    0.030006   0.0070099
   3     0.04006    0.010088
   4    0.050006     0.01339
   5    0.060148    0.016985
   6    0.070038    0.020656
   7    0.080037    0.024514
   8    0.090022    0.028536
   9     0.10003    0.032729
  10        0.11    0.037052
  11     0.12005    0.041557
  12     0.13003    0.046165
  13     0.14021    0.050985
  14     0.15001    0.055745
  15     0.16001    0.060739
  16     0.17004     0.06587
  17     0.18001    0.071087
  18     0.19012    0.076479
  19     0.20003    0.081863
  20     0.21001    0.087393
  21     0.22004     0.09307
  22     0.23003    0.098841
  23        0.24     0.10471
  24     0.25002     0.11071
  25     0.26001     0.11681
  26     0.27002     0.12301
  27     0.28001     0.12932
  28        0.29     0.13573
  29     0.30002     0.14225
  30     0.31002     0.14887
  31     0.32008     0.15563
  32     0.33027      0.1626
  33     0.34007     0.16939
  34     0.35003     0.17639
  35     0.36002     0.18352
  36     0.37003     0.19076
  37     0.38008     0.19812
  38     0.39003     0.20553
  39     0.40006      0.2131
  40     0.41001     0.22073
  41     0.42003     0.22852
  42        0.43     0.23639
  43     0.44001     0.24438
  44     0.45003     0.25248
  45     0.46005     0.26069
  46     0.47002     0.26896
  47     0.48004     0.27739
  48     0.49005     0.28592
  49     0.50006     0.29456
  50     0.51003     0.30329
  51     0.52001     0.31213
  52        0.53     0.32112
  53     0.54002     0.33024
  54     0.55001     0.33944
  55        0.56     0.34877
  56     0.57001     0.35823
  57     0.58003      0.3678
  58     0.59002     0.37746
  59         0.6     0.38725
  60     0.61005     0.39722
  61        0.62     0.40724
  62     0.63001     0.41743
  63     0.64002     0.42777
  64     0.65006     0.43826
  65        0.66      0.4488
  66     0.67001     0.45954
  67        0.68     0.47043
  68     0.69015     0.48163
  69     0.70001     0.49267
  70     0.71016     0.50422
  71     0.72003     0.51562
  72     0.73001     0.52732
  73     0.74003     0.53925
  74     0.75008     0.55139
  75     0.76004     0.56363
  76        0.77     0.57611
  77     0.78003     0.58887
  78     0.79003     0.60181
  79         0.8     0.61495
  80     0.81003      0.6284
  81     0.82001     0.64202
  82     0.83009     0.65603
  83        0.84     0.67008
  84        0.85     0.68459
  85     0.86002     0.69946
  86     0.87003     0.71467
  87     0.88002      0.7302
  88     0.89004     0.74618
  89     0.90001     0.76253
  90     0.91002     0.77944
  91        0.92     0.79684
  92     0.93002     0.81499
  93     0.94009     0.83406
  94     0.95002      0.8539
  95     0.96001     0.87506
  96     0.97006     0.89797
  97     0.98001     0.92314
  98     0.99004     0.95248
  99           1           1
-----------------------------------------

----------------- PPP$ and local currency --------------
         PPP used in computation: 2.00052
     Data mean in local currency: 163.397
               Data mean in PPP$: 163.951
        Poverty line in PPP$/Day: 1.9
      Poverty line in PPP$/Month: 57.7917
  Poverty line in local currency: 57.5964
-------------------------------------------------------

----------------- Estimation result --------------
     Number of observation: 32029
          Total population: 2.23912E+07
              Total wealth: 1.82885E+09(PPP$)
                   Minimum: 3.41268(PPP$)
                   Maximum: 1943.91(PPP$)
             Headcount(HC): 0.0540219
          Poverty gap (PG): 0.012068
       Poverty gap squared: 0.00422583
                      Gini: 0.302299
                    Median: 142.548
                       MLD: 0.154887
                      Watt: 0.0152556
--------------------------------------------------

-------------------------------- Income or Consumption share by deciles (%) -------------------------------------
     3.2716     4.9131     6.0395     7.0811     8.1457     9.2731     10.542     12.228     14.758     23.748
-----------------------------------------------------------------------------------------------------------------


