

**********************************************************************************************
**                                   Basic Information                                      **
**********************************************************************************************

----------------- Dataset Information -----------------
                         Country: Romania
                    Country dode: ROU
                       Data Year: 2000
                        Coverage: National
             Welfare measurement: Consumption
                     Data format: Unit record
                     Data source: ROU_N2000X
                  Data time span: UnDefined
-------------------------------------------------------


----------- Distribution ------------
   i           P           L 
-------------------------------------
   0    0.010289   0.0020805
   1    0.020012   0.0046688
   2    0.030011   0.0076572
   3     0.04011    0.010957
   4    0.050099    0.014437
   5    0.060035    0.018082
   6    0.070075    0.021948
   7    0.080031    0.025942
   8    0.090017    0.030129
   9     0.10002    0.034485
  10     0.11002    0.038992
  11     0.12003    0.043649
  12     0.13001    0.048422
  13     0.14002    0.053333
  14     0.15004    0.058374
  15     0.16007    0.063559
  16     0.17002    0.068816
  17     0.18012    0.074273
  18     0.19006    0.079751
  19     0.20009    0.085383
  20     0.21006    0.091087
  21     0.22004    0.096902
  22     0.23002     0.10281
  23     0.24001     0.10882
  24     0.25008     0.11498
  25     0.26004     0.12115
  26     0.27015     0.12753
  27        0.28     0.13385
  28     0.29002     0.14038
  29     0.30004     0.14701
  30     0.31006     0.15373
  31     0.32001      0.1605
  32     0.33001     0.16741
  33     0.34002     0.17443
  34        0.35     0.18153
  35     0.36003     0.18878
  36     0.37004     0.19611
  37     0.38002     0.20351
  38     0.39008     0.21109
  39         0.4     0.21864
  40     0.41003     0.22638
  41        0.42      0.2342
  42     0.43004     0.24216
  43     0.44002     0.25019
  44     0.45001     0.25833
  45     0.46001     0.26658
  46     0.47004     0.27496
  47     0.48001     0.28338
  48     0.49001     0.29193
  49     0.50006     0.30065
  50     0.51002     0.30941
  51        0.52     0.31828
  52     0.53001     0.32729
  53        0.54      0.3364
  54     0.55008     0.34571
  55     0.56001       0.355
  56     0.57006     0.36451
  57        0.58     0.37406
  58     0.59036     0.38413
  59     0.60006     0.39365
  60     0.61002     0.40357
  61     0.62004     0.41367
  62        0.63     0.42384
  63     0.64001     0.43417
  64     0.65003     0.44466
  65        0.66     0.45522
  66     0.67002     0.46598
  67     0.68003     0.47687
  68     0.69006     0.48792
  69     0.70001     0.49903
  70        0.71     0.51037
  71        0.72      0.5219
  72     0.73002     0.53362
  73     0.74006     0.54555
  74     0.75003     0.55757
  75     0.76001     0.56978
  76     0.77001     0.58222
  77        0.78     0.59484
  78     0.79002     0.60768
  79     0.80001     0.62072
  80     0.81002     0.63402
  81     0.82003     0.64759
  82     0.83002      0.6614
  83     0.84001     0.67547
  84     0.85002     0.68985
  85     0.86001     0.70453
  86     0.87001     0.71958
  87     0.88001     0.73499
  88     0.89001     0.75075
  89         0.9     0.76694
  90     0.91002     0.78363
  91     0.92002     0.80088
  92        0.93     0.81873
  93     0.94005     0.83743
  94     0.95004     0.85691
  95        0.96     0.87746
  96     0.97003     0.89975
  97     0.98012     0.92451
  98     0.99003     0.95282
  99           1           1
-----------------------------------------

----------------- PPP$ and local currency --------------
         PPP used in computation: 2.00052
     Data mean in local currency: 86.997
               Data mean in PPP$: 143.834
        Poverty line in PPP$/Day: 1.9
      Poverty line in PPP$/Month: 57.7917
  Poverty line in local currency: 34.955
-------------------------------------------------------

----------------- Estimation result --------------
     Number of observation: 31055
          Total population: 2.2435E+07
              Total wealth: 9.75639E+08(PPP$)
                   Minimum: 1.01857(PPP$)
                   Maximum: 4325.48(PPP$)
             Headcount(HC): 0.0754257
          Poverty gap (PG): 0.0155113
       Poverty gap squared: 0.00503103
                      Gini: 0.293239
                    Median: 125.566
                       MLD: 0.145184
                      Watt: 0.0191678
--------------------------------------------------

-------------------------------- Income or Consumption share by deciles (%) -------------------------------------
     3.4476     5.0857     6.1649     7.1652     8.1967     9.2993     10.543     12.168     14.624     23.306
-----------------------------------------------------------------------------------------------------------------


