

**********************************************************************************************
**                                   Basic Information                                      **
**********************************************************************************************

----------------- Dataset Information -----------------
                         Country: Romania
                    Country dode: ROU
                       Data Year: 2005
                        Coverage: National
             Welfare measurement: Consumption
                     Data format: Unit record
                     Data source: ROU_N2005X
                  Data time span: UnDefined
-------------------------------------------------------


----------- Distribution ------------
   i           P           L 
-------------------------------------
   0    0.010019   0.0023101
   1    0.020088   0.0049078
   2    0.030077   0.0078247
   3    0.040076    0.010977
   4    0.050031    0.014346
   5      0.0601    0.017951
   6    0.070096    0.021714
   7    0.080011    0.025605
   8    0.090021    0.029703
   9     0.10005    0.033992
  10     0.11005    0.038411
  11     0.12003     0.04295
  12     0.13002    0.047629
  13     0.14002    0.052435
  14     0.15009    0.057406
  15     0.16012    0.062476
  16     0.17012    0.067645
  17     0.18008    0.072901
  18     0.19001    0.078249
  19     0.20001    0.083751
  20     0.21003    0.089384
  21     0.22001    0.095114
  22     0.23003     0.10098
  23     0.24001     0.10692
  24     0.25006     0.11297
  25     0.26008     0.11912
  26     0.27001     0.12531
  27        0.28     0.13165
  28     0.29003     0.13811
  29     0.30011      0.1447
  30     0.31003     0.15128
  31     0.32007     0.15804
  32     0.33001     0.16485
  33     0.34003      0.1718
  34     0.35004     0.17884
  35     0.36002     0.18596
  36     0.37002     0.19319
  37     0.38002     0.20053
  38     0.39012     0.20806
  39     0.40003     0.21553
  40     0.41001     0.22316
  41     0.42003     0.23092
  42     0.43006     0.23879
  43     0.44007     0.24677
  44     0.45009     0.25485
  45     0.46007       0.263
  46        0.47     0.27122
  47     0.48005     0.27964
  48        0.49     0.28809
  49     0.50005     0.29673
  50     0.51001     0.30541
  51     0.52002     0.31424
  52     0.53003     0.32319
  53     0.54001     0.33221
  54     0.55006     0.34144
  55     0.56003      0.3507
  56     0.57003     0.36011
  57     0.58002     0.36962
  58     0.59006      0.3793
  59     0.60002     0.38901
  60     0.61001     0.39889
  61        0.62     0.40889
  62        0.63     0.41903
  63     0.64001     0.42932
  64     0.65001     0.43974
  65     0.66004     0.45034
  66     0.67005     0.46106
  67     0.68003     0.47191
  68     0.69001     0.48291
  69     0.70008     0.49417
  70     0.71006     0.50547
  71     0.72002     0.51692
  72     0.73001     0.52858
  73     0.74007     0.54049
  74        0.75     0.55244
  75     0.76001     0.56466
  76     0.77001      0.5771
  77     0.78002     0.58978
  78     0.79001     0.60263
  79         0.8     0.61573
  80     0.81001     0.62911
  81     0.82008     0.64286
  82     0.83007     0.65677
  83     0.84002     0.67095
  84     0.85003     0.68558
  85     0.86006     0.70059
  86        0.87     0.71588
  87        0.88      0.7317
  88     0.89004     0.74809
  89     0.90001     0.76485
  90        0.91     0.78216
  91     0.92001     0.80015
  92     0.93001     0.81884
  93     0.94004     0.83843
  94     0.95006      0.8591
  95     0.96001     0.88106
  96     0.97001     0.90497
  97     0.98006     0.93157
  98     0.99003     0.96162
  99           1           1
-----------------------------------------

----------------- PPP$ and local currency --------------
         PPP used in computation: 2.00052
     Data mean in local currency: 287.005
               Data mean in PPP$: 204.883
        Poverty line in PPP$/Day: 1.9
      Poverty line in PPP$/Month: 57.7917
  Poverty line in local currency: 80.9561
-------------------------------------------------------

----------------- Estimation result --------------
     Number of observation: 32683
          Total population: 2.16409E+07
              Total wealth: 3.10473E+09(PPP$)
                   Minimum: 32.9573(PPP$)
                   Maximum: 6907.74(PPP$)
             Headcount(HC): 0.0214706
          Poverty gap (PG): 0.00269914
       Poverty gap squared: 0.000423786
                      Gini: 0.298194
                    Median: 177.373
                       MLD: 0.146969
                      Watt: 0.00293851
--------------------------------------------------

-------------------------------- Income or Consumption share by deciles (%) -------------------------------------
     3.3972     4.9772     6.0884      7.088     8.1183     9.2306     10.508     12.165      14.91     23.518
-----------------------------------------------------------------------------------------------------------------


