

**********************************************************************************************
**                                   Basic Information                                      **
**********************************************************************************************

----------------- Dataset Information -----------------
                         Country: Romania
                    Country dode: ROU
                       Data Year: 2001
                        Coverage: National
             Welfare measurement: Consumption
                     Data format: Unit record
                     Data source: ROU_N2001X
                  Data time span: UnDefined
-------------------------------------------------------


----------- Distribution ------------
   i           P           L 
-------------------------------------
   0    0.010024   0.0019797
   1    0.020053   0.0046068
   2    0.030013   0.0075549
   3    0.040121    0.010814
   4     0.05003    0.014244
   5    0.060084    0.017914
   6    0.070048    0.021718
   7     0.08003    0.025684
   8     0.09008    0.029816
   9     0.10002    0.034061
  10     0.11004    0.038479
  11     0.12001    0.043011
  12     0.13001    0.047695
  13     0.14002    0.052517
  14     0.15002    0.057454
  15     0.16003    0.062542
  16     0.17012    0.067811
  17        0.18    0.073102
  18     0.19005    0.078592
  19     0.20007    0.084189
  20     0.21004    0.089856
  21     0.22004    0.095652
  22     0.23002     0.10154
  23        0.24     0.10753
  24     0.25005     0.11367
  25        0.26     0.11985
  26     0.27001     0.12615
  27     0.28002     0.13257
  28     0.29001     0.13907
  29     0.30003     0.14571
  30     0.31001     0.15241
  31     0.32001     0.15923
  32        0.33     0.16615
  33     0.34002     0.17318
  34     0.35001     0.18029
  35     0.36003     0.18753
  36     0.37002     0.19484
  37     0.38001     0.20226
  38     0.39001     0.20978
  39     0.40005     0.21743
  40     0.41001     0.22514
  41     0.42001       0.233
  42     0.43002     0.24096
  43     0.44001     0.24901
  44     0.45003     0.25718
  45     0.46005     0.26546
  46     0.47004     0.27381
  47     0.48001     0.28224
  48     0.49001     0.29081
  49         0.5     0.29948
  50     0.51003      0.3083
  51     0.52008     0.31724
  52     0.53005     0.32623
  53        0.54     0.33533
  54     0.55003      0.3446
  55     0.56003     0.35397
  56     0.57004     0.36346
  57     0.58001     0.37304
  58     0.59001     0.38275
  59         0.6     0.39258
  60     0.61003     0.40257
  61     0.62005      0.4127
  62     0.63001      0.4229
  63        0.64     0.43327
  64     0.65004     0.44383
  65     0.66001     0.45445
  66        0.67     0.46525
  67     0.68001      0.4762
  68     0.69001     0.48729
  69     0.70002     0.49854
  70     0.71001     0.50988
  71     0.72001     0.52141
  72     0.73001      0.5331
  73     0.74002       0.545
  74     0.75001     0.55706
  75     0.76001     0.56931
  76        0.77     0.58175
  77     0.78005     0.59448
  78     0.79002     0.60733
  79     0.80001     0.62044
  80        0.81      0.6338
  81     0.82005     0.64749
  82     0.83001     0.66132
  83     0.84001     0.67546
  84     0.85002     0.68993
  85     0.86003     0.70473
  86     0.87003     0.71987
  87     0.88002     0.73538
  88     0.89001     0.75127
  89     0.90003     0.76765
  90     0.91001     0.78443
  91     0.92003     0.80188
  92     0.93002     0.81997
  93     0.94004     0.83889
  94     0.95001     0.85861
  95     0.96001     0.87956
  96        0.97     0.90203
  97        0.98     0.92677
  98        0.99     0.95521
  99           1           1
-----------------------------------------

----------------- PPP$ and local currency --------------
         PPP used in computation: 2.00052
     Data mean in local currency: 128.967
               Data mean in PPP$: 158.568
        Poverty line in PPP$/Day: 1.9
      Poverty line in PPP$/Month: 57.7917
  Poverty line in local currency: 47.0032
-------------------------------------------------------

----------------- Estimation result --------------
     Number of observation: 31795
          Total population: 2.24077E+07
              Total wealth: 1.44455E+09(PPP$)
                   Minimum: 4.61337(PPP$)
                   Maximum: 1739.25(PPP$)
             Headcount(HC): 0.0545362
          Poverty gap (PG): 0.010996
       Poverty gap squared: 0.00354487
                      Gini: 0.294291
                    Median: 138.486
                       MLD: 0.145735
                      Watt: 0.0135922
--------------------------------------------------

-------------------------------- Income or Consumption share by deciles (%) -------------------------------------
     3.4053     5.0094     6.1538     7.1706     8.2091     9.3094     10.593     12.192     14.716     23.241
-----------------------------------------------------------------------------------------------------------------


