

**********************************************************************************************
**                                   Basic Information                                      **
**********************************************************************************************

----------------- Dataset Information -----------------
                         Country: Romania
                    Country dode: ROU
                       Data Year: 1998
                        Coverage: National
             Welfare measurement: Consumption
                     Data format: Unit record
                     Data source: ROU_N1998X
                  Data time span: UnDefined
-------------------------------------------------------


----------- Distribution ------------
   i           P           L 
-------------------------------------
   0    0.010003    0.001743
   1    0.020052    0.004181
   2    0.030006   0.0069634
   3    0.040028    0.010044
   4    0.050013    0.013324
   5    0.060025    0.016783
   6    0.070017    0.020412
   7     0.08001    0.024195
   8    0.090004    0.028132
   9     0.10003    0.032225
  10     0.11002    0.036426
  11     0.12001    0.040772
  12     0.13004    0.045274
  13     0.14003    0.049888
  14     0.15005    0.054626
  15     0.16005    0.059469
  16     0.17002    0.064412
  17     0.18001    0.069461
  18     0.19002     0.07464
  19         0.2    0.079929
  20     0.21003     0.08535
  21     0.22006     0.09088
  22     0.23002    0.096478
  23     0.24007     0.10224
  24     0.25004     0.10807
  25     0.26001     0.11402
  26     0.27001     0.12008
  27     0.28001     0.12625
  28     0.29002     0.13252
  29     0.30001     0.13888
  30     0.31006     0.14538
  31     0.32002     0.15193
  32     0.33003     0.15863
  33     0.34001     0.16541
  34     0.35003     0.17232
  35     0.36001      0.1793
  36     0.37002     0.18641
  37     0.38003     0.19363
  38     0.39005     0.20096
  39     0.40002     0.20835
  40     0.41002     0.21587
  41     0.42005     0.22352
  42     0.43003     0.23125
  43     0.44003     0.23909
  44     0.45003     0.24703
  45     0.46004     0.25509
  46     0.47001     0.26323
  47     0.48002     0.27151
  48     0.49003     0.27989
  49     0.50001     0.28837
  50     0.51002     0.29698
  51     0.52001     0.30569
  52     0.53004     0.31454
  53     0.54001     0.32345
  54     0.55004     0.33256
  55     0.56001     0.34174
  56     0.57002     0.35111
  57     0.58002      0.3606
  58     0.59001     0.37023
  59     0.60002        0.38
  60     0.61003      0.3899
  61     0.62005     0.39996
  62     0.63006     0.41013
  63     0.64001     0.42038
  64     0.65002     0.43084
  65     0.66001     0.44144
  66     0.67001     0.45219
  67     0.68003     0.46314
  68     0.69002     0.47421
  69     0.70001     0.48545
  70        0.71     0.49687
  71     0.72006     0.50855
  72     0.73005     0.52034
  73     0.74001     0.53227
  74     0.75003     0.54446
  75     0.76004     0.55683
  76        0.77     0.56934
  77     0.78005      0.5822
  78     0.79002     0.59519
  79     0.80006     0.60852
  80     0.81003     0.62201
  81     0.82002     0.63577
  82     0.83007     0.64992
  83     0.84003     0.66417
  84     0.85001      0.6788
  85     0.86002     0.69385
  86     0.87001     0.70923
  87     0.88004     0.72507
  88     0.89001     0.74127
  89     0.90003     0.75806
  90     0.91003     0.77538
  91        0.92     0.79323
  92     0.93004     0.81192
  93     0.94001     0.83131
  94     0.95002     0.85173
  95     0.96001     0.87325
  96     0.97001     0.89635
  97        0.98      0.9217
  98     0.99003     0.95135
  99           1           1
-----------------------------------------

----------------- PPP$ and local currency --------------
         PPP used in computation: 2.00052
     Data mean in local currency: 61.6803
               Data mean in PPP$: 216.587
        Poverty line in PPP$/Day: 1.9
      Poverty line in PPP$/Month: 57.7917
  Poverty line in local currency: 16.4581
-------------------------------------------------------

----------------- Estimation result --------------
     Number of observation: 32022
          Total population: 2.25028E+07
              Total wealth: 6.93811E+08(PPP$)
                   Minimum: 0.862649(PPP$)
                   Maximum: 993.77(PPP$)
             Headcount(HC): 0.0211082
          Poverty gap (PG): 0.00439339
       Poverty gap squared: 0.00152599
                      Gini: 0.310832
                    Median: 185.099
                       MLD: 0.163078
                      Watt: 0.00556633
--------------------------------------------------

-------------------------------- Income or Consumption share by deciles (%) -------------------------------------
     3.2212     4.7716     5.8946     6.9467     8.0021     9.1622     10.546       12.3     14.957     24.198
-----------------------------------------------------------------------------------------------------------------


