

**********************************************************************************************
**                                   Basic Information                                      **
**********************************************************************************************

----------------- Dataset Information -----------------
                         Country: Romania
                    Country dode: ROU
                       Data Year: 1999
                        Coverage: National
             Welfare measurement: Consumption
                     Data format: Unit record
                     Data source: ROU_N1999X
                  Data time span: UnDefined
-------------------------------------------------------


----------- Distribution ------------
   i           P           L 
-------------------------------------
   0     0.01001   0.0020012
   1    0.020017    0.004638
   2    0.030004   0.0076247
   3    0.040016    0.010927
   4    0.050055    0.014475
   5    0.060104    0.018202
   6    0.070004    0.022052
   7    0.080006     0.02611
   8    0.090033    0.030309
   9     0.10006    0.034665
  10     0.11002    0.039134
  11     0.12006    0.043773
  12     0.13001    0.048514
  13     0.14004    0.053427
  14     0.15004    0.058435
  15     0.16001    0.063551
  16     0.17001    0.068797
  17     0.18006    0.074188
  18     0.19001    0.079643
  19     0.20006    0.085267
  20     0.21003    0.090959
  21     0.22002    0.096775
  22     0.23008     0.10274
  23     0.24001     0.10874
  24     0.25002     0.11488
  25        0.26     0.12111
  26     0.27002     0.12745
  27     0.28003     0.13388
  28     0.29003     0.14041
  29         0.3     0.14701
  30     0.31001     0.15373
  31     0.32006     0.16056
  32     0.33001     0.16742
  33     0.34002     0.17443
  34     0.35004     0.18156
  35     0.36005     0.18876
  36     0.37004     0.19606
  37     0.38001     0.20344
  38     0.39002     0.21096
  39         0.4     0.21856
  40     0.41004      0.2263
  41     0.42002     0.23408
  42     0.43003       0.242
  43     0.44005     0.25001
  44     0.45001     0.25808
  45     0.46006     0.26633
  46        0.47      0.2746
  47     0.48006     0.28307
  48     0.49004     0.29159
  49     0.50009     0.30026
  50     0.51003     0.30896
  51        0.52     0.31781
  52     0.53001      0.3268
  53     0.54002     0.33591
  54     0.55007     0.34517
  55     0.56005     0.35445
  56     0.57001     0.36384
  57        0.58     0.37337
  58     0.59002     0.38306
  59     0.60008     0.39292
  60     0.61006     0.40282
  61        0.62     0.41282
  62     0.63001     0.42302
  63     0.64001     0.43333
  64     0.65002     0.44379
  65     0.66004     0.45441
  66     0.67002     0.46512
  67     0.68002     0.47602
  68     0.69001     0.48704
  69     0.70007     0.49832
  70        0.71     0.50962
  71     0.72004     0.52119
  72     0.73001     0.53283
  73     0.74002     0.54471
  74     0.75001     0.55674
  75     0.76002       0.569
  76     0.77001     0.58142
  77     0.78001     0.59405
  78     0.79005     0.60696
  79         0.8     0.61995
  80     0.81001     0.63324
  81        0.82     0.64676
  82     0.83001     0.66055
  83     0.84001     0.67459
  84     0.85008     0.68902
  85     0.86003     0.70357
  86     0.87003     0.71852
  87        0.88     0.73377
  88     0.89004     0.74953
  89     0.90001     0.76562
  90     0.91001     0.78224
  91     0.92006     0.79956
  92     0.93002     0.81738
  93     0.94002     0.83608
  94        0.95     0.85565
  95     0.96001     0.87637
  96     0.97001     0.89852
  97      0.9801      0.9231
  98        0.99     0.95112
  99           1           1
-----------------------------------------

----------------- PPP$ and local currency --------------
         PPP used in computation: 2.00052
     Data mean in local currency: 61.894
               Data mean in PPP$: 149.061
        Poverty line in PPP$/Day: 1.9
      Poverty line in PPP$/Month: 57.7917
  Poverty line in local currency: 23.9966
-------------------------------------------------------

----------------- Estimation result --------------
     Number of observation: 31516
          Total population: 2.2458E+07
              Total wealth: 6.9483E+08(PPP$)
                   Minimum: 1.77595(PPP$)
                   Maximum: 2437.38(PPP$)
             Headcount(HC): 0.0645566
          Poverty gap (PG): 0.0132004
       Poverty gap squared: 0.00431749
                      Gini: 0.294177
                    Median: 129.586
                       MLD: 0.14627
                      Watt: 0.0163212
--------------------------------------------------

-------------------------------- Income or Consumption share by deciles (%) -------------------------------------
     3.4638     5.0598      6.177     7.1551     8.1627     9.2658      10.54     12.171     14.565      23.44
-----------------------------------------------------------------------------------------------------------------


