

**********************************************************************************************
**                                   Basic Information                                      **
**********************************************************************************************

----------------- Dataset Information -----------------
                         Country: Russian Federation
                    Country dode: RUS
                       Data Year: 1999
                        Coverage: National
             Welfare measurement: Consumption
                     Data format: Unit record
                     Data source: RUS_N1999X
                  Data time span: UnDefined
-------------------------------------------------------


----------- Distribution ------------
   i           P           L 
-------------------------------------
   0        0.01   0.0011442
   1        0.02   0.0028073
   2    0.030004   0.0047751
   3    0.040002   0.0069837
   4        0.05   0.0094009
   5    0.060001    0.012002
   6    0.070001     0.01477
   7    0.080002    0.017697
   8    0.090004     0.02077
   9     0.10002    0.023977
  10        0.11    0.027307
  11     0.12001    0.030767
  12        0.13    0.034346
  13        0.14     0.03805
  14        0.15    0.041875
  15        0.16    0.045816
  16        0.17    0.049873
  17        0.18    0.054042
  18        0.19    0.058315
  19         0.2    0.062694
  20        0.21    0.067179
  21        0.22    0.071773
  22     0.23001    0.076474
  23     0.24001    0.081281
  24        0.25    0.086193
  25        0.26    0.091211
  26        0.27    0.096336
  27        0.28     0.10157
  28        0.29      0.1069
  29         0.3     0.11235
  30        0.31     0.11791
  31        0.32     0.12357
  32     0.33003     0.12936
  33     0.34006     0.13527
  34     0.35001     0.14124
  35     0.36001     0.14736
  36        0.37     0.15358
  37        0.38     0.15993
  38        0.39     0.16638
  39         0.4     0.17295
  40        0.41     0.17962
  41        0.42     0.18642
  42        0.43     0.19333
  43     0.44001     0.20038
  44     0.45001     0.20755
  45        0.46     0.21486
  46     0.47002     0.22231
  47        0.48     0.22986
  48        0.49     0.23755
  49         0.5     0.24537
  50        0.51     0.25333
  51     0.52001     0.26142
  52        0.53     0.26965
  53     0.54001     0.27803
  54        0.55     0.28656
  55     0.56009     0.29532
  56        0.57     0.30409
  57        0.58     0.31309
  58     0.59002     0.32227
  59         0.6     0.33159
  60     0.61001     0.34109
  61        0.62     0.35073
  62        0.63     0.36058
  63     0.64053     0.37114
  64     0.65002     0.38083
  65        0.66     0.39122
  66        0.67     0.40185
  67     0.68003     0.41273
  68     0.69001     0.42375
  69     0.70001     0.43501
  70     0.71003     0.44654
  71        0.72     0.45825
  72     0.73002     0.47028
  73        0.74     0.48248
  74     0.75002     0.49499
  75        0.76     0.50772
  76     0.77005     0.52083
  77        0.78     0.53411
  78     0.79002     0.54778
  79     0.80005      0.5618
  80        0.81     0.57603
  81        0.82     0.59068
  82        0.83     0.60568
  83        0.84     0.62106
  84        0.85     0.63679
  85     0.86071     0.65406
  86     0.87002     0.66952
  87        0.88     0.68661
  88        0.89     0.70432
  89     0.90001     0.72266
  90     0.91003     0.74177
  91        0.92     0.76155
  92     0.93003     0.78233
  93     0.94001     0.80402
  94        0.95     0.82701
  95        0.96      0.8518
  96     0.97001     0.87854
  97     0.98047     0.90979
  98        0.99     0.94336
  99           1           1
-----------------------------------------

----------------- PPP$ and local currency --------------
         PPP used in computation: 16.7691
     Data mean in local currency: 1041.7
               Data mean in PPP$: 264.475
        Poverty line in PPP$/Day: 1.9
      Poverty line in PPP$/Month: 57.7917
  Poverty line in local currency: 227.627
-------------------------------------------------------

----------------- Estimation result --------------
     Number of observation: 187991
          Total population: 1.45249E+08
              Total wealth: 9.02291E+09(PPP$)
                   Minimum: 0.567517(PPP$)
                   Maximum: 2298.46(PPP$)
             Headcount(HC): 0.0339801
          Poverty gap (PG): 0.00822717
       Poverty gap squared: 0.00313859
                      Gini: 0.374434
                    Median: 208.601
                       MLD: 0.240644
                      Watt: 0.0107811
--------------------------------------------------

-------------------------------- Income or Consumption share by deciles (%) -------------------------------------
     2.3971     3.8723     4.9656     6.0599     7.2422     8.6214     10.342     12.673     16.091     27.735
-----------------------------------------------------------------------------------------------------------------


