

**********************************************************************************************
**                                   Basic Information                                      **
**********************************************************************************************

----------------- Dataset Information -----------------
                         Country: Russian Federation
                    Country dode: RUS
                       Data Year: 2007
                        Coverage: National
             Welfare measurement: Consumption
                     Data format: Unit record
                     Data source: RUS_N2007X
                  Data time span: UnDefined
-------------------------------------------------------


----------- Distribution ------------
   i           P           L 
-------------------------------------
   0    0.010009   0.0011942
   1    0.020004   0.0028584
   2    0.030004   0.0047594
   3    0.040003   0.0068566
   4    0.050006   0.0091331
   5     0.06001    0.011565
   6    0.070017    0.014136
   7    0.080002    0.016824
   8    0.090001     0.01964
   9     0.10001    0.022576
  10        0.11    0.025618
  11     0.12001    0.028768
  12     0.13002    0.032031
  13        0.14    0.035384
  14     0.15001     0.03885
  15        0.16    0.042407
  16        0.17    0.046066
  17        0.18     0.04982
  18        0.19    0.053676
  19         0.2    0.057625
  20     0.21002    0.061674
  21        0.22    0.065808
  22     0.23002    0.070042
  23     0.24001     0.07436
  24     0.25002     0.07878
  25     0.26001    0.083288
  26        0.27    0.087892
  27        0.28    0.092593
  28        0.29    0.097391
  29     0.30001     0.10229
  30     0.31001     0.10727
  31        0.32     0.11235
  32     0.33001     0.11753
  33        0.34     0.12279
  34        0.35     0.12816
  35        0.36     0.13363
  36      0.3701     0.13925
  37        0.38     0.14485
  38     0.39001     0.15062
  39         0.4     0.15647
  40     0.41006     0.16247
  41     0.42002     0.16852
  42     0.43001      0.1747
  43     0.44001     0.18098
  44        0.45     0.18737
  45     0.46008     0.19394
  46     0.47001     0.20053
  47        0.48     0.20729
  48        0.49     0.21416
  49     0.50005     0.22119
  50     0.51001     0.22828
  51        0.52     0.23553
  52        0.53      0.2429
  53        0.54      0.2504
  54        0.55     0.25804
  55        0.56     0.26584
  56        0.57     0.27379
  57     0.58001     0.28188
  58     0.59001     0.29012
  59     0.60005     0.29856
  60     0.61001      0.3071
  61     0.62001     0.31585
  62     0.63007     0.32483
  63     0.64003     0.33389
  64        0.65     0.34313
  65     0.66001     0.35259
  66        0.67     0.36221
  67     0.68001     0.37204
  68     0.69002     0.38209
  69     0.70014     0.39247
  70     0.71002     0.40283
  71     0.72005     0.41362
  72     0.73011     0.42475
  73        0.74     0.43593
  74     0.75002     0.44753
  75        0.76     0.45936
  76        0.77     0.47153
  77     0.78001     0.48405
  78        0.79     0.49693
  79         0.8     0.51017
  80     0.81013     0.52396
  81     0.82001     0.53784
  82     0.83019     0.55261
  83        0.84     0.56728
  84        0.85      0.5828
  85        0.86     0.59896
  86        0.87      0.6158
  87     0.88019     0.63377
  88     0.89008     0.65213
  89     0.90001     0.67165
  90      0.9102     0.69295
  91     0.92001     0.71459
  92     0.93059     0.73938
  93     0.94001      0.7629
  94     0.95001     0.78991
  95      0.9601     0.81952
  96     0.97026     0.85211
  97      0.9801       0.889
  98     0.99062     0.93687
  99           1           1
-----------------------------------------

----------------- PPP$ and local currency --------------
         PPP used in computation: 16.7691
     Data mean in local currency: 6709.72
               Data mean in PPP$: 590.691
        Poverty line in PPP$/Day: 1.9
      Poverty line in PPP$/Month: 57.7917
  Poverty line in local currency: 656.462
-------------------------------------------------------

----------------- Estimation result --------------
     Number of observation: 193125
          Total population: 1.41062E+08
              Total wealth: 5.6442E+10(PPP$)
                   Minimum: 4.08108(PPP$)
                   Maximum: 7888.75(PPP$)
             Headcount(HC): 0.00202548
          Poverty gap (PG): 0.0004829
       Poverty gap squared: 0.000193611
                      Gini: 0.423335
                    Median: 416.778
                       MLD: 0.300419
                      Watt: 0.000645464
--------------------------------------------------

-------------------------------- Income or Consumption share by deciles (%) -------------------------------------
     2.2574      3.505     4.4659     5.4184     6.4688      7.736     9.3806     11.785     16.147     32.837
-----------------------------------------------------------------------------------------------------------------


