

**********************************************************************************************
**                                   Basic Information                                      **
**********************************************************************************************

----------------- Dataset Information -----------------
                         Country: Russian Federation
                    Country dode: RUS
                       Data Year: 2005
                        Coverage: National
             Welfare measurement: Consumption
                     Data format: Unit record
                     Data source: RUS_N2005X
                  Data time span: UnDefined
-------------------------------------------------------


----------- Distribution ------------
   i           P           L 
-------------------------------------
   0    0.010005   0.0010793
   1    0.020001   0.0026633
   2    0.030007   0.0045277
   3    0.040011   0.0065977
   4    0.050006   0.0088462
   5    0.060002    0.011255
   6    0.070002    0.013807
   7    0.080005    0.016492
   8    0.090001    0.019302
   9         0.1    0.022233
  10     0.11001    0.025289
  11        0.12    0.028457
  12        0.13    0.031741
  13        0.14    0.035133
  14        0.15    0.038632
  15        0.16    0.042236
  16        0.17    0.045951
  17     0.18002    0.049778
  18        0.19    0.053689
  19         0.2    0.057709
  20        0.21    0.061824
  21     0.22001    0.066031
  22        0.23    0.070334
  23        0.24    0.074736
  24     0.25001    0.079233
  25     0.26001    0.083826
  26     0.27002    0.088518
  27        0.28    0.093288
  28        0.29    0.098169
  29     0.30001     0.10316
  30     0.31003     0.10825
  31        0.32     0.11342
  32        0.33     0.11869
  33        0.34     0.12406
  34     0.35008     0.12957
  35        0.36     0.13509
  36     0.37002     0.14077
  37     0.38008     0.14657
  38     0.39006     0.15243
  39         0.4     0.15838
  40        0.41     0.16448
  41     0.42002      0.1707
  42     0.43015     0.17712
  43        0.44     0.18346
  44        0.45     0.19001
  45        0.46     0.19667
  46      0.4701     0.20352
  47        0.48     0.21035
  48        0.49     0.21737
  49     0.50017     0.22464
  50        0.51      0.2318
  51        0.52     0.23922
  52        0.53     0.24677
  53     0.54001     0.25448
  54     0.55001     0.26233
  55        0.56     0.27035
  56     0.57001     0.27852
  57     0.58003     0.28686
  58        0.59     0.29531
  59         0.6     0.30394
  60        0.61     0.31275
  61     0.62003     0.32175
  62     0.63001     0.33092
  63        0.64     0.34028
  64        0.65     0.34986
  65        0.66     0.35964
  66        0.67     0.36963
  67        0.68     0.37985
  68     0.69002     0.39033
  69     0.70018     0.40119
  70     0.71001     0.41191
  71     0.72003     0.42306
  72     0.73001     0.43441
  73     0.74002     0.44605
  74     0.75004     0.45796
  75     0.76002     0.47012
  76        0.77     0.48259
  77     0.78001     0.49547
  78     0.79008     0.50883
  79     0.80001     0.52239
  80     0.81002     0.53641
  81        0.82     0.55087
  82        0.83     0.56581
  83     0.84045     0.58192
  84     0.85001     0.59713
  85     0.86004     0.61362
  86        0.87     0.63059
  87     0.88003     0.64836
  88     0.89006      0.6669
  89         0.9     0.68606
  90     0.91001     0.70618
  91     0.92003     0.72748
  92     0.93002     0.74987
  93     0.94002     0.77369
  94     0.95037     0.79998
  95        0.96     0.82649
  96     0.97002     0.85719
  97     0.98084     0.89711
  98      0.9901     0.93709
  99           1           1
-----------------------------------------

----------------- PPP$ and local currency --------------
         PPP used in computation: 16.7691
     Data mean in local currency: 4449.4
               Data mean in PPP$: 468.312
        Poverty line in PPP$/Day: 1.9
      Poverty line in PPP$/Month: 57.7917
  Poverty line in local currency: 549.075
-------------------------------------------------------

----------------- Estimation result --------------
     Number of observation: 187418
          Total population: 1.42316E+08
              Total wealth: 3.77611E+10(PPP$)
                   Minimum: 2.68178(PPP$)
                   Maximum: 5402.76(PPP$)
             Headcount(HC): 0.0065725
          Poverty gap (PG): 0.00147509
       Poverty gap squared: 0.000560137
                      Gini: 0.413685
                    Median: 337.714
                       MLD: 0.289668
                      Watt: 0.00193064
--------------------------------------------------

-------------------------------- Income or Consumption share by deciles (%) -------------------------------------
     2.2233     3.5476     4.5443     5.5226     6.6139     7.9423      9.705     12.139     16.368     31.394
-----------------------------------------------------------------------------------------------------------------


