

**********************************************************************************************
**                                   Basic Information                                      **
**********************************************************************************************

----------------- Dataset Information -----------------
                         Country: Russian Federation
                    Country dode: RUS
                       Data Year: 2012
                        Coverage: National
             Welfare measurement: Consumption
                     Data format: Unit record
                     Data source: RUS_N2012X
                  Data time span: UnDefined
-------------------------------------------------------


----------- Distribution ------------
   i           P           L 
-------------------------------------
   0    0.010009   0.0011686
   1    0.020009   0.0027888
   2    0.030014   0.0046712
   3    0.040001   0.0067718
   4    0.050001   0.0090745
   5    0.060003    0.011543
   6        0.07    0.014158
   7     0.08001    0.016917
   8    0.090005      0.0198
   9     0.10001    0.022812
  10        0.11    0.025932
  11        0.12    0.029176
  12        0.13    0.032532
  13     0.14001    0.035998
  14     0.15024    0.039651
  15     0.16001    0.043243
  16     0.17001    0.047022
  17        0.18      0.0509
  18     0.19002    0.054892
  19     0.20001    0.058964
  20        0.21    0.063128
  21     0.22029    0.067507
  22        0.23    0.071728
  23     0.24001    0.076165
  24        0.25    0.080688
  25     0.26001    0.085307
  26     0.27001    0.090012
  27     0.28001    0.094813
  28        0.29    0.099696
  29         0.3     0.10467
  30     0.31001     0.10974
  31        0.32      0.1149
  32        0.33     0.12015
  33     0.34001      0.1255
  34        0.35     0.13095
  35        0.36      0.1365
  36        0.37     0.14215
  37     0.38001     0.14791
  38     0.39014     0.15386
  39         0.4     0.15974
  40     0.41003     0.16584
  41     0.42001     0.17202
  42     0.43001     0.17833
  43        0.44     0.18475
  44     0.45011     0.19136
  45     0.46003     0.19796
  46     0.47002     0.20471
  47        0.48     0.21158
  48        0.49     0.21857
  49         0.5     0.22567
  50        0.51      0.2329
  51     0.52003     0.24029
  52        0.53     0.24777
  53     0.54001     0.25541
  54        0.55     0.26319
  55        0.56     0.27112
  56        0.57     0.27921
  57        0.58     0.28743
  58        0.59     0.29581
  59         0.6     0.30434
  60     0.61003     0.31305
  61     0.62001     0.32186
  62     0.63001     0.33087
  63     0.64001     0.34004
  64     0.65001     0.34939
  65     0.66001     0.35891
  66     0.67009      0.3687
  67        0.68     0.37853
  68        0.69     0.38865
  69         0.7     0.39899
  70     0.71008     0.40964
  71     0.72002     0.42036
  72     0.73082     0.43231
  73     0.74014     0.44284
  74     0.75001     0.45425
  75        0.76     0.46612
  76        0.77      0.4783
  77     0.78033     0.49122
  78     0.79001      0.5036
  79         0.8     0.51677
  80        0.81     0.53039
  81        0.82     0.54446
  82     0.83007      0.5591
  83     0.84001     0.57403
  84     0.85005     0.58975
  85     0.86001     0.60596
  86        0.87     0.62289
  87        0.88     0.64052
  88     0.89001     0.65875
  89     0.90034     0.67847
  90        0.91     0.69791
  91     0.92037     0.71999
  92        0.93      0.7417
  93     0.94002     0.76598
  94     0.95001     0.79228
  95     0.96004      0.8212
  96     0.97038     0.85476
  97     0.98002     0.89028
  98     0.99225     0.94658
  99           1           1
-----------------------------------------

----------------- PPP$ and local currency --------------
         PPP used in computation: 16.7691
     Data mean in local currency: 13856.1
               Data mean in PPP$: 786.432
        Poverty line in PPP$/Day: 1.9
      Poverty line in PPP$/Month: 57.7917
  Poverty line in local currency: 1018.23
-------------------------------------------------------

----------------- Estimation result --------------
     Number of observation: 186391
          Total population: 1.41771E+08
              Total wealth: 1.17143E+11(PPP$)
                   Minimum: 8.4815(PPP$)
                   Maximum: 15260.7(PPP$)
             Headcount(HC): 0.000408173
          Poverty gap (PG): 7.46076E-05
       Poverty gap squared: 2.55789E-05
                      Gini: 0.415893
                    Median: 563.541
                       MLD: 0.290491
                      Watt: 9.42076E-05
--------------------------------------------------

-------------------------------- Income or Consumption share by deciles (%) -------------------------------------
     2.2808     3.6151     4.5709     5.5073     6.5931     7.8669     9.4645     11.778     16.106     32.217
-----------------------------------------------------------------------------------------------------------------


