

**********************************************************************************************
**                                   Basic Information                                      **
**********************************************************************************************

----------------- Dataset Information -----------------
                         Country: Russian Federation
                    Country dode: RUS
                       Data Year: 2011
                        Coverage: National
             Welfare measurement: Consumption
                     Data format: Unit record
                     Data source: RUS_N2011X
                  Data time span: UnDefined
-------------------------------------------------------


----------- Distribution ------------
   i           P           L 
-------------------------------------
   0    0.010001   0.0011666
   1    0.020006   0.0027898
   2    0.030001   0.0046672
   3    0.040001   0.0067818
   4    0.050087   0.0091139
   5        0.06    0.011566
   6    0.070001    0.014182
   7    0.080005    0.016946
   8    0.090029     0.01985
   9         0.1    0.022859
  10        0.11     0.02599
  11        0.12    0.029243
  12        0.13    0.032611
  13        0.14    0.036094
  14        0.15    0.039694
  15        0.16    0.043397
  16        0.17    0.047207
  17        0.18    0.051121
  18     0.19002    0.055146
  19         0.2    0.059255
  20        0.21    0.063462
  21     0.22001    0.067765
  22        0.23    0.072155
  23        0.24    0.076636
  24     0.25002    0.081218
  25        0.26    0.085888
  26        0.27     0.09067
  27     0.28001    0.095548
  28        0.29     0.10051
  29     0.30001     0.10558
  30        0.31     0.11073
  31        0.32     0.11598
  32     0.33003     0.12133
  33     0.34001     0.12676
  34        0.35      0.1323
  35        0.36     0.13794
  36     0.37003     0.14369
  37        0.38     0.14952
  38        0.39     0.15546
  39         0.4      0.1615
  40        0.41     0.16766
  41        0.42     0.17392
  42        0.43     0.18029
  43     0.44003      0.1868
  44        0.45      0.1934
  45     0.46001     0.20013
  46     0.47008     0.20703
  47        0.48     0.21394
  48     0.49001     0.22103
  49     0.50001     0.22825
  50        0.51     0.23557
  51     0.52006     0.24307
  52        0.53     0.25062
  53        0.54     0.25834
  54     0.55001     0.26621
  55        0.56      0.2742
  56     0.57009      0.2824
  57     0.58004     0.29062
  58     0.59002     0.29901
  59     0.60001     0.30757
  60     0.61002     0.31631
  61     0.62002     0.32523
  62        0.63      0.3343
  63        0.64     0.34356
  64        0.65     0.35299
  65        0.66     0.36259
  66     0.67018     0.37257
  67        0.68     0.38241
  68     0.69001     0.39265
  69         0.7      0.4031
  70        0.71     0.41379
  71     0.72001     0.42472
  72     0.73007     0.43594
  73     0.74018     0.44749
  74     0.75016     0.45919
  75        0.76     0.47101
  76        0.77     0.48333
  77        0.78     0.49594
  78     0.79001      0.5089
  79     0.80002     0.52227
  80     0.81002     0.53603
  81     0.82002     0.55017
  82        0.83     0.56468
  83        0.84     0.57973
  84        0.85     0.59535
  85     0.86008     0.61171
  86     0.87002     0.62849
  87     0.88013     0.64647
  88     0.89001     0.66481
  89     0.90001     0.68438
  90     0.91002     0.70485
  91     0.92003     0.72636
  92     0.93004     0.74911
  93        0.94     0.77356
  94     0.95001     0.79977
  95     0.96019      0.8288
  96     0.97096     0.86338
  97     0.98018     0.89681
  98     0.99004     0.93851
  99           1           1
-----------------------------------------

----------------- PPP$ and local currency --------------
         PPP used in computation: 16.7691
     Data mean in local currency: 12524.4
               Data mean in PPP$: 746.874
        Poverty line in PPP$/Day: 1.9
      Poverty line in PPP$/Month: 57.7917
  Poverty line in local currency: 969.116
-------------------------------------------------------

----------------- Estimation result --------------
     Number of observation: 186636
          Total population: 1.4164E+08
              Total wealth: 1.05787E+11(PPP$)
                   Minimum: 7.558(PPP$)
                   Maximum: 14359.4(PPP$)
             Headcount(HC): 0.000778657
          Poverty gap (PG): 0.000135844
       Poverty gap squared: 4.05474E-05
                      Gini: 0.410371
                    Median: 543.099
                       MLD: 0.283176
                      Watt: 0.000164585
--------------------------------------------------

-------------------------------- Income or Consumption share by deciles (%) -------------------------------------
     2.2857     3.6397     4.6322     5.5926     6.6735     7.9322     9.5542     11.914     16.211     31.565
-----------------------------------------------------------------------------------------------------------------


