

**********************************************************************************************
**                                   Basic Information                                      **
**********************************************************************************************

----------------- Dataset Information -----------------
                         Country: Russian Federation
                    Country dode: RUS
                       Data Year: 2002
                        Coverage: National
             Welfare measurement: Consumption
                     Data format: Unit record
                     Data source: RUS_N2002X
                  Data time span: UnDefined
-------------------------------------------------------


----------- Distribution ------------
   i           P           L 
-------------------------------------
   0    0.010002   0.0013917
   1    0.020009   0.0033247
   2    0.030003   0.0055546
   3     0.04001   0.0080168
   4    0.050007    0.010668
   5    0.060002    0.013487
   6    0.070002    0.016462
   7     0.08006    0.019605
   8    0.090009    0.022855
   9     0.10001    0.026249
  10        0.11    0.029761
  11     0.12003    0.033409
  12        0.13    0.037155
  13        0.14    0.041025
  14        0.15    0.045003
  15        0.16    0.049088
  16        0.17    0.053279
  17        0.18    0.057575
  18        0.19    0.061965
  19         0.2    0.066457
  20        0.21    0.071048
  21        0.22    0.075739
  22     0.23002    0.080532
  23     0.24001    0.085409
  24     0.25006    0.090414
  25        0.26    0.095462
  26        0.27     0.10064
  27        0.28     0.10591
  28        0.29     0.11128
  29         0.3     0.11674
  30     0.31001     0.12232
  31     0.32001     0.12799
  32        0.33     0.13376
  33     0.34001     0.13964
  34     0.35001     0.14561
  35        0.36     0.15169
  36        0.37     0.15788
  37        0.38     0.16417
  38     0.39004      0.1706
  39     0.40011     0.17718
  40        0.41     0.18373
  41     0.42004      0.1905
  42        0.43     0.19732
  43     0.44002     0.20429
  44     0.45003     0.21136
  45        0.46     0.21852
  46     0.47007     0.22587
  47        0.48     0.23322
  48     0.49001     0.24076
  49     0.50006     0.24847
  50        0.51     0.25622
  51        0.52     0.26414
  52        0.53      0.2722
  53        0.54     0.28038
  54        0.55      0.2887
  55     0.56002     0.29719
  56        0.57     0.30579
  57     0.58009     0.31464
  58     0.59011     0.32359
  59         0.6     0.33258
  60     0.61004     0.34188
  61     0.62004      0.3513
  62     0.63001     0.36086
  63        0.64     0.37061
  64     0.65001     0.38057
  65        0.66      0.3907
  66     0.67001     0.40104
  67        0.68     0.41157
  68        0.69     0.42233
  69     0.70001     0.43331
  70     0.71001     0.44457
  71        0.72     0.45606
  72        0.73     0.46783
  73        0.74     0.47986
  74     0.75001     0.49222
  75     0.76004     0.50488
  76     0.77001     0.51773
  77     0.78002     0.53088
  78     0.79008      0.5444
  79         0.8     0.55807
  80        0.81     0.57217
  81     0.82001     0.58668
  82     0.83001     0.60156
  83     0.84014     0.61701
  84     0.85002     0.63252
  85        0.86     0.64864
  86     0.87012     0.66546
  87        0.88      0.6824
  88     0.89001     0.70019
  89         0.9     0.71855
  90        0.91     0.73763
  91     0.92001     0.75753
  92        0.93     0.77847
  93     0.94009     0.80068
  94     0.95002     0.82375
  95     0.96001     0.84836
  96     0.97006     0.87522
  97     0.98032     0.90596
  98     0.99002     0.94056
  99           1           1
-----------------------------------------

----------------- PPP$ and local currency --------------
         PPP used in computation: 16.7691
     Data mean in local currency: 2419.31
               Data mean in PPP$: 361.615
        Poverty line in PPP$/Day: 1.9
      Poverty line in PPP$/Month: 57.7917
  Poverty line in local currency: 386.643
-------------------------------------------------------

----------------- Estimation result --------------
     Number of observation: 193304
          Total population: 1.43329E+08
              Total wealth: 2.06784E+10(PPP$)
                   Minimum: 1.26493(PPP$)
                   Maximum: 5564.12(PPP$)
             Headcount(HC): 0.00697302
          Poverty gap (PG): 0.00144631
       Poverty gap squared: 0.000525896
                      Gini: 0.372838
                    Median: 279.481
                       MLD: 0.233294
                      Watt: 0.00190523
--------------------------------------------------

-------------------------------- Income or Consumption share by deciles (%) -------------------------------------
     2.6246      4.021     5.0285     6.0362     7.1318     8.4158     10.073     12.476     16.048     28.145
-----------------------------------------------------------------------------------------------------------------


