

**********************************************************************************************
**                                   Basic Information                                      **
**********************************************************************************************

----------------- Dataset Information -----------------
                         Country: Russian Federation
                    Country dode: RUS
                       Data Year: 2004
                        Coverage: National
             Welfare measurement: Consumption
                     Data format: Unit record
                     Data source: RUS_N2004X
                  Data time span: UnDefined
-------------------------------------------------------


----------- Distribution ------------
   i           P           L 
-------------------------------------
   0    0.010006   0.0010454
   1    0.020002   0.0026117
   2    0.030006   0.0044652
   3    0.040001    0.006534
   4    0.050004   0.0087825
   5    0.060006    0.011203
   6    0.070001     0.01377
   7    0.080001    0.016479
   8    0.090002    0.019319
   9         0.1     0.02228
  10     0.11001    0.025361
  11        0.12    0.028555
  12        0.13    0.031862
  13     0.14001    0.035283
  14        0.15    0.038802
  15        0.16    0.042423
  16        0.17    0.046146
  17        0.18     0.04997
  18        0.19    0.053887
  19         0.2    0.057903
  20        0.21    0.062023
  21        0.22     0.06624
  22     0.23001    0.070554
  23     0.24002    0.074971
  24     0.25001    0.079472
  25        0.26    0.084071
  26     0.27001    0.088773
  27        0.28    0.093569
  28     0.29004    0.098487
  29         0.3     0.10347
  30        0.31     0.10856
  31        0.32     0.11375
  32        0.33     0.11904
  33        0.34     0.12442
  34        0.35     0.12991
  35        0.36      0.1355
  36     0.37001      0.1412
  37        0.38       0.147
  38        0.39     0.15291
  39         0.4     0.15894
  40     0.41004      0.1651
  41        0.42     0.17134
  42        0.43     0.17772
  43        0.44     0.18422
  44        0.45     0.19085
  45        0.46      0.1976
  46        0.47     0.20447
  47        0.48     0.21148
  48        0.49     0.21863
  49         0.5     0.22591
  50        0.51     0.23332
  51     0.52003     0.24089
  52        0.53     0.24856
  53        0.54     0.25641
  54     0.55001     0.26441
  55        0.56     0.27255
  56     0.57011     0.28096
  57        0.58     0.28934
  58        0.59     0.29796
  59         0.6     0.30674
  60        0.61      0.3157
  61        0.62     0.32483
  62     0.63002     0.33416
  63     0.64005     0.34369
  64        0.65     0.35334
  65     0.66001     0.36324
  66     0.67008     0.37342
  67        0.68     0.38364
  68     0.69019     0.39437
  69     0.70001     0.40498
  70        0.71     0.41604
  71     0.72003     0.42738
  72     0.73003     0.43895
  73        0.74     0.45075
  74     0.75002     0.46285
  75        0.76     0.47515
  76        0.77     0.48777
  77     0.78001     0.50075
  78     0.79001     0.51411
  79         0.8     0.52779
  80        0.81     0.54185
  81     0.82018     0.55659
  82     0.83002     0.57126
  83     0.84007     0.58677
  84        0.85     0.60258
  85     0.86001     0.61908
  86        0.87     0.63618
  87     0.88001     0.65393
  88        0.89     0.67234
  89         0.9     0.69159
  90     0.91005      0.7119
  91        0.92     0.73321
  92     0.93002     0.75587
  93        0.94     0.77953
  94     0.95002     0.80494
  95     0.96001     0.83221
  96     0.97064     0.86454
  97     0.98004     0.89705
  98     0.99029     0.93964
  99           1           1
-----------------------------------------

----------------- PPP$ and local currency --------------
         PPP used in computation: 16.7691
     Data mean in local currency: 3646.06
               Data mean in PPP$: 432.432
        Poverty line in PPP$/Day: 1.9
      Poverty line in PPP$/Month: 57.7917
  Poverty line in local currency: 487.272
-------------------------------------------------------

----------------- Estimation result --------------
     Number of observation: 193339
          Total population: 1.43047E+08
              Total wealth: 3.11022E+10(PPP$)
                   Minimum: 2.14353(PPP$)
                   Maximum: 4355.94(PPP$)
             Headcount(HC): 0.00886124
          Poverty gap (PG): 0.00220127
       Poverty gap squared: 0.0008945
                      Gini: 0.409203
                    Median: 317.637
                       MLD: 0.28431
                      Watt: 0.00296686
--------------------------------------------------

-------------------------------- Income or Consumption share by deciles (%) -------------------------------------
      2.228     3.5623     4.5562     5.5472     6.6968     8.0832     9.8233     12.282      16.38     30.841
-----------------------------------------------------------------------------------------------------------------


