

**********************************************************************************************
**                                   Basic Information                                      **
**********************************************************************************************

----------------- Dataset Information -----------------
                         Country: Russian Federation
                    Country dode: RUS
                       Data Year: 1997
                        Coverage: National
             Welfare measurement: Consumption
                     Data format: Unit record
                     Data source: RUS_N1997X
                  Data time span: UnDefined
-------------------------------------------------------


----------- Distribution ------------
   i           P           L 
-------------------------------------
   0    0.010006   0.0011555
   1    0.020001    0.002856
   2    0.030012   0.0048599
   3    0.040013   0.0070942
   4    0.050002   0.0095254
   5    0.060002    0.012142
   6    0.070002    0.014917
   7    0.080001    0.017841
   8    0.090003    0.020911
   9         0.1     0.02412
  10        0.11    0.027461
  11        0.12    0.030924
  12     0.13003     0.03452
  13     0.14001    0.038215
  14        0.15    0.042027
  15     0.16001     0.04596
  16     0.17002    0.050008
  17        0.18    0.054155
  18        0.19    0.058415
  19         0.2    0.062783
  20        0.21    0.067254
  21        0.22    0.071831
  22     0.23003    0.076531
  23     0.24001    0.081311
  24        0.25    0.086199
  25        0.26    0.091195
  26        0.27    0.096297
  27        0.28     0.10151
  28        0.29     0.10683
  29         0.3     0.11225
  30        0.31     0.11778
  31     0.32001     0.12342
  32        0.33     0.12916
  33        0.34     0.13502
  34        0.35     0.14097
  35     0.36001     0.14703
  36        0.37     0.15319
  37        0.38     0.15947
  38     0.39002     0.16586
  39         0.4     0.17233
  40        0.41     0.17894
  41        0.42     0.18566
  42        0.43     0.19249
  43     0.44001     0.19944
  44        0.45     0.20652
  45        0.46     0.21372
  46        0.47     0.22104
  47        0.48      0.2285
  48     0.49001     0.23609
  49         0.5     0.24378
  50     0.51001     0.25162
  51        0.52     0.25956
  52        0.53     0.26764
  53     0.54002     0.27586
  54        0.55     0.28416
  55        0.56     0.29262
  56     0.57001     0.30123
  57        0.58     0.30997
  58        0.59     0.31886
  59         0.6     0.32788
  60        0.61     0.33707
  61        0.62     0.34643
  62     0.63004       0.356
  63        0.64     0.36568
  64        0.65     0.37555
  65        0.66      0.3856
  66        0.67     0.39583
  67     0.68003     0.40628
  68        0.69     0.41686
  69         0.7     0.42768
  70     0.71001     0.43875
  71        0.72     0.45002
  72        0.73     0.46155
  73     0.74001     0.47333
  74        0.75     0.48534
  75     0.76001     0.49761
  76        0.77     0.51013
  77        0.78     0.52294
  78        0.79     0.53603
  79         0.8     0.54943
  80        0.81     0.56318
  81     0.82004     0.57736
  82     0.83001     0.59181
  83     0.84001     0.60668
  84     0.85002     0.62199
  85     0.86001     0.63769
  86        0.87     0.65391
  87     0.88002     0.67074
  88        0.89     0.68809
  89         0.9     0.70609
  90     0.91002     0.72487
  91     0.92002     0.74445
  92     0.93001       0.765
  93     0.94001     0.78688
  94        0.95     0.81029
  95     0.96001     0.83572
  96     0.97001     0.86347
  97     0.98026     0.89602
  98     0.99001      0.9332
  99           1           1
-----------------------------------------

----------------- PPP$ and local currency --------------
         PPP used in computation: 16.7691
     Data mean in local currency: 612.922
               Data mean in PPP$: 369.029
        Poverty line in PPP$/Day: 1.9
      Poverty line in PPP$/Month: 57.7917
  Poverty line in local currency: 95.9863
-------------------------------------------------------

----------------- Estimation result --------------
     Number of observation: 188197
          Total population: 1.46028E+08
              Total wealth: 5.33742E+09(PPP$)
                   Minimum: 0.320146(PPP$)
                   Maximum: 1083.75(PPP$)
             Headcount(HC): 0.0113487
          Poverty gap (PG): 0.00265239
       Poverty gap squared: 0.001024
                      Gini: 0.384092
                    Median: 286.544
                       MLD: 0.251798
                      Watt: 0.00350931
--------------------------------------------------

-------------------------------- Income or Consumption share by deciles (%) -------------------------------------
     2.4119     3.8663     4.9469     6.0082     7.1451     8.4094     9.9801     12.175     15.666     29.392
-----------------------------------------------------------------------------------------------------------------


