

**********************************************************************************************
**                                   Basic Information                                      **
**********************************************************************************************

----------------- Dataset Information -----------------
                         Country: Russian Federation
                    Country dode: RUS
                       Data Year: 2006
                        Coverage: National
             Welfare measurement: Consumption
                     Data format: Unit record
                     Data source: RUS_N2006X
                  Data time span: UnDefined
-------------------------------------------------------


----------- Distribution ------------
   i           P           L 
-------------------------------------
   0    0.010017   0.0010695
   1    0.020001   0.0026241
   2    0.030003   0.0044436
   3    0.040001   0.0064677
   4    0.050008   0.0086702
   5    0.060008    0.011033
   6    0.070013    0.013547
   7    0.080004    0.016191
   8    0.090002    0.018968
   9         0.1    0.021869
  10        0.11    0.024892
  11        0.12    0.028028
  12        0.13    0.031282
  13     0.14002    0.034651
  14     0.15001    0.038113
  15     0.16003    0.041685
  16        0.17    0.045343
  17        0.18    0.049106
  18        0.19    0.052964
  19     0.20001    0.056927
  20     0.21002    0.060998
  21        0.22    0.065154
  22        0.23    0.069421
  23     0.24001     0.07379
  24     0.25002    0.078259
  25     0.26003    0.082826
  26     0.27001    0.087477
  27     0.28011     0.09228
  28        0.29    0.097085
  29         0.3     0.10204
  30        0.31     0.10711
  31     0.32005      0.1123
  32     0.33002     0.11754
  33     0.34001     0.12291
  34        0.35     0.12838
  35        0.36     0.13397
  36     0.37001     0.13966
  37        0.38     0.14545
  38        0.39     0.15135
  39     0.40003     0.15737
  40        0.41     0.16347
  41        0.42     0.16971
  42     0.43017     0.17617
  43        0.44     0.18252
  44        0.45      0.1891
  45        0.46     0.19581
  46        0.47     0.20263
  47     0.48003     0.20959
  48        0.49     0.21664
  49     0.50004     0.22387
  50        0.51     0.23116
  51        0.52     0.23861
  52     0.53001      0.2462
  53        0.54     0.25392
  54     0.55001      0.2618
  55     0.56001     0.26981
  56     0.57005       0.278
  57     0.58005      0.2863
  58     0.59001     0.29471
  59         0.6     0.30332
  60        0.61     0.31211
  61        0.62     0.32106
  62     0.63001      0.3302
  63     0.64001     0.33953
  64     0.65003     0.34906
  65        0.66     0.35874
  66     0.67001     0.36867
  67        0.68     0.37882
  68        0.69     0.38919
  69     0.70005     0.39981
  70     0.71007     0.41061
  71        0.72     0.42158
  72     0.73007     0.43299
  73     0.74001     0.44452
  74        0.75     0.45638
  75        0.76     0.46855
  76     0.77076     0.48201
  77     0.78003     0.49388
  78     0.79001     0.50704
  79     0.80001     0.52059
  80     0.81001     0.53453
  81        0.82     0.54893
  82     0.83001     0.56381
  83     0.84001     0.57914
  84     0.85059     0.59591
  85        0.86     0.61133
  86     0.87003     0.62834
  87        0.88     0.64586
  88     0.89002     0.66426
  89     0.90017     0.68399
  90     0.91023     0.70461
  91     0.92003     0.72587
  92     0.93029     0.74969
  93     0.94065     0.77536
  94     0.95011     0.80027
  95     0.96008     0.82826
  96     0.97001     0.85904
  97     0.98001     0.89484
  98     0.99188     0.94859
  99           1           1
-----------------------------------------

----------------- PPP$ and local currency --------------
         PPP used in computation: 16.7691
     Data mean in local currency: 5238.15
               Data mean in PPP$: 502.677
        Poverty line in PPP$/Day: 1.9
      Poverty line in PPP$/Month: 57.7917
  Poverty line in local currency: 602.218
-------------------------------------------------------

----------------- Estimation result --------------
     Number of observation: 193325
          Total population: 1.41633E+08
              Total wealth: 4.42416E+10(PPP$)
                   Minimum: 3.15202(PPP$)
                   Maximum: 6325.59(PPP$)
             Headcount(HC): 0.0054163
          Poverty gap (PG): 0.00123039
       Poverty gap squared: 0.000476111
                      Gini: 0.415381
                    Median: 364.854
                       MLD: 0.292411
                      Watt: 0.00164158
--------------------------------------------------

-------------------------------- Income or Consumption share by deciles (%) -------------------------------------
     2.1869     3.5056     4.5117      5.531     6.6488     7.9482     9.6431     12.082     16.308     31.635
-----------------------------------------------------------------------------------------------------------------


