

**********************************************************************************************
**                                   Basic Information                                      **
**********************************************************************************************

----------------- Dataset Information -----------------
                         Country: Russian Federation
                    Country dode: RUS
                       Data Year: 2009
                        Coverage: National
             Welfare measurement: Consumption
                     Data format: Unit record
                     Data source: RUS_N2009X
                  Data time span: UnDefined
-------------------------------------------------------


----------- Distribution ------------
   i           P           L 
-------------------------------------
   0    0.010008   0.0014857
   1    0.020011   0.0034621
   2    0.030001   0.0057043
   3    0.040001   0.0081484
   4    0.050011    0.010772
   5        0.06    0.013542
   6    0.070002    0.016461
   7    0.080025    0.019516
   8    0.090017    0.022679
   9         0.1     0.02596
  10     0.11006    0.029382
  11        0.12    0.032873
  12        0.13    0.036491
  13        0.14    0.040206
  14     0.15001    0.044026
  15        0.16    0.047942
  16     0.17001    0.051958
  17        0.18    0.056064
  18        0.19     0.06027
  19         0.2    0.064569
  20        0.21    0.068963
  21        0.22    0.073454
  22        0.23    0.078039
  23     0.24001    0.082715
  24        0.25    0.087481
  25        0.26    0.092345
  26        0.27    0.097305
  27        0.28     0.10236
  28        0.29      0.1075
  29         0.3     0.11274
  30     0.31001     0.11808
  31        0.32     0.12351
  32        0.33     0.12902
  33        0.34     0.13464
  34        0.35     0.14036
  35        0.36     0.14617
  36     0.37004      0.1521
  37     0.38001     0.15809
  38        0.39     0.16419
  39         0.4      0.1704
  40     0.41001     0.17671
  41     0.42001     0.18311
  42        0.43     0.18962
  43     0.44003     0.19625
  44        0.45     0.20296
  45        0.46      0.2098
  46        0.47     0.21675
  47     0.48001     0.22382
  48     0.49007     0.23105
  49         0.5     0.23831
  50        0.51     0.24573
  51     0.52006      0.2533
  52        0.53     0.26092
  53     0.54014     0.26879
  54        0.55     0.27656
  55     0.56006     0.28462
  56        0.57     0.29273
  57     0.58003     0.30104
  58        0.59     0.30943
  59         0.6     0.31799
  60        0.61     0.32668
  61        0.62     0.33551
  62        0.63     0.34451
  63        0.64     0.35367
  64        0.65       0.363
  65     0.66001      0.3725
  66     0.67008     0.38227
  67     0.68001     0.39212
  68     0.69011     0.40237
  69         0.7     0.41259
  70        0.71     0.42314
  71     0.72003     0.43395
  72     0.73001     0.44494
  73     0.74005     0.45626
  74        0.75     0.46775
  75     0.76003     0.47961
  76     0.77005     0.49178
  77     0.78002      0.5042
  78        0.79     0.51697
  79     0.80001      0.5301
  80     0.81001     0.54365
  81        0.82     0.55762
  82     0.83001     0.57202
  83        0.84     0.58687
  84     0.85001     0.60228
  85        0.86     0.61831
  86     0.87001     0.63504
  87     0.88003     0.65256
  88     0.89001      0.6707
  89         0.9      0.6897
  90        0.91     0.70962
  91        0.92     0.73065
  92     0.93005     0.75308
  93     0.94038      0.7775
  94     0.95031     0.80276
  95     0.96012     0.82989
  96     0.97001     0.85957
  97     0.98011     0.89403
  98     0.99018     0.93648
  99           1           1
-----------------------------------------

----------------- PPP$ and local currency --------------
         PPP used in computation: 16.7691
     Data mean in local currency: 9072.78
               Data mean in PPP$: 626.912
        Poverty line in PPP$/Day: 1.9
      Poverty line in PPP$/Month: 57.7917
  Poverty line in local currency: 836.371
-------------------------------------------------------

----------------- Estimation result --------------
     Number of observation: 186926
          Total population: 1.40668E+08
              Total wealth: 7.61068E+10(PPP$)
                   Minimum: 14.9706(PPP$)
                   Maximum: 10596.7(PPP$)
             Headcount(HC): 0.000409016
          Poverty gap (PG): 7.8299E-05
       Poverty gap squared: 2.61417E-05
                      Gini: 0.396926
                    Median: 461.566
                       MLD: 0.260505
                      Watt: 9.79858E-05
--------------------------------------------------

-------------------------------- Income or Consumption share by deciles (%) -------------------------------------
     2.5959     3.8609     4.8171     5.7656     6.7909     7.9683       9.46     11.751      15.96      31.03
-----------------------------------------------------------------------------------------------------------------


