

**********************************************************************************************
**                                   Basic Information                                      **
**********************************************************************************************

----------------- Dataset Information -----------------
                         Country: Rwanda
                    Country dode: RWA
                       Data Year: 2013
                        Coverage: National
             Welfare measurement: Consumption
                     Data format: Unit record
                     Data source: RWA_N2013X
                  Data time span: UnDefined
-------------------------------------------------------


----------- Distribution ------------
   i           P           L 
-------------------------------------
   0    0.010003   0.0011786
   1    0.020021   0.0027759
   2        0.03   0.0045853
   3    0.040037     0.00656
   4    0.050006   0.0086723
   5    0.060085    0.010944
   6    0.070072     0.01331
   7    0.080004    0.015767
   8    0.090128    0.018375
   9     0.10001    0.021012
  10     0.11015    0.023802
  11     0.12012     0.02662
  12     0.13006    0.029495
  13     0.14001    0.032454
  14     0.15004    0.035523
  15     0.16006    0.038669
  16     0.17004    0.041882
  17     0.18013    0.045202
  18     0.19004    0.048536
  19     0.20001    0.051961
  20     0.21012    0.055521
  21     0.22002    0.059078
  22     0.23005    0.062748
  23     0.24009    0.066494
  24     0.25008    0.070294
  25     0.26007    0.074158
  26     0.27003    0.078088
  27        0.28    0.082093
  28        0.29    0.086185
  29     0.30007    0.090382
  30     0.31004    0.094614
  31        0.32    0.098912
  32     0.33008     0.10334
  33     0.34011     0.10784
  34     0.35005     0.11239
  35     0.36001     0.11703
  36     0.37006     0.12178
  37     0.38002     0.12656
  38     0.39014      0.1315
  39     0.40001     0.13639
  40      0.4101     0.14147
  41     0.42008     0.14658
  42     0.43003     0.15175
  43     0.44001     0.15703
  44     0.45003     0.16241
  45     0.46009     0.16789
  46     0.47004     0.17339
  47     0.48003     0.17902
  48     0.49006     0.18474
  49     0.50007     0.19056
  50     0.51005     0.19645
  51     0.52008     0.20246
  52     0.53001     0.20851
  53     0.54005     0.21471
  54     0.55002     0.22098
  55     0.56004      0.2274
  56     0.57001      0.2339
  57     0.58002     0.24053
  58     0.59001     0.24728
  59         0.6     0.25417
  60     0.61005     0.26121
  61     0.62003     0.26835
  62     0.63005     0.27566
  63     0.64005      0.2831
  64     0.65003     0.29066
  65     0.66012     0.29846
  66     0.67012     0.30634
  67     0.68002     0.31433
  68     0.69004     0.32261
  69     0.70007     0.33109
  70     0.71012      0.3398
  71     0.72001      0.3486
  72     0.73001     0.35769
  73     0.74001       0.367
  74     0.75002     0.37657
  75     0.76001     0.38638
  76     0.77001     0.39647
  77     0.78002     0.40687
  78     0.79006     0.41762
  79     0.80005     0.42866
  80     0.81006     0.44006
  81     0.82004      0.4518
  82     0.83007     0.46409
  83     0.84005     0.47683
  84     0.85036      0.4906
  85     0.86004     0.50404
  86     0.87005     0.51867
  87     0.88006     0.53417
  88     0.89001     0.55056
  89     0.90008     0.56822
  90        0.91     0.58687
  91     0.92007     0.60727
  92     0.93017     0.62976
  93     0.94006     0.65408
  94     0.95002     0.68164
  95        0.96     0.71383
  96     0.97001     0.75103
  97     0.98002     0.79652
  98     0.99002     0.85805
  99           1           1
-----------------------------------------

----------------- PPP$ and local currency --------------
         PPP used in computation: 246.834
     Data mean in local currency: 23257.6
               Data mean in PPP$: 82.5657
        Poverty line in PPP$/Day: 1.9
      Poverty line in PPP$/Month: 57.7917
  Poverty line in local currency: 16279.1
-------------------------------------------------------

----------------- Estimation result --------------
     Number of observation: 14417
          Total population: 1.12588E+07
              Total wealth: 1.06084E+09(PPP$)
                   Minimum: 2.40213(PPP$)
                   Maximum: 5416.77(PPP$)
             Headcount(HC): 0.604326
          Poverty gap (PG): 0.2369
       Poverty gap squared: 0.119205
                      Gini: 0.504419
                    Median: 48.4033
                       MLD: 0.429996
                      Watt: 0.342822
--------------------------------------------------

-------------------------------- Income or Consumption share by deciles (%) -------------------------------------
      2.101     3.0948     3.8397     4.6032     5.4127     6.3651     7.6871     9.7568     13.947     43.192
-----------------------------------------------------------------------------------------------------------------


