

**********************************************************************************************
**                                   Basic Information                                      **
**********************************************************************************************

----------------- Dataset Information -----------------
                         Country: Rwanda
                    Country dode: RWA
                       Data Year: 2000
                        Coverage: National
             Welfare measurement: Consumption
                     Data format: Unit record
                     Data source: RWA_N2000X
                  Data time span: UnDefined
-------------------------------------------------------


----------- Distribution ------------
   i           P           L 
-------------------------------------
   0    0.010008   0.0009954
   1    0.020038   0.0023928
   2    0.030305   0.0041047
   3    0.040279   0.0059603
   4    0.050059   0.0079375
   5    0.060142    0.010121
   6    0.070091    0.012391
   7    0.080057    0.014791
   8    0.090054    0.017311
   9     0.10002    0.019937
  10     0.11001     0.02269
  11     0.12019    0.025593
  12        0.13    0.028496
  13        0.14    0.031553
  14     0.15004    0.034739
  15     0.16027    0.038079
  16     0.17008    0.041375
  17     0.18007    0.044811
  18     0.19005    0.048325
  19     0.20015    0.051947
  20      0.2101    0.055598
  21      0.2203    0.059441
  22      0.2301    0.063203
  23     0.24012    0.067099
  24     0.25012    0.071075
  25     0.26008    0.075107
  26     0.27011    0.079258
  27     0.28008    0.083459
  28     0.29011    0.087776
  29     0.30008    0.092143
  30      0.3103    0.096717
  31        0.32     0.10116
  32      0.3302     0.10589
  33     0.34023     0.11062
  34        0.35     0.11532
  35     0.36018      0.1203
  36     0.37005      0.1252
  37     0.38017      0.1303
  38     0.39004     0.13537
  39     0.40013     0.14065
  40     0.41005     0.14593
  41     0.42002      0.1513
  42        0.43     0.15678
  43     0.44001     0.16236
  44     0.45001     0.16802
  45     0.46011     0.17385
  46     0.47033     0.17984
  47     0.48001     0.18561
  48     0.49006      0.1917
  49     0.50016     0.19793
  50     0.51001     0.20412
  51     0.52002     0.21053
  52        0.53       0.217
  53     0.54009     0.22372
  54     0.55013     0.23054
  55        0.56     0.23735
  56      0.5702     0.24454
  57     0.58022     0.25173
  58     0.59007     0.25893
  59     0.60009     0.26637
  60     0.61014     0.27395
  61     0.62008     0.28158
  62     0.63012     0.28946
  63     0.64007     0.29741
  64     0.65001     0.30549
  65     0.66003     0.31379
  66     0.67007     0.32228
  67     0.68002     0.33085
  68     0.69004     0.33967
  69     0.70002     0.34865
  70     0.71002     0.35786
  71     0.72019     0.36746
  72     0.73033     0.37721
  73     0.74012     0.38681
  74     0.75004     0.39675
  75     0.76002     0.40699
  76     0.77012     0.41759
  77     0.78002     0.42831
  78     0.79008     0.43948
  79     0.80033     0.45116
  80        0.81     0.46248
  81     0.82005     0.47473
  82     0.83013     0.48742
  83     0.84001     0.50024
  84     0.85019     0.51403
  85     0.86031     0.52835
  86     0.87009     0.54287
  87     0.88006     0.55833
  88     0.89002     0.57469
  89     0.90002     0.59199
  90     0.91008     0.61051
  91      0.9205     0.63124
  92     0.93005     0.65178
  93     0.94005     0.67541
  94     0.95003     0.70146
  95        0.96     0.73131
  96     0.97002     0.76734
  97     0.98009     0.81251
  98     0.99007     0.87109
  99           1           1
-----------------------------------------

----------------- PPP$ and local currency --------------
         PPP used in computation: 246.834
     Data mean in local currency: 6088.46
               Data mean in PPP$: 54.0835
        Poverty line in PPP$/Day: 1.9
      Poverty line in PPP$/Month: 57.7917
  Poverty line in local currency: 6505.92
-------------------------------------------------------

----------------- Estimation result --------------
     Number of observation: 6419
          Total population: 7.97993E+06
              Total wealth: 1.96835E+08(PPP$)
                   Minimum: 1.36951(PPP$)
                   Maximum: 2237.82(PPP$)
             Headcount(HC): 0.76969
          Poverty gap (PG): 0.379321
       Poverty gap squared: 0.225083
                      Gini: 0.485473
                    Median: 33.6697
                       MLD: 0.402055
                      Watt: 0.60939
--------------------------------------------------

-------------------------------- Income or Consumption share by deciles (%) -------------------------------------
     1.9932      3.196     4.0213     4.8475     5.7246     6.8479     8.2328     10.214     14.119     40.803
-----------------------------------------------------------------------------------------------------------------


