

**********************************************************************************************
**                                   Basic Information                                      **
**********************************************************************************************

----------------- Dataset Information -----------------
                         Country: Rwanda
                    Country dode: RWA
                       Data Year: 2005
                        Coverage: National
             Welfare measurement: Consumption
                     Data format: Unit record
                     Data source: RWA_N2005X
                  Data time span: UnDefined
-------------------------------------------------------


----------- Distribution ------------
   i           P           L 
-------------------------------------
   0    0.010057  0.00080742
   1    0.020425   0.0020169
   2    0.030022    0.003358
   3    0.040071   0.0049514
   4    0.050324   0.0067288
   5     0.06029   0.0086076
   6    0.070033     0.01057
   7     0.08014    0.012717
   8    0.090103    0.014923
   9     0.10002     0.01721
  10     0.11001    0.019619
  11     0.12017     0.02217
  12     0.13017    0.024757
  13     0.14001    0.027391
  14     0.15002    0.030166
  15     0.16008    0.033037
  16     0.17006    0.035985
  17     0.18004    0.039031
  18     0.19009    0.042195
  19     0.20006    0.045409
  20     0.21025    0.048778
  21     0.22004    0.052096
  22     0.23004    0.055576
  23     0.24014     0.05915
  24     0.25001    0.062732
  25     0.26018     0.06651
  26     0.27038    0.070373
  27     0.28006    0.074117
  28     0.29009    0.078069
  29     0.30007    0.082078
  30     0.31067    0.086429
  31     0.32005    0.090346
  32     0.33016    0.094658
  33     0.34002    0.098942
  34     0.35009     0.10339
  35     0.36002     0.10785
  36      0.3702     0.11251
  37     0.38001      0.1171
  38     0.39006     0.12189
  39     0.40004     0.12673
  40     0.41013     0.13173
  41     0.42013     0.13678
  42     0.43002     0.14186
  43     0.44006     0.14709
  44     0.45017     0.15246
  45     0.46008     0.15781
  46     0.47003     0.16326
  47      0.4801     0.16885
  48      0.4901      0.1745
  49     0.50017     0.18028
  50     0.51021     0.18615
  51     0.52008     0.19203
  52     0.53018     0.19815
  53     0.54017     0.20431
  54     0.55015     0.21057
  55     0.56044     0.21712
  56     0.57014     0.22341
  57     0.58007     0.22997
  58     0.59015     0.23674
  59     0.60007     0.24353
  60     0.61017     0.25062
  61     0.62015     0.25777
  62     0.63008     0.26505
  63     0.64013     0.27258
  64     0.65002     0.28013
  65        0.66      0.2879
  66     0.67008     0.29592
  67     0.68025     0.30421
  68     0.69006     0.31239
  69     0.70031     0.32113
  70     0.71009     0.32968
  71     0.72011     0.33866
  72        0.73     0.34776
  73     0.74018     0.35737
  74     0.75014     0.36708
  75        0.76     0.37694
  76     0.77007     0.38728
  77     0.78028     0.39805
  78        0.79     0.40861
  79     0.80006     0.41991
  80     0.81011     0.43158
  81     0.82006     0.44358
  82     0.83003     0.45607
  83     0.84017     0.46938
  84     0.85003     0.48287
  85     0.86008     0.49715
  86     0.87003     0.51194
  87     0.88008     0.52752
  88     0.89007     0.54388
  89     0.90004     0.56126
  90     0.91007     0.58001
  91     0.92015     0.60035
  92     0.93014     0.62215
  93     0.94006     0.64594
  94      0.9501     0.67332
  95     0.96007     0.70476
  96     0.97001     0.74146
  97     0.98003     0.78738
  98     0.99001     0.84991
  99           1           1
-----------------------------------------

----------------- PPP$ and local currency --------------
         PPP used in computation: 246.834
     Data mean in local currency: 11515.7
               Data mean in PPP$: 70.0795
        Poverty line in PPP$/Day: 1.9
      Poverty line in PPP$/Month: 57.7917
  Poverty line in local currency: 9496.48
-------------------------------------------------------

----------------- Estimation result --------------
     Number of observation: 6900
          Total population: 9.46013E+06
              Total wealth: 4.41347E+08(PPP$)
                   Minimum: 1.66001(PPP$)
                   Maximum: 4740.81(PPP$)
             Headcount(HC): 0.679989
          Poverty gap (PG): 0.311362
       Poverty gap squared: 0.177114
                      Gini: 0.520394
                    Median: 40.5884
                       MLD: 0.467696
                      Watt: 0.488968
--------------------------------------------------

-------------------------------- Income or Consumption share by deciles (%) -------------------------------------
     1.7205     2.8185     3.6659     4.4663     5.3467     6.3306      7.738      9.898     14.135      43.88
-----------------------------------------------------------------------------------------------------------------


