

**********************************************************************************************
**                                   Basic Information                                      **
**********************************************************************************************

----------------- Dataset Information -----------------
                         Country: Rwanda
                    Country dode: RWA
                       Data Year: 2010
                        Coverage: National
             Welfare measurement: Consumption
                     Data format: Unit record
                     Data source: RWA_N2010X
                  Data time span: UnDefined
-------------------------------------------------------


----------- Distribution ------------
   i           P           L 
-------------------------------------
   0    0.010091    0.001185
   1     0.02008   0.0027587
   2    0.030014   0.0045403
   3     0.04005   0.0065085
   4    0.050038   0.0085937
   5     0.06005    0.010818
   6    0.070058    0.013153
   7     0.08001     0.01558
   8    0.090028    0.018117
   9     0.10007    0.020753
  10        0.11     0.02345
  11     0.12002    0.026252
  12     0.13013     0.02915
  13     0.14009    0.032082
  14     0.15001    0.035077
  15     0.16002    0.038168
  16     0.17001    0.041334
  17     0.18009    0.044599
  18     0.19001    0.047894
  19     0.20009    0.051316
  20     0.21005    0.054765
  21     0.22009    0.058306
  22     0.23008    0.061895
  23     0.24003    0.065526
  24     0.25009    0.069264
  25     0.26003    0.073019
  26     0.27004    0.076879
  27     0.28001    0.080797
  28      0.2901    0.084839
  29     0.30001    0.088882
  30     0.31003    0.093056
  31     0.32003    0.097296
  32     0.33007     0.10164
  33     0.34001     0.10601
  34     0.35003     0.11049
  35     0.36003     0.11503
  36     0.37005     0.11966
  37     0.38006     0.12436
  38     0.39002     0.12912
  39     0.40004     0.13398
  40        0.41     0.13888
  41     0.42013     0.14395
  42     0.43003     0.14899
  43     0.44004     0.15416
  44     0.45006     0.15943
  45     0.46004     0.16477
  46     0.47004     0.17021
  47     0.48004     0.17574
  48     0.49005     0.18138
  49     0.50007      0.1871
  50        0.51     0.19288
  51     0.52002      0.1988
  52     0.53009     0.20484
  53     0.54004     0.21092
  54     0.55003      0.2171
  55        0.56      0.2234
  56     0.57009     0.22988
  57     0.58006      0.2364
  58     0.59004     0.24305
  59     0.60002     0.24982
  60     0.61003     0.25674
  61      0.6201     0.26382
  62     0.63003     0.27094
  63     0.64006     0.27827
  64     0.65001     0.28571
  65     0.66006     0.29335
  66     0.67004     0.30109
  67     0.68001     0.30898
  68     0.69002     0.31705
  69     0.70003     0.32531
  70        0.71     0.33373
  71     0.72002     0.34238
  72     0.73003     0.35122
  73     0.74001     0.36027
  74        0.75     0.36958
  75     0.76001     0.37918
  76     0.77006     0.38905
  77     0.78007     0.39916
  78     0.79001     0.40952
  79     0.80005     0.42034
  80     0.81002     0.43147
  81        0.82     0.44303
  82     0.83003     0.45506
  83     0.84002     0.46754
  84     0.85002     0.48063
  85     0.86002     0.49438
  86     0.87008     0.50882
  87     0.88001     0.52383
  88     0.89003     0.53976
  89     0.90005     0.55669
  90     0.91001     0.57471
  91     0.92004     0.59446
  92     0.93003     0.61597
  93      0.9401     0.64041
  94     0.95001     0.66746
  95     0.96003     0.69923
  96        0.97     0.73616
  97     0.98066     0.78627
  98     0.99004     0.84725
  99           1           1
-----------------------------------------

----------------- PPP$ and local currency --------------
         PPP used in computation: 246.834
     Data mean in local currency: 20487.5
               Data mean in PPP$: 83.9757
        Poverty line in PPP$/Day: 1.9
      Poverty line in PPP$/Month: 57.7917
  Poverty line in local currency: 14099.4
-------------------------------------------------------

----------------- Estimation result --------------
     Number of observation: 14299
          Total population: 1.06101E+07
              Total wealth: 8.80651E+08(PPP$)
                   Minimum: 5.70725(PPP$)
                   Maximum: 9971.48(PPP$)
             Headcount(HC): 0.602473
          Poverty gap (PG): 0.237015
       Poverty gap squared: 0.11926
                      Gini: 0.513366
                    Median: 48.3703
                       MLD: 0.446788
                      Watt: 0.342618
--------------------------------------------------

-------------------------------- Income or Consumption share by deciles (%) -------------------------------------
     2.0735     3.0551     3.7593     4.5078     5.3107     6.2745     7.5474     9.5001     13.632     44.339
-----------------------------------------------------------------------------------------------------------------


