

**********************************************************************************************
**                                   Basic Information                                      **
**********************************************************************************************

----------------- Dataset Information -----------------
                         Country: Senegal
                    Country dode: SEN
                       Data Year: 2005
                        Coverage: National
             Welfare measurement: Consumption
                     Data format: Unit record
                     Data source: SEN_N2005X
                  Data time span: UnDefined
-------------------------------------------------------


----------- Distribution ------------
   i           P           L 
-------------------------------------
   0    0.010057  0.00099871
   1    0.020093   0.0026669
   2    0.030112   0.0046446
   3    0.040023   0.0068439
   4    0.050083   0.0092904
   5    0.060014    0.011896
   6     0.07004    0.014708
   7    0.080063    0.017658
   8    0.090002    0.020744
   9         0.1    0.023981
  10     0.11003    0.027342
  11     0.12033    0.030922
  12     0.13013    0.034428
  13     0.14001    0.038083
  14      0.1502    0.041957
  15      0.1601    0.045805
  16     0.17012    0.049815
  17     0.18016    0.053927
  18     0.19084    0.058398
  19     0.20019    0.062389
  20     0.21011    0.066722
  21     0.22008    0.071176
  22      0.2304    0.075895
  23     0.24007    0.080404
  24     0.25002    0.085153
  25     0.26007    0.090064
  26     0.27011    0.095074
  27     0.28001     0.10008
  28     0.29002     0.10523
  29     0.30022      0.1106
  30     0.31002     0.11587
  31      0.3201     0.12142
  32     0.33014     0.12706
  33     0.34006     0.13274
  34     0.35009     0.13857
  35     0.36004     0.14445
  36     0.37014     0.15053
  37     0.38006      0.1566
  38     0.39007     0.16282
  39     0.40005      0.1691
  40     0.41009     0.17554
  41     0.42001     0.18202
  42     0.43069     0.18911
  43     0.44007     0.19543
  44        0.45     0.20225
  45     0.46002     0.20926
  46     0.47036      0.2166
  47     0.48007     0.22359
  48      0.4901     0.23094
  49     0.50012     0.23844
  50     0.51001     0.24598
  51      0.5201     0.25384
  52     0.53017     0.26181
  53     0.54001      0.2697
  54     0.55001     0.27785
  55        0.56     0.28617
  56     0.57005     0.29468
  57     0.58013     0.30335
  58     0.59004     0.31199
  59     0.60004     0.32089
  60     0.61007     0.32996
  61     0.62001     0.33907
  62     0.63013     0.34854
  63     0.64003     0.35794
  64     0.65001     0.36762
  65     0.66014     0.37767
  66        0.67     0.38768
  67     0.68006      0.3981
  68     0.69022     0.40887
  69     0.70012      0.4196
  70     0.71002     0.43053
  71     0.72002     0.44181
  72     0.73008     0.45344
  73     0.74015     0.46536
  74     0.75002     0.47727
  75     0.76015     0.48973
  76     0.77017     0.50237
  77     0.78001     0.51505
  78     0.79011     0.52842
  79     0.80069     0.54278
  80     0.81009     0.55574
  81     0.82027     0.57009
  82     0.83007     0.58425
  83     0.84044     0.59973
  84     0.85024     0.61474
  85     0.86002     0.63016
  86     0.87004     0.64653
  87     0.88027     0.66381
  88     0.89001     0.68102
  89     0.90004      0.6996
  90     0.91034     0.71959
  91     0.92002     0.73924
  92     0.93005     0.76043
  93      0.9401     0.78285
  94     0.95008     0.80669
  95     0.96003     0.83269
  96     0.97001     0.86194
  97      0.9801     0.89571
  98     0.99008     0.93612
  99           1           1
-----------------------------------------

----------------- PPP$ and local currency --------------
         PPP used in computation: 246.107
     Data mean in local currency: 19940
               Data mean in PPP$: 93.2031
        Poverty line in PPP$/Day: 1.9
      Poverty line in PPP$/Month: 57.7917
  Poverty line in local currency: 12364
-------------------------------------------------------

----------------- Estimation result --------------
     Number of observation: 13555
          Total population: 1.20165E+07
              Total wealth: 9.73595E+08(PPP$)
                   Minimum: 0.134107(PPP$)
                   Maximum: 1477.43(PPP$)
             Headcount(HC): 0.383872
          Poverty gap (PG): 0.127515
       Poverty gap squared: 0.0593331
                      Gini: 0.392223
                    Median: 70.3765
                       MLD: 0.262476
                      Watt: 0.181215
--------------------------------------------------

-------------------------------- Income or Consumption share by deciles (%) -------------------------------------
      2.398     3.8328     4.8177     5.8586     6.9277     8.2502     9.8625     12.238     15.768     30.047
-----------------------------------------------------------------------------------------------------------------


