

**********************************************************************************************
**                                   Basic Information                                      **
**********************************************************************************************

----------------- Dataset Information -----------------
                         Country: Senegal
                    Country dode: SEN
                       Data Year: 2011
                        Coverage: National
             Welfare measurement: Consumption
                     Data format: Unit record
                     Data source: SEN_N2011X
                  Data time span: UnDefined
-------------------------------------------------------


----------- Distribution ------------
   i           P           L 
-------------------------------------
   0    0.010105  0.00085833
   1    0.020099   0.0023631
   2     0.03001    0.004188
   3    0.040086   0.0062764
   4    0.050052   0.0086163
   5    0.060179    0.011251
   6    0.070202    0.014015
   7    0.080354    0.016949
   8    0.090115    0.019902
   9     0.10013    0.023074
  10     0.11023    0.026371
  11     0.12014    0.029698
  12     0.13009    0.033152
  13     0.14035    0.036852
  14     0.15005    0.040453
  15     0.16055    0.044458
  16     0.17006    0.048205
  17     0.18028    0.052353
  18     0.19018    0.056447
  19     0.20007     0.06064
  20     0.21005    0.064945
  21     0.22041    0.069502
  22     0.23099    0.074228
  23     0.24016    0.078378
  24     0.25017       0.083
  25     0.26015    0.087702
  26     0.27014    0.092509
  27     0.28023    0.097449
  28     0.29009     0.10236
  29     0.30001     0.10739
  30     0.31012     0.11263
  31      0.3202     0.11795
  32     0.33002     0.12326
  33     0.34302     0.13044
  34     0.35069     0.13475
  35     0.36024     0.14018
  36     0.37005     0.14589
  37     0.38005     0.15182
  38     0.39121     0.15863
  39     0.40018     0.16421
  40     0.41002     0.17046
  41     0.42036     0.17713
  42     0.43028     0.18365
  43     0.44001     0.19012
  44        0.45     0.19688
  45     0.46014     0.20385
  46     0.47019     0.21089
  47     0.48014     0.21799
  48     0.49071     0.22571
  49     0.50005     0.23262
  50     0.51001     0.24007
  51     0.52055     0.24811
  52     0.53003     0.25546
  53      0.5402     0.26352
  54     0.55029     0.27169
  55     0.56003     0.27968
  56     0.57045     0.28836
  57     0.58075     0.29708
  58     0.59014     0.30513
  59     0.60014     0.31385
  60     0.61021     0.32279
  61     0.62003     0.33167
  62     0.63029     0.34108
  63     0.64004     0.35023
  64      0.6501      0.3598
  65     0.66051     0.36991
  66     0.67002     0.37933
  67     0.68005      0.3895
  68     0.69001     0.39974
  69         0.7     0.41022
  70     0.71012     0.42103
  71     0.72029     0.43221
  72     0.73041     0.44367
  73     0.74017     0.45502
  74     0.75001     0.46684
  75     0.76027     0.47945
  76     0.77018      0.4918
  77     0.78001     0.50432
  78     0.79024     0.51769
  79      0.8001     0.53087
  80      0.8101     0.54459
  81     0.82004     0.55854
  82     0.83102     0.57444
  83     0.84006     0.58799
  84     0.85021     0.60382
  85     0.86031     0.62008
  86     0.87004     0.63618
  87     0.88026     0.65356
  88     0.89014     0.67112
  89     0.90002     0.68957
  90     0.91019     0.70975
  91     0.92117     0.73306
  92     0.93014     0.75323
  93     0.94047     0.77822
  94      0.9504     0.80427
  95     0.96018     0.83171
  96     0.97016     0.86268
  97     0.98001     0.89614
  98      0.9902     0.93778
  99           1           1
-----------------------------------------

----------------- PPP$ and local currency --------------
         PPP used in computation: 246.107
     Data mean in local currency: 23717.9
               Data mean in PPP$: 95.9767
        Poverty line in PPP$/Day: 1.9
      Poverty line in PPP$/Month: 57.7917
  Poverty line in local currency: 14281.6
-------------------------------------------------------

----------------- Estimation result --------------
     Number of observation: 5951
          Total population: 1.36321E+07
              Total wealth: 1.31375E+09(PPP$)
                   Minimum: 2.76998(PPP$)
                   Maximum: 1905.83(PPP$)
             Headcount(HC): 0.379835
          Poverty gap (PG): 0.127916
       Poverty gap squared: 0.0597073
                      Gini: 0.402852
                    Median: 71.292
                       MLD: 0.27703
                      Watt: 0.182577
--------------------------------------------------

-------------------------------- Income or Consumption share by deciles (%) -------------------------------------
     2.3033     3.7575     4.6777     5.6719     6.8476     8.1144     9.6493     12.053      15.88     31.046
-----------------------------------------------------------------------------------------------------------------


