

**********************************************************************************************
**                                   Basic Information                                      **
**********************************************************************************************

----------------- Dataset Information -----------------
                         Country: Solomon Islands
                    Country dode: SLB
                       Data Year: 2005
                        Coverage: National
             Welfare measurement: Consumption
                     Data format: Unit record
                     Data source: SLB_N2005X
                  Data time span: UnDefined
-------------------------------------------------------


----------- Distribution ------------
   i           P           L 
-------------------------------------
   0    0.010206  0.00085885
   1    0.020398   0.0021086
   2    0.030193   0.0035612
   3    0.040087   0.0051922
   4    0.050131   0.0070528
   5     0.06015    0.009074
   6    0.070146    0.011223
   7    0.080103      0.0135
   8    0.090043    0.015944
   9     0.10034     0.01862
  10     0.11022    0.021301
  11     0.12026    0.024139
  12     0.13004    0.026974
  13     0.14001    0.029948
  14     0.15005    0.033032
  15     0.16007    0.036206
  16     0.17017    0.039487
  17     0.18108    0.043136
  18      0.1904    0.046346
  19      0.2001    0.049792
  20     0.21052    0.053594
  21      0.2203    0.057242
  22     0.23002     0.06095
  23     0.24063    0.065075
  24     0.25007    0.068837
  25     0.26038    0.073045
  26     0.27011    0.077141
  27     0.28018    0.081486
  28     0.29008     0.08585
  29     0.30003    0.090313
  30     0.31052    0.095138
  31     0.32043    0.099796
  32     0.33052      0.1046
  33     0.34017     0.10927
  34     0.35002     0.11414
  35     0.36035     0.11936
  36     0.37032     0.12449
  37     0.38008     0.12958
  38     0.39007      0.1349
  39     0.40007     0.14032
  40      0.4101     0.14585
  41     0.42067     0.15182
  42     0.43087     0.15771
  43     0.44007     0.16313
  44     0.45069     0.16947
  45     0.46001     0.17516
  46     0.47001     0.18134
  47     0.48016     0.18775
  48     0.49019      0.1942
  49     0.50009     0.20068
  50     0.51002     0.20732
  51     0.52037     0.21436
  52     0.53058     0.22142
  53     0.54021     0.22817
  54      0.5506     0.23557
  55     0.56014     0.24254
  56     0.57003     0.24994
  57     0.58001     0.25756
  58      0.5901     0.26545
  59     0.60037     0.27366
  60     0.61005     0.28153
  61     0.62022     0.28998
  62     0.63004     0.29831
  63     0.64003     0.30692
  64     0.65019     0.31589
  65     0.66006     0.32484
  66     0.67037     0.33446
  67     0.68019      0.3439
  68     0.69017      0.3537
  69     0.70014     0.36371
  70        0.71     0.37384
  71     0.72021     0.38459
  72     0.73003     0.39518
  73     0.74044     0.40663
  74     0.75015     0.41765
  75     0.76099     0.43036
  76     0.77008     0.44129
  77        0.78     0.45355
  78     0.79002     0.46635
  79     0.80028        0.48
  80      0.8102     0.49352
  81      0.8202     0.50763
  82     0.83016     0.52218
  83     0.84032     0.53768
  84      0.8505     0.55383
  85     0.86018     0.56976
  86     0.87042     0.58725
  87     0.88013     0.60458
  88     0.89005     0.62303
  89     0.90003     0.64259
  90     0.91005     0.66341
  91     0.92116     0.68821
  92     0.93016      0.7092
  93     0.94014     0.73342
  94     0.95002     0.75953
  95     0.96014     0.78928
  96     0.97004     0.82216
  97     0.98018     0.86167
  98     0.99015     0.90983
  99           1           1
-----------------------------------------

----------------- PPP$ and local currency --------------
         PPP used in computation: 7.13107
     Data mean in local currency: 412.692
               Data mean in PPP$: 94.4453
        Poverty line in PPP$/Day: 1.9
      Poverty line in PPP$/Month: 57.7917
  Poverty line in local currency: 252.529
-------------------------------------------------------

----------------- Estimation result --------------
     Number of observation: 3776
          Total population: 533672
              Total wealth: 3.08849E+07(PPP$)
                   Minimum: 2.15671(PPP$)
                   Maximum: 2440.75(PPP$)
             Headcount(HC): 0.456041
          Poverty gap (PG): 0.173776
       Poverty gap squared: 0.0888934
                      Gini: 0.460969
                    Median: 62.7197
                       MLD: 0.365872
                      Watt: 0.257396
--------------------------------------------------

-------------------------------- Income or Consumption share by deciles (%) -------------------------------------
     1.8532     3.1223     4.0545     4.9982     6.0341     7.2738      9.021     11.606      16.29     35.747
-----------------------------------------------------------------------------------------------------------------


