

**********************************************************************************************
**                                   Basic Information                                      **
**********************************************************************************************

----------------- Dataset Information -----------------
                         Country: Sierra Leone
                    Country dode: SLE
                       Data Year: 2003
                        Coverage: National
             Welfare measurement: Consumption
                     Data format: Unit record
                     Data source: SLE_N2003X
                  Data time span: UnDefined
-------------------------------------------------------


----------- Distribution ------------
   i           P           L 
-------------------------------------
   0    0.010373    0.001631
   1    0.020212    0.003689
   2    0.030524   0.0060832
   3    0.040146   0.0084718
   4    0.050394    0.011207
   5    0.060139    0.013998
   6    0.070809    0.017208
   7    0.080127    0.020127
   8    0.090304    0.023444
   9     0.10004    0.026734
  10     0.11004    0.030232
  11     0.12023    0.033904
  12     0.13036    0.037641
  13     0.14015    0.041335
  14     0.15054    0.045346
  15     0.16019    0.049147
  16     0.17015    0.053162
  17     0.18042    0.057461
  18     0.19015    0.061629
  19     0.20028     0.06605
  20     0.21001    0.070383
  21     0.22012    0.074963
  22     0.23045    0.079711
  23     0.24003    0.084186
  24      0.2505    0.089146
  25     0.26005    0.093754
  26     0.27023    0.098763
  27     0.28034     0.10382
  28     0.29013     0.10879
  29     0.30006     0.11391
  30     0.31005     0.11916
  31     0.32048     0.12473
  32     0.33056     0.13022
  33     0.34011     0.13552
  34     0.35003      0.1411
  35     0.36092     0.14729
  36     0.37007     0.15258
  37     0.38035     0.15861
  38     0.39008     0.16441
  39     0.40002     0.17043
  40     0.41025     0.17673
  41     0.42008     0.18289
  42     0.43005     0.18923
  43     0.44039     0.19594
  44     0.45005     0.20228
  45     0.46019     0.20904
  46      0.4701     0.21575
  47     0.48034     0.22281
  48     0.49013     0.22967
  49     0.50004     0.23674
  50     0.51036     0.24423
  51     0.52064     0.25183
  52     0.53019       0.259
  53     0.54019     0.26661
  54     0.55017      0.2743
  55     0.56009     0.28208
  56     0.57003     0.29001
  57     0.58023     0.29828
  58      0.5902     0.30648
  59     0.60008     0.31477
  60     0.61004     0.32331
  61     0.62004     0.33205
  62     0.63009     0.34098
  63     0.64015     0.35007
  64     0.65046     0.35957
  65     0.66035     0.36885
  66     0.67005      0.3781
  67     0.68007     0.38783
  68      0.6901     0.39773
  69     0.70009     0.40778
  70     0.71004     0.41798
  71     0.72005     0.42846
  72     0.73006     0.43922
  73     0.74043     0.45059
  74     0.75052     0.46194
  75     0.76103      0.4741
  76     0.77031     0.48508
  77     0.78214     0.49951
  78     0.79005     0.50936
  79     0.80044     0.52266
  80     0.81007     0.53541
  81     0.82012     0.54927
  82     0.83007     0.56341
  83     0.84005     0.57807
  84     0.85062     0.59424
  85     0.86005     0.60914
  86     0.87004     0.62559
  87     0.88015     0.64284
  88     0.89006     0.66069
  89     0.90054      0.6808
  90      0.9102     0.70049
  91     0.92006     0.72145
  92     0.93003     0.74409
  93     0.94024     0.76918
  94     0.95015     0.79603
  95     0.96037     0.82616
  96     0.97029     0.85939
  97     0.98355     0.91053
  98     0.99001     0.93818
  99           1           1
-----------------------------------------

----------------- PPP$ and local currency --------------
         PPP used in computation: 1767.19
     Data mean in local currency: 49642.8
               Data mean in PPP$: 70.3395
        Poverty line in PPP$/Day: 1.9
      Poverty line in PPP$/Month: 57.7917
  Poverty line in local currency: 40787
-------------------------------------------------------

----------------- Estimation result --------------
     Number of observation: 3713
          Total population: 4.80802E+06
              Total wealth: 1.35064E+08(PPP$)
                   Minimum: 2.70249(PPP$)
                   Maximum: 321.599(PPP$)
             Headcount(HC): 0.584688
          Poverty gap (PG): 0.217195
       Poverty gap squared: 0.104978
                      Gini: 0.401677
                    Median: 50.7057
                       MLD: 0.264497
                      Watt: 0.307692
--------------------------------------------------

-------------------------------- Income or Consumption share by deciles (%) -------------------------------------
      2.672     3.9208     4.7951      5.654     6.6296     7.7985     9.2994     11.441     15.766     32.024
-----------------------------------------------------------------------------------------------------------------


