

**********************************************************************************************
**                                   Basic Information                                      **
**********************************************************************************************

----------------- Dataset Information -----------------
                         Country: Sierra Leone
                    Country dode: SLE
                       Data Year: 2011
                        Coverage: National
             Welfare measurement: Consumption
                     Data format: Unit record
                     Data source: SLE_N2011X
                  Data time span: UnDefined
-------------------------------------------------------


----------- Distribution ------------
   i           P           L 
-------------------------------------
   0    0.010003   0.0017805
   1    0.020025   0.0042186
   2    0.030188   0.0071133
   3    0.040165     0.01024
   4    0.050189     0.01356
   5    0.060005    0.017003
   6     0.07033    0.020822
   7     0.08031    0.024656
   8    0.090151    0.028562
   9     0.10027    0.032716
  10     0.11045    0.037015
  11     0.12001    0.041154
  12     0.13002    0.045598
  13     0.14018    0.050207
  14     0.15019     0.05482
  15     0.16003     0.05945
  16        0.17    0.064242
  17     0.18015    0.069185
  18     0.19062    0.074387
  19     0.20071    0.079499
  20     0.21024    0.084398
  21     0.22064    0.089826
  22     0.23015    0.094879
  23     0.24015     0.10027
  24     0.25002     0.10567
  25     0.26013     0.11128
  26     0.27004     0.11687
  27     0.28025     0.12273
  28     0.29063     0.12879
  29     0.30018     0.13444
  30     0.31018     0.14045
  31     0.32023     0.14659
  32     0.33004     0.15265
  33     0.34004     0.15894
  34     0.35002      0.1653
  35     0.36021     0.17188
  36      0.3702     0.17846
  37     0.38012     0.18505
  38     0.39011     0.19178
  39     0.40008     0.19857
  40     0.41005     0.20545
  41        0.42     0.21241
  42     0.43003     0.21952
  43     0.44002     0.22669
  44     0.45011     0.23404
  45     0.46002     0.24136
  46     0.47001     0.24884
  47     0.48013     0.25653
  48     0.49014     0.26426
  49     0.50023     0.27215
  50     0.51007     0.27997
  51     0.52012     0.28806
  52     0.53012     0.29623
  53     0.54023     0.30459
  54     0.55002      0.3128
  55     0.56004     0.32134
  56     0.57016     0.33011
  57     0.58037     0.33911
  58     0.59004     0.34777
  59     0.60014      0.3569
  60     0.61002     0.36595
  61     0.62038     0.37557
  62     0.63047      0.3851
  63      0.6402      0.3945
  64     0.65015     0.40426
  65     0.66037     0.41444
  66     0.67005     0.42425
  67     0.68003     0.43451
  68     0.69018     0.44518
  69     0.70013     0.45587
  70     0.71005     0.46676
  71     0.72003     0.47795
  72     0.73016     0.48953
  73     0.74005     0.50106
  74     0.75014     0.51307
  75     0.76015     0.52522
  76     0.77011     0.53756
  77      0.7801     0.55019
  78     0.79005     0.56303
  79     0.80008     0.57626
  80     0.81006      0.5897
  81     0.82016     0.60365
  82        0.83     0.61759
  83     0.84024     0.63253
  84     0.85028     0.64761
  85     0.86003     0.66282
  86     0.87008     0.67902
  87     0.88011      0.6958
  88      0.8901     0.71321
  89     0.90007     0.73136
  90     0.91011     0.75039
  91     0.92004        0.77
  92     0.93011     0.79077
  93     0.94011     0.81244
  94     0.95003     0.83551
  95     0.96002     0.86071
  96     0.97003     0.88793
  97     0.98002     0.91747
  98     0.99005     0.95161
  99           1           1
-----------------------------------------

----------------- PPP$ and local currency --------------
         PPP used in computation: 1767.19
     Data mean in local currency: 125195
               Data mean in PPP$: 70.8441
        Poverty line in PPP$/Day: 1.9
      Poverty line in PPP$/Month: 57.7917
  Poverty line in local currency: 102129
-------------------------------------------------------

----------------- Estimation result --------------
     Number of observation: 6727
          Total population: 5.83816E+06
              Total wealth: 4.13599E+08(PPP$)
                   Minimum: 5.28104(PPP$)
                   Maximum: 1131.06(PPP$)
             Headcount(HC): 0.523297
          Poverty gap (PG): 0.16701
       Poverty gap squared: 0.071685
                      Gini: 0.339881
                    Median: 55.7771
                       MLD: 0.188119
                      Watt: 0.225234
--------------------------------------------------

-------------------------------- Income or Consumption share by deciles (%) -------------------------------------
     3.2606     4.6532     5.5197     6.4184     7.3456     8.4801     9.8951     12.042     15.508     26.877
-----------------------------------------------------------------------------------------------------------------


