

**********************************************************************************************
**                                   Basic Information                                      **
**********************************************************************************************

----------------- Dataset Information -----------------
                         Country: El Salvador
                    Country dode: SLV
                       Data Year: 2013
                        Coverage: National
             Welfare measurement: Income
                     Data format: Unit record
                     Data source: SLV_N2013Y
                  Data time span: UnDefined
-------------------------------------------------------


----------- Distribution ------------
   i           P           L 
-------------------------------------
   0    0.010034   0.0010555
   1    0.020002   0.0025181
   2    0.030013   0.0042413
   3    0.040005   0.0061657
   4        0.05   0.0082766
   5    0.060039    0.010564
   6    0.070039    0.012991
   7    0.080051    0.015564
   8    0.090045     0.01826
   9     0.10007     0.02108
  10     0.11011    0.024026
  11     0.12008    0.027073
  12     0.13019    0.030269
  13     0.14002    0.033472
  14     0.15012    0.036876
  15     0.16002    0.040304
  16     0.17002     0.04387
  17     0.18004    0.047558
  18     0.19002    0.051332
  19         0.2    0.055201
  20     0.21003    0.059188
  21     0.22002    0.063252
  22     0.23002    0.067415
  23     0.24005    0.071682
  24     0.25002     0.07602
  25     0.26002    0.080468
  26     0.27013     0.08505
  27     0.28001    0.089619
  28        0.29    0.094341
  29     0.30001     0.09917
  30     0.31004     0.10411
  31     0.32008     0.10918
  32     0.33001      0.1143
  33     0.34002     0.11956
  34     0.35001     0.12492
  35     0.36003      0.1304
  36     0.37005     0.13599
  37     0.38001     0.14165
  38     0.39007     0.14747
  39     0.40005     0.15335
  40     0.41003     0.15933
  41      0.4201     0.16549
  42        0.43     0.17166
  43     0.44001       0.178
  44     0.45002     0.18445
  45        0.46       0.191
  46     0.47005     0.19771
  47     0.48004     0.20449
  48     0.49009     0.21144
  49         0.5     0.21841
  50     0.51002     0.22558
  51     0.52003     0.23285
  52        0.53     0.24023
  53     0.54022     0.24789
  54     0.55004     0.25535
  55     0.56001     0.26306
  56     0.57004     0.27094
  57     0.58002      0.2789
  58     0.59013     0.28711
  59     0.60007     0.29537
  60     0.61002     0.30378
  61     0.62012     0.31249
  62      0.6301     0.32128
  63     0.64001     0.33017
  64     0.65004     0.33933
  65     0.66003     0.34864
  66     0.67022     0.35833
  67     0.68002     0.36785
  68     0.69001     0.37779
  69     0.70003     0.38797
  70     0.71003     0.39832
  71     0.72001     0.40885
  72     0.73011     0.41973
  73     0.74004     0.43064
  74     0.75002     0.44185
  75     0.76001     0.45332
  76     0.77001     0.46508
  77     0.78001     0.47712
  78        0.79     0.48948
  79     0.80003      0.5022
  80     0.81002     0.51522
  81     0.82001     0.52866
  82        0.83     0.54263
  83        0.84     0.55713
  84     0.85021     0.57246
  85     0.86011     0.58781
  86     0.87002     0.60374
  87     0.88005      0.6206
  88     0.89003     0.63814
  89     0.90002     0.65658
  90     0.91001     0.67596
  91     0.92004     0.69646
  92        0.93     0.71808
  93     0.94007     0.74146
  94     0.95001     0.76615
  95      0.9601     0.79376
  96     0.97002     0.82334
  97     0.98002     0.85827
  98     0.99008     0.90185
  99           1           1
-----------------------------------------

----------------- PPP$ and local currency --------------
         PPP used in computation: 0.530774
     Data mean in local currency: 167.902
               Data mean in PPP$: 308.438
        Poverty line in PPP$/Day: 1.9
      Poverty line in PPP$/Month: 57.7917
  Poverty line in local currency: 31.4597
-------------------------------------------------------

----------------- Estimation result --------------
     Number of observation: 19523
          Total population: 6.22048E+06
              Total wealth: 1.96775E+09(PPP$)
                   Minimum: 0(PPP$)
                   Maximum: 100499(PPP$)
             Headcount(HC): 0.0324802
          Poverty gap (PG): 0.00741362
       Poverty gap squared: 0.00265151
                      Gini: 0.435124
                    Median: 218.816
                       MLD: 0.325831
                      Watt: 0.00928347
--------------------------------------------------

-------------------------------- Income or Consumption share by deciles (%) -------------------------------------
      2.106      3.414     4.3965     5.4156     6.5088     7.6903     9.2623     11.422     15.439     34.345
-----------------------------------------------------------------------------------------------------------------


