

**********************************************************************************************
**                                   Basic Information                                      **
**********************************************************************************************

----------------- Dataset Information -----------------
                         Country: El Salvador
                    Country dode: SLV
                       Data Year: 2000
                        Coverage: National
             Welfare measurement: Income
                     Data format: Unit record
                     Data source: SLV_N2000Y
                  Data time span: UnDefined
-------------------------------------------------------


----------- Distribution ------------
   i           P           L 
-------------------------------------
   0     0.01009  0.00021092
   1    0.020072  0.00066875
   2    0.030063   0.0013279
   3    0.040064    0.002157
   4    0.050119    0.003133
   5    0.060083   0.0042641
   6    0.070022   0.0055252
   7    0.080044    0.006917
   8    0.090297   0.0084805
   9     0.10003    0.010089
  10     0.11002    0.011861
  11     0.12006    0.013745
  12     0.13002    0.015738
  13     0.14001    0.017852
  14     0.15002    0.020069
  15     0.16002    0.022393
  16        0.17    0.024809
  17     0.18002    0.027344
  18     0.19005    0.029989
  19     0.20004    0.032742
  20        0.21    0.035606
  21     0.22003    0.038599
  22     0.23001    0.041685
  23     0.24011    0.044924
  24        0.25    0.048214
  25      0.2601     0.05168
  26     0.27005     0.05519
  27     0.28006    0.058823
  28     0.29001    0.062538
  29     0.30001    0.066395
  30     0.31006    0.070365
  31        0.32     0.07442
  32     0.33018    0.078685
  33     0.34007    0.082941
  34     0.35008    0.087364
  35     0.36002    0.091862
  36        0.37    0.096487
  37     0.38002     0.10125
  38     0.39005     0.10613
  39     0.40011     0.11116
  40     0.41003     0.11621
  41     0.42006     0.12144
  42     0.43001     0.12673
  43     0.44015     0.13227
  44     0.45003     0.13779
  45     0.46002      0.1435
  46     0.47004     0.14937
  47     0.48008      0.1554
  48     0.49004     0.16152
  49     0.50002     0.16777
  50     0.51005     0.17419
  51     0.52013     0.18078
  52     0.53002     0.18741
  53     0.54009     0.19433
  54     0.55002     0.20127
  55     0.56005     0.20843
  56     0.57027     0.21588
  57     0.58001     0.22313
  58     0.59005      0.2308
  59     0.60004     0.23859
  60     0.61004     0.24658
  61     0.62021     0.25489
  62     0.63002     0.26308
  63     0.64002      0.2716
  64     0.65031     0.28058
  65     0.66009     0.28932
  66     0.67002     0.29842
  67        0.68     0.30781
  68        0.69     0.31746
  69     0.70001     0.32741
  70     0.71001     0.33764
  71        0.72     0.34813
  72     0.73002     0.35891
  73     0.74001     0.36996
  74        0.75      0.3813
  75     0.76001     0.39301
  76     0.77002     0.40511
  77     0.78003     0.41758
  78        0.79     0.43046
  79         0.8     0.44389
  80     0.81005     0.45784
  81     0.82003     0.47219
  82     0.83004     0.48716
  83     0.84005     0.50266
  84     0.85002     0.51874
  85     0.86004     0.53549
  86     0.87004     0.55301
  87     0.88005     0.57132
  88     0.89006     0.59067
  89     0.90002     0.61098
  90     0.91002     0.63248
  91     0.92004     0.65532
  92        0.93      0.6796
  93     0.94003     0.70581
  94     0.95013     0.73439
  95     0.96007     0.76531
  96     0.97004      0.7993
  97     0.98009     0.83957
  98     0.99001     0.88898
  99           1           1
-----------------------------------------

----------------- PPP$ and local currency --------------
         PPP used in computation: 0.530774
     Data mean in local currency: 972.092
               Data mean in PPP$: 302.423
        Poverty line in PPP$/Day: 1.9
      Poverty line in PPP$/Month: 57.7917
  Poverty line in local currency: 185.762
-------------------------------------------------------

----------------- Estimation result --------------
     Number of observation: 14560
          Total population: 6.04654E+06
              Total wealth: 1.1074E+10(PPP$)
                   Minimum: 0(PPP$)
                   Maximum: 207062(PPP$)
             Headcount(HC): 0.118104
          Poverty gap (PG): 0.0481414
       Poverty gap squared: 0.027945
                      Gini: 0.513078
                    Median: 191.187
                       MLD: 0.507854
                      Watt: 0.0773232
--------------------------------------------------

-------------------------------- Income or Consumption share by deciles (%) -------------------------------------
     1.0084     2.2648     3.3658     4.4712     5.6654     7.0807     8.8836     11.649     16.706     38.905
-----------------------------------------------------------------------------------------------------------------


