

**********************************************************************************************
**                                   Basic Information                                      **
**********************************************************************************************

----------------- Dataset Information -----------------
                         Country: El Salvador
                    Country dode: SLV
                       Data Year: 1995
                        Coverage: National
             Welfare measurement: Income
                     Data format: Unit record
                     Data source: SLV_N1995Y
                  Data time span: UnDefined
-------------------------------------------------------


----------- Distribution ------------
   i           P           L 
-------------------------------------
   0    0.010094   7.387E-05
   1    0.020068  0.00047391
   2    0.030102   0.0011488
   3     0.04012    0.002043
   4    0.050057   0.0031138
   5    0.060089   0.0043824
   6     0.07013   0.0058473
   7    0.080255   0.0074756
   8    0.090111   0.0092142
   9     0.10015    0.011124
  10     0.11103    0.013345
  11     0.12023     0.01536
  12     0.13005    0.017636
  13     0.14011    0.020097
  14      0.1502    0.022685
  15     0.16007    0.025345
  16     0.17008    0.028166
  17     0.18006    0.031092
  18     0.19019    0.034164
  19     0.20015     0.03728
  20     0.21004    0.040471
  21     0.22018    0.043831
  22     0.23002    0.047188
  23      0.2406    0.050905
  24     0.25038    0.054447
  25     0.26019    0.058095
  26     0.27017    0.061899
  27     0.28026    0.065846
  28     0.29007    0.069768
  29     0.30017    0.073898
  30     0.31026    0.078143
  31     0.32044    0.082547
  32     0.33007    0.086817
  33     0.34093    0.091756
  34      0.3501    0.096024
  35     0.36046     0.10097
  36     0.37002     0.10565
  37     0.38012      0.1107
  38     0.39003     0.11577
  39         0.4     0.12099
  40     0.41015     0.12642
  41     0.42006     0.13182
  42     0.43004     0.13735
  43     0.44004     0.14303
  44     0.45017     0.14891
  45     0.46023     0.15489
  46     0.47012     0.16091
  47     0.48012     0.16711
  48     0.49074     0.17384
  49       0.501     0.18051
  50     0.51007     0.18652
  51     0.52003     0.19326
  52     0.53008     0.20017
  53     0.54005     0.20714
  54     0.55015     0.21435
  55     0.56011     0.22159
  56     0.57005     0.22899
  57     0.58003     0.23658
  58      0.5901     0.24439
  59     0.60002     0.25222
  60     0.61008     0.26034
  61     0.62012     0.26863
  62      0.6301     0.27708
  63     0.64034     0.28595
  64     0.65027     0.29475
  65      0.6601     0.30365
  66     0.67017      0.3129
  67     0.68021     0.32231
  68     0.69014     0.33181
  69     0.70002     0.34147
  70      0.7101     0.35156
  71     0.72016     0.36186
  72     0.73001     0.37221
  73     0.74003     0.38299
  74     0.75025     0.39432
  75     0.76006     0.40546
  76     0.77013     0.41724
  77     0.78045     0.42972
  78     0.79001     0.44163
  79     0.80145     0.45641
  80     0.81088     0.46898
  81     0.82003     0.48153
  82     0.83017     0.49592
  83     0.84026     0.51072
  84     0.85006     0.52562
  85     0.86003     0.54136
  86     0.87001     0.55776
  87     0.88007     0.57502
  88     0.89007     0.59311
  89     0.90009     0.61207
  90     0.91055     0.63288
  91     0.92011     0.65303
  92     0.93004     0.67561
  93     0.94021      0.7009
  94     0.95016     0.72772
  95     0.96013     0.75752
  96     0.97038     0.79321
  97     0.98017     0.83461
  98     0.99009     0.89039
  99           1           1
-----------------------------------------

----------------- PPP$ and local currency --------------
         PPP used in computation: 0.530774
     Data mean in local currency: 477.244
               Data mean in PPP$: 182.54
        Poverty line in PPP$/Day: 1.9
      Poverty line in PPP$/Month: 57.7917
  Poverty line in local currency: 151.094
-------------------------------------------------------

----------------- Estimation result --------------
     Number of observation: 5278
          Total population: 5.39628E+06
              Total wealth: 4.85206E+09(PPP$)
                   Minimum: 0(PPP$)
                   Maximum: 36223.2(PPP$)
             Headcount(HC): 0.198898
          Poverty gap (PG): 0.0824023
       Poverty gap squared: 0.0497703
                      Gini: 0.498797
                    Median: 119.926
                       MLD: 0.485633
                      Watt: 0.127851
--------------------------------------------------

-------------------------------- Income or Consumption share by deciles (%) -------------------------------------
     1.1096     2.6137     3.6597     4.7158      5.887     7.2354     8.9249     11.308     15.736      38.81
-----------------------------------------------------------------------------------------------------------------


