

**********************************************************************************************
**                                   Basic Information                                      **
**********************************************************************************************

----------------- Dataset Information -----------------
                         Country: El Salvador
                    Country dode: SLV
                       Data Year: 2008
                        Coverage: National
             Welfare measurement: Income
                     Data format: Unit record
                     Data source: SLV_N2008Y
                  Data time span: UnDefined
-------------------------------------------------------


----------- Distribution ------------
   i           P           L 
-------------------------------------
   0    0.010013  0.00075365
   1    0.020105   0.0018994
   2    0.030014   0.0032417
   3    0.040043   0.0047659
   4     0.05006   0.0064666
   5    0.060114   0.0083359
   6    0.070087    0.010326
   7     0.08012    0.012453
   8    0.090066     0.01467
   9     0.10003    0.017009
  10     0.11013    0.019512
  11     0.12018    0.022115
  12     0.13007    0.024783
  13     0.14006    0.027607
  14     0.15002    0.030533
  15     0.16001    0.033584
  16     0.17007    0.036749
  17     0.18004    0.039972
  18     0.19022    0.043378
  19     0.20014    0.046784
  20     0.21021    0.050337
  21      0.2201    0.053926
  22     0.23001    0.057624
  23     0.24006    0.061477
  24     0.25003     0.06539
  25     0.26001    0.069396
  26        0.27    0.073508
  27     0.28002    0.077749
  28     0.29023      0.0822
  29         0.3     0.08656
  30     0.31001    0.091115
  31     0.32004    0.095782
  32     0.33002     0.10051
  33     0.34022     0.10544
  34     0.35016     0.11034
  35     0.36004      0.1153
  36     0.37021     0.12052
  37     0.38013     0.12572
  38     0.39002     0.13098
  39     0.40007     0.13645
  40     0.41007     0.14199
  41     0.42001     0.14761
  42     0.43008     0.15342
  43     0.44003     0.15925
  44      0.4501     0.16527
  45     0.46005     0.17134
  46     0.47004     0.17755
  47     0.48002     0.18387
  48     0.49005     0.19035
  49     0.50004     0.19694
  50     0.51009     0.20368
  51     0.52009     0.21051
  52     0.53008     0.21747
  53     0.54007      0.2246
  54        0.55     0.23183
  55        0.56     0.23925
  56     0.57039     0.24714
  57     0.58006     0.25464
  58     0.59001     0.26249
  59     0.60002     0.27054
  60     0.61047     0.27913
  61     0.62006     0.28717
  62     0.63001     0.29572
  63     0.64012     0.30463
  64     0.65044     0.31396
  65     0.66003     0.32282
  66     0.67008     0.33231
  67     0.68003     0.34189
  68     0.69009     0.35178
  69     0.70006     0.36181
  70     0.71001     0.37209
  71     0.72004      0.3827
  72     0.73002     0.39347
  73     0.74015     0.40471
  74     0.75005     0.41601
  75     0.76005     0.42769
  76        0.77     0.43966
  77     0.78004     0.45209
  78     0.79002     0.46485
  79     0.80004     0.47806
  80     0.81011     0.49169
  81     0.82002     0.50551
  82     0.83006     0.51996
  83     0.84002      0.5348
  84     0.85009     0.55043
  85     0.86002     0.56657
  86     0.87002     0.58353
  87     0.88013     0.60148
  88     0.89002     0.62001
  89     0.90002     0.63962
  90     0.91029     0.66078
  91     0.92006     0.68208
  92     0.93014     0.70557
  93     0.94017     0.73038
  94     0.95002     0.75665
  95     0.96025     0.78643
  96     0.97015      0.8186
  97     0.98022     0.85641
  98     0.99002     0.90242
  99           1           1
-----------------------------------------

----------------- PPP$ and local currency --------------
         PPP used in computation: 0.530774
     Data mean in local currency: 140.997
               Data mean in PPP$: 281.082
        Poverty line in PPP$/Day: 1.9
      Poverty line in PPP$/Month: 57.7917
  Poverty line in local currency: 28.9895
-------------------------------------------------------

----------------- Estimation result --------------
     Number of observation: 14541
          Total population: 6.03705E+06
              Total wealth: 1.6037E+09(PPP$)
                   Minimum: 0(PPP$)
                   Maximum: 13330.4(PPP$)
             Headcount(HC): 0.0691983
          Poverty gap (PG): 0.0198691
       Poverty gap squared: 0.0084442
                      Gini: 0.466543
                    Median: 186.832
                       MLD: 0.381687
                      Watt: 0.0264979
--------------------------------------------------

-------------------------------- Income or Consumption share by deciles (%) -------------------------------------
     1.7001     2.9734     3.9823     4.9849     6.0506     7.3614     9.1225     11.626     16.157     36.042
-----------------------------------------------------------------------------------------------------------------


