

**********************************************************************************************
**                                   Basic Information                                      **
**********************************************************************************************

----------------- Dataset Information -----------------
                         Country: El Salvador
                    Country dode: SLV
                       Data Year: 1991
                        Coverage: National
             Welfare measurement: Income
                     Data format: Unit record
                     Data source: SLV_N1991Y
                  Data time span: UnDefined
-------------------------------------------------------


----------- Distribution ------------
   i           P           L 
-------------------------------------
   0    0.027673           0
   1    0.027673           0
   2    0.030022  1.8899E-05
   3    0.040111  0.00024918
   4    0.050001  0.00067617
   5    0.060036   0.0013017
   6    0.070013   0.0021204
   7    0.080009    0.003104
   8    0.090278   0.0042929
   9     0.10096    0.005694
  10     0.11004    0.007021
  11     0.12003   0.0086241
  12     0.13001    0.010363
  13      0.1401    0.012246
  14     0.15006    0.014225
  15      0.1601    0.016326
  16     0.17062    0.018639
  17     0.18095    0.021029
  18     0.19029    0.023287
  19     0.20001    0.025732
  20     0.21004    0.028377
  21     0.22011    0.031133
  22     0.23001    0.033952
  23     0.24006    0.036936
  24     0.25068    0.040222
  25     0.26014    0.043255
  26     0.27002    0.046539
  27     0.28148     0.05047
  28     0.29001    0.053477
  29     0.30005    0.057137
  30     0.31001     0.06088
  31     0.32007    0.064776
  32     0.33004    0.068779
  33     0.34002    0.072885
  34     0.35003    0.077121
  35     0.36006    0.081512
  36     0.37002    0.085967
  37     0.38041     0.09071
  38      0.3903     0.09533
  39     0.40004    0.099984
  40     0.41001     0.10489
  41     0.42017     0.10999
  42     0.43001     0.11505
  43     0.44003     0.12033
  44     0.45003     0.12574
  45     0.46027     0.13137
  46     0.47001     0.13686
  47     0.48042     0.14289
  48     0.49102     0.14919
  49     0.50033     0.15481
  50     0.51009     0.16085
  51     0.52003     0.16714
  52     0.53003     0.17364
  53     0.54017      0.1804
  54     0.55394     0.18981
  55     0.56008     0.19409
  56     0.57038     0.20141
  57        0.58     0.20839
  58     0.59048     0.21617
  59      0.6001     0.22345
  60     0.61007      0.2312
  61     0.62003     0.23914
  62     0.63013     0.24739
  63     0.64001     0.25563
  64     0.65009     0.26426
  65     0.66004     0.27301
  66     0.67006     0.28201
  67        0.68     0.29113
  68        0.69     0.30055
  69     0.70004     0.31025
  70     0.71003     0.32017
  71      0.7223     0.33273
  72     0.73018     0.34099
  73     0.74001     0.35162
  74     0.75002     0.36278
  75        0.76     0.37425
  76     0.77005     0.38619
  77     0.78061     0.39913
  78     0.79004     0.41106
  79     0.80002     0.42415
  80     0.81005     0.43775
  81     0.82004     0.45169
  82     0.83012     0.46631
  83     0.84003     0.48119
  84     0.85004      0.4968
  85     0.86002     0.51298
  86     0.87002     0.52996
  87     0.88004     0.54781
  88     0.89002     0.56649
  89     0.90001     0.58616
  90     0.91002     0.60712
  91     0.92012     0.62976
  92     0.93003      0.6534
  93     0.94008     0.67945
  94     0.95011     0.70804
  95        0.96     0.73927
  96        0.97     0.77523
  97     0.98003     0.81844
  98     0.99001     0.87383
  99           1           1
-----------------------------------------

----------------- PPP$ and local currency --------------
         PPP used in computation: 0.530774
     Data mean in local currency: 366.438
               Data mean in PPP$: 217.236
        Poverty line in PPP$/Day: 1.9
      Poverty line in PPP$/Month: 57.7917
  Poverty line in local currency: 97.4839
-------------------------------------------------------

----------------- Estimation result --------------
     Number of observation: 9842
          Total population: 5.04975E+06
              Total wealth: 3.48627E+09(PPP$)
                   Minimum: 0(PPP$)
                   Maximum: 42628.9(PPP$)
             Headcount(HC): 0.206504
          Poverty gap (PG): 0.103396
       Poverty gap squared: 0.0731448
                      Gini: 0.539519
                    Median: 132.936
                       MLD: 0.723211
                      Watt: 0.133111
--------------------------------------------------

-------------------------------- Income or Consumption share by deciles (%) -------------------------------------
    0.55678     2.0161      3.139     4.2848     5.4647     6.8765     8.6839      11.39     16.202     41.386
-----------------------------------------------------------------------------------------------------------------


