

**********************************************************************************************
**                                   Basic Information                                      **
**********************************************************************************************

----------------- Dataset Information -----------------
                         Country: El Salvador
                    Country dode: SLV
                       Data Year: 2012
                        Coverage: National
             Welfare measurement: Income
                     Data format: Unit record
                     Data source: SLV_N2012Y
                  Data time span: UnDefined
-------------------------------------------------------


----------- Distribution ------------
   i           P           L 
-------------------------------------
   0    0.010005   0.0010413
   1    0.020003   0.0025549
   2    0.030035   0.0043215
   3    0.040036   0.0062697
   4    0.050058   0.0084173
   5    0.060069    0.010747
   6    0.070151    0.013239
   7        0.08     0.01582
   8    0.090026    0.018604
   9     0.10001    0.021512
  10        0.11    0.024553
  11     0.12006     0.02773
  12     0.13003    0.030997
  13     0.14001    0.034364
  14     0.15014    0.037901
  15     0.16001    0.041462
  16     0.17003    0.045205
  17     0.18003    0.049053
  18     0.19003    0.053001
  19     0.20001    0.057018
  20     0.21019    0.061223
  21     0.22022    0.065458
  22     0.23021    0.069765
  23     0.24003    0.074085
  24     0.25009    0.078609
  25     0.26001    0.083174
  26     0.27003    0.087883
  27     0.28004    0.092692
  28     0.29031    0.097749
  29     0.30002     0.10263
  30     0.31001     0.10776
  31     0.32009     0.11304
  32     0.33002     0.11836
  33     0.34007     0.12386
  34     0.35006     0.12944
  35     0.36004     0.13512
  36     0.37002     0.14087
  37     0.38002     0.14674
  38        0.39     0.15269
  39         0.4     0.15877
  40        0.41     0.16496
  41     0.42007     0.17131
  42     0.43001      0.1777
  43     0.44005     0.18428
  44     0.45029     0.19108
  45     0.46001     0.19764
  46     0.47003     0.20454
  47     0.48008     0.21157
  48        0.49     0.21863
  49     0.50009     0.22593
  50     0.51006     0.23328
  51     0.52001     0.24073
  52     0.53016     0.24847
  53     0.54001     0.25609
  54     0.55001     0.26396
  55     0.56002     0.27198
  56     0.57001     0.28013
  57     0.58004     0.28846
  58     0.59003     0.29691
  59     0.60024     0.30572
  60        0.61     0.31428
  61     0.62026     0.32343
  62     0.63004      0.3323
  63     0.64005     0.34153
  64     0.65021      0.3511
  65     0.66004     0.36055
  66     0.67016     0.37045
  67     0.68001     0.38028
  68        0.69      0.3904
  69     0.70005      0.4008
  70      0.7102     0.41152
  71     0.72007      0.4222
  72     0.73002     0.43323
  73        0.74     0.44455
  74     0.75001     0.45618
  75     0.76014     0.46818
  76     0.77005     0.48021
  77        0.78     0.49262
  78     0.79001     0.50545
  79     0.80015     0.51877
  80     0.81002     0.53206
  81      0.8201     0.54604
  82     0.83007      0.5603
  83     0.84001       0.575
  84     0.85015     0.59046
  85     0.86003       0.606
  86     0.87002      0.6223
  87     0.88018     0.63951
  88     0.89005     0.65691
  89     0.90001     0.67534
  90     0.91001     0.69468
  91     0.92003     0.71493
  92     0.93001     0.73639
  93      0.9401     0.75958
  94     0.95002     0.78426
  95        0.96     0.81103
  96     0.97007     0.84125
  97     0.98003     0.87648
  98     0.99014     0.92095
  99           1           1
-----------------------------------------

----------------- PPP$ and local currency --------------
         PPP used in computation: 0.530774
     Data mean in local currency: 150.687
               Data mean in PPP$: 278.91
        Poverty line in PPP$/Day: 1.9
      Poverty line in PPP$/Month: 57.7917
  Poverty line in local currency: 31.2231
-------------------------------------------------------

----------------- Estimation result --------------
     Number of observation: 20174
          Total population: 6.18398E+06
              Total wealth: 1.75563E+09(PPP$)
                   Minimum: 0(PPP$)
                   Maximum: 14776.7(PPP$)
             Headcount(HC): 0.0415976
          Poverty gap (PG): 0.00979136
       Poverty gap squared: 0.00362553
                      Gini: 0.418009
                    Median: 203.752
                       MLD: 0.299654
                      Watt: 0.0123095
--------------------------------------------------

-------------------------------- Income or Consumption share by deciles (%) -------------------------------------
     2.1509     3.5505     4.5606     5.6146     6.7104     7.9636     9.5239     11.783     15.675     32.468
-----------------------------------------------------------------------------------------------------------------


