

**********************************************************************************************
**                                   Basic Information                                      **
**********************************************************************************************

----------------- Dataset Information -----------------
                         Country: El Salvador
                    Country dode: SLV
                       Data Year: 2010
                        Coverage: National
             Welfare measurement: Income
                     Data format: Unit record
                     Data source: SLV_N2010Y
                  Data time span: UnDefined
-------------------------------------------------------


----------- Distribution ------------
   i           P           L 
-------------------------------------
   0    0.010023  0.00054522
   1    0.020175    0.001587
   2    0.030005   0.0028471
   3    0.040023   0.0043462
   4    0.050008   0.0060275
   5     0.06001   0.0078786
   6    0.070111   0.0099083
   7    0.080037    0.012043
   8    0.090017    0.014315
   9     0.10002    0.016737
  10     0.11006    0.019301
  11     0.12001    0.021966
  12     0.13003    0.024774
  13     0.14006    0.027697
  14     0.15012    0.030742
  15     0.16006    0.033863
  16     0.17004    0.037092
  17     0.18002    0.040422
  18     0.19003     0.04387
  19     0.20001    0.047433
  20      0.2101     0.05114
  21     0.22004    0.054913
  22     0.23001    0.058798
  23     0.24001    0.062798
  24     0.25001    0.066912
  25     0.26002    0.071136
  26     0.27001    0.075471
  27     0.28002    0.079932
  28     0.29003    0.084493
  29     0.30014    0.089199
  30     0.31001    0.093895
  31     0.32014    0.098829
  32     0.33007     0.10379
  33     0.34007     0.10889
  34     0.35006      0.1141
  35     0.36009     0.11945
  36     0.37002     0.12485
  37     0.38004     0.13039
  38        0.39     0.13603
  39     0.40001      0.1418
  40     0.41001     0.14768
  41     0.42004     0.15369
  42      0.4303     0.15996
  43     0.44002     0.16601
  44     0.45011     0.17241
  45     0.46004     0.17883
  46     0.47003     0.18543
  47     0.48002     0.19216
  48     0.49003     0.19903
  49     0.50004     0.20603
  50     0.51001     0.21313
  51     0.52014      0.2205
  52     0.53002     0.22782
  53     0.54001     0.23536
  54     0.55004     0.24308
  55     0.56003     0.25094
  56     0.57006     0.25899
  57     0.58001     0.26713
  58     0.59001     0.27548
  59     0.60004     0.28403
  60     0.61004     0.29274
  61     0.62024      0.3018
  62     0.63001     0.31067
  63     0.64004     0.31995
  64     0.65004     0.32942
  65     0.66008     0.33913
  66     0.67002     0.34894
  67     0.68002     0.35904
  68     0.69001     0.36935
  69     0.70005     0.37996
  70     0.71002     0.39071
  71     0.72001     0.40171
  72     0.73002     0.41297
  73     0.74004     0.42452
  74     0.75011     0.43641
  75     0.76024     0.44867
  76     0.77006     0.46082
  77        0.78     0.47344
  78     0.79003     0.48656
  79     0.80002     0.50002
  80     0.81003     0.51387
  81        0.82     0.52806
  82     0.83005     0.54283
  83        0.84     0.55792
  84     0.85012     0.57384
  85     0.86005     0.59012
  86     0.87002     0.60709
  87     0.88035     0.62547
  88     0.89006     0.64357
  89     0.90007     0.66315
  90     0.91003     0.68362
  91     0.92001     0.70535
  92        0.93     0.72857
  93     0.94001     0.75348
  94     0.95037     0.78131
  95     0.96001     0.80968
  96        0.97     0.84249
  97        0.98     0.88025
  98        0.99     0.92664
  99           1           1
-----------------------------------------

----------------- PPP$ and local currency --------------
         PPP used in computation: 0.530774
     Data mean in local currency: 139.432
               Data mean in PPP$: 273.074
        Poverty line in PPP$/Day: 1.9
      Poverty line in PPP$/Month: 57.7917
  Poverty line in local currency: 29.5086
-------------------------------------------------------

----------------- Estimation result --------------
     Number of observation: 19562
          Total population: 6.12203E+06
              Total wealth: 1.60824E+09(PPP$)
                   Minimum: 0(PPP$)
                   Maximum: 8038.93(PPP$)
             Headcount(HC): 0.0723732
          Poverty gap (PG): 0.0233157
       Poverty gap squared: 0.0113666
                      Gini: 0.445255
                    Median: 192.72
                       MLD: 0.353598
                      Watt: 0.0335917
--------------------------------------------------

-------------------------------- Income or Consumption share by deciles (%) -------------------------------------
     1.6733     3.0696     4.1706     5.2663     6.4204     7.7998     9.5911     12.008     16.302     33.699
-----------------------------------------------------------------------------------------------------------------


