

**********************************************************************************************
**                                   Basic Information                                      **
**********************************************************************************************

----------------- Dataset Information -----------------
                         Country: El Salvador
                    Country dode: SLV
                       Data Year: 2001
                        Coverage: National
             Welfare measurement: Income
                     Data format: Unit record
                     Data source: SLV_N2001Y
                  Data time span: UnDefined
-------------------------------------------------------


----------- Distribution ------------
   i           P           L 
-------------------------------------
   0    0.010119  0.00012975
   1    0.020062  0.00050406
   2    0.030054   0.0010757
   3    0.040032   0.0018337
   4    0.050034   0.0027523
   5    0.060089   0.0038101
   6    0.070106   0.0049922
   7    0.080033   0.0062871
   8    0.090093    0.007731
   9     0.10014   0.0093038
  10     0.11012    0.011004
  11     0.12033    0.012865
  12     0.13003    0.014756
  13     0.14009    0.016857
  14     0.15013    0.019078
  15      0.1601    0.021386
  16     0.17003    0.023809
  17     0.18016      0.0264
  18     0.19005    0.029014
  19     0.20003    0.031744
  20     0.21006    0.034591
  21     0.22002    0.037531
  22      0.2301    0.040615
  23     0.24005    0.043768
  24     0.25004    0.047054
  25      0.2602    0.050501
  26     0.27002    0.053948
  27     0.28003     0.05755
  28     0.29007    0.061267
  29     0.30006    0.065069
  30     0.31002    0.068972
  31     0.32005    0.073018
  32     0.33015    0.077215
  33     0.34005    0.081444
  34     0.35006    0.085838
  35      0.3601    0.090369
  36     0.37024    0.095069
  37     0.38002    0.099724
  38     0.39003     0.10462
  39     0.40016     0.10971
  40     0.41018      0.1149
  41     0.42003     0.12012
  42     0.43006     0.12556
  43     0.44001     0.13105
  44        0.45      0.1367
  45     0.46001     0.14246
  46      0.4701     0.14839
  47     0.48007     0.15437
  48     0.49012     0.16055
  49      0.5001     0.16682
  50     0.51003     0.17321
  51     0.52007     0.17984
  52     0.53017     0.18668
  53     0.54023     0.19363
  54     0.55001     0.20054
  55     0.56027     0.20798
  56     0.57018     0.21531
  57     0.58002     0.22275
  58     0.59001     0.23051
  59     0.60014     0.23855
  60     0.61001     0.24659
  61     0.62018     0.25506
  62     0.63007     0.26348
  63     0.64003     0.27219
  64     0.65003     0.28111
  65     0.66009     0.29028
  66      0.6702     0.29971
  67     0.68001     0.30909
  68     0.69002     0.31891
  69     0.70001     0.32898
  70     0.71001     0.33932
  71     0.72004        0.35
  72      0.7301     0.36101
  73     0.74012     0.37231
  74     0.75003     0.38379
  75     0.76002     0.39566
  76     0.77002     0.40794
  77     0.78003     0.42062
  78     0.79003     0.43366
  79     0.80003     0.44718
  80     0.81046     0.46172
  81     0.82027     0.47583
  82     0.83011     0.49058
  83     0.84011     0.50615
  84     0.85001      0.5222
  85     0.86001     0.53901
  86      0.8701     0.55671
  87     0.88003     0.57506
  88     0.89001     0.59458
  89     0.90006     0.61535
  90     0.91007     0.63728
  91     0.92002     0.66033
  92     0.93021     0.68562
  93     0.94004     0.71185
  94     0.95002     0.74077
  95     0.96021     0.77343
  96     0.97012     0.80857
  97     0.98003     0.84861
  98     0.99004     0.89985
  99           1           1
-----------------------------------------

----------------- PPP$ and local currency --------------
         PPP used in computation: 0.530774
     Data mean in local currency: 947.319
               Data mean in PPP$: 290.575
        Poverty line in PPP$/Day: 1.9
      Poverty line in PPP$/Month: 57.7917
  Poverty line in local currency: 188.41
-------------------------------------------------------

----------------- Estimation result --------------
     Number of observation: 10603
          Total population: 6.14386E+06
              Total wealth: 1.09655E+10(PPP$)
                   Minimum: 0(PPP$)
                   Maximum: 134427(PPP$)
             Headcount(HC): 0.127278
          Poverty gap (PG): 0.0558515
       Poverty gap squared: 0.0338334
                      Gini: 0.511446
                    Median: 184.1
                       MLD: 0.522398
                      Watt: 0.0894182
--------------------------------------------------

-------------------------------- Income or Consumption share by deciles (%) -------------------------------------
    0.92822     2.2453     3.3312     4.4587     5.7122     7.1687     9.0529     11.816     16.809     38.477
-----------------------------------------------------------------------------------------------------------------


