

**********************************************************************************************
**                                   Basic Information                                      **
**********************************************************************************************

----------------- Dataset Information -----------------
                         Country: El Salvador
                    Country dode: SLV
                       Data Year: 2009
                        Coverage: National
             Welfare measurement: Income
                     Data format: Unit record
                     Data source: SLV_N2009Y
                  Data time span: UnDefined
-------------------------------------------------------


----------- Distribution ------------
   i           P           L 
-------------------------------------
   0    0.010019  0.00086938
   1    0.020029    0.002084
   2    0.030117    0.003535
   3    0.040103   0.0051569
   4    0.050042    0.006932
   5    0.060005   0.0088408
   6    0.070186    0.010932
   7    0.080003     0.01308
   8    0.090081    0.015422
   9     0.10003    0.017847
  10     0.11003    0.020421
  11     0.12017    0.023145
  12     0.13002    0.025906
  13     0.14007     0.02884
  14     0.15011    0.031877
  15     0.16004    0.034986
  16     0.17003    0.038219
  17     0.18012    0.041575
  18     0.19002    0.044974
  19     0.20008    0.048539
  20     0.21012     0.05221
  21     0.22012    0.055965
  22     0.23002    0.059781
  23     0.24003    0.063746
  24        0.25    0.067805
  25     0.26001    0.071972
  26     0.27002    0.076229
  27        0.28    0.080563
  28     0.29002    0.084998
  29     0.30002    0.089535
  30     0.31009    0.094211
  31     0.32008    0.098954
  32     0.33003     0.10379
  33     0.34008     0.10875
  34     0.35001     0.11376
  35     0.36009     0.11895
  36     0.37002     0.12417
  37     0.38005     0.12955
  38     0.39019     0.13512
  39     0.40004     0.14065
  40     0.41001     0.14633
  41     0.42005     0.15218
  42     0.43003     0.15812
  43     0.44009     0.16422
  44     0.45015     0.17045
  45     0.46004     0.17668
  46     0.47005     0.18312
  47        0.48     0.18965
  48      0.4901     0.19641
  49     0.50006      0.2032
  50     0.51002      0.2101
  51     0.52001     0.21713
  52     0.53003     0.22431
  53     0.54051     0.23194
  54     0.55014     0.23909
  55     0.56003     0.24656
  56     0.57015     0.25435
  57     0.58006     0.26212
  58        0.59     0.27005
  59         0.6      0.2782
  60     0.61003     0.28651
  61      0.6201     0.29502
  62     0.63002     0.30357
  63     0.64004     0.31237
  64     0.65005     0.32135
  65     0.66006     0.33052
  66     0.67003     0.33984
  67     0.68005     0.34938
  68     0.69008      0.3591
  69     0.70002     0.36895
  70     0.71046     0.37956
  71     0.72044     0.38997
  72     0.73001     0.40019
  73     0.74021     0.41131
  74        0.75     0.42226
  75     0.76002     0.43373
  76     0.77001     0.44543
  77     0.78001     0.45746
  78     0.79001     0.46984
  79         0.8     0.48259
  80     0.81011     0.49588
  81     0.82012     0.50948
  82        0.83     0.52337
  83        0.84     0.53795
  84     0.85012     0.55332
  85     0.86003     0.56903
  86     0.87001     0.58548
  87      0.8801      0.6028
  88        0.89     0.62054
  89     0.90002     0.63935
  90     0.91005     0.65923
  91     0.92005      0.6803
  92     0.93024     0.70356
  93      0.9403     0.72829
  94     0.95027     0.75472
  95     0.96018     0.78381
  96        0.97     0.81667
  97     0.98006     0.85753
  98     0.99001     0.90872
  99           1           1
-----------------------------------------

----------------- PPP$ and local currency --------------
         PPP used in computation: 0.530774
     Data mean in local currency: 140.203
               Data mean in PPP$: 283.404
        Poverty line in PPP$/Day: 1.9
      Poverty line in PPP$/Month: 57.7917
  Poverty line in local currency: 28.5902
-------------------------------------------------------

----------------- Estimation result --------------
     Number of observation: 18954
          Total population: 6.08184E+06
              Total wealth: 1.60651E+09(PPP$)
                   Minimum: 0.586396(PPP$)
                   Maximum: 9400.56(PPP$)
             Headcount(HC): 0.0639269
          Poverty gap (PG): 0.0167024
       Poverty gap squared: 0.00656649
                      Gini: 0.459282
                    Median: 194.731
                       MLD: 0.365804
                      Watt: 0.0221024
--------------------------------------------------

-------------------------------- Income or Consumption share by deciles (%) -------------------------------------
      1.784     3.0671     4.1016     5.1099     6.2534      7.504     9.0729     11.366     15.672     36.069
-----------------------------------------------------------------------------------------------------------------


