

**********************************************************************************************
**                                   Basic Information                                      **
**********************************************************************************************

----------------- Dataset Information -----------------
                         Country: El Salvador
                    Country dode: SLV
                       Data Year: 2003
                        Coverage: National
             Welfare measurement: Income
                     Data format: Unit record
                     Data source: SLV_N2003Y
                  Data time span: UnDefined
-------------------------------------------------------


----------- Distribution ------------
   i           P           L 
-------------------------------------
   0    0.017558           0
   1    0.020262  1.4853E-05
   2    0.030086  0.00013526
   3    0.040166  0.00039253
   4     0.05017  0.00079885
   5    0.060078   0.0013917
   6    0.070041   0.0022017
   7    0.080056   0.0032277
   8     0.09009   0.0044553
   9     0.10003   0.0058268
  10     0.11002   0.0073466
  11     0.12006   0.0090085
  12     0.13002    0.010796
  13     0.14001    0.012741
  14     0.15005    0.014836
  15     0.16025    0.017116
  16     0.17001    0.019431
  17     0.18002    0.021948
  18     0.19006    0.024591
  19     0.20012    0.027376
  20        0.21    0.030236
  21     0.22003    0.033254
  22     0.23008    0.036413
  23        0.24    0.039659
  24     0.25009    0.043089
  25     0.26004    0.046561
  26     0.27004    0.050174
  27     0.28004    0.053905
  28      0.2901    0.057773
  29         0.3    0.061714
  30     0.31004    0.065826
  31     0.32023     0.07014
  32     0.33001    0.074405
  33     0.34005    0.078903
  34     0.35005    0.083498
  35     0.36009     0.08823
  36     0.37002    0.093036
  37     0.38002    0.097996
  38     0.39008      0.1031
  39     0.40004     0.10828
  40     0.41002      0.1136
  41     0.42016     0.11912
  42     0.43005     0.12465
  43        0.44     0.13034
  44      0.4501     0.13622
  45     0.46006     0.14216
  46     0.47013     0.14833
  47     0.48006     0.15454
  48     0.49002     0.16093
  49     0.50005     0.16752
  50     0.51001     0.17421
  51     0.52002      0.1811
  52     0.53001     0.18813
  53     0.54007     0.19539
  54     0.55003     0.20275
  55     0.56038     0.21055
  56     0.57003     0.21794
  57     0.58005      0.2258
  58     0.59006     0.23386
  59     0.60005     0.24208
  60     0.61004     0.25049
  61      0.6202     0.25925
  62     0.63006     0.26793
  63     0.64005     0.27698
  64     0.65004     0.28624
  65     0.66004     0.29571
  66     0.67003     0.30542
  67     0.68001     0.31538
  68        0.69     0.32557
  69     0.70011     0.33614
  70     0.71009     0.34678
  71     0.72008     0.35771
  72      0.7303      0.3692
  73     0.74001      0.3804
  74     0.75001     0.39224
  75     0.76003     0.40442
  76     0.77009     0.41702
  77     0.78015     0.42999
  78        0.79     0.44303
  79     0.80002     0.45675
  80        0.81     0.47089
  81     0.82037     0.48614
  82     0.83007     0.50087
  83        0.84      0.5165
  84     0.85013     0.53308
  85     0.86005     0.54993
  86        0.87     0.56754
  87     0.88007      0.5861
  88     0.89008     0.60546
  89     0.90011     0.62581
  90     0.91001     0.64696
  91     0.92004     0.66963
  92     0.93008     0.69375
  93     0.94001     0.71956
  94     0.95011     0.74817
  95     0.96004     0.77911
  96     0.97001     0.81376
  97     0.98002     0.85346
  98     0.99001     0.90542
  99           1           1
-----------------------------------------

----------------- PPP$ and local currency --------------
         PPP used in computation: 0.530774
     Data mean in local currency: 873.341
               Data mean in PPP$: 254.269
        Poverty line in PPP$/Day: 1.9
      Poverty line in PPP$/Month: 57.7917
  Poverty line in local currency: 198.498
-------------------------------------------------------

----------------- Estimation result --------------
     Number of observation: 13356
          Total population: 6.6041E+06
              Total wealth: 1.08665E+10(PPP$)
                   Minimum: 0(PPP$)
                   Maximum: 66615.6(PPP$)
             Headcount(HC): 0.157581
          Poverty gap (PG): 0.084968
       Poverty gap squared: 0.0624158
                      Gini: 0.507223
                    Median: 169.022
                       MLD: 0.643595
                      Watt: 0.1336
--------------------------------------------------

-------------------------------- Income or Consumption share by deciles (%) -------------------------------------
    0.58231     2.1519      3.437     4.6549      5.922     7.4559     9.3979      12.07     16.887     37.441
-----------------------------------------------------------------------------------------------------------------


