

**********************************************************************************************
**                                   Basic Information                                      **
**********************************************************************************************

----------------- Dataset Information -----------------
                         Country: El Salvador
                    Country dode: SLV
                       Data Year: 2002
                        Coverage: National
             Welfare measurement: Income
                     Data format: Unit record
                     Data source: SLV_N2002Y
                  Data time span: UnDefined
-------------------------------------------------------


----------- Distribution ------------
   i           P           L 
-------------------------------------
   0    0.010044  0.00018129
   1    0.020048  0.00059194
   2    0.030055   0.0011917
   3        0.04   0.0019305
   4     0.05002   0.0028155
   5    0.060061   0.0038447
   6    0.070013   0.0050059
   7    0.080066   0.0063084
   8    0.090039   0.0077183
   9     0.10004    0.009273
  10     0.11008    0.010962
  11     0.12001    0.012746
  12     0.13001    0.014649
  13     0.14004    0.016672
  14     0.15018    0.018858
  15     0.16003    0.021099
  16      0.1701    0.023522
  17     0.18012    0.026039
  18     0.19001     0.02863
  19     0.20001    0.031372
  20     0.21006    0.034244
  21     0.22014     0.03723
  22     0.23004    0.040264
  23      0.2401    0.043448
  24     0.25003    0.046686
  25        0.26    0.050038
  26     0.27004    0.053514
  27      0.2801    0.057104
  28     0.29001    0.060753
  29     0.30016    0.064602
  30     0.31002     0.06843
  31     0.32007    0.072426
  32     0.33008    0.076521
  33     0.34003    0.080711
  34     0.35007     0.08506
  35     0.36013    0.089527
  36     0.37009     0.09407
  37     0.38016    0.098778
  38     0.39004     0.10352
  39         0.4     0.10841
  40     0.41005     0.11347
  41     0.42001     0.11861
  42     0.43003     0.12392
  43     0.44007     0.12937
  44     0.45026     0.13504
  45      0.4602     0.14068
  46     0.47005      0.1464
  47     0.48004     0.15233
  48     0.49004     0.15842
  49     0.50006     0.16466
  50     0.51004     0.17103
  51     0.52001     0.17756
  52     0.53007     0.18432
  53     0.54002     0.19116
  54     0.55002     0.19822
  55     0.56002     0.20544
  56     0.57017     0.21295
  57     0.58002     0.22041
  58     0.59007     0.22822
  59     0.60011     0.23617
  60     0.61002     0.24424
  61     0.62002     0.25256
  62     0.63001     0.26107
  63     0.64002      0.2698
  64     0.65007     0.27876
  65     0.66001     0.28784
  66     0.67001     0.29723
  67     0.68004     0.30691
  68     0.69006     0.31684
  69     0.70001     0.32694
  70     0.71002     0.33736
  71        0.72     0.34801
  72     0.73001     0.35896
  73     0.74001     0.37019
  74     0.75004     0.38179
  75     0.76004     0.39365
  76     0.77003     0.40586
  77        0.78      0.4184
  78     0.79003     0.43144
  79     0.80003     0.44496
  80     0.81009     0.45904
  81     0.82004     0.47351
  82     0.83005     0.48858
  83     0.84003     0.50414
  84     0.85013     0.52056
  85     0.86019     0.53756
  86     0.87011     0.55498
  87     0.88001     0.57323
  88     0.89003     0.59265
  89         0.9     0.61298
  90        0.91     0.63436
  91     0.92042     0.65766
  92     0.93004     0.68037
  93     0.94002     0.70546
  94     0.95001     0.73274
  95        0.96     0.76256
  96      0.9707      0.7989
  97        0.98     0.83578
  98     0.99018     0.88769
  99           1           1
-----------------------------------------

----------------- PPP$ and local currency --------------
         PPP used in computation: 0.530774
     Data mean in local currency: 986.972
               Data mean in PPP$: 294.517
        Poverty line in PPP$/Day: 1.9
      Poverty line in PPP$/Month: 57.7917
  Poverty line in local currency: 193.669
-------------------------------------------------------

----------------- Estimation result --------------
     Number of observation: 14784
          Total population: 6.16604E+06
              Total wealth: 1.14657E+10(PPP$)
                   Minimum: 0(PPP$)
                   Maximum: 127855(PPP$)
             Headcount(HC): 0.130782
          Poverty gap (PG): 0.0553582
       Poverty gap squared: 0.0328937
                      Gini: 0.515353
                    Median: 185.19
                       MLD: 0.52072
                      Watt: 0.0905577
--------------------------------------------------

-------------------------------- Income or Consumption share by deciles (%) -------------------------------------
    0.92662     2.2105     3.3169      4.387     5.6212     7.1461     9.0846     11.798     16.807     38.702
-----------------------------------------------------------------------------------------------------------------


