

**********************************************************************************************
**                                   Basic Information                                      **
**********************************************************************************************

----------------- Dataset Information -----------------
                         Country: El Salvador
                    Country dode: SLV
                       Data Year: 2011
                        Coverage: National
             Welfare measurement: Income
                     Data format: Unit record
                     Data source: SLV_N2011Y
                  Data time span: UnDefined
-------------------------------------------------------


----------- Distribution ------------
   i           P           L 
-------------------------------------
   0    0.010021   0.0011024
   1    0.020021   0.0026102
   2    0.030064   0.0043676
   3     0.04001    0.006306
   4    0.050045   0.0084409
   5    0.060069    0.010712
   6    0.070015    0.013086
   7    0.080032    0.015616
   8    0.090002    0.018276
   9     0.10006    0.021094
  10     0.11002    0.024013
  11     0.12004    0.027076
  12      0.1301    0.030287
  13     0.14009    0.033603
  14     0.15011    0.037041
  15        0.16    0.040536
  16     0.17004    0.044174
  17     0.18002     0.04789
  18     0.19004    0.051723
  19     0.20001    0.055636
  20        0.21    0.059654
  21     0.22008    0.063812
  22      0.2302    0.068093
  23     0.24013    0.072379
  24     0.25001    0.076754
  25        0.26    0.081286
  26     0.27001    0.085939
  27     0.28006    0.090716
  28     0.29001    0.095552
  29         0.3      0.1005
  30     0.31002     0.10557
  31     0.32001     0.11072
  32     0.33002     0.11599
  33     0.34011      0.1214
  34     0.35007     0.12683
  35     0.36005     0.13237
  36     0.37012     0.13808
  37     0.38002     0.14379
  38     0.39001     0.14966
  39         0.4     0.15564
  40     0.41006     0.16176
  41     0.42004     0.16795
  42     0.43003     0.17425
  43     0.44008     0.18068
  44        0.45     0.18715
  45     0.46004     0.19382
  46     0.47005      0.2006
  47     0.48001     0.20746
  48     0.49002     0.21445
  49     0.50002     0.22155
  50     0.51029     0.22898
  51     0.52002     0.23616
  52     0.53002     0.24364
  53     0.54008     0.25131
  54     0.55012     0.25911
  55     0.56001     0.26694
  56     0.57002       0.275
  57     0.58003     0.28322
  58     0.59001     0.29154
  59     0.60004     0.30007
  60     0.61001     0.30873
  61     0.62008     0.31764
  62     0.63009     0.32668
  63     0.64001     0.33583
  64     0.65002     0.34523
  65     0.66003     0.35483
  66     0.67002     0.36461
  67     0.68001      0.3746
  68     0.69001     0.38479
  69     0.70002     0.39521
  70     0.71009      0.4059
  71     0.72024     0.41686
  72     0.73023     0.42786
  73     0.74008     0.43893
  74     0.75009     0.45048
  75     0.76016     0.46239
  76     0.77006     0.47437
  77     0.78003     0.48679
  78     0.79005     0.49958
  79         0.8      0.5126
  80        0.81     0.52607
  81     0.82002     0.54001
  82     0.83004     0.55437
  83     0.84032     0.56963
  84     0.85007      0.5846
  85     0.86002     0.60051
  86     0.87001     0.61713
  87     0.88001     0.63451
  88     0.89002     0.65259
  89     0.90004     0.67143
  90        0.91     0.69109
  91     0.92001     0.71186
  92     0.93001     0.73387
  93     0.94019     0.75804
  94     0.95022     0.78411
  95     0.96011     0.81188
  96     0.97007     0.84248
  97        0.98     0.87803
  98     0.99001     0.92238
  99           1           1
-----------------------------------------

----------------- PPP$ and local currency --------------
         PPP used in computation: 0.530774
     Data mean in local currency: 145.158
               Data mean in PPP$: 270.427
        Poverty line in PPP$/Day: 1.9
      Poverty line in PPP$/Month: 57.7917
  Poverty line in local currency: 31.0211
-------------------------------------------------------

----------------- Estimation result --------------
     Number of observation: 19756
          Total population: 6.14425E+06
              Total wealth: 1.68036E+09(PPP$)
                   Minimum: 0(PPP$)
                   Maximum: 13078.5(PPP$)
             Headcount(HC): 0.0453045
          Poverty gap (PG): 0.0106204
       Poverty gap squared: 0.00378468
                      Gini: 0.424298
                    Median: 194.141
                       MLD: 0.307366
                      Watt: 0.0132446
--------------------------------------------------

-------------------------------- Income or Consumption share by deciles (%) -------------------------------------
     2.1079     3.4555     4.4871     5.5128     6.5904     7.8499     9.5152     11.741     15.876     32.865
-----------------------------------------------------------------------------------------------------------------


