

**********************************************************************************************
**                                   Basic Information                                      **
**********************************************************************************************

----------------- Dataset Information -----------------
                         Country: El Salvador
                    Country dode: SLV
                       Data Year: 2005
                        Coverage: National
             Welfare measurement: Income
                     Data format: Unit record
                     Data source: SLV_N2005Y
                  Data time span: UnDefined
-------------------------------------------------------


----------- Distribution ------------
   i           P           L 
-------------------------------------
   0    0.010012  0.00032824
   1    0.020314   0.0010606
   2    0.030002   0.0020062
   3    0.040004   0.0031643
   4    0.050067   0.0045129
   5        0.06   0.0060025
   6    0.070054   0.0076812
   7    0.080192   0.0095147
   8    0.090139     0.01145
   9      0.1001    0.013487
  10     0.11025    0.015675
  11     0.12007    0.017904
  12     0.13003    0.020282
  13        0.14    0.022783
  14     0.15001    0.025417
  15     0.16051    0.028316
  16      0.1701    0.031092
  17     0.18036    0.034181
  18     0.19001    0.037194
  19     0.20009    0.040439
  20     0.21052    0.043892
  21     0.22003    0.047131
  22     0.23015    0.050701
  23     0.24002    0.054318
  24     0.25016    0.058148
  25     0.26018    0.062053
  26     0.27001    0.065971
  27     0.28003    0.070075
  28     0.29009      0.0743
  29     0.30009    0.078618
  30     0.31021    0.083094
  31     0.32014    0.087583
  32     0.33008    0.092194
  33     0.34001    0.096907
  34     0.35011      0.1018
  35     0.36008     0.10672
  36     0.37058       0.112
  37     0.38009     0.11688
  38     0.39002     0.12206
  39     0.40004     0.12739
  40     0.41007     0.13284
  41     0.42005     0.13837
  42        0.43     0.14403
  43     0.44012     0.14991
  44     0.45002     0.15579
  45     0.46003     0.16185
  46     0.47023     0.16817
  47     0.48012     0.17444
  48     0.49003     0.18084
  49         0.5     0.18742
  50     0.51005     0.19418
  51     0.52006     0.20105
  52     0.53005     0.20804
  53     0.54004     0.21519
  54     0.55008     0.22254
  55     0.56003     0.22997
  56     0.57033      0.2378
  57     0.58002     0.24533
  58     0.59029     0.25347
  59     0.60007     0.26141
  60     0.61011     0.26976
  61     0.62004     0.27819
  62     0.63027     0.28709
  63     0.64009     0.29582
  64     0.65025     0.30507
  65     0.66008     0.31425
  66     0.67002     0.32372
  67     0.68007     0.33353
  68      0.6901     0.34356
  69     0.70004     0.35375
  70     0.71012     0.36433
  71        0.72      0.3749
  72     0.73006     0.38591
  73     0.74002      0.3971
  74     0.75011      0.4088
  75     0.76003     0.42066
  76        0.77     0.43294
  77     0.78002     0.44561
  78     0.79007     0.45872
  79     0.80003     0.47214
  80     0.81001     0.48605
  81     0.82007     0.50052
  82     0.83031     0.51582
  83     0.84004      0.5308
  84     0.85034     0.54719
  85      0.8601     0.56328
  86        0.87     0.58018
  87     0.88008     0.59814
  88     0.89009     0.61692
  89     0.90004     0.63657
  90     0.91001     0.65738
  91     0.92005     0.67957
  92     0.93013      0.7034
  93     0.94003     0.72853
  94     0.95001     0.75588
  95     0.96017     0.78619
  96     0.97013     0.81904
  97     0.98003     0.85713
  98     0.99001     0.90525
  99           1           1
-----------------------------------------

----------------- PPP$ and local currency --------------
         PPP used in computation: 0.530774
     Data mean in local currency: 121.432
               Data mean in PPP$: 281.514
        Poverty line in PPP$/Day: 1.9
      Poverty line in PPP$/Month: 57.7917
  Poverty line in local currency: 24.9287
-------------------------------------------------------

----------------- Estimation result --------------
     Number of observation: 13918
          Total population: 6.5975E+06
              Total wealth: 1.5094E+09(PPP$)
                   Minimum: 0(PPP$)
                   Maximum: 13053.7(PPP$)
             Headcount(HC): 0.095518
          Poverty gap (PG): 0.0344538
       Poverty gap squared: 0.0186091
                      Gini: 0.478846
                    Median: 187.315
                       MLD: 0.422867
                      Watt: 0.052236
--------------------------------------------------

-------------------------------- Income or Consumption share by deciles (%) -------------------------------------
     1.3467     2.6944     3.8169     4.8794     6.0049     7.3935     9.2346     11.839     16.439     36.351
-----------------------------------------------------------------------------------------------------------------


