

**********************************************************************************************
**                                   Basic Information                                      **
**********************************************************************************************

----------------- Dataset Information -----------------
                         Country: El Salvador
                    Country dode: SLV
                       Data Year: 2006
                        Coverage: National
             Welfare measurement: Income
                     Data format: Unit record
                     Data source: SLV_N2006Y
                  Data time span: UnDefined
-------------------------------------------------------


----------- Distribution ------------
   i           P           L 
-------------------------------------
   0     0.01017  0.00076093
   1    0.020015   0.0019886
   2    0.030142   0.0034719
   3    0.040131   0.0051006
   4    0.050009   0.0068709
   5    0.060033   0.0088175
   6    0.070085    0.010904
   7    0.080033    0.013113
   8    0.090014    0.015448
   9      0.1001    0.017925
  10     0.11001    0.020486
  11     0.12034    0.023273
  12     0.13016    0.026045
  13     0.14003    0.028959
  14        0.15    0.032023
  15     0.16002    0.035179
  16     0.17054    0.038608
  17     0.18037    0.041928
  18        0.19    0.045286
  19      0.2001    0.048895
  20        0.21    0.052528
  21      0.2202      0.0564
  22     0.23007    0.060234
  23      0.2405    0.064381
  24     0.25031    0.068389
  25     0.26003    0.072484
  26        0.27    0.076794
  27     0.28002    0.081239
  28     0.29056    0.086028
  29     0.30009    0.090451
  30     0.31046    0.095374
  31     0.32006     0.10003
  32     0.33002     0.10495
  33      0.3401     0.11002
  34     0.35019     0.11522
  35     0.36008     0.12043
  36      0.3701      0.1258
  37     0.38018     0.13131
  38     0.39002      0.1368
  39     0.40002     0.14248
  40     0.41005     0.14829
  41     0.42015     0.15426
  42        0.43      0.1602
  43        0.44     0.16634
  44     0.45003      0.1726
  45     0.46021      0.1791
  46     0.47002     0.18546
  47     0.48015     0.19215
  48     0.49003     0.19877
  49     0.50005     0.20559
  50     0.51002     0.21247
  51     0.52026     0.21969
  52     0.53006     0.22673
  53        0.54       0.234
  54     0.55009     0.24151
  55        0.56     0.24905
  56     0.57022     0.25695
  57     0.58007      0.2647
  58     0.59004     0.27273
  59     0.60005       0.281
  60      0.6102     0.28956
  61     0.62006     0.29805
  62     0.63006     0.30683
  63     0.64013     0.31588
  64     0.65024     0.32514
  65     0.66001     0.33426
  66     0.67002     0.34381
  67     0.68001     0.35354
  68     0.69041     0.36389
  69     0.70002     0.37367
  70        0.71     0.38404
  71      0.7202     0.39486
  72     0.73005     0.40551
  73     0.74031     0.41682
  74     0.75002     0.42776
  75     0.76006     0.43929
  76     0.77005     0.45113
  77     0.78052     0.46385
  78     0.79004     0.47572
  79     0.80016     0.48873
  80        0.81     0.50176
  81     0.82021     0.51575
  82     0.83006      0.5297
  83     0.84001     0.54428
  84     0.85002     0.55944
  85     0.86018     0.57539
  86     0.87003     0.59145
  87        0.88     0.60846
  88        0.89     0.62632
  89     0.90003     0.64526
  90     0.91014     0.66541
  91     0.92004     0.68604
  92     0.93001     0.70784
  93     0.94022     0.73203
  94     0.95004     0.75714
  95     0.96008     0.78559
  96     0.97002     0.81767
  97     0.98008     0.85586
  98     0.99002     0.90569
  99           1           1
-----------------------------------------

----------------- PPP$ and local currency --------------
         PPP used in computation: 0.530774
     Data mean in local currency: 126.961
               Data mean in PPP$: 280.635
        Poverty line in PPP$/Day: 1.9
      Poverty line in PPP$/Month: 57.7917
  Poverty line in local currency: 26.1453
-------------------------------------------------------

----------------- Estimation result --------------
     Number of observation: 14673
          Total population: 6.61623E+06
              Total wealth: 1.5826E+09(PPP$)
                   Minimum: 0(PPP$)
                   Maximum: 10322.4(PPP$)
             Headcount(HC): 0.0635871
          Poverty gap (PG): 0.0172652
       Poverty gap squared: 0.00732995
                      Gini: 0.454436
                    Median: 192.299
                       MLD: 0.361021
                      Watt: 0.0236801
--------------------------------------------------

-------------------------------- Income or Consumption share by deciles (%) -------------------------------------
     1.7901     3.0957     4.1551     5.2063     6.3079     7.5404     9.2689     11.488     15.669     35.479
-----------------------------------------------------------------------------------------------------------------


