

**********************************************************************************************
**                                   Basic Information                                      **
**********************************************************************************************

----------------- Dataset Information -----------------
                         Country: El Salvador
                    Country dode: SLV
                       Data Year: 2007
                        Coverage: National
             Welfare measurement: Income
                     Data format: Unit record
                     Data source: SLV_N2007Y
                  Data time span: UnDefined
-------------------------------------------------------


----------- Distribution ------------
   i           P           L 
-------------------------------------
   0    0.010063  0.00092138
   1    0.020014   0.0022962
   2    0.030153    0.003903
   3    0.040019   0.0056297
   4    0.050045   0.0075609
   5     0.06001   0.0096284
   6    0.070082    0.011855
   7    0.080022    0.014203
   8    0.090301    0.016783
   9     0.10003    0.019345
  10     0.11008    0.022116
  11     0.12002    0.024969
  12     0.13022    0.028015
  13     0.14003    0.031047
  14     0.15002    0.034249
  15     0.16004    0.037571
  16     0.17008    0.041004
  17     0.18029    0.044591
  18     0.19001    0.048109
  19     0.20001     0.05181
  20        0.21    0.055602
  21     0.22022     0.05957
  22        0.23    0.063469
  23     0.24008     0.06757
  24     0.25014    0.071759
  25     0.26001    0.075952
  26     0.27002      0.0803
  27     0.28014    0.084811
  28        0.29    0.089314
  29         0.3    0.093969
  30     0.31003    0.098734
  31     0.32007      0.1036
  32     0.33002     0.10852
  33     0.34011     0.11361
  34     0.35004     0.11871
  35     0.36005     0.12393
  36     0.37019     0.12933
  37     0.38003     0.13468
  38     0.39015     0.14028
  39      0.4001      0.1459
  40     0.41006     0.15162
  41     0.42004     0.15745
  42     0.43006      0.1634
  43     0.44002     0.16942
  44     0.45026     0.17572
  45     0.46015      0.1819
  46     0.47002     0.18819
  47     0.48005     0.19469
  48     0.49002     0.20127
  49     0.50019      0.2081
  50     0.51005     0.21487
  51        0.52     0.22181
  52     0.53004     0.22895
  53        0.54     0.23616
  54     0.55007     0.24358
  55     0.56002     0.25106
  56     0.57001     0.25869
  57     0.58004     0.26649
  58        0.59     0.27439
  59     0.60006     0.28252
  60     0.61009     0.29083
  61     0.62033     0.29947
  62     0.63018     0.30794
  63     0.64015      0.3167
  64     0.65001     0.32553
  65     0.66003      0.3347
  66        0.67     0.34402
  67     0.68005     0.35363
  68     0.69006     0.36344
  69     0.70003     0.37341
  70     0.71007     0.38366
  71     0.72002     0.39405
  72     0.73025     0.40498
  73      0.7401     0.41571
  74     0.75015     0.42696
  75     0.76002     0.43834
  76     0.77007     0.45024
  77     0.78009     0.46241
  78     0.79001     0.47479
  79     0.80019     0.48786
  80     0.81007     0.50087
  81     0.82001     0.51433
  82     0.83002     0.52832
  83     0.84017     0.54304
  84     0.85005     0.55792
  85     0.86002     0.57344
  86     0.87001     0.58969
  87     0.88006      0.6067
  88     0.89009     0.62445
  89     0.90015     0.64306
  90     0.91001     0.66236
  91     0.92003     0.68333
  92     0.93004     0.70558
  93     0.94013     0.72946
  94     0.95008     0.75514
  95        0.96     0.78339
  96     0.97002     0.81528
  97        0.98     0.85215
  98      0.9902     0.90188
  99           1           1
-----------------------------------------

----------------- PPP$ and local currency --------------
         PPP used in computation: 0.530774
     Data mean in local currency: 142.639
               Data mean in PPP$: 300.69
        Poverty line in PPP$/Day: 1.9
      Poverty line in PPP$/Month: 57.7917
  Poverty line in local currency: 27.4147
-------------------------------------------------------

----------------- Estimation result --------------
     Number of observation: 14888
          Total population: 5.66078E+06
              Total wealth: 1.52126E+09(PPP$)
                   Minimum: 0(PPP$)
                   Maximum: 23315.4(PPP$)
             Headcount(HC): 0.044944
          Poverty gap (PG): 0.0108349
       Poverty gap squared: 0.00413745
                      Gini: 0.452383
                    Median: 204.109
                       MLD: 0.352552
                      Watt: 0.0139985
--------------------------------------------------

-------------------------------- Income or Consumption share by deciles (%) -------------------------------------
     1.9339     3.2466     4.2164     5.1872     6.2137     7.4498     9.0909     11.423     15.517     35.722
-----------------------------------------------------------------------------------------------------------------


