

**********************************************************************************************
**                                   Basic Information                                      **
**********************************************************************************************

----------------- Dataset Information -----------------
                         Country: El Salvador
                    Country dode: SLV
                       Data Year: 1998
                        Coverage: National
             Welfare measurement: Income
                     Data format: Unit record
                     Data source: SLV_N1998Y
                  Data time span: UnDefined
-------------------------------------------------------


----------- Distribution ------------
   i           P           L 
-------------------------------------
   0    0.022969           0
   1    0.022969           0
   2    0.030016  5.8004E-05
   3    0.040108  0.00022026
   4    0.050158  0.00050046
   5    0.060122  0.00090162
   6    0.070005   0.0014152
   7     0.08272   0.0022716
   8    0.090044   0.0028654
   9     0.10005   0.0037858
  10     0.11012   0.0048546
  11     0.12002   0.0060357
  12     0.13004   0.0073563
  13     0.14036   0.0088499
  14     0.15012    0.010376
  15     0.16013    0.012047
  16     0.17019     0.01388
  17     0.18001    0.015809
  18     0.19002    0.017913
  19     0.20012    0.020154
  20     0.21015    0.022498
  21     0.22006    0.024928
  22        0.23    0.027497
  23     0.24087    0.030463
  24     0.25001    0.033073
  25      0.2601     0.03608
  26     0.27001    0.039142
  27     0.28009    0.042359
  28     0.29001    0.045636
  29     0.30006    0.049093
  30     0.31026    0.052742
  31      0.3201    0.056378
  32     0.33003     0.06017
  33     0.34016    0.064161
  34     0.35006    0.068199
  35     0.36056    0.072621
  36     0.37018    0.076815
  37     0.38001    0.081216
  38     0.39014    0.085889
  39      0.4007    0.090908
  40     0.41005    0.095472
  41     0.42019     0.10056
  42     0.43002     0.10562
  43     0.44005     0.11093
  44     0.45018     0.11645
  45     0.46004     0.12194
  46     0.47001     0.12765
  47      0.4801     0.13357
  48     0.49045      0.1398
  49     0.50001     0.14571
  50     0.51005     0.15209
  51     0.52004     0.15858
  52     0.53026     0.16539
  53     0.54002     0.17207
  54        0.55     0.17907
  55     0.56016     0.18639
  56     0.57004     0.19366
  57     0.58013     0.20127
  58     0.59009     0.20895
  59     0.60007      0.2168
  60     0.61002     0.22482
  61     0.62221      0.2349
  62     0.63002     0.24149
  63        0.64     0.25009
  64      0.6512     0.26003
  65     0.66008      0.2681
  66     0.67017     0.27749
  67     0.68002     0.28693
  68     0.69003     0.29677
  69     0.70002     0.30686
  70     0.71013     0.31733
  71     0.72057     0.32845
  72      0.7302     0.33896
  73     0.74001     0.34994
  74     0.75001     0.36149
  75     0.76002     0.37341
  76     0.77007     0.38579
  77     0.78003     0.39847
  78     0.79036     0.41207
  79     0.80016     0.42536
  80     0.81013     0.43937
  81     0.82031     0.45417
  82     0.83005     0.46895
  83     0.84155     0.48713
  84        0.85     0.50104
  85     0.86031     0.51881
  86     0.87001     0.53622
  87     0.88062      0.5561
  88     0.89041     0.57513
  89     0.90001     0.59472
  90     0.91017     0.61653
  91     0.92061     0.64033
  92     0.93002     0.66332
  93     0.94005     0.69019
  94     0.95001      0.7192
  95     0.96001     0.75183
  96     0.97002     0.78967
  97     0.98031     0.83389
  98     0.99005     0.88608
  99           1           1
-----------------------------------------

----------------- PPP$ and local currency --------------
         PPP used in computation: 0.530774
     Data mean in local currency: 779.353
               Data mean in PPP$: 253.393
        Poverty line in PPP$/Day: 1.9
      Poverty line in PPP$/Month: 57.7917
  Poverty line in local currency: 177.748
-------------------------------------------------------

----------------- Estimation result --------------
     Number of observation: 7382
          Total population: 5.9853E+06
              Total wealth: 8.78841E+09(PPP$)
                   Minimum: 0(PPP$)
                   Maximum: 161075(PPP$)
             Headcount(HC): 0.200212
          Poverty gap (PG): 0.111751
       Poverty gap squared: 0.0822367
                      Gini: 0.545157
                    Median: 158.99
                       MLD: 0.768978
                      Watt: 0.172138
--------------------------------------------------

-------------------------------- Income or Consumption share by deciles (%) -------------------------------------
     0.3781     1.6347     2.8946       4.15     5.5129     7.1043     9.0091     11.831     16.956     40.529
-----------------------------------------------------------------------------------------------------------------


