

**********************************************************************************************
**                                   Basic Information                                      **
**********************************************************************************************

----------------- Dataset Information -----------------
                         Country: Serbia
                    Country dode: SRB
                       Data Year: 2005
                        Coverage: National
             Welfare measurement: Consumption
                     Data format: Unit record
                     Data source: SRB_N2005X
                  Data time span: UnDefined
-------------------------------------------------------


----------- Distribution ------------
   i           P           L 
-------------------------------------
   0    0.010092    0.001268
   1    0.020568   0.0033979
   2    0.030069   0.0056989
   3    0.040106   0.0083943
   4    0.050487     0.01145
   5     0.06045    0.014604
   6     0.07014    0.017843
   7     0.08007    0.021306
   8    0.090216     0.02503
   9     0.10017    0.028842
  10     0.11017    0.032792
  11     0.12016    0.036882
  12     0.13013    0.041117
  13     0.14016    0.045512
  14      0.1501    0.049993
  15     0.16004    0.054583
  16     0.17001    0.059312
  17     0.18019    0.064249
  18     0.19013    0.069171
  19     0.20021    0.074257
  20     0.21003      0.0793
  21     0.22012    0.084597
  22     0.23029    0.090077
  23     0.24002    0.095432
  24     0.25065      0.1014
  25     0.26013     0.10682
  26     0.27023     0.11268
  27     0.28011     0.11853
  28     0.29022     0.12464
  29     0.30001     0.13066
  30     0.31015     0.13699
  31     0.32018     0.14337
  32     0.33012     0.14981
  33     0.34012     0.15641
  34     0.35029     0.16324
  35     0.36009     0.16994
  36      0.3701     0.17686
  37     0.38016     0.18392
  38     0.39008     0.19098
  39     0.40011     0.19821
  40     0.41034      0.2057
  41     0.42001     0.21289
  42     0.43013      0.2205
  43     0.44032     0.22831
  44     0.45022     0.23598
  45     0.46006     0.24371
  46      0.4701      0.2517
  47     0.48004      0.2597
  48     0.49019     0.26796
  49     0.50025     0.27627
  50     0.51015     0.28457
  51     0.52009     0.29299
  52     0.53018     0.30167
  53     0.54003     0.31027
  54     0.55002     0.31917
  55     0.56023     0.32838
  56     0.57025     0.33754
  57        0.58     0.34656
  58        0.59     0.35592
  59     0.60009     0.36553
  60     0.61018     0.37528
  61     0.62005     0.38496
  62     0.63011     0.39494
  63      0.6403     0.40518
  64     0.65002     0.41506
  65     0.66017     0.42552
  66     0.67008     0.43591
  67     0.68006     0.44651
  68     0.69007     0.45729
  69     0.70008     0.46824
  70     0.71016     0.47945
  71     0.72002     0.49061
  72     0.73009     0.50218
  73     0.74059      0.5145
  74     0.75012      0.5259
  75     0.76016     0.53814
  76     0.77018     0.55059
  77     0.78033     0.56344
  78        0.79     0.57593
  79     0.80018     0.58929
  80     0.81006     0.60254
  81     0.82029      0.6165
  82     0.83014     0.63022
  83     0.84012     0.64447
  84     0.85021     0.65923
  85     0.86009     0.67404
  86     0.87009     0.68947
  87     0.88026     0.70559
  88      0.8901     0.72166
  89     0.90018      0.7386
  90     0.91013     0.75601
  91     0.92013      0.7743
  92     0.93001     0.79301
  93     0.94034     0.81349
  94     0.95002     0.83374
  95     0.96004     0.85644
  96     0.97034     0.88214
  97     0.98003     0.90955
  98     0.99002     0.94306
  99           1           1
-----------------------------------------

----------------- PPP$ and local currency --------------
         PPP used in computation: 45.3696
     Data mean in local currency: 9010.67
               Data mean in PPP$: 338.453
        Poverty line in PPP$/Day: 1.9
      Poverty line in PPP$/Month: 57.7917
  Poverty line in local currency: 1538.59
-------------------------------------------------------

----------------- Estimation result --------------
     Number of observation: 4283
          Total population: 8.08491E+06
              Total wealth: 1.60571E+09(PPP$)
                   Minimum: 8.55902(PPP$)
                   Maximum: 2825.9(PPP$)
             Headcount(HC): 0.0108199
          Poverty gap (PG): 0.0026688
       Poverty gap squared: 0.00103202
                      Gini: 0.334271
                    Median: 281.639
                       MLD: 0.191755
                      Watt: 0.00344479
--------------------------------------------------

-------------------------------- Income or Consumption share by deciles (%) -------------------------------------
     2.8776     4.5373     5.6499     6.7485     7.7938     8.9379      10.27      12.09     14.924     26.171
-----------------------------------------------------------------------------------------------------------------


