

**********************************************************************************************
**                                   Basic Information                                      **
**********************************************************************************************

----------------- Dataset Information -----------------
                         Country: Serbia
                    Country dode: SRB
                       Data Year: 2004
                        Coverage: National
             Welfare measurement: Consumption
                     Data format: Unit record
                     Data source: SRB_N2004X
                  Data time span: UnDefined
-------------------------------------------------------


----------- Distribution ------------
   i           P           L 
-------------------------------------
   0     0.01024   0.0014263
   1    0.020047   0.0036648
   2    0.030013   0.0063504
   3    0.040203   0.0093976
   4    0.050027    0.012589
   5     0.06013    0.016046
   6    0.070095    0.019626
   7     0.08003    0.023361
   8    0.090015    0.027248
   9     0.10039    0.031487
  10      0.1102    0.035644
  11     0.12017    0.039957
  12     0.13016    0.044365
  13      0.1402    0.048918
  14     0.15012    0.053496
  15     0.16001    0.058153
  16      0.1701    0.063027
  17     0.18043    0.068104
  18      0.1901    0.072958
  19     0.20042    0.078254
  20      0.2104    0.083476
  21     0.22027    0.088734
  22     0.23009    0.094075
  23      0.2402    0.099678
  24     0.25013     0.10528
  25     0.26006     0.11097
  26     0.27042     0.11703
  27     0.28015     0.12281
  28     0.29012     0.12882
  29      0.3002     0.13497
  30     0.31014     0.14113
  31     0.32026     0.14749
  32     0.33022     0.15387
  33     0.34019     0.16036
  34     0.35006     0.16686
  35     0.36009     0.17357
  36     0.37012     0.18038
  37     0.38001     0.18719
  38     0.39007     0.19423
  39      0.4004     0.20158
  40     0.41005     0.20855
  41     0.42008     0.21588
  42      0.4301     0.22332
  43     0.44006     0.23078
  44     0.45044     0.23863
  45     0.46008     0.24601
  46     0.47012      0.2538
  47     0.48005     0.26163
  48     0.49024     0.26976
  49     0.50008     0.27774
  50     0.51011     0.28599
  51     0.52021     0.29443
  52     0.53014     0.30284
  53     0.54021     0.31149
  54     0.55006     0.32005
  55     0.56032      0.3291
  56     0.57003     0.33779
  57     0.58019     0.34701
  58     0.59012     0.35614
  59     0.60011     0.36546
  60     0.61016       0.375
  61     0.62006     0.38456
  62     0.63001      0.3943
  63     0.64002     0.40425
  64     0.65016     0.41452
  65     0.66015     0.42483
  66     0.67021     0.43538
  67     0.68039     0.44621
  68     0.69035     0.45698
  69     0.70024     0.46781
  70     0.71026       0.479
  71     0.72006     0.49014
  72     0.73006     0.50177
  73     0.74017     0.51376
  74      0.7502     0.52589
  75     0.76002     0.53804
  76     0.77018     0.55087
  77     0.78008     0.56357
  78     0.79003     0.57658
  79     0.80005     0.58985
  80     0.81001     0.60332
  81     0.82009     0.61731
  82     0.83001     0.63135
  83     0.84001     0.64586
  84     0.85005     0.66079
  85     0.86047     0.67668
  86     0.87003     0.69171
  87        0.88      0.7079
  88     0.89021     0.72493
  89     0.90038     0.74247
  90     0.91013     0.75986
  91     0.92014     0.77848
  92     0.93046     0.79864
  93     0.94015      0.8185
  94     0.95008     0.84012
  95     0.96049     0.86442
  96     0.97007     0.88844
  97     0.98053     0.91731
  98     0.99015     0.94836
  99           1           1
-----------------------------------------

----------------- PPP$ and local currency --------------
         PPP used in computation: 45.3696
     Data mean in local currency: 7813.82
               Data mean in PPP$: 340.81
        Poverty line in PPP$/Day: 1.9
      Poverty line in PPP$/Month: 57.7917
  Poverty line in local currency: 1325
-------------------------------------------------------

----------------- Estimation result --------------
     Number of observation: 4304
          Total population: 7.90308E+06
              Total wealth: 1.36112E+09(PPP$)
                   Minimum: 11.4998(PPP$)
                   Maximum: 2299.43(PPP$)
             Headcount(HC): 0.0087133
          Poverty gap (PG): 0.00192323
       Poverty gap squared: 0.000750551
                      Gini: 0.329814
                    Median: 278.345
                       MLD: 0.182207
                      Watt: 0.00249623
--------------------------------------------------

-------------------------------- Income or Consumption share by deciles (%) -------------------------------------
     3.1327     4.6711     5.6813     6.6449     7.6374     8.7682     10.219     12.224     15.203     25.819
-----------------------------------------------------------------------------------------------------------------


