

**********************************************************************************************
**                                   Basic Information                                      **
**********************************************************************************************

----------------- Dataset Information -----------------
                         Country: Serbia
                    Country dode: SRB
                       Data Year: 2008
                        Coverage: National
             Welfare measurement: Consumption
                     Data format: Unit record
                     Data source: SRB_N2008X
                  Data time span: UnDefined
-------------------------------------------------------


----------- Distribution ------------
   i           P           L 
-------------------------------------
   0    0.010152   0.0019811
   1    0.020055   0.0048759
   2    0.030204   0.0083729
   3    0.040073    0.012005
   4    0.050091    0.015892
   5    0.060011    0.019889
   6    0.070494    0.024265
   7    0.080179    0.028473
   8    0.090478    0.033124
   9     0.10022    0.037668
  10     0.11009      0.0424
  11     0.12013    0.047352
  12     0.13007    0.052361
  13     0.14033    0.057659
  14     0.15028    0.062881
  15     0.16034    0.068273
  16     0.17033    0.073716
  17     0.18025    0.079214
  18     0.19005    0.084765
  19     0.20002     0.09052
  20     0.21007    0.096411
  21     0.22011     0.10239
  22     0.23024     0.10853
  23     0.24029     0.11474
  24     0.25002     0.12084
  25     0.26017     0.12732
  26     0.27029     0.13386
  27     0.28005     0.14028
  28     0.29031     0.14713
  29         0.3     0.15368
  30     0.31014     0.16064
  31     0.32023     0.16764
  32     0.33025     0.17469
  33     0.34023      0.1818
  34     0.35027     0.18903
  35     0.36002     0.19614
  36     0.37026     0.20369
  37     0.38038     0.21126
  38     0.39004     0.21854
  39     0.40006     0.22618
  40     0.41013     0.23396
  41     0.42015     0.24179
  42     0.43042     0.24989
  43     0.44062     0.25805
  44     0.45019     0.26579
  45     0.46025     0.27403
  46     0.47011     0.28222
  47     0.48004     0.29056
  48     0.49064     0.29956
  49     0.50035     0.30793
  50     0.51013     0.31649
  51     0.52014     0.32534
  52     0.53004     0.33422
  53     0.54008     0.34333
  54     0.55009     0.35253
  55     0.56036     0.36206
  56     0.57028     0.37135
  57     0.58006     0.38064
  58     0.59013     0.39036
  59     0.60005     0.40008
  60     0.61071     0.41067
  61     0.62022     0.42021
  62     0.63007     0.43021
  63     0.64013     0.44056
  64     0.65001     0.45082
  65     0.66016     0.46147
  66     0.67016      0.4721
  67     0.68028       0.483
  68     0.69014     0.49379
  69     0.70017     0.50489
  70     0.71023     0.51619
  71     0.72019     0.52754
  72     0.73007     0.53895
  73     0.74012     0.55075
  74     0.75015     0.56271
  75        0.76     0.57464
  76     0.77029     0.58731
  77      0.7802     0.59972
  78     0.79025     0.61257
  79     0.80009     0.62543
  80     0.81008      0.6388
  81     0.82019      0.6526
  82     0.83013     0.66643
  83     0.84021     0.68075
  84     0.85013     0.69514
  85     0.86024     0.71013
  86     0.87005     0.72495
  87     0.88013     0.74056
  88     0.89003      0.7564
  89      0.9001     0.77315
  90     0.91015     0.79045
  91     0.92006     0.80805
  92     0.93009     0.82654
  93     0.94003     0.84559
  94     0.95011     0.86573
  95     0.96019      0.8868
  96     0.97009     0.90885
  97     0.98005     0.93328
  98     0.99013     0.96179
  99           1           1
-----------------------------------------

----------------- PPP$ and local currency --------------
         PPP used in computation: 45.3696
     Data mean in local currency: 14544.9
               Data mean in PPP$: 408.874
        Poverty line in PPP$/Day: 1.9
      Poverty line in PPP$/Month: 57.7917
  Poverty line in local currency: 2055.83
-------------------------------------------------------

----------------- Estimation result --------------
     Number of observation: 4620
          Total population: 7.70292E+06
              Total wealth: 2.46946E+09(PPP$)
                   Minimum: 14.9496(PPP$)
                   Maximum: 2856.79(PPP$)
             Headcount(HC): 0.000657436
          Poverty gap (PG): 0.000268132
       Poverty gap squared: 0.00017616
                      Gini: 0.281801
                    Median: 354.625
                       MLD: 0.131032
                      Watt: 0.000440246
--------------------------------------------------

-------------------------------- Income or Consumption share by deciles (%) -------------------------------------
     3.7563     5.2944      6.317     7.2462      8.149     9.2406     10.467     12.061     14.766     22.702
-----------------------------------------------------------------------------------------------------------------


