

**********************************************************************************************
**                                   Basic Information                                      **
**********************************************************************************************

----------------- Dataset Information -----------------
                         Country: Serbia
                    Country dode: SRB
                       Data Year: 2009
                        Coverage: National
             Welfare measurement: Consumption
                     Data format: Unit record
                     Data source: SRB_N2009X
                  Data time span: UnDefined
-------------------------------------------------------


----------- Distribution ------------
   i           P           L 
-------------------------------------
   0    0.010075   0.0017241
   1    0.020352   0.0042958
   2     0.03001   0.0071683
   3    0.040077    0.010534
   4    0.050057    0.014214
   5    0.060286    0.018236
   6    0.070138    0.022274
   7     0.08015    0.026536
   8      0.0903    0.031027
   9     0.10005    0.035475
  10     0.11001    0.040136
  11     0.12028    0.045073
  12     0.13006    0.049905
  13     0.14032    0.055101
  14     0.15001    0.060128
  15     0.16015    0.065524
  16     0.17006    0.070869
  17     0.18025    0.076455
  18     0.19018    0.082004
  19     0.20025     0.08773
  20     0.21019    0.093476
  21     0.22023    0.099367
  22     0.23018      0.1053
  23      0.2401     0.11133
  24     0.25006     0.11751
  25     0.26017     0.12387
  26     0.27019     0.13026
  27     0.28019     0.13673
  28        0.29      0.1432
  29     0.30015     0.14997
  30     0.31004     0.15665
  31     0.32005     0.16354
  32     0.33019     0.17063
  33     0.34011     0.17766
  34     0.35014     0.18487
  35     0.36032     0.19226
  36     0.37002     0.19936
  37     0.38002     0.20678
  38     0.39018     0.21444
  39     0.40012     0.22205
  40     0.41013     0.22982
  41      0.4202     0.23774
  42     0.43013     0.24566
  43     0.44004     0.25365
  44     0.45004     0.26183
  45     0.46011     0.27018
  46     0.47039     0.27879
  47     0.48013     0.28703
  48     0.49035     0.29576
  49     0.50012      0.3042
  50     0.51016     0.31297
  51     0.52019     0.32183
  52     0.53006     0.33066
  53     0.54023     0.33988
  54     0.55011     0.34896
  55     0.56003     0.35819
  56     0.57013      0.3677
  57      0.5802      0.3773
  58     0.59013     0.38688
  59     0.60019     0.39673
  60     0.61003      0.4065
  61     0.62004     0.41659
  62     0.63019     0.42696
  63     0.64001     0.43712
  64     0.65009     0.44772
  65     0.66001     0.45833
  66     0.67009     0.46922
  67     0.68016     0.48024
  68     0.69022     0.49143
  69     0.70022     0.50272
  70     0.71001     0.51394
  71     0.72018     0.52575
  72     0.73023     0.53754
  73     0.74016     0.54936
  74     0.75001     0.56128
  75     0.76015      0.5737
  76     0.77003     0.58602
  77     0.78016     0.59885
  78     0.79025      0.6119
  79     0.80003     0.62482
  80     0.81022     0.63851
  81      0.8202     0.65211
  82     0.83038     0.66623
  83     0.84011     0.68004
  84      0.8501     0.69454
  85     0.86027     0.70963
  86     0.87013     0.72457
  87     0.88029     0.74039
  88      0.8903     0.75639
  89     0.90019     0.77274
  90     0.91005     0.78965
  91     0.92008     0.80746
  92     0.93006      0.8258
  93     0.94004     0.84472
  94     0.95011     0.86467
  95     0.96015     0.88567
  96     0.97028     0.90827
  97     0.98006     0.93193
  98     0.99003     0.95957
  99           1           1
-----------------------------------------

----------------- PPP$ and local currency --------------
         PPP used in computation: 45.3696
     Data mean in local currency: 15516
               Data mean in PPP$: 403.426
        Poverty line in PPP$/Day: 1.9
      Poverty line in PPP$/Month: 57.7917
  Poverty line in local currency: 2222.7
-------------------------------------------------------

----------------- Estimation result --------------
     Number of observation: 4590
          Total population: 7.61321E+06
              Total wealth: 2.60364E+09(PPP$)
                   Minimum: 37.9164(PPP$)
                   Maximum: 2913.86(PPP$)
             Headcount(HC): 0.00120233
          Poverty gap (PG): 0.000211879
       Poverty gap squared: 4.04487E-05
                      Gini: 0.286726
                    Median: 350.171
                       MLD: 0.137926
                      Watt: 0.000235337
--------------------------------------------------

-------------------------------- Income or Consumption share by deciles (%) -------------------------------------
     3.5452     5.2134     6.2277     7.2101     8.2131     9.2449     10.593     12.231     14.764     22.758
-----------------------------------------------------------------------------------------------------------------


