

**********************************************************************************************
**                                   Basic Information                                      **
**********************************************************************************************

----------------- Dataset Information -----------------
                         Country: Serbia
                    Country dode: SRB
                       Data Year: 2013
                        Coverage: National
             Welfare measurement: Consumption
                     Data format: Unit record
                     Data source: SRB_N2013X
                  Data time span: UnDefined
-------------------------------------------------------


----------- Distribution ------------
   i           P           L 
-------------------------------------
   0    0.010342   0.0018204
   1    0.020224   0.0043873
   2    0.030147   0.0074457
   3    0.040232    0.010787
   4    0.050452    0.014377
   5    0.060006    0.017999
   6    0.070081       0.022
   7    0.080365    0.026234
   8    0.090144    0.030384
   9     0.10032    0.034874
  10        0.11    0.039272
  11     0.12018    0.044032
  12     0.13011     0.04881
  13     0.14028    0.053848
  14     0.15033    0.058957
  15     0.16034    0.064156
  16     0.17002    0.069305
  17     0.18014    0.074775
  18     0.19003    0.080192
  19         0.2     0.08577
  20     0.21023    0.091586
  21     0.22017     0.09735
  22     0.23007      0.1032
  23     0.24003     0.10924
  24      0.2503     0.11559
  25     0.26022     0.12179
  26     0.27033     0.12822
  27      0.2802     0.13461
  28      0.2901     0.14109
  29     0.30019     0.14778
  30     0.31008     0.15443
  31     0.32002     0.16122
  32     0.33018     0.16823
  33     0.34018     0.17522
  34      0.3502     0.18234
  35      0.3603     0.18961
  36     0.37007     0.19676
  37     0.38012     0.20421
  38     0.39002     0.21166
  39     0.40029     0.21952
  40     0.41027     0.22725
  41     0.42006     0.23494
  42     0.43031      0.2431
  43     0.44025     0.25112
  44     0.45013      0.2592
  45     0.46024     0.26756
  46     0.47021     0.27591
  47     0.48008     0.28427
  48     0.49025     0.29302
  49     0.50006     0.30158
  50     0.51002     0.31038
  51     0.52003     0.31932
  52      0.5301     0.32842
  53     0.54001     0.33747
  54     0.55025     0.34695
  55      0.5601     0.35619
  56     0.57012     0.36567
  57     0.58015     0.37527
  58     0.59003     0.38484
  59     0.60024     0.39482
  60     0.61027     0.40477
  61     0.62006     0.41461
  62     0.63018     0.42489
  63     0.64021     0.43523
  64     0.65016     0.44562
  65     0.66022     0.45625
  66        0.67     0.46672
  67     0.68004     0.47761
  68      0.6901     0.48866
  69     0.70008     0.49982
  70     0.71039     0.51154
  71        0.72     0.52266
  72     0.73023     0.53465
  73     0.74006     0.54636
  74     0.75001     0.55837
  75     0.76014     0.57081
  76     0.77013     0.58326
  77     0.78001     0.59579
  78     0.79005     0.60873
  79     0.80005      0.6219
  80     0.81003     0.63526
  81     0.82001     0.64896
  82     0.83063     0.66384
  83     0.84015     0.67746
  84     0.85016     0.69212
  85     0.86001     0.70687
  86     0.87008     0.72231
  87     0.88009     0.73803
  88      0.8902     0.75437
  89     0.90012     0.77093
  90     0.91013      0.7881
  91     0.92008     0.80573
  92     0.93007     0.82411
  93     0.94013      0.8433
  94     0.95005     0.86323
  95     0.96011     0.88481
  96     0.97002     0.90773
  97     0.98016     0.93315
  98     0.99019     0.96115
  99           1           1
-----------------------------------------

----------------- PPP$ and local currency --------------
         PPP used in computation: 45.3696
     Data mean in local currency: 20254.2
               Data mean in PPP$: 386.22
        Poverty line in PPP$/Day: 1.9
      Poverty line in PPP$/Month: 57.7917
  Poverty line in local currency: 3030.72
-------------------------------------------------------

----------------- Estimation result --------------
     Number of observation: 4517
          Total population: 7.09612E+06
              Total wealth: 3.1679E+09(PPP$)
                   Minimum: 41.7898(PPP$)
                   Maximum: 3004.83(PPP$)
             Headcount(HC): 0.00191092
          Poverty gap (PG): 0.000399068
       Poverty gap squared: 0.000113278
                      Gini: 0.290558
                    Median: 339.257
                       MLD: 0.141204
                      Watt: 0.000472449
--------------------------------------------------

-------------------------------- Income or Consumption share by deciles (%) -------------------------------------
     3.4732     5.1038     6.1889     7.1641     8.2232     9.3059     10.514      12.21     14.891     22.926
-----------------------------------------------------------------------------------------------------------------


