

**********************************************************************************************
**                                   Basic Information                                      **
**********************************************************************************************

----------------- Dataset Information -----------------
                         Country: Serbia
                    Country dode: SRB
                       Data Year: 2007
                        Coverage: National
             Welfare measurement: Consumption
                     Data format: Unit record
                     Data source: SRB_N2007X
                  Data time span: UnDefined
-------------------------------------------------------


----------- Distribution ------------
   i           P           L 
-------------------------------------
   0    0.010244   0.0016757
   1    0.020186   0.0042261
   2    0.030332    0.007251
   3      0.0401     0.01047
   4    0.050209    0.014043
   5    0.060288    0.017796
   6    0.070001    0.021576
   7    0.080121    0.025721
   8    0.090369    0.030134
   9     0.10001    0.034447
  10      0.1103    0.039183
  11     0.12037    0.043914
  12     0.13022    0.048655
  13     0.14016    0.053562
  14     0.15015    0.058642
  15      0.1601    0.063833
  16     0.17035    0.069279
  17     0.18008    0.074551
  18     0.19026    0.080176
  19     0.20024    0.085783
  20     0.21001    0.091383
  21     0.22019    0.097335
  22     0.23014     0.10326
  23     0.24012     0.10932
  24        0.25     0.11545
  25     0.26007     0.12178
  26     0.27028     0.12828
  27     0.28001     0.13456
  28     0.29009     0.14115
  29     0.30016     0.14783
  30     0.31004     0.15447
  31        0.32     0.16126
  32     0.33011     0.16823
  33        0.34     0.17516
  34     0.35007     0.18229
  35     0.36001     0.18942
  36      0.3701     0.19676
  37     0.38001     0.20405
  38     0.39013     0.21161
  39     0.40032     0.21933
  40     0.41004     0.22677
  41     0.42019     0.23463
  42     0.43021     0.24251
  43     0.44001      0.2503
  44     0.45011     0.25843
  45     0.46044     0.26684
  46      0.4701     0.27481
  47     0.48022     0.28326
  48     0.49004     0.29155
  49      0.5001     0.30014
  50     0.51015     0.30884
  51     0.52018     0.31762
  52     0.53002     0.32631
  53     0.54013     0.33536
  54     0.55003     0.34434
  55     0.56003     0.35354
  56     0.57005     0.36292
  57     0.58015     0.37248
  58     0.59002     0.38196
  59     0.60005     0.39173
  60     0.61029     0.40185
  61        0.62     0.41154
  62     0.63009     0.42177
  63     0.64025     0.43223
  64      0.6501     0.44249
  65     0.66013     0.45308
  66     0.67009     0.46372
  67     0.68015     0.47461
  68     0.69001     0.48544
  69     0.70035     0.49697
  70     0.71008     0.50801
  71      0.7201     0.51953
  72      0.7301     0.53121
  73     0.74007     0.54301
  74     0.75004     0.55499
  75     0.76021     0.56742
  76     0.77003     0.57964
  77     0.78008     0.59237
  78     0.79049     0.60581
  79     0.80003     0.61832
  80     0.81018     0.63184
  81     0.82013     0.64535
  82     0.83011     0.65916
  83     0.84014      0.6733
  84     0.85003     0.68749
  85     0.86021      0.7025
  86     0.87012     0.71745
  87     0.88001     0.73284
  88     0.89003     0.74892
  89     0.90026     0.76589
  90     0.91035     0.78324
  91     0.92006     0.80055
  92     0.93007      0.8191
  93      0.9401     0.83839
  94      0.9501     0.85861
  95     0.96017     0.88031
  96     0.97002     0.90325
  97     0.98031     0.92989
  98     0.99022     0.95974
  99           1           1
-----------------------------------------

----------------- PPP$ and local currency --------------
         PPP used in computation: 45.3696
     Data mean in local currency: 12867.7
               Data mean in PPP$: 406.618
        Poverty line in PPP$/Day: 1.9
      Poverty line in PPP$/Month: 57.7917
  Poverty line in local currency: 1828.85
-------------------------------------------------------

----------------- Estimation result --------------
     Number of observation: 4607
          Total population: 7.77743E+06
              Total wealth: 2.20582E+09(PPP$)
                   Minimum: 17.7259(PPP$)
                   Maximum: 2781.35(PPP$)
             Headcount(HC): 0.00349011
          Poverty gap (PG): 0.00072878
       Poverty gap squared: 0.000264158
                      Gini: 0.294278
                    Median: 349.204
                       MLD: 0.145468
                      Watt: 0.000934263
--------------------------------------------------

-------------------------------- Income or Consumption share by deciles (%) -------------------------------------
     3.4444     5.1203     6.2081     7.1359     8.0972     9.1621      10.49      12.17     14.717     23.455
-----------------------------------------------------------------------------------------------------------------


