

**********************************************************************************************
**                                   Basic Information                                      **
**********************************************************************************************

----------------- Dataset Information -----------------
                         Country: Serbia
                    Country dode: SRB
                       Data Year: 2006
                        Coverage: National
             Welfare measurement: Consumption
                     Data format: Unit record
                     Data source: SRB_N2006X
                  Data time span: UnDefined
-------------------------------------------------------


----------- Distribution ------------
   i           P           L 
-------------------------------------
   0    0.010082   0.0015508
   1     0.02036   0.0039849
   2    0.030333   0.0069947
   3    0.040502    0.010376
   4    0.050125    0.013748
   5    0.060448    0.017614
   6    0.070252    0.021457
   7    0.080015    0.025422
   8    0.090058    0.029663
   9     0.10002    0.034014
  10      0.1101    0.038569
  11     0.12038    0.043364
  12     0.13032    0.048107
  13     0.14025    0.052971
  14     0.15014    0.057912
  15     0.16025    0.063054
  16     0.17035    0.068312
  17     0.18008    0.073481
  18     0.19004    0.078904
  19     0.20005    0.084453
  20     0.21024    0.090213
  21      0.2204    0.096053
  22      0.2303     0.10185
  23     0.24097      0.1082
  24     0.25001     0.11369
  25     0.26002     0.11986
  26     0.27017     0.12621
  27     0.28003     0.13249
  28     0.29035     0.13917
  29     0.30004     0.14557
  30     0.31022     0.15237
  31     0.32007     0.15908
  32     0.33006     0.16597
  33     0.34005     0.17298
  34     0.35021     0.18021
  35     0.36005      0.1873
  36     0.37014     0.19468
  37     0.38032     0.20224
  38     0.39011      0.2096
  39      0.4001      0.2172
  40      0.4101     0.22489
  41     0.42018     0.23274
  42     0.43018     0.24061
  43     0.44011     0.24854
  44     0.45002     0.25655
  45     0.46006     0.26477
  46     0.47001     0.27301
  47     0.48031     0.28166
  48     0.49036     0.29019
  49     0.50021     0.29864
  50     0.51025     0.30735
  51     0.52006     0.31601
  52     0.53001      0.3249
  53      0.5402     0.33409
  54      0.5501     0.34316
  55     0.56015     0.35249
  56     0.57046     0.36218
  57     0.58046     0.37168
  58     0.59027     0.38109
  59     0.60002     0.39056
  60     0.61017     0.40058
  61     0.62004     0.41043
  62     0.63014     0.42068
  63     0.64001     0.43084
  64        0.65     0.44122
  65      0.6601     0.45186
  66     0.67045      0.4629
  67     0.68003     0.47328
  68     0.69009     0.48435
  69      0.7001     0.49551
  70     0.71001     0.50672
  71     0.72009     0.51826
  72     0.73025     0.53006
  73      0.7402      0.5418
  74      0.7501      0.5537
  75     0.76011     0.56595
  76     0.77003     0.57831
  77     0.78001     0.59091
  78     0.79032     0.60415
  79     0.80006     0.61686
  80     0.81013     0.63029
  81     0.82013     0.64391
  82     0.83038     0.65817
  83     0.84016     0.67201
  84     0.85005     0.68641
  85     0.86041     0.70184
  86     0.87024     0.71689
  87     0.88005     0.73238
  88     0.89002     0.74858
  89         0.9      0.7653
  90     0.91021     0.78308
  91     0.92003     0.80077
  92      0.9304     0.82016
  93     0.94009     0.83894
  94     0.95038     0.85954
  95     0.96012     0.88023
  96     0.97005     0.90281
  97        0.98     0.92751
  98     0.99012     0.95674
  99           1           1
-----------------------------------------

----------------- PPP$ and local currency --------------
         PPP used in computation: 45.3696
     Data mean in local currency: 10904.6
               Data mean in PPP$: 366.609
        Poverty line in PPP$/Day: 1.9
      Poverty line in PPP$/Month: 57.7917
  Poverty line in local currency: 1718.98
-------------------------------------------------------

----------------- Estimation result --------------
     Number of observation: 4557
          Total population: 7.98517E+06
              Total wealth: 1.91923E+09(PPP$)
                   Minimum: 18.5443(PPP$)
                   Maximum: 2207.08(PPP$)
             Headcount(HC): 0.00470748
          Poverty gap (PG): 0.000977285
       Poverty gap squared: 0.000272043
                      Gini: 0.296658
                    Median: 316.225
                       MLD: 0.148613
                      Watt: 0.00115808
--------------------------------------------------

-------------------------------- Income or Consumption share by deciles (%) -------------------------------------
     3.4006      5.042     6.1112      7.158     8.1339     9.2085     10.486     12.139     14.851      23.47
-----------------------------------------------------------------------------------------------------------------


