

**********************************************************************************************
**                                   Basic Information                                      **
**********************************************************************************************

----------------- Dataset Information -----------------
                         Country: Serbia
                    Country dode: SRB
                       Data Year: 2002
                        Coverage: National
             Welfare measurement: Consumption
                     Data format: Unit record
                     Data source: SRB_N2002X
                  Data time span: UnDefined
-------------------------------------------------------


----------- Distribution ------------
   i           P           L 
-------------------------------------
   0    0.010151   0.0018162
   1    0.020067    0.004296
   2    0.030096   0.0071644
   3    0.040176    0.010273
   4    0.050124     0.01358
   5    0.060232    0.017134
   6    0.070021    0.020776
   7    0.080094    0.024685
   8    0.090159    0.028725
   9     0.10016    0.032861
  10     0.11002    0.037086
  11     0.12018    0.041573
  12     0.13015    0.046105
  13     0.14001    0.050706
  14     0.15044    0.055682
  15     0.16004    0.060391
  16     0.17006    0.065417
  17     0.18018    0.070617
  18     0.19006    0.075782
  19     0.20012    0.081122
  20     0.21012    0.086509
  21     0.22009    0.091985
  22      0.2301      0.0976
  23     0.24014     0.10334
  24        0.25     0.10907
  25     0.26005       0.115
  26     0.27019      0.1211
  27     0.28005     0.12712
  28     0.29022     0.13342
  29     0.30039     0.13982
  30     0.31004     0.14598
  31     0.32012      0.1525
  32     0.33018     0.15912
  33     0.34014     0.16575
  34        0.35     0.17241
  35     0.36014     0.17937
  36     0.37006     0.18628
  37      0.3802     0.19343
  38     0.39001     0.20044
  39     0.40009     0.20772
  40     0.41001       0.215
  41     0.42007     0.22248
  42     0.43005     0.23002
  43     0.44023     0.23779
  44     0.45013     0.24547
  45     0.46001     0.25325
  46     0.47009      0.2613
  47     0.48006     0.26937
  48     0.49013     0.27761
  49     0.50009     0.28591
  50      0.5102     0.29442
  51     0.52002     0.30281
  52     0.53015     0.31155
  53     0.54008     0.32022
  54     0.55011     0.32911
  55     0.56024     0.33823
  56     0.57009     0.34723
  57     0.58021     0.35661
  58     0.59005     0.36586
  59     0.60002     0.37536
  60     0.61002       0.385
  61     0.62001     0.39475
  62     0.63018     0.40482
  63      0.6401     0.41481
  64     0.65016     0.42508
  65     0.66004     0.43533
  66     0.67002     0.44581
  67      0.6802     0.45667
  68     0.69005     0.46732
  69     0.70006     0.47833
  70     0.71007     0.48948
  71     0.72012     0.50082
  72     0.73027     0.51246
  73     0.74003     0.52381
  74     0.75018      0.5358
  75     0.76017      0.5478
  76     0.77009     0.55991
  77     0.78013      0.5724
  78     0.79142     0.58672
  79     0.80005     0.59785
  80     0.81046     0.61153
  81     0.82004     0.62436
  82     0.83009     0.63816
  83     0.84001     0.65214
  84     0.85033       0.667
  85     0.86008     0.68137
  86     0.87001     0.69641
  87     0.88019     0.71232
  88      0.8901     0.72825
  89     0.90019     0.74502
  90     0.91005     0.76187
  91      0.9201     0.77956
  92      0.9301     0.79784
  93     0.94007     0.81685
  94     0.95001     0.83685
  95     0.96004      0.8584
  96        0.97     0.88133
  97     0.98018     0.90717
  98     0.99002     0.93705
  99           1           1
-----------------------------------------

----------------- PPP$ and local currency --------------
         PPP used in computation: 45.3696
     Data mean in local currency: 7423.7
               Data mean in PPP$: 395.001
        Poverty line in PPP$/Day: 1.9
      Poverty line in PPP$/Month: 57.7917
  Poverty line in local currency: 1086.14
-------------------------------------------------------

----------------- Estimation result --------------
     Number of observation: 6385
          Total population: 7.47985E+06
              Total wealth: 1.22391E+09(PPP$)
                   Minimum: 12.4146(PPP$)
                   Maximum: 6138.49(PPP$)
             Headcount(HC): 0.00166172
          Poverty gap (PG): 0.000266477
       Poverty gap squared: 6.6634E-05
                      Gini: 0.319654
                    Median: 330.809
                       MLD: 0.173541
                      Watt: 0.000308089
--------------------------------------------------

-------------------------------- Income or Consumption share by deciles (%) -------------------------------------
     3.2797     4.8262     5.8512     6.8089     7.8168     8.9513     10.292     11.952     14.692      25.53
-----------------------------------------------------------------------------------------------------------------


