

**********************************************************************************************
**                                   Basic Information                                      **
**********************************************************************************************

----------------- Dataset Information -----------------
                         Country: Serbia
                    Country dode: SRB
                       Data Year: 2003
                        Coverage: National
             Welfare measurement: Consumption
                     Data format: Unit record
                     Data source: SRB_N2003X
                  Data time span: UnDefined
-------------------------------------------------------


----------- Distribution ------------
   i           P           L 
-------------------------------------
   0    0.010472   0.0015634
   1    0.020394   0.0038897
   2    0.030034   0.0065092
   3    0.040239   0.0094887
   4    0.050374    0.012698
   5    0.060349     0.01609
   6    0.070245    0.019656
   7    0.080138     0.02341
   8    0.090148    0.027341
   9     0.10037    0.031475
  10     0.11018    0.035586
  11     0.12035    0.039979
  12     0.13026    0.044365
  13     0.14007    0.048818
  14     0.15026    0.053545
  15     0.16028    0.058308
  16      0.1701    0.063084
  17     0.18004    0.068016
  18      0.1901    0.073111
  19     0.20035    0.078402
  20     0.21003    0.083499
  21     0.22037    0.089038
  22     0.23025    0.094449
  23     0.24017    0.099988
  24     0.25011     0.10561
  25     0.26007     0.11133
  26     0.27014      0.1172
  27     0.28026     0.12321
  28     0.29014     0.12917
  29     0.30056      0.1356
  30     0.31022     0.14165
  31     0.32006     0.14791
  32     0.33015     0.15445
  33     0.34023      0.1611
  34     0.35021     0.16778
  35      0.3601     0.17448
  36     0.37048      0.1816
  37     0.38013      0.1883
  38     0.39024     0.19545
  39     0.40016     0.20254
  40     0.41001     0.20967
  41     0.42011     0.21712
  42     0.43027     0.22472
  43     0.44001      0.2321
  44     0.45019     0.23992
  45     0.46015     0.24765
  46     0.47057     0.25585
  47     0.48064      0.2639
  48     0.49012     0.27157
  49     0.50021     0.27988
  50     0.51023     0.28826
  51     0.52007     0.29658
  52     0.53006      0.3051
  53      0.5403     0.31394
  54     0.55009     0.32251
  55     0.56002     0.33132
  56     0.57009     0.34039
  57     0.58011     0.34955
  58     0.59006     0.35876
  59     0.60004     0.36814
  60     0.61012     0.37777
  61      0.6203     0.38767
  62     0.63035     0.39767
  63     0.64019     0.40762
  64     0.65015     0.41778
  65     0.66023     0.42823
  66     0.67014     0.43862
  67        0.68      0.4491
  68     0.69008     0.45996
  69     0.70008      0.4709
  70     0.71005     0.48201
  71     0.72016     0.49343
  72     0.73045     0.50527
  73     0.74026     0.51673
  74        0.75      0.5283
  75     0.76016     0.54056
  76     0.77004     0.55271
  77     0.78008     0.56525
  78     0.79007     0.57794
  79     0.80008     0.59092
  80     0.81013     0.60419
  81      0.8201      0.6177
  82     0.83005     0.63151
  83     0.84021     0.64597
  84     0.85012     0.66045
  85      0.8601     0.67545
  86     0.87005     0.69077
  87     0.88017     0.70678
  88        0.89      0.7229
  89     0.90056     0.74093
  90     0.91019     0.75796
  91     0.92044     0.77669
  92     0.93015     0.79521
  93     0.94007     0.81514
  94     0.95028     0.83697
  95     0.96007     0.85944
  96     0.97017     0.88494
  97     0.98033     0.91381
  98     0.99005      0.9473
  99           1           1
-----------------------------------------

----------------- PPP$ and local currency --------------
         PPP used in computation: 45.3696
     Data mean in local currency: 7792.84
               Data mean in PPP$: 377.373
        Poverty line in PPP$/Day: 1.9
      Poverty line in PPP$/Month: 57.7917
  Poverty line in local currency: 1193.41
-------------------------------------------------------

----------------- Estimation result --------------
     Number of observation: 3708
          Total population: 6.69636E+06
              Total wealth: 1.15019E+09(PPP$)
                   Minimum: 5.26123(PPP$)
                   Maximum: 1918.28(PPP$)
             Headcount(HC): 0.0047216
          Poverty gap (PG): 0.00131466
       Poverty gap squared: 0.000596608
                      Gini: 0.32829
                    Median: 312.937
                       MLD: 0.181239
                      Watt: 0.00186641
--------------------------------------------------

-------------------------------- Income or Consumption share by deciles (%) -------------------------------------
     3.1326     4.6896      5.703     6.7176     7.7278     8.8397     10.271         12     14.916     26.002
-----------------------------------------------------------------------------------------------------------------


