

**********************************************************************************************
**                                   Basic Information                                      **
**********************************************************************************************

----------------- Dataset Information -----------------
                         Country: Serbia
                    Country dode: SRB
                       Data Year: 2010
                        Coverage: National
             Welfare measurement: Consumption
                     Data format: Unit record
                     Data source: SRB_N2010X
                  Data time span: UnDefined
-------------------------------------------------------


----------- Distribution ------------
   i           P           L 
-------------------------------------
   0     0.01059   0.0020128
   1    0.020043   0.0042566
   2    0.030197   0.0071653
   3     0.04012    0.010356
   4    0.050329     0.01393
   5    0.060011      0.0175
   6    0.070179    0.021392
   7    0.080142     0.02538
   8    0.090069    0.029486
   9     0.10048     0.03393
  10     0.11012     0.03818
  11     0.12006    0.042695
  12     0.13027    0.047472
  13     0.14025     0.05228
  14     0.15046    0.057339
  15      0.1601    0.062212
  16     0.17022    0.067485
  17     0.18001    0.072697
  18     0.19006    0.078169
  19     0.20017    0.083778
  20     0.21008     0.08937
  21     0.22013    0.095124
  22     0.23028     0.10106
  23     0.24003     0.10685
  24      0.2501     0.11296
  25      0.2602     0.11917
  26     0.27042     0.12558
  27     0.28008     0.13175
  28     0.29001     0.13821
  29     0.30009     0.14486
  30     0.31023     0.15162
  31     0.32009     0.15828
  32     0.33011     0.16518
  33     0.34001     0.17208
  34     0.35007      0.1792
  35     0.36041     0.18665
  36      0.3701     0.19373
  37     0.38012     0.20116
  38      0.3901     0.20868
  39     0.40049     0.21663
  40     0.41003     0.22402
  41     0.42025     0.23204
  42     0.43012     0.23986
  43     0.44005     0.24781
  44     0.45013     0.25597
  45      0.4601     0.26413
  46     0.47026     0.27257
  47     0.48035     0.28105
  48     0.49007     0.28933
  49     0.50001     0.29788
  50     0.51017     0.30672
  51     0.52033     0.31567
  52     0.53024     0.32452
  53     0.54006     0.33338
  54     0.55052     0.34293
  55     0.56013     0.35183
  56     0.57017     0.36124
  57     0.58001     0.37056
  58     0.59001     0.38016
  59     0.60019     0.39008
  60      0.6102     0.39995
  61     0.62003     0.40979
  62     0.63013     0.42003
  63      0.6401     0.43026
  64     0.65013      0.4407
  65     0.66035      0.4515
  66     0.67006     0.46194
  67     0.68002     0.47281
  68      0.6901     0.48397
  69     0.70005     0.49513
  70     0.71024     0.50673
  71     0.72011     0.51817
  72     0.73002     0.52986
  73     0.74009     0.54191
  74     0.75017     0.55417
  75     0.76013     0.56648
  76     0.77003     0.57895
  77     0.78009     0.59184
  78     0.79004     0.60477
  79     0.80019     0.61824
  80     0.81014     0.63169
  81     0.82021     0.64558
  82     0.83005     0.65947
  83     0.84012     0.67399
  84     0.85021     0.68886
  85     0.86029     0.70402
  86     0.87002     0.71893
  87      0.8803     0.73513
  88     0.89004     0.75091
  89     0.90039     0.76821
  90     0.91005     0.78498
  91     0.92006     0.80305
  92     0.93008     0.82178
  93     0.94004     0.84112
  94      0.9504     0.86244
  95     0.96009     0.88354
  96     0.97008     0.90652
  97     0.98009     0.93169
  98     0.99002     0.95929
  99           1           1
-----------------------------------------

----------------- PPP$ and local currency --------------
         PPP used in computation: 45.3696
     Data mean in local currency: 15944.7
               Data mean in PPP$: 390.581
        Poverty line in PPP$/Day: 1.9
      Poverty line in PPP$/Month: 57.7917
  Poverty line in local currency: 2359.23
-------------------------------------------------------

----------------- Estimation result --------------
     Number of observation: 4583
          Total population: 7.45611E+06
              Total wealth: 2.62038E+09(PPP$)
                   Minimum: 41.9956(PPP$)
                   Maximum: 3988.69(PPP$)
             Headcount(HC): 0.000977794
          Poverty gap (PG): 0.000134634
       Poverty gap squared: 2.14908E-05
                      Gini: 0.296458
                    Median: 337.84
                       MLD: 0.147037
                      Watt: 0.000146841
--------------------------------------------------

-------------------------------- Income or Consumption share by deciles (%) -------------------------------------
     3.3724      4.996     6.1113     7.1463     8.1608      9.202     10.518     12.292     14.958     23.244
-----------------------------------------------------------------------------------------------------------------


