

**********************************************************************************************
**                                   Basic Information                                      **
**********************************************************************************************

----------------- Dataset Information -----------------
                         Country: South Sudan
                    Country dode: SSD
                       Data Year: 2009
                        Coverage: National
             Welfare measurement: Consumption
                     Data format: Unit record
                     Data source: SSD_N2009X
                  Data time span: UnDefined
-------------------------------------------------------


----------- Distribution ------------
   i           P           L 
-------------------------------------
   0    0.010055  0.00041133
   1    0.020135   0.0011027
   2    0.030028   0.0020028
   3    0.040024    0.003059
   4    0.050169   0.0043222
   5    0.060027   0.0056881
   6    0.070223   0.0072366
   7    0.080078   0.0088637
   8    0.090048    0.010628
   9     0.10006    0.012526
  10     0.11009     0.01456
  11     0.12001    0.016752
  12     0.13014    0.019116
  13     0.14001    0.021556
  14     0.15016    0.024172
  15     0.16036    0.026907
  16     0.17003    0.029594
  17     0.18011    0.032504
  18     0.19026    0.035581
  19     0.20004     0.03864
  20     0.21008    0.041883
  21     0.22011    0.045219
  22     0.23001    0.048614
  23     0.24031    0.052254
  24     0.25021    0.055845
  25     0.26004    0.059527
  26     0.27006    0.063423
  27     0.28045    0.067618
  28     0.29025    0.071697
  29     0.30044    0.076065
  30     0.31009    0.080309
  31     0.32011     0.08482
  32     0.33024    0.089483
  33     0.34023     0.09417
  34     0.35017    0.098967
  35     0.36011     0.10385
  36     0.37039     0.10904
  37     0.38042     0.11421
  38     0.39005     0.11927
  39     0.40014     0.12468
  40      0.4104     0.13037
  41     0.42019     0.13593
  42     0.43041      0.1419
  43     0.44008     0.14768
  44     0.45019      0.1539
  45     0.46014     0.16019
  46     0.47025     0.16675
  47     0.48013     0.17335
  48     0.49013      0.1802
  49     0.50017     0.18722
  50     0.51002      0.1943
  51     0.52007     0.20169
  52     0.53019     0.20931
  53     0.54003     0.21688
  54     0.55027     0.22493
  55     0.56015     0.23287
  56     0.57028     0.24117
  57     0.58016     0.24946
  58     0.59028     0.25814
  59     0.60073     0.26729
  60     0.61086     0.27636
  61     0.62007     0.28483
  62     0.63001     0.29415
  63     0.64051     0.30424
  64     0.65009     0.31367
  65     0.66021     0.32388
  66     0.67006     0.33405
  67     0.68006      0.3446
  68     0.69011     0.35551
  69      0.7008     0.36741
  70     0.71009       0.378
  71        0.72     0.38953
  72     0.73005     0.40154
  73     0.74023       0.414
  74     0.75025     0.42663
  75     0.76006     0.43928
  76     0.77002     0.45247
  77     0.78021     0.46636
  78     0.79015      0.4803
  79     0.80011     0.49455
  80      0.8101     0.50924
  81     0.82018     0.52454
  82     0.83022     0.54037
  83     0.84005     0.55636
  84     0.85011     0.57331
  85     0.86008     0.59081
  86     0.87004     0.60889
  87     0.88011     0.62789
  88     0.89004      0.6474
  89     0.90034     0.66866
  90      0.9101     0.68971
  91     0.92011     0.71235
  92     0.93005     0.73595
  93     0.94015     0.76185
  94     0.95007     0.78897
  95     0.96015     0.81881
  96     0.97004     0.85069
  97     0.98006     0.88707
  98     0.99017     0.93029
  99           1           1
-----------------------------------------

----------------- PPP$ and local currency --------------
         PPP used in computation: 1.54337
     Data mean in local currency: 101.807
               Data mean in PPP$: 98.2861
        Poverty line in PPP$/Day: 1.9
      Poverty line in PPP$/Month: 57.7917
  Poverty line in local currency: 59.8618
-------------------------------------------------------

----------------- Estimation result --------------
     Number of observation: 4965
          Total population: 8.40034E+06
              Total wealth: 5.54119E+08
                   Minimum: 1.62097
                   Maximum: 2443.75
             Headcount(HC): 0.427073
          Poverty gap (PG): 0.189099
       Poverty gap squared: 0.110862
                      Gini: 0.463424
                    Median: 69.5666
                       MLD: 0.402775
                      Watt: 0.312201
--------------------------------------------------

-------------------------------- Income or Consumption share by deciles (%) -------------------------------------
     1.2514     2.6115     3.7247     4.8732     6.2493      7.955     9.9869     12.788     17.355     33.205
-----------------------------------------------------------------------------------------------------------------


