

**********************************************************************************************
**                                   Basic Information                                      **
**********************************************************************************************

----------------- Dataset Information -----------------
                         Country: Sao Tome and Principe
                    Country dode: STP
                       Data Year: 2010
                        Coverage: National
             Welfare measurement: Consumption
                     Data format: Unit record
                     Data source: STP_N2010X
                  Data time span: UnDefined
-------------------------------------------------------


----------- Distribution ------------
   i           P           L 
-------------------------------------
   0    0.010288   0.0022311
   1    0.020561   0.0049637
   2    0.030132    0.007875
   3    0.040055    0.011178
   4    0.050458    0.014917
   5     0.06017      0.0186
   6    0.071999     0.02329
   7    0.080177    0.026654
   8    0.090587    0.031013
   9     0.10024    0.035139
  10     0.11015    0.039468
  11      0.1202    0.043983
  12        0.13    0.048521
  13     0.14003    0.053272
  14     0.15027    0.058238
  15     0.16012     0.06311
  16     0.17005    0.068147
  17     0.18008    0.073306
  18     0.19009    0.078524
  19     0.20082    0.084259
  20     0.21001    0.089239
  21     0.22006    0.094761
  22     0.23006     0.10035
  23     0.24062     0.10638
  24      0.2501     0.11187
  25     0.26002     0.11775
  26     0.27007     0.12384
  27     0.28103     0.13061
  28     0.29131     0.13704
  29     0.30082     0.14307
  30     0.31045     0.14927
  31     0.32001      0.1555
  32     0.33003     0.16217
  33     0.34014       0.169
  34     0.35096     0.17639
  35     0.36005     0.18268
  36     0.37003     0.18965
  37     0.38118     0.19756
  38     0.39011       0.204
  39     0.40015     0.21135
  40     0.41027     0.21884
  41     0.42009     0.22618
  42     0.43011      0.2338
  43     0.44008      0.2415
  44     0.45001     0.24924
  45     0.46022     0.25731
  46     0.47011     0.26522
  47     0.48001     0.27325
  48     0.49027     0.28167
  49     0.50004     0.28979
  50     0.51173     0.29966
  51      0.5204     0.30707
  52        0.53     0.31539
  53     0.54004     0.32422
  54     0.55003     0.33314
  55     0.56027     0.34238
  56      0.5705     0.35171
  57     0.58014     0.36063
  58     0.59001     0.36994
  59     0.60017     0.37967
  60     0.61072     0.38997
  61        0.62     0.39913
  62     0.63022     0.40934
  63     0.64055     0.41983
  64     0.65008     0.42966
  65     0.66045     0.44053
  66     0.67051     0.45123
  67     0.68026     0.46172
  68     0.69029     0.47269
  69     0.70008     0.48357
  70     0.71023     0.49502
  71     0.72037     0.50662
  72     0.73032     0.51817
  73     0.74017     0.52976
  74     0.75006     0.54159
  75     0.76021     0.55393
  76     0.77011     0.56623
  77     0.78022     0.57906
  78     0.79047     0.59237
  79     0.80035     0.60555
  80     0.81002     0.61867
  81     0.82079     0.63365
  82        0.83      0.6468
  83     0.84153     0.66378
  84      0.8501      0.6767
  85     0.86038     0.69263
  86     0.87013     0.70804
  87     0.88005     0.72419
  88     0.89033     0.74147
  89     0.90019     0.75855
  90     0.91012     0.77644
  91     0.92032     0.79542
  92      0.9301     0.81442
  93     0.94008     0.83464
  94     0.95039     0.85652
  95      0.9602     0.87849
  96     0.97002     0.90234
  97     0.98008     0.92982
  98     0.99005     0.96074
  99           1           1
-----------------------------------------

----------------- PPP$ and local currency --------------
         PPP used in computation: 10194.8
     Data mean in local currency: 775401
               Data mean in PPP$: 86.9508
        Poverty line in PPP$/Day: 1.9
      Poverty line in PPP$/Month: 57.7917
  Poverty line in local currency: 515369
-------------------------------------------------------

----------------- Estimation result --------------
     Number of observation: 3080
          Total population: 160489
              Total wealth: 1.22066E+07(PPP$)
                   Minimum: 14.8602(PPP$)
                   Maximum: 565.849(PPP$)
             Headcount(HC): 0.322789
          Poverty gap (PG): 0.0860629
       Poverty gap squared: 0.0322681
                      Gini: 0.308213
                    Median: 72.7757
                       MLD: 0.15443
                      Watt: 0.110345
--------------------------------------------------

-------------------------------- Income or Consumption share by deciles (%) -------------------------------------
     3.5034     4.8788     5.8725     6.8691     7.8514     8.9751     10.398      12.16     15.313     24.179
-----------------------------------------------------------------------------------------------------------------


