

**********************************************************************************************
**                                   Basic Information                                      **
**********************************************************************************************

----------------- Dataset Information -----------------
                         Country: Slovenia
                    Country dode: SVN
                       Data Year: 2006
                        Coverage: National
             Welfare measurement: Income
                     Data format: Unit record
                     Data source: SVN_N2006Y
                  Data time span: UnDefined
-------------------------------------------------------


----------- Distribution ------------
   i           P           L 
-------------------------------------
   0    0.010399   0.0012415
   1    0.020147   0.0042222
   2    0.030132   0.0077364
   3     0.04009    0.011608
   4    0.050043    0.015777
   5    0.060182    0.020263
   6    0.070032    0.024846
   7    0.080089    0.029707
   8    0.090087    0.034702
   9     0.10004     0.03983
  10     0.11003    0.045142
  11     0.12004    0.050597
  12     0.13021    0.056268
  13     0.14001    0.061878
  14     0.15003    0.067752
  15     0.16013    0.073792
  16     0.17009    0.079884
  17     0.18011    0.086124
  18     0.19004    0.092412
  19     0.20014    0.098921
  20     0.21005     0.10541
  21     0.22002     0.11204
  22     0.23003     0.11878
  23     0.24003     0.12561
  24     0.25003     0.13251
  25     0.26006     0.13954
  26     0.27028     0.14677
  27     0.28001     0.15373
  28     0.29003     0.16098
  29     0.30005     0.16832
  30     0.31014     0.17579
  31     0.32002     0.18319
  32      0.3301     0.19081
  33     0.34009     0.19845
  34     0.35001     0.20612
  35      0.3601     0.21402
  36     0.37014     0.22196
  37     0.38007      0.2299
  38     0.39001     0.23792
  39     0.40007     0.24613
  40     0.41005     0.25437
  41     0.42009     0.26274
  42     0.43007     0.27115
  43     0.44031     0.27987
  44     0.45003     0.28823
  45     0.46005     0.29693
  46     0.47003     0.30567
  47     0.48023      0.3147
  48        0.49     0.32343
  49     0.50001     0.33249
  50     0.51008     0.34169
  51      0.5201     0.35094
  52     0.53008     0.36023
  53     0.54003     0.36959
  54     0.55001     0.37906
  55     0.56008     0.38873
  56     0.57007     0.39842
  57      0.5801     0.40825
  58     0.59008     0.41816
  59     0.60008      0.4282
  60     0.61002     0.43829
  61     0.62036     0.44889
  62     0.63003     0.45892
  63     0.64009     0.46948
  64     0.65004     0.48006
  65     0.66014     0.49091
  66     0.67011     0.50175
  67     0.68001     0.51261
  68     0.69006     0.52377
  69     0.70007     0.53502
  70     0.71039     0.54674
  71     0.72013     0.55793
  72     0.73006     0.56946
  73     0.74002     0.58117
  74     0.75002      0.5931
  75     0.76005     0.60519
  76     0.77005     0.61744
  77     0.78002     0.62981
  78     0.79005     0.64245
  79     0.80003     0.65521
  80     0.81008     0.66829
  81     0.82009     0.68154
  82     0.83003     0.69489
  83     0.84013      0.7087
  84     0.85004     0.72249
  85     0.86004     0.73667
  86     0.87007     0.75114
  87     0.88004     0.76578
  88     0.89004     0.78081
  89     0.90009     0.79635
  90      0.9101     0.81224
  91     0.92003     0.82843
  92     0.93003     0.84526
  93     0.94015     0.86297
  94     0.95002     0.88108
  95     0.96012     0.90058
  96     0.97005      0.9209
  97     0.98007     0.94306
  98     0.99002     0.96733
  99           1           1
-----------------------------------------

----------------- PPP$ and local currency --------------
         PPP used in computation: 0.681299
     Data mean in local currency: 574.368
               Data mean in PPP$: 965.056
        Poverty line in PPP$/Day: 1.9
      Poverty line in PPP$/Month: 57.7917
  Poverty line in local currency: 34.3956
-------------------------------------------------------

----------------- Estimation result --------------
     Number of observation: 8621
          Total population: 1.95828E+06
              Total wealth: 1.65092E+09(PPP$)
                   Minimum: -7387.85(PPP$)
                   Maximum: 6558.51(PPP$)
             Headcount(HC): 0.000606552
          Poverty gap (PG): 0.0152662
       Poverty gap squared: 2.21434
                      Gini: 0.244828
                    Median: 878.328
                       MLD: 0.101357
                      Watt: 0.000377763
--------------------------------------------------

-------------------------------- Income or Consumption share by deciles (%) -------------------------------------
     3.9811     5.9023     6.9445     7.7799       8.64      9.564     10.682     12.024     14.102      20.38
-----------------------------------------------------------------------------------------------------------------


