

**********************************************************************************************
**                                   Basic Information                                      **
**********************************************************************************************

----------------- Dataset Information -----------------
                         Country: Slovenia
                    Country dode: SVN
                       Data Year: 2009
                        Coverage: National
             Welfare measurement: Income
                     Data format: Unit record
                     Data source: SVN_N2009Y
                  Data time span: UnDefined
-------------------------------------------------------


----------- Distribution ------------
   i           P           L 
-------------------------------------
   0    0.010176   0.0018698
   1    0.020153   0.0048259
   2    0.030032   0.0081638
   3    0.040011    0.011889
   4    0.050196    0.015948
   5    0.060031    0.020152
   6    0.070054    0.024668
   7    0.080059      0.0294
   8    0.090278    0.034472
   9     0.10012    0.039523
  10     0.11007    0.044803
  11     0.12012    0.050285
  12     0.13006    0.055855
  13     0.14003    0.061569
  14     0.15003    0.067411
  15      0.1601     0.07341
  16     0.17004    0.079428
  17     0.18001    0.085586
  18     0.19011    0.091913
  19     0.20028    0.098375
  20     0.21006     0.10468
  21     0.22003     0.11121
  22     0.23012      0.1179
  23     0.24003     0.12455
  24     0.25002     0.13136
  25        0.26     0.13825
  26     0.27011     0.14531
  27     0.28001     0.15232
  28     0.29003     0.15948
  29         0.3     0.16671
  30     0.31014     0.17415
  31     0.32008     0.18155
  32     0.33015     0.18914
  33     0.34003     0.19666
  34     0.35012     0.20443
  35     0.36008     0.21218
  36     0.37016     0.22012
  37     0.38001     0.22796
  38     0.39004     0.23604
  39     0.40028     0.24436
  40     0.41002     0.25236
  41     0.42038     0.26098
  42     0.43002     0.26908
  43     0.44007     0.27762
  44     0.45009      0.2862
  45     0.46007     0.29483
  46     0.47003     0.30352
  47     0.48008     0.31241
  48     0.49013     0.32137
  49     0.50003     0.33029
  50     0.51006     0.33944
  51     0.52003     0.34862
  52     0.53008     0.35796
  53     0.54008     0.36735
  54     0.55006     0.37684
  55     0.56013     0.38652
  56        0.57     0.39611
  57     0.58016     0.40607
  58     0.59006      0.4159
  59     0.60005      0.4259
  60     0.61025     0.43625
  61     0.62011     0.44636
  62     0.63003     0.45664
  63      0.6401     0.46719
  64     0.65005     0.47773
  65     0.66006     0.48842
  66     0.67007     0.49925
  67     0.68004     0.51015
  68     0.69002     0.52119
  69     0.70006     0.53241
  70      0.7101     0.54377
  71     0.72011     0.55524
  72     0.73005      0.5668
  73     0.74006     0.57859
  74     0.75011     0.59059
  75     0.76006     0.60261
  76     0.77003     0.61484
  77     0.78002     0.62724
  78     0.79009      0.6399
  79     0.80013     0.65272
  80     0.81005     0.66557
  81     0.82008     0.67875
  82      0.8302      0.6923
  83     0.84007     0.70573
  84     0.85006     0.71957
  85     0.86003     0.73365
  86     0.87004     0.74811
  87     0.88014     0.76308
  88     0.89001     0.77809
  89      0.9001     0.79385
  90     0.91007     0.80986
  91     0.92009      0.8264
  92     0.93005     0.84336
  93        0.94     0.86088
  94     0.95003     0.87921
  95     0.96006     0.89848
  96     0.97005     0.91893
  97     0.98008      0.9409
  98      0.9901     0.96525
  99           1           1
-----------------------------------------

----------------- PPP$ and local currency --------------
         PPP used in computation: 0.681299
     Data mean in local currency: 691.945
               Data mean in PPP$: 1053.05
        Poverty line in PPP$/Day: 1.9
      Poverty line in PPP$/Month: 57.7917
  Poverty line in local currency: 37.9741
-------------------------------------------------------

----------------- Estimation result --------------
     Number of observation: 9186
          Total population: 2.00041E+06
              Total wealth: 2.03167E+09(PPP$)
                   Minimum: -1911.31(PPP$)
                   Maximum: 9183.77(PPP$)
             Headcount(HC): 0.000136435
          Poverty gap (PG): 0.00481496
       Poverty gap squared: 0.169925
                      Gini: 0.2483
                    Median: 954.696
                       MLD: 0.105726
                      Watt: 0
--------------------------------------------------

-------------------------------- Income or Consumption share by deciles (%) -------------------------------------
     3.9464     5.8736     6.8508     7.7425     8.6135     9.5588     10.648     12.022     14.114      20.63
-----------------------------------------------------------------------------------------------------------------


