

**********************************************************************************************
**                                   Basic Information                                      **
**********************************************************************************************

----------------- Dataset Information -----------------
                         Country: Slovenia
                    Country dode: SVN
                       Data Year: 2003
                        Coverage: National
             Welfare measurement: Consumption
                     Data format: Unit record
                     Data source: SVN_N2003X
                  Data time span: UnDefined
-------------------------------------------------------


----------- Distribution ------------
   i           P           L 
-------------------------------------
   0    0.010344    0.002228
   1    0.020066   0.0047901
   2    0.032123    0.008426
   3     0.04482    0.012624
   4    0.050036    0.014404
   5    0.061049    0.018327
   6    0.071106    0.022067
   7    0.080508    0.025735
   8    0.091348    0.030121
   9      0.1006    0.033959
  10     0.11043    0.038172
  11     0.12039     0.04255
  12     0.13053    0.047142
  13     0.14058     0.05179
  14     0.15149    0.056892
  15     0.16049    0.061205
  16     0.17071    0.066258
  17     0.18007    0.071037
  18     0.19144    0.076993
  19     0.20021    0.081708
  20      0.2104    0.087329
  21     0.22109    0.093303
  22     0.23067    0.098712
  23      0.2417       0.105
  24     0.25003      0.1098
  25     0.26023     0.11578
  26     0.27225     0.12296
  27     0.28028     0.12785
  28     0.29013     0.13393
  29      0.3001     0.14019
  30     0.31005     0.14652
  31     0.32063     0.15332
  32      0.3304     0.15972
  33     0.34084     0.16666
  34     0.35023     0.17297
  35     0.36124     0.18048
  36     0.37025     0.18671
  37     0.38015     0.19367
  38     0.39049     0.20105
  39     0.40009     0.20807
  40     0.41005     0.21546
  41     0.42091     0.22362
  42     0.43054     0.23095
  43     0.44032     0.23854
  44     0.45021     0.24637
  45     0.46221     0.25606
  46     0.47022      0.2626
  47     0.48164     0.27209
  48     0.49027     0.27936
  49      0.5015     0.28895
  50     0.51082       0.297
  51      0.5209      0.3058
  52     0.53109      0.3148
  53     0.54023     0.32298
  54     0.55092     0.33272
  55     0.56044      0.3415
  56     0.57068     0.35106
  57     0.58011     0.36003
  58     0.59061     0.37014
  59     0.60138     0.38063
  60     0.61067     0.38977
  61     0.62026     0.39936
  62     0.63046     0.40978
  63     0.64007     0.41965
  64     0.65013     0.43011
  65     0.66076      0.4414
  66     0.67017     0.45168
  67     0.68038     0.46303
  68     0.69135      0.4754
  69     0.70041     0.48573
  70     0.71042     0.49723
  71     0.72007     0.50849
  72      0.7318     0.52245
  73     0.74048     0.53289
  74     0.75086      0.5456
  75     0.76026     0.55734
  76     0.77016     0.56999
  77     0.78115     0.58431
  78     0.79005     0.59606
  79     0.80042     0.60994
  80     0.81034     0.62352
  81     0.82045     0.63766
  82     0.83162     0.65378
  83     0.84012     0.66629
  84     0.85026     0.68155
  85     0.86004     0.69666
  86     0.87096     0.71417
  87     0.88052     0.72976
  88     0.89059     0.74656
  89      0.9011     0.76442
  90     0.91057     0.78085
  91     0.92082     0.79931
  92     0.93006     0.81658
  93     0.94138     0.83891
  94      0.9505     0.85807
  95     0.96037     0.87986
  96     0.97022     0.90304
  97     0.98032     0.92934
  98     0.99025      0.9588
  99           1           1
-----------------------------------------

----------------- PPP$ and local currency --------------
         PPP used in computation: 0.681299
     Data mean in local currency: 402.811
               Data mean in PPP$: 736.158
        Poverty line in PPP$/Day: 1.9
      Poverty line in PPP$/Month: 57.7917
  Poverty line in local currency: 31.6224
-------------------------------------------------------

----------------- Estimation result --------------
     Number of observation: 1139
          Total population: 1
              Total wealth: 591.24(PPP$)
                   Minimum: 87.933(PPP$)
                   Maximum: 4147.08(PPP$)
             Headcount(HC): 0
          Poverty gap (PG): 0
       Poverty gap squared: 0
                      Gini: 0.30866
                    Median: 631.111
                       MLD: 0.156652
                      Watt: 0
--------------------------------------------------

-------------------------------- Income or Consumption share by deciles (%) -------------------------------------
     3.3709     4.7885     5.8531     6.7876     7.9672      9.161     10.597     12.412     15.318     23.744
-----------------------------------------------------------------------------------------------------------------


