

**********************************************************************************************
**                                   Basic Information                                      **
**********************************************************************************************

----------------- Dataset Information -----------------
                         Country: Slovenia
                    Country dode: SVN
                       Data Year: 2005
                        Coverage: National
             Welfare measurement: Income
                     Data format: Unit record
                     Data source: SVN_N2005Y
                  Data time span: UnDefined
-------------------------------------------------------


----------- Distribution ------------
   i           P           L 
-------------------------------------
   0    0.010049   0.0017991
   1    0.020142   0.0047967
   2    0.030007   0.0082287
   3    0.040007    0.012075
   4        0.05    0.016228
   5    0.060048    0.020658
   6    0.070004    0.025255
   7    0.080098    0.030115
   8    0.090067    0.035099
   9     0.10005    0.040257
  10     0.11003    0.045565
  11     0.12002    0.051014
  12     0.13005    0.056615
  13     0.14004    0.062308
  14     0.15006    0.068129
  15     0.16016    0.074116
  16     0.17005    0.080126
  17     0.18012    0.086362
  18     0.19009     0.09265
  19     0.20009    0.099054
  20     0.21016     0.10561
  21     0.22008     0.11215
  22     0.23006     0.11881
  23     0.24008     0.12559
  24     0.25002     0.13242
  25      0.2603     0.13955
  26     0.27008     0.14642
  27     0.28002     0.15349
  28     0.29004      0.1607
  29     0.30007     0.16799
  30     0.31001      0.1753
  31     0.32008      0.1828
  32      0.3301     0.19036
  33      0.3401     0.19796
  34     0.35004     0.20563
  35     0.36001     0.21337
  36     0.37003     0.22126
  37     0.38005     0.22922
  38     0.39006     0.23725
  39     0.40007     0.24537
  40      0.4101     0.25358
  41      0.4201     0.26187
  42     0.43008     0.27021
  43     0.44003     0.27865
  44     0.45002     0.28721
  45     0.46007     0.29591
  46     0.47001     0.30459
  47      0.4801     0.31352
  48     0.49002     0.32238
  49     0.50001      0.3314
  50     0.51012     0.34063
  51     0.52017     0.34991
  52     0.53012     0.35919
  53     0.54009     0.36858
  54      0.5502     0.37824
  55     0.56006     0.38776
  56      0.5701     0.39755
  57        0.58     0.40728
  58     0.59007     0.41727
  59     0.60008     0.42729
  60     0.61007     0.43741
  61     0.62009     0.44768
  62     0.63018     0.45811
  63     0.64003     0.46845
  64     0.65006     0.47907
  65     0.66002     0.48975
  66     0.67001     0.50059
  67     0.68008     0.51166
  68     0.69003     0.52271
  69     0.70001      0.5339
  70     0.71004     0.54529
  71     0.72006      0.5568
  72     0.73011     0.56849
  73     0.74007     0.58021
  74     0.75004      0.5921
  75     0.76006      0.6042
  76     0.77008     0.61647
  77     0.78003     0.62881
  78     0.79005     0.64141
  79     0.80001     0.65412
  80     0.81002     0.66706
  81     0.82002      0.6802
  82     0.83004     0.69359
  83     0.84005     0.70715
  84     0.85003      0.7209
  85     0.86007     0.73495
  86     0.87007     0.74925
  87     0.88002     0.76379
  88     0.89004     0.77884
  89     0.90004     0.79425
  90     0.91003     0.80999
  91     0.92003     0.82617
  92     0.93004     0.84301
  93     0.94001     0.86038
  94     0.95005     0.87866
  95     0.96005     0.89792
  96     0.97004     0.91833
  97        0.98     0.94039
  98     0.99003     0.96531
  99           1           1
-----------------------------------------

----------------- PPP$ and local currency --------------
         PPP used in computation: 0.681299
     Data mean in local currency: 541.995
               Data mean in PPP$: 933.089
        Poverty line in PPP$/Day: 1.9
      Poverty line in PPP$/Month: 57.7917
  Poverty line in local currency: 33.5689
-------------------------------------------------------

----------------- Estimation result --------------
     Number of observation: 9471
          Total population: 2.00588E+06
              Total wealth: 1.59574E+09(PPP$)
                   Minimum: 1.27514(PPP$)
                   Maximum: 5071.02(PPP$)
             Headcount(HC): 0.00101451
          Poverty gap (PG): 0.00054945
       Poverty gap squared: 0.00036814
                      Gini: 0.246349
                    Median: 847.163
                       MLD: 0.105163
                      Watt: 0.00117726
--------------------------------------------------

-------------------------------- Income or Consumption share by deciles (%) -------------------------------------
     4.0233     5.8764     6.8944     7.7369     8.6084     9.5817     10.667     12.022     14.007     20.582
-----------------------------------------------------------------------------------------------------------------


