

**********************************************************************************************
**                                   Basic Information                                      **
**********************************************************************************************

----------------- Dataset Information -----------------
                         Country: Slovenia
                    Country dode: SVN
                       Data Year: 2011
                        Coverage: National
             Welfare measurement: Income
                     Data format: Unit record
                     Data source: SVN_N2011Y
                  Data time span: UnDefined
-------------------------------------------------------


----------- Distribution ------------
   i           P           L 
-------------------------------------
   0    0.010165   0.0021632
   1    0.020121   0.0051382
   2    0.030121    0.008517
   3    0.040169     0.01222
   4    0.050188    0.016202
   5    0.060009    0.020357
   6     0.07008    0.024822
   7    0.080035    0.029415
   8    0.090107     0.03424
   9     0.10003      0.0392
  10     0.11013    0.044432
  11     0.12008    0.049715
  12     0.13005    0.055168
  13     0.14021    0.060901
  14     0.15016    0.066674
  15     0.16004    0.072528
  16     0.17008    0.078595
  17     0.18005    0.084731
  18     0.19004    0.090984
  19     0.20007    0.097389
  20     0.21003     0.10386
  21      0.2201     0.11048
  22     0.23017     0.11718
  23      0.2401      0.1239
  24     0.25005     0.13073
  25     0.26007     0.13772
  26     0.27016     0.14485
  27     0.28017     0.15201
  28     0.29016     0.15925
  29     0.30002     0.16648
  30      0.3101     0.17396
  31     0.32002     0.18141
  32     0.33003       0.189
  33     0.34002     0.19665
  34     0.35006     0.20442
  35     0.36001     0.21221
  36     0.37014     0.22022
  37     0.38001     0.22812
  38     0.39003     0.23622
  39     0.40008     0.24444
  40     0.41012     0.25274
  41      0.4201     0.26107
  42     0.43007     0.26948
  43     0.44008     0.27801
  44     0.45012     0.28665
  45     0.46009     0.29533
  46     0.47018     0.30419
  47     0.48012     0.31303
  48     0.49005     0.32194
  49     0.50015     0.33109
  50     0.51007     0.34016
  51     0.52001     0.34934
  52     0.53005     0.35869
  53     0.54007     0.36813
  54     0.55006     0.37764
  55     0.56011     0.38729
  56     0.57009     0.39696
  57        0.58     0.40666
  58     0.59015     0.41672
  59     0.60016     0.42676
  60     0.61006     0.43678
  61     0.62005     0.44699
  62     0.63018     0.45746
  63     0.64007     0.46777
  64     0.65001     0.47825
  65     0.66002     0.48891
  66     0.67003     0.49967
  67     0.68008      0.5106
  68     0.69009     0.52161
  69     0.70003     0.53268
  70     0.71002     0.54394
  71     0.72007     0.55539
  72     0.73002      0.5669
  73     0.74004     0.57863
  74     0.75006     0.59053
  75     0.76005     0.60256
  76     0.77002      0.6147
  77     0.78005     0.62706
  78     0.79006     0.63956
  79     0.80007     0.65226
  80     0.81001     0.66508
  81     0.82021     0.67841
  82     0.83003     0.69148
  83     0.84004     0.70505
  84     0.85009     0.71891
  85     0.86001     0.73287
  86     0.87013      0.7474
  87     0.88002     0.76192
  88     0.89001     0.77692
  89     0.90003      0.7924
  90     0.91001     0.80813
  91     0.92008     0.82447
  92     0.93003     0.84118
  93     0.94008     0.85869
  94     0.95003     0.87693
  95     0.96002     0.89625
  96        0.97      0.9169
  97     0.98009     0.93929
  98     0.99012     0.96446
  99           1           1
-----------------------------------------

----------------- PPP$ and local currency --------------
         PPP used in computation: 0.681299
     Data mean in local currency: 712.257
               Data mean in PPP$: 1045.44
        Poverty line in PPP$/Day: 1.9
      Poverty line in PPP$/Month: 57.7917
  Poverty line in local currency: 39.3734
-------------------------------------------------------

----------------- Estimation result --------------
     Number of observation: 9006
          Total population: 2.00092E+06
              Total wealth: 2.09185E+09(PPP$)
                   Minimum: 82.5877(PPP$)
                   Maximum: 8922.83(PPP$)
             Headcount(HC): 0
          Poverty gap (PG): 0
       Poverty gap squared: 0
                      Gini: 0.24868
                    Median: 952.479
                       MLD: 0.105424
                      Watt: 0
--------------------------------------------------

-------------------------------- Income or Consumption share by deciles (%) -------------------------------------
     3.9187     5.8161     6.9119     7.7905     8.6576     9.5647     10.605     11.953     14.018     20.765
-----------------------------------------------------------------------------------------------------------------


