

**********************************************************************************************
**                                   Basic Information                                      **
**********************************************************************************************

----------------- Dataset Information -----------------
                         Country: Slovenia
                    Country dode: SVN
                       Data Year: 2004
                        Coverage: National
             Welfare measurement: Income
                     Data format: Unit record
                     Data source: SVN_N2004Y
                  Data time span: UnDefined
-------------------------------------------------------


----------- Distribution ------------
   i           P           L 
-------------------------------------
   0    0.010011   0.0016727
   1    0.020052   0.0046063
   2    0.030039   0.0079539
   3    0.040049    0.011655
   4    0.050141    0.015704
   5      0.0602    0.020017
   6    0.070026    0.024467
   7    0.080086    0.029253
   8    0.090156    0.034242
   9     0.10004    0.039319
  10     0.11018    0.044669
  11     0.12001    0.049994
  12     0.13006    0.055576
  13     0.14008    0.061266
  14     0.15003    0.067064
  15      0.1601    0.073068
  16     0.17024    0.079211
  17     0.18013     0.08529
  18     0.19004    0.091497
  19     0.20005    0.097892
  20     0.21015     0.10443
  21     0.22006     0.11094
  22     0.23011     0.11765
  23     0.24003     0.12438
  24     0.25003     0.13124
  25     0.26001     0.13818
  26     0.27003     0.14522
  27     0.28002     0.15233
  28     0.29005     0.15955
  29     0.30001      0.1668
  30     0.31011     0.17424
  31     0.32008     0.18167
  32     0.33009     0.18922
  33     0.34005     0.19681
  34     0.35016      0.2046
  35     0.36018     0.21242
  36     0.37017     0.22029
  37      0.3802     0.22826
  38     0.39008     0.23618
  39     0.40004     0.24427
  40     0.41004     0.25247
  41     0.42011     0.26083
  42        0.43     0.26911
  43     0.44005     0.27761
  44     0.45009      0.2862
  45     0.46016      0.2949
  46     0.47006     0.30355
  47     0.48012     0.31243
  48     0.49002     0.32126
  49     0.50007     0.33032
  50     0.51001     0.33937
  51     0.52003     0.34858
  52        0.53     0.35786
  53     0.54006     0.36732
  54     0.55005     0.37681
  55     0.56002     0.38641
  56     0.57003     0.39616
  57     0.58001     0.40599
  58     0.59012     0.41606
  59     0.60001     0.42601
  60     0.61003     0.43622
  61     0.62001     0.44647
  62     0.63005     0.45688
  63     0.64002     0.46734
  64      0.6501     0.47802
  65     0.66013     0.48879
  66     0.67007     0.49956
  67     0.68008     0.51055
  68     0.69006     0.52162
  69     0.70005     0.53281
  70        0.71     0.54408
  71     0.72002     0.55554
  72     0.73006     0.56713
  73     0.74006     0.57883
  74     0.75008     0.59072
  75     0.76003     0.60267
  76     0.77004     0.61489
  77     0.78001     0.62724
  78      0.7901     0.63993
  79     0.80002     0.65261
  80     0.81003     0.66563
  81     0.82009     0.67889
  82     0.83004     0.69224
  83     0.84008     0.70593
  84     0.85008      0.7198
  85     0.86013     0.73402
  86     0.87008     0.74836
  87      0.8801     0.76311
  88     0.89011     0.77818
  89     0.90003      0.7935
  90     0.91001     0.80933
  91     0.92001     0.82568
  92     0.93001     0.84262
  93     0.94002     0.86026
  94      0.9501     0.87874
  95      0.9601     0.89805
  96     0.97009     0.91856
  97     0.98007     0.94053
  98     0.99007       0.965
  99           1           1
-----------------------------------------

----------------- PPP$ and local currency --------------
         PPP used in computation: 0.681299
     Data mean in local currency: 510.737
               Data mean in PPP$: 901.061
        Poverty line in PPP$/Day: 1.9
      Poverty line in PPP$/Month: 57.7917
  Poverty line in local currency: 32.7574
-------------------------------------------------------

----------------- Estimation result --------------
     Number of observation: 8265
          Total population: 1.95228E+06
              Total wealth: 1.46353E+09(PPP$)
                   Minimum: -582.032(PPP$)
                   Maximum: 6916.39(PPP$)
             Headcount(HC): 0.00068826
          Poverty gap (PG): 0.0021939
       Poverty gap squared: 0.0187803
                      Gini: 0.248363
                    Median: 815.901
                       MLD: 0.111087
                      Watt: 0.00024305
--------------------------------------------------

-------------------------------- Income or Consumption share by deciles (%) -------------------------------------
     3.9297     5.8562     6.8934     7.7444     8.6023      9.575     10.675     11.983     14.086     20.655
-----------------------------------------------------------------------------------------------------------------


