

**********************************************************************************************
**                                   Basic Information                                      **
**********************************************************************************************

----------------- Dataset Information -----------------
                         Country: Seychelles
                    Country dode: SYC
                       Data Year: 2013
                        Coverage: National
             Welfare measurement: Income
                     Data format: Unit record
                     Data source: SYC_N2013Y
                  Data time span: UnDefined
-------------------------------------------------------


----------- Distribution ------------
   i           P           L 
-------------------------------------
   0    0.010067  0.00047697
   1    0.020178    0.001548
   2    0.030401   0.0029558
   3    0.040196   0.0045246
   4    0.050174   0.0064571
   5    0.060462    0.008679
   6    0.070208    0.010987
   7    0.080784    0.013703
   8    0.090109     0.01622
   9     0.10079     0.01923
  10     0.11037     0.02205
  11     0.12035    0.025156
  12     0.13008     0.02834
  13     0.14056    0.031895
  14     0.15084    0.035484
  15     0.16012     0.03884
  16     0.17026     0.04262
  17     0.18003    0.046362
  18     0.19022     0.05034
  19     0.20006    0.054277
  20     0.21098    0.058731
  21     0.22026    0.062613
  22     0.23055    0.067023
  23      0.2404    0.071313
  24     0.25063    0.075843
  25      0.2604    0.080267
  26     0.27129    0.085283
  27     0.28028    0.089507
  28     0.29045    0.094346
  29      0.3003    0.099117
  30     0.31034     0.10407
  31     0.32003     0.10891
  32     0.33044     0.11422
  33     0.34015     0.11926
  34     0.35025     0.12456
  35     0.36039     0.12996
  36     0.37025     0.13529
  37     0.38072     0.14106
  38     0.39068     0.14668
  39     0.40038     0.15225
  40     0.41045      0.1581
  41     0.42011     0.16379
  42     0.43031     0.16986
  43     0.44003      0.1757
  44     0.45057     0.18214
  45     0.46024     0.18813
  46     0.47006     0.19429
  47     0.48065     0.20101
  48     0.49017     0.20714
  49     0.50003     0.21361
  50     0.51028     0.22045
  51     0.52101     0.22772
  52     0.53026     0.23415
  53     0.54025     0.24121
  54      0.5503     0.24838
  55     0.56113      0.2562
  56     0.57026      0.2629
  57     0.58046     0.27049
  58     0.59037     0.27796
  59     0.60023     0.28549
  60     0.61021     0.29325
  61     0.62011     0.30112
  62     0.63135      0.3102
  63     0.64021     0.31745
  64     0.65034     0.32587
  65     0.66032     0.33426
  66     0.67035     0.34288
  67     0.68065      0.3519
  68     0.69052     0.36067
  69     0.70007     0.36929
  70      0.7103     0.37869
  71     0.72048     0.38824
  72     0.73028     0.39756
  73     0.74009     0.40706
  74      0.7505      0.4173
  75     0.76051     0.42741
  76     0.77038     0.43763
  77     0.78031     0.44818
  78     0.79032     0.45905
  79      0.8005     0.47023
  80     0.81006     0.48099
  81     0.82003     0.49259
  82     0.83036     0.50503
  83     0.84028     0.51733
  84     0.85002     0.52976
  85     0.86067     0.54383
  86      0.8705     0.55721
  87     0.88026     0.57097
  88     0.89002      0.5855
  89     0.90027     0.60159
  90     0.91031     0.61827
  91     0.92008     0.63549
  92     0.93024     0.65462
  93     0.94026     0.67479
  94     0.95003     0.69586
  95     0.96026     0.72063
  96     0.97007     0.74719
  97     0.98038     0.77945
  98      0.9904     0.81999
  99           1           1
-----------------------------------------

----------------- PPP$ and local currency --------------
         PPP used in computation: 7.89513
     Data mean in local currency: 6167.99
               Data mean in PPP$: 699.047
        Poverty line in PPP$/Day: 1.9
      Poverty line in PPP$/Month: 57.7917
  Poverty line in local currency: 509.92
-------------------------------------------------------

----------------- Estimation result --------------
     Number of observation: 1760
          Total population: 91600.8
              Total wealth: 7.15622E+07(PPP$)
                   Minimum: 0(PPP$)
                   Maximum: 85043.2(PPP$)
             Headcount(HC): 0.0106104
          Poverty gap (PG): 0.00430783
       Poverty gap squared: 0.00263155
                      Gini: 0.468228
                    Median: 461.867
                       MLD: 0.401689
                      Watt: 0.00726189
--------------------------------------------------

-------------------------------- Income or Consumption share by deciles (%) -------------------------------------
     1.9008     3.5245      4.472     5.3059      6.156     7.1722     8.3913     10.046     13.148     39.884
-----------------------------------------------------------------------------------------------------------------


