

**********************************************************************************************
**                                   Basic Information                                      **
**********************************************************************************************

----------------- Dataset Information -----------------
                         Country: Seychelles
                    Country dode: SYC
                       Data Year: 2006
                        Coverage: National
             Welfare measurement: Consumption
                     Data format: Unit record
                     Data source: SYC_N2006X
                  Data time span: UnDefined
-------------------------------------------------------


----------- Distribution ------------
   i           P           L 
-------------------------------------
   0    0.011571   0.0015792
   1    0.020323   0.0032073
   2    0.031147   0.0053976
   3    0.040464   0.0074449
   4    0.051544    0.010121
   5     0.06012    0.012345
   6    0.071965    0.015496
   7      0.0802    0.017781
   8    0.091287    0.020933
   9     0.10111    0.023792
  10     0.11012    0.026487
  11     0.12028    0.029668
  12      0.1312    0.033175
  13     0.14119    0.036426
  14      0.1507    0.039593
  15     0.16118    0.043279
  16     0.17084      0.0468
  17      0.1809    0.050567
  18     0.19019    0.054153
  19       0.201    0.058397
  20      0.2109    0.062351
  21     0.22102    0.066473
  22     0.23179    0.070983
  23     0.24044    0.074697
  24      0.2507    0.079179
  25     0.26006    0.083382
  26     0.27044    0.088126
  27     0.28049    0.092806
  28     0.29001     0.09732
  29     0.30049     0.10243
  30      0.3127      0.1085
  31     0.32014     0.11226
  32     0.33088     0.11778
  33     0.34115     0.12317
  34     0.35027     0.12804
  35     0.36018     0.13351
  36     0.37093     0.13962
  37     0.38044     0.14512
  38     0.39073     0.15119
  39     0.40057      0.1571
  40     0.41056     0.16315
  41      0.4205     0.16929
  42     0.43207      0.1766
  43     0.44012     0.18173
  44     0.45058     0.18851
  45     0.46002     0.19476
  46     0.47047     0.20174
  47     0.48103     0.20886
  48     0.49042     0.21528
  49     0.50043     0.22238
  50      0.5101     0.22935
  51      0.5202     0.23673
  52     0.53055     0.24443
  53     0.54125     0.25253
  54     0.55039     0.25955
  55     0.56009     0.26715
  56     0.57088     0.27574
  57     0.58049     0.28352
  58      0.5903     0.29162
  59     0.60067     0.30036
  60     0.61072     0.30896
  61     0.62032     0.31736
  62     0.63031     0.32626
  63        0.64       0.335
  64     0.65058     0.34474
  65     0.66068     0.35434
  66     0.67051     0.36394
  67     0.68062     0.37402
  68     0.69048     0.38403
  69     0.70052     0.39445
  70     0.71016     0.40461
  71     0.72024     0.41538
  72      0.7312     0.42741
  73     0.74073     0.43811
  74     0.75021     0.44896
  75     0.76006     0.46059
  76     0.77062     0.47328
  77     0.78076     0.48577
  78     0.79025     0.49775
  79     0.80116     0.51178
  80     0.81037     0.52385
  81     0.82002     0.53689
  82     0.83007     0.55085
  83     0.84014     0.56522
  84     0.85025     0.58018
  85     0.86001     0.59514
  86     0.87039     0.61163
  87     0.88105     0.62942
  88     0.89007     0.64485
  89     0.90021     0.66289
  90     0.91033     0.68177
  91     0.92035      0.7011
  92     0.93007     0.72104
  93     0.94011     0.74278
  94     0.95006     0.76601
  95     0.96046      0.7924
  96      0.9702     0.81983
  97     0.98105     0.85699
  98     0.99067     0.90026
  99           1           1
-----------------------------------------

----------------- PPP$ and local currency --------------
         PPP used in computation: 7.89513
     Data mean in local currency: 2252.97
               Data mean in PPP$: 530.717
        Poverty line in PPP$/Day: 1.9
      Poverty line in PPP$/Month: 57.7917
  Poverty line in local currency: 245.334
-------------------------------------------------------

----------------- Estimation result --------------
     Number of observation: 1162
          Total population: 84796.6
              Total wealth: 2.41977E+07(PPP$)
                   Minimum: 24.7446(PPP$)
                   Maximum: 12685.7(PPP$)
             Headcount(HC): 0.00372482
          Poverty gap (PG): 0.000512105
       Poverty gap squared: 9.11878E-05
                      Gini: 0.427676
                    Median: 381.579
                       MLD: 0.311105
                      Watt: 0.000564735
--------------------------------------------------

-------------------------------- Income or Consumption share by deciles (%) -------------------------------------
      2.347     3.4536     4.4183      5.457     6.5316     7.7716      9.412     11.638     15.224     33.747
-----------------------------------------------------------------------------------------------------------------


