

**********************************************************************************************
**                                   Basic Information                                      **
**********************************************************************************************

----------------- Dataset Information -----------------
                         Country: Chad
                    Country dode: TCD
                       Data Year: 2003
                        Coverage: National
             Welfare measurement: Consumption
                     Data format: Unit record
                     Data source: TCD_N2003X
                  Data time span: UnDefined
-------------------------------------------------------


----------- Distribution ------------
   i           P           L 
-------------------------------------
   0    0.010127   0.0011744
   1    0.020815   0.0030155
   2    0.030451   0.0049467
   3    0.040525   0.0072194
   4    0.050038   0.0095484
   5    0.060025    0.012232
   6    0.070242    0.015187
   7    0.080279    0.018233
   8    0.090544    0.021505
   9     0.10023    0.024723
  10     0.11004    0.028084
  11     0.12028    0.031724
  12     0.13001    0.035268
  13     0.14024    0.039073
  14     0.15016    0.042855
  15     0.16011    0.046729
  16     0.17013    0.050687
  17     0.18026    0.054756
  18      0.1902    0.058845
  19     0.20012    0.063015
  20     0.21024    0.067386
  21        0.22    0.071712
  22     0.23018    0.076309
  23     0.24029    0.080983
  24     0.25011    0.085613
  25     0.26003    0.090352
  26      0.2701    0.095247
  27     0.28034     0.10032
  28        0.29     0.10521
  29     0.30032     0.11054
  30     0.31032     0.11583
  31     0.32028     0.12116
  32     0.33031     0.12661
  33     0.34017     0.13208
  34     0.35034     0.13781
  35     0.36004     0.14337
  36     0.37033     0.14936
  37     0.38022     0.15521
  38     0.39023     0.16124
  39     0.40005     0.16727
  40     0.41005     0.17348
  41     0.42008     0.17984
  42      0.4301     0.18629
  43     0.44006     0.19282
  44      0.4501     0.19951
  45     0.46005     0.20625
  46     0.47025     0.21326
  47     0.48033     0.22033
  48     0.49011      0.2273
  49     0.50005     0.23454
  50     0.51002     0.24194
  51     0.52001     0.24953
  52     0.53002     0.25729
  53     0.54002     0.26522
  54     0.55029     0.27355
  55     0.56005     0.28161
  56     0.57067     0.29053
  57     0.58012      0.2986
  58     0.59003      0.3072
  59     0.60035     0.31631
  60     0.61004     0.32503
  61     0.62007     0.33423
  62     0.63003     0.34356
  63     0.64012     0.35323
  64     0.65002     0.36284
  65     0.66014     0.37285
  66     0.67007     0.38288
  67     0.68003     0.39318
  68     0.69014     0.40387
  69     0.70019     0.41472
  70     0.71004     0.42555
  71     0.72001     0.43672
  72     0.73041     0.44862
  73     0.74007     0.45988
  74     0.75013     0.47188
  75     0.76031     0.48424
  76     0.77008     0.49631
  77     0.78002     0.50884
  78     0.79021     0.52207
  79     0.80002      0.5352
  80     0.81033     0.54942
  81     0.82017     0.56331
  82     0.83007     0.57767
  83     0.84006     0.59257
  84     0.85013     0.60808
  85     0.86008     0.62389
  86     0.87001     0.64016
  87     0.88001     0.65711
  88     0.89015     0.67488
  89         0.9      0.6929
  90     0.91007     0.71217
  91     0.92005      0.7322
  92     0.93005     0.75322
  93     0.94001     0.77559
  94        0.95      0.7999
  95        0.96     0.82626
  96     0.97003     0.85567
  97     0.98002      0.8894
  98     0.99015     0.93121
  99           1           1
-----------------------------------------

----------------- PPP$ and local currency --------------
         PPP used in computation: 251.296
     Data mean in local currency: 13350.7
               Data mean in PPP$: 61.0079
        Poverty line in PPP$/Day: 1.9
      Poverty line in PPP$/Month: 57.7917
  Poverty line in local currency: 12646.9
-------------------------------------------------------

----------------- Estimation result --------------
     Number of observation: 6694
          Total population: 7.38889E+06
              Total wealth: 3.92554E+08(PPP$)
                   Minimum: 2.2962(PPP$)
                   Maximum: 2263.93(PPP$)
             Headcount(HC): 0.629387
          Poverty gap (PG): 0.267345
       Poverty gap squared: 0.142597
                      Gini: 0.398246
                    Median: 44.8764
                       MLD: 0.267682
                      Watt: 0.401485
--------------------------------------------------

-------------------------------- Income or Consumption share by deciles (%) -------------------------------------
     2.4646     3.8321     4.7407     5.6863      6.726     8.1501     9.8516     12.066     15.772      30.71
-----------------------------------------------------------------------------------------------------------------


