

**********************************************************************************************
**                                   Basic Information                                      **
**********************************************************************************************

----------------- Dataset Information -----------------
                         Country: Togo
                    Country dode: TGO
                       Data Year: 2015
                        Coverage: National
             Welfare measurement: Consumption
                     Data format: Unit record
                     Data source: TGO_N2015X
                  Data time span: UnDefined
-------------------------------------------------------


----------- Distribution ------------
   i           P           L 
-------------------------------------
   0     0.01004  0.00072239
   1     0.02079   0.0021023
   2    0.030584   0.0036759
   3    0.040989   0.0055239
   4    0.050439   0.0073656
   5    0.060043   0.0093243
   6    0.070019     0.01151
   7     0.08023    0.013894
   8    0.090916    0.016514
   9     0.10024    0.018859
  10      0.1105    0.021567
  11     0.12008    0.024189
  12     0.13006    0.027011
  13     0.14085    0.030169
  14     0.15164    0.033495
  15     0.16045    0.036358
  16        0.17    0.039579
  17     0.18037    0.043181
  18      0.1913    0.047145
  19     0.20018    0.050455
  20     0.21054    0.054424
  21     0.22111    0.058557
  22     0.23123    0.062635
  23      0.2405     0.06643
  24     0.25035    0.070611
  25     0.26038    0.074958
  26     0.27004    0.079242
  27     0.28017    0.083846
  28      0.2907     0.08873
  29      0.3005    0.093355
  30     0.31073    0.098259
  31     0.32052     0.10302
  32     0.33015     0.10775
  33     0.34038     0.11288
  34      0.3501     0.11788
  35     0.36044     0.12339
  36     0.37002     0.12862
  37     0.38007     0.13424
  38     0.39005     0.13996
  39     0.40015     0.14586
  40     0.41048     0.15204
  41     0.42004     0.15791
  42     0.43018     0.16421
  43     0.44006     0.17043
  44     0.45008     0.17685
  45     0.46022      0.1835
  46      0.4707     0.19054
  47     0.48008     0.19693
  48     0.49119     0.20464
  49     0.50056     0.21124
  50     0.51067     0.21846
  51      0.5201     0.22533
  52     0.53031     0.23298
  53     0.54271     0.24255
  54     0.55026      0.2485
  55        0.56      0.2563
  56     0.57037     0.26474
  57     0.58014     0.27286
  58     0.59004     0.28128
  59     0.60169     0.29144
  60     0.61016     0.29901
  61     0.62018     0.30814
  62     0.63018     0.31747
  63     0.64012     0.32699
  64     0.65003     0.33669
  65      0.6606     0.34725
  66     0.67051     0.35741
  67     0.68022     0.36757
  68     0.69009     0.37812
  69     0.70031     0.38933
  70     0.71003     0.40017
  71     0.72009     0.41154
  72     0.73054     0.42367
  73     0.74005       0.435
  74     0.75006     0.44725
  75     0.76042     0.46018
  76     0.77014     0.47268
  77     0.78099     0.48727
  78     0.79075     0.50081
  79     0.80001     0.51404
  80     0.81018     0.52904
  81     0.82014      0.5443
  82     0.83007        0.56
  83     0.84001     0.57616
  84     0.85016     0.59301
  85     0.86014     0.60992
  86     0.87033     0.62777
  87     0.88055     0.64646
  88     0.89047     0.66544
  89     0.90016      0.6847
  90     0.91033     0.70561
  91     0.92003     0.72651
  92      0.9302     0.74961
  93     0.94024     0.77375
  94     0.95012     0.79906
  95     0.96032     0.82749
  96     0.97005     0.85665
  97     0.98072     0.89339
  98     0.99008       0.933
  99           1           1
-----------------------------------------

----------------- PPP$ and local currency --------------
         PPP used in computation: 232.215
     Data mean in local currency: 20408.9
               Data mean in PPP$: 82.5146
        Poverty line in PPP$/Day: 1.9
      Poverty line in PPP$/Month: 57.7917
  Poverty line in local currency: 14294
-------------------------------------------------------

----------------- Estimation result --------------
     Number of observation: 2335
          Total population: 7.0089E+06
              Total wealth: 6.15997E+08(PPP$)
                   Minimum: 2.04606(PPP$)
                   Maximum: 1163.03(PPP$)
             Headcount(HC): 0.491529
          Poverty gap (PG): 0.199003
       Poverty gap squared: 0.107087
                      Gini: 0.430539
                    Median: 58.5181
                       MLD: 0.324685
                      Watt: 0.304434
--------------------------------------------------

-------------------------------- Income or Consumption share by deciles (%) -------------------------------------
     1.8797      3.159     4.2733     5.2651     6.5079     7.9114     9.9024     12.504     17.035     31.562
-----------------------------------------------------------------------------------------------------------------


