

**********************************************************************************************
**                                   Basic Information                                      **
**********************************************************************************************

----------------- Dataset Information -----------------
                         Country: Togo
                    Country dode: TGO
                       Data Year: 2011
                        Coverage: National
             Welfare measurement: Consumption
                     Data format: Unit record
                     Data source: TGO_N2011X
                  Data time span: UnDefined
-------------------------------------------------------


----------- Distribution ------------
   i           P           L 
-------------------------------------
   0    0.010071   0.0010385
   1    0.020288   0.0025072
   2    0.030246   0.0041119
   3    0.040151   0.0058857
   4     0.05021   0.0078161
   5    0.060194   0.0098716
   6    0.070233    0.012051
   7    0.080216    0.014314
   8    0.090171    0.016662
   9     0.10025    0.019116
  10     0.11019    0.021631
  11     0.12001    0.024196
  12     0.13025    0.026942
  13     0.14001    0.029653
  14     0.15025    0.032585
  15     0.16026    0.035554
  16     0.17014    0.038567
  17     0.18002    0.041664
  18     0.19013    0.044947
  19     0.20026    0.048316
  20     0.21012    0.051679
  21     0.22007    0.055147
  22     0.23004    0.058711
  23      0.2401    0.062407
  24     0.25015    0.066192
  25     0.26005    0.070017
  26     0.27018    0.074034
  27     0.28001    0.078029
  28     0.29029    0.082303
  29     0.30009    0.086491
  30     0.31017    0.090939
  31     0.32014    0.095451
  32     0.33024      0.1001
  33     0.34005     0.10472
  34      0.3501     0.10957
  35     0.36018     0.11452
  36      0.3701     0.11948
  37     0.38003     0.12456
  38     0.39002     0.12978
  39     0.40008     0.13513
  40     0.41002     0.14054
  41     0.42021     0.14622
  42     0.43054     0.15211
  43     0.44018      0.1577
  44     0.45031     0.16371
  45     0.46017     0.16969
  46     0.47001     0.17575
  47     0.48008     0.18208
  48     0.49011     0.18855
  49         0.5     0.19507
  50     0.51033     0.20204
  51     0.52038     0.20894
  52      0.5301     0.21575
  53     0.54003     0.22284
  54     0.55016     0.23022
  55     0.56012     0.23765
  56     0.57016     0.24533
  57        0.58       0.253
  58     0.59022     0.26117
  59     0.60027     0.26941
  60     0.61008     0.27763
  61     0.62002     0.28619
  62     0.63026     0.29522
  63     0.64006     0.30402
  64     0.65014     0.31326
  65     0.66004     0.32255
  66     0.67004     0.33217
  67     0.68009     0.34207
  68     0.69002     0.35212
  69     0.70009     0.36258
  70     0.71003      0.3732
  71     0.72005     0.38417
  72     0.73013     0.39553
  73     0.74041     0.40735
  74     0.75005     0.41874
  75     0.76007     0.43098
  76     0.77005     0.44356
  77     0.78002     0.45654
  78     0.79003        0.47
  79     0.80002      0.4839
  80     0.81001     0.49832
  81     0.82013     0.51343
  82      0.8301     0.52874
  83     0.84002     0.54452
  84     0.85001     0.56104
  85     0.86002     0.57836
  86     0.87022     0.59669
  87     0.88008     0.61516
  88     0.89001     0.63446
  89     0.90011      0.6549
  90     0.91016     0.67632
  91     0.92047     0.69974
  92     0.93022     0.72324
  93     0.94009     0.74865
  94        0.95     0.77631
  95     0.96011     0.80648
  96     0.97009     0.83931
  97     0.98006     0.87652
  98      0.9903     0.92414
  99           1           1
-----------------------------------------

----------------- PPP$ and local currency --------------
         PPP used in computation: 232.215
     Data mean in local currency: 18546.6
               Data mean in PPP$: 79.8681
        Poverty line in PPP$/Day: 1.9
      Poverty line in PPP$/Month: 57.7917
  Poverty line in local currency: 13420.1
-------------------------------------------------------

----------------- Estimation result --------------
     Number of observation: 5491
          Total population: 6.34374E+06
              Total wealth: 5.06663E+08(PPP$)
                   Minimum: 3.68884(PPP$)
                   Maximum: 2163(PPP$)
             Headcount(HC): 0.541797
          Poverty gap (PG): 0.232063
       Poverty gap squared: 0.126943
                      Gini: 0.460206
                    Median: 53.3521
                       MLD: 0.362516
                      Watt: 0.352481
--------------------------------------------------

-------------------------------- Income or Consumption share by deciles (%) -------------------------------------
     1.9055     2.9175     3.8225     4.8633      5.998     7.4121     9.3301     12.139     17.081     34.531
-----------------------------------------------------------------------------------------------------------------


