

**********************************************************************************************
**                                   Basic Information                                      **
**********************************************************************************************

----------------- Dataset Information -----------------
                         Country: Togo
                    Country dode: TGO
                       Data Year: 2006
                        Coverage: National
             Welfare measurement: Consumption
                     Data format: Unit record
                     Data source: TGO_N2006X
                  Data time span: UnDefined
-------------------------------------------------------


----------- Distribution ------------
   i           P           L 
-------------------------------------
   0    0.010047   0.0014178
   1    0.020038   0.0033575
   2    0.030259   0.0055925
   3    0.040068   0.0078953
   4    0.050029    0.010356
   5    0.060297    0.013017
   6    0.070277    0.015765
   7    0.080073    0.018587
   8    0.090213    0.021626
   9     0.10001     0.02465
  10     0.11023    0.027905
  11     0.12007    0.031133
  12     0.13014    0.034533
  13     0.14007    0.037978
  14     0.15013    0.041541
  15     0.16004    0.045141
  16     0.17013    0.048895
  17     0.18008    0.052684
  18     0.19006    0.056591
  19     0.20006    0.060598
  20     0.21004    0.064672
  21     0.22019    0.068891
  22     0.23017    0.073104
  23     0.24015    0.077388
  24     0.25005    0.081708
  25      0.2601    0.086182
  26     0.27008    0.090707
  27     0.28022    0.095398
  28     0.29009     0.10003
  29     0.30015     0.10485
  30     0.31009      0.1097
  31     0.32012     0.11469
  32     0.33008     0.11974
  33     0.34002     0.12486
  34     0.35004     0.13013
  35     0.36015     0.13557
  36     0.37014     0.14106
  37     0.38005     0.14658
  38     0.39016     0.15232
  39     0.40011     0.15806
  40     0.41005     0.16392
  41     0.42017     0.16997
  42     0.43002     0.17596
  43     0.44013      0.1822
  44     0.45009     0.18845
  45     0.46014     0.19488
  46     0.47001     0.20131
  47     0.48015     0.20805
  48     0.49032      0.2149
  49     0.50017     0.22166
  50     0.51006     0.22853
  51     0.52004     0.23558
  52     0.53004     0.24277
  53     0.54012     0.25016
  54     0.55014     0.25763
  55     0.56008     0.26517
  56     0.57001     0.27284
  57     0.58018     0.28088
  58      0.5904     0.28912
  59     0.60007     0.29708
  60     0.61012      0.3055
  61     0.62001     0.31397
  62     0.63011     0.32285
  63     0.64013      0.3319
  64     0.65002     0.34103
  65     0.66005     0.35047
  66     0.67027     0.36029
  67     0.68004     0.36987
  68     0.69004     0.37987
  69     0.70067     0.39073
  70     0.71004     0.40051
  71     0.72033     0.41153
  72     0.73005     0.42222
  73     0.74032     0.43382
  74     0.75011     0.44515
  75     0.76001     0.45694
  76     0.77009     0.46932
  77     0.78006     0.48201
  78     0.79002     0.49504
  79     0.80015     0.50878
  80     0.81001     0.52258
  81     0.82018     0.53729
  82     0.83004     0.55203
  83     0.84007     0.56748
  84     0.85002     0.58336
  85     0.86018     0.60025
  86     0.87001     0.61721
  87     0.88002     0.63523
  88      0.8903     0.65453
  89     0.90002     0.67363
  90     0.91001      0.6944
  91     0.92003     0.71641
  92     0.93001     0.73964
  93     0.94023     0.76516
  94     0.95005     0.79141
  95        0.96     0.82042
  96     0.97004     0.85247
  97     0.98007     0.88832
  98        0.99     0.93163
  99           1           1
-----------------------------------------

----------------- PPP$ and local currency --------------
         PPP used in computation: 232.215
     Data mean in local currency: 14797.8
               Data mean in PPP$: 76.1915
        Poverty line in PPP$/Day: 1.9
      Poverty line in PPP$/Month: 57.7917
  Poverty line in local currency: 11224.2
-------------------------------------------------------

----------------- Estimation result --------------
     Number of observation: 7469
          Total population: 4.6551E+06
              Total wealth: 2.96644E+08(PPP$)
                   Minimum: 5.52575(PPP$)
                   Maximum: 1014.09(PPP$)
             Headcount(HC): 0.555519
          Poverty gap (PG): 0.210503
       Poverty gap squared: 0.10334
                      Gini: 0.422126
                    Median: 52.6462
                       MLD: 0.294024
                      Watt: 0.300162
--------------------------------------------------

-------------------------------- Income or Consumption share by deciles (%) -------------------------------------
     2.4647     3.5926     4.4204     5.3224     6.3535     7.5485     9.3027     11.853       16.5     32.642
-----------------------------------------------------------------------------------------------------------------


