

**********************************************************************************************
**                                   Basic Information                                      **
**********************************************************************************************

----------------- Dataset Information -----------------
                         Country: Thailand
                    Country dode: THA
                       Data Year: 2010
                        Coverage: National
             Welfare measurement: Consumption
                     Data format: Unit record
                     Data source: THA_N2010X
                  Data time span: UnDefined
-------------------------------------------------------


----------- Distribution ------------
   i           P           L 
-------------------------------------
   0    0.010004   0.0017152
   1    0.020051   0.0038984
   2     0.03002    0.006306
   3    0.040043   0.0089069
   4        0.05    0.011635
   5    0.060005    0.014509
   6    0.070003    0.017526
   7    0.080029    0.020675
   8    0.090107    0.023949
   9     0.10012     0.02731
  10     0.11003    0.030735
  11     0.12001    0.034293
  12     0.13003     0.03797
  13     0.14001    0.041714
  14     0.15001    0.045573
  15     0.16001    0.049509
  16     0.17003    0.053547
  17     0.18002    0.057658
  18     0.19002     0.06185
  19         0.2    0.066122
  20        0.21    0.070486
  21     0.22001    0.074948
  22     0.23001    0.079504
  23     0.24002    0.084145
  24     0.25003    0.088871
  25     0.26012     0.09373
  26     0.27011    0.098633
  27     0.28002     0.10357
  28     0.29002     0.10864
  29     0.30002     0.11379
  30     0.31002     0.11904
  31     0.32011     0.12443
  32     0.33002     0.12981
  33     0.34008     0.13537
  34     0.35003     0.14096
  35     0.36002     0.14668
  36     0.37001     0.15249
  37     0.38007     0.15844
  38     0.39001     0.16443
  39     0.40003     0.17059
  40     0.41004     0.17684
  41     0.42003      0.1832
  42     0.43004     0.18967
  43     0.44006     0.19626
  44     0.45005     0.20295
  45     0.46003     0.20973
  46     0.47002     0.21664
  47     0.48005     0.22369
  48     0.49001     0.23079
  49     0.50005     0.23808
  50     0.51003     0.24545
  51     0.52001     0.25296
  52     0.53002     0.26063
  53     0.54002     0.26844
  54     0.55001     0.27639
  55     0.56003      0.2845
  56      0.5701     0.29281
  57     0.58009     0.30121
  58     0.59003     0.30971
  59     0.60003     0.31843
  60     0.61002      0.3273
  61     0.62009     0.33641
  62        0.63     0.34555
  63     0.64004     0.35499
  64     0.65002     0.36457
  65     0.66001     0.37435
  66     0.67005     0.38438
  67     0.68003     0.39456
  68     0.69007     0.40498
  69     0.70008     0.41558
  70     0.71001     0.42632
  71     0.72002     0.43738
  72     0.73002     0.44865
  73     0.74001     0.46014
  74     0.75006     0.47197
  75     0.76002     0.48395
  76     0.77002     0.49626
  77     0.78003     0.50887
  78      0.7901     0.52189
  79     0.80003     0.53508
  80      0.8101     0.54879
  81     0.82001     0.56266
  82     0.83002     0.57714
  83     0.84006     0.59209
  84     0.85001     0.60735
  85     0.86002     0.62318
  86        0.87      0.6395
  87     0.88002     0.65652
  88     0.89002     0.67429
  89     0.90001     0.69285
  90        0.91     0.71229
  91     0.92002     0.73285
  92     0.93002     0.75453
  93     0.94001     0.77747
  94     0.95001     0.80209
  95     0.96003     0.82871
  96     0.97001     0.85836
  97     0.98012     0.89257
  98        0.99     0.93268
  99           1           1
-----------------------------------------

----------------- PPP$ and local currency --------------
         PPP used in computation: 12.8444
     Data mean in local currency: 4999.97
               Data mean in PPP$: 404.099
        Poverty line in PPP$/Day: 1.9
      Poverty line in PPP$/Month: 57.7917
  Poverty line in local currency: 715.063
-------------------------------------------------------

----------------- Estimation result --------------
     Number of observation: 29848
          Total population: 6.52964E+07
              Total wealth: 2.54181E+10(PPP$)
                   Minimum: 28.9932(PPP$)
                   Maximum: 19292.3(PPP$)
             Headcount(HC): 0.00141821
          Poverty gap (PG): 0.000136715
       Poverty gap squared: 2.62958E-05
                      Gini: 0.394028
                    Median: 295.803
                       MLD: 0.255219
                      Watt: 0.000153203
--------------------------------------------------

-------------------------------- Income or Consumption share by deciles (%) -------------------------------------
     2.7269     3.8851     4.7659     5.6789     6.7476     8.0358     9.7092     11.954      15.78     30.717
-----------------------------------------------------------------------------------------------------------------


