

**********************************************************************************************
**                                   Basic Information                                      **
**********************************************************************************************

----------------- Dataset Information -----------------
                         Country: Thailand
                    Country dode: THA
                       Data Year: 1990
                        Coverage: National
             Welfare measurement: Consumption
                     Data format: Unit record
                     Data source: THA_N1990X
                  Data time span: UnDefined
-------------------------------------------------------


----------- Distribution ------------
   i           P           L 
-------------------------------------
   0    0.010082   0.0014816
   1    0.020122   0.0034742
   2    0.030041   0.0056462
   3    0.041509   0.0083655
   4    0.050253    0.010543
   5    0.060266    0.013138
   6    0.070768    0.015993
   7    0.081398    0.018992
   8    0.090282     0.02157
   9     0.10017    0.024533
  10     0.11074    0.027814
  11     0.12104    0.031098
  12     0.13065    0.034245
  13     0.14086    0.037674
  14     0.15178    0.041422
  15     0.16038    0.044442
  16     0.17116    0.048321
  17     0.18065    0.051808
  18     0.19115     0.05574
  19     0.20015    0.059156
  20     0.21052    0.063163
  21     0.22187    0.067649
  22     0.23165    0.071573
  23     0.24025    0.075077
  24     0.25083    0.079475
  25     0.26038    0.083504
  26     0.27084    0.087985
  27     0.28175    0.092752
  28     0.29017    0.096482
  29     0.30017     0.10096
  30     0.31044     0.10563
  31     0.32053      0.1103
  32     0.33006      0.1148
  33     0.34073     0.11992
  34     0.35215      0.1255
  35     0.36049     0.12963
  36     0.37017     0.13453
  37     0.38018     0.13967
  38      0.3901     0.14486
  39     0.40002     0.15017
  40      0.4104     0.15584
  41     0.42078      0.1616
  42     0.43013     0.16689
  43     0.44055     0.17287
  44     0.45003     0.17838
  45     0.46005      0.1843
  46     0.47049     0.19058
  47     0.48107     0.19705
  48      0.4914     0.20348
  49     0.50048     0.20922
  50     0.51063     0.21577
  51     0.52027     0.22212
  52      0.5303     0.22885
  53     0.54032     0.23569
  54     0.55017     0.24252
  55     0.56008     0.24953
  56     0.57046     0.25703
  57     0.58027     0.26426
  58     0.59017     0.27169
  59     0.60046     0.27955
  60      0.6101     0.28704
  61        0.62     0.29492
  62     0.63088     0.30378
  63     0.64037      0.3117
  64     0.65059     0.32046
  65     0.66018     0.32889
  66     0.67036     0.33802
  67     0.68057     0.34737
  68        0.69     0.35619
  69      0.7001     0.36586
  70     0.71011     0.37569
  71     0.72023     0.38585
  72     0.73014     0.39609
  73     0.74093     0.40763
  74     0.75003     0.41761
  75     0.76003      0.4289
  76     0.77006     0.44055
  77      0.7803     0.45283
  78     0.79011     0.46497
  79      0.8001      0.4777
  80     0.81013     0.49098
  81      0.8202     0.50481
  82     0.83007     0.51884
  83     0.84012     0.53369
  84        0.85     0.54887
  85     0.86005     0.56493
  86     0.87018     0.58182
  87     0.88004     0.59903
  88     0.89006     0.61733
  89     0.90129     0.63886
  90      0.9102     0.65672
  91     0.92007     0.67767
  92     0.93011     0.70057
  93        0.94     0.72514
  94     0.95004     0.75243
  95     0.96004     0.78248
  96     0.97003     0.81599
  97     0.98006     0.85542
  98     0.99002     0.90482
  99           1           1
-----------------------------------------

----------------- PPP$ and local currency --------------
         PPP used in computation: 12.8444
     Data mean in local currency: 1194.98
               Data mean in PPP$: 194.139
        Poverty line in PPP$/Day: 1.9
      Poverty line in PPP$/Month: 57.7917
  Poverty line in local currency: 355.724
-------------------------------------------------------

----------------- Estimation result --------------
     Number of observation: 3857
          Total population: 4.77307E+07
              Total wealth: 4.44062E+09(PPP$)
                   Minimum: 6.61742(PPP$)
                   Maximum: 7332.49(PPP$)
             Headcount(HC): 0.0937393
          Poverty gap (PG): 0.0178407
       Poverty gap squared: 0.00547789
                      Gini: 0.452656
                    Median: 123.791
                       MLD: 0.338347
                      Watt: 0.0217686
--------------------------------------------------

-------------------------------- Income or Consumption share by deciles (%) -------------------------------------
     2.4483     3.4615     4.1789     4.9276     5.8757     7.0274     8.6574     11.181      15.88     36.362
-----------------------------------------------------------------------------------------------------------------


