

**********************************************************************************************
**                                   Basic Information                                      **
**********************************************************************************************

----------------- Dataset Information -----------------
                         Country: Thailand
                    Country dode: THA
                       Data Year: 2006
                        Coverage: National
             Welfare measurement: Consumption
                     Data format: Unit record
                     Data source: THA_N2006X
                  Data time span: UnDefined
-------------------------------------------------------


----------- Distribution ------------
   i           P           L 
-------------------------------------
   0    0.010021   0.0014664
   1    0.020048   0.0034114
   2    0.030016    0.005582
   3    0.040017   0.0079321
   4    0.050082    0.010431
   5    0.060004    0.013032
   6    0.070026    0.015779
   7    0.080044    0.018643
   8    0.090102    0.021625
   9     0.10005    0.024668
  10     0.11002    0.027811
  11     0.12009    0.031074
  12     0.13011    0.034418
  13     0.14006    0.037831
  14     0.15005    0.041338
  15        0.16    0.044919
  16        0.17    0.048613
  17     0.18008    0.052427
  18     0.19005    0.056294
  19     0.20005    0.060268
  20        0.21    0.064317
  21     0.22005    0.068491
  22     0.23007    0.072737
  23     0.24001    0.077032
  24     0.25001    0.081439
  25     0.26002    0.085947
  26     0.27008    0.090568
  27     0.28001    0.095225
  28     0.29002     0.10001
  29     0.30002     0.10487
  30     0.31005     0.10985
  31     0.32004     0.11489
  32        0.33     0.12001
  33     0.34002     0.12526
  34     0.35004     0.13062
  35     0.36005     0.13608
  36     0.37002     0.14162
  37     0.38001     0.14727
  38     0.39003     0.15304
  39     0.40001     0.15889
  40        0.41     0.16484
  41     0.42001     0.17092
  42     0.43001     0.17711
  43     0.44005     0.18346
  44     0.45001     0.18987
  45     0.46003     0.19642
  46     0.47002     0.20306
  47        0.48     0.20984
  48     0.49001     0.21676
  49     0.50009     0.22387
  50        0.51     0.23098
  51     0.52003     0.23831
  52     0.53001     0.24573
  53        0.54      0.2533
  54     0.55008     0.26109
  55     0.56001      0.2689
  56     0.57002     0.27692
  57     0.58004     0.28511
  58     0.59005     0.29344
  59         0.6      0.3019
  60     0.61002     0.31057
  61     0.62001      0.3194
  62     0.63004     0.32841
  63        0.64     0.33754
  64     0.65002      0.3469
  65     0.66004     0.35648
  66     0.67001      0.3662
  67     0.68001     0.37615
  68     0.69009     0.38639
  69         0.7     0.39669
  70     0.71002     0.40731
  71     0.72005     0.41817
  72        0.73     0.42922
  73     0.74003     0.44064
  74     0.75001     0.45231
  75     0.76002     0.46431
  76     0.77003      0.4766
  77     0.78001     0.48918
  78        0.79     0.50213
  79     0.80006     0.51553
  80     0.81001     0.52915
  81     0.82003     0.54326
  82     0.83002     0.55773
  83     0.84006     0.57275
  84     0.85001     0.58819
  85     0.86002     0.60427
  86     0.87001     0.62091
  87     0.88001     0.63818
  88     0.89003     0.65626
  89     0.90009     0.67528
  90        0.91     0.69498
  91     0.92001     0.71594
  92     0.93005     0.73833
  93        0.94       0.762
  94     0.95001     0.78764
  95        0.96     0.81563
  96     0.97001     0.84676
  97     0.98001     0.88228
  98        0.99     0.92593
  99           1           1
-----------------------------------------

----------------- PPP$ and local currency --------------
         PPP used in computation: 12.8444
     Data mean in local currency: 4030.17
               Data mean in PPP$: 359.657
        Poverty line in PPP$/Day: 1.9
      Poverty line in PPP$/Month: 57.7917
  Poverty line in local currency: 647.588
-------------------------------------------------------

----------------- Estimation result --------------
     Number of observation: 41313
          Total population: 6.19158E+07
              Total wealth: 1.94273E+10(PPP$)
                   Minimum: 15.8046(PPP$)
                   Maximum: 9808.49(PPP$)
             Headcount(HC): 0.00691253
          Poverty gap (PG): 0.00109859
       Poverty gap squared: 0.00027051
                      Gini: 0.41819
                    Median: 255.647
                       MLD: 0.290174
                      Watt: 0.00127568
--------------------------------------------------

-------------------------------- Income or Consumption share by deciles (%) -------------------------------------
     2.4654     3.5594     4.4616     5.4016     6.4922     7.8094     9.4787     11.877     15.966     32.489
-----------------------------------------------------------------------------------------------------------------


