

**********************************************************************************************
**                                   Basic Information                                      **
**********************************************************************************************

----------------- Dataset Information -----------------
                         Country: Thailand
                    Country dode: THA
                       Data Year: 2008
                        Coverage: National
             Welfare measurement: Consumption
                     Data format: Unit record
                     Data source: THA_N2008X
                  Data time span: UnDefined
-------------------------------------------------------


----------- Distribution ------------
   i           P           L 
-------------------------------------
   0    0.010008   0.0017441
   1    0.020021   0.0039317
   2    0.030046   0.0063467
   3    0.040003   0.0089152
   4    0.050064    0.011659
   5     0.06002    0.014493
   6    0.070017     0.01744
   7    0.080003    0.020482
   8    0.090008    0.023633
   9     0.10002    0.026876
  10     0.11004    0.030212
  11     0.12006    0.033639
  12     0.13001    0.037142
  13     0.14001    0.040755
  14     0.15001     0.04446
  15     0.16003    0.048253
  16        0.17    0.052107
  17        0.18     0.05605
  18        0.19    0.060085
  19     0.20005    0.064231
  20     0.21001    0.068425
  21     0.22002    0.072725
  22     0.23004    0.077118
  23     0.24002    0.081569
  24     0.25001    0.086114
  25     0.26003     0.09076
  26        0.27    0.095464
  27        0.28     0.10027
  28     0.29005     0.10519
  29     0.30001     0.11017
  30        0.31     0.11525
  31        0.32     0.12045
  32     0.33006     0.12576
  33     0.34006     0.13114
  34        0.35     0.13659
  35     0.36002     0.14219
  36     0.37004     0.14788
  37     0.38001     0.15365
  38     0.39001     0.15954
  39     0.40001     0.16556
  40     0.41002     0.17169
  41     0.42005     0.17794
  42     0.43001     0.18425
  43     0.44003     0.19071
  44     0.45001     0.19727
  45     0.46001     0.20396
  46        0.47     0.21076
  47     0.48005     0.21773
  48      0.4901     0.22483
  49     0.50002     0.23197
  50     0.51002     0.23929
  51     0.52011      0.2468
  52     0.53001      0.2543
  53     0.54003     0.26204
  54        0.55     0.26988
  55     0.56005     0.27793
  56     0.57002     0.28607
  57     0.58001     0.29438
  58     0.59005      0.3029
  59         0.6     0.31151
  60     0.61001     0.32034
  61     0.62001     0.32931
  62     0.63005     0.33851
  63     0.64001      0.3478
  64        0.65     0.35732
  65        0.66     0.36703
  66        0.67     0.37694
  67     0.68003      0.3871
  68     0.69002     0.39743
  69     0.70001       0.408
  70     0.71012     0.41891
  71     0.72003     0.42985
  72     0.73007     0.44122
  73     0.74001     0.45271
  74     0.75002     0.46459
  75        0.76      0.4767
  76     0.77004     0.48917
  77     0.78005     0.50191
  78        0.79      0.5149
  79     0.80001     0.52832
  80     0.81003      0.5421
  81     0.82002     0.55622
  82        0.83     0.57075
  83     0.84002     0.58584
  84     0.85001     0.60142
  85     0.86003     0.61762
  86     0.87015      0.6346
  87     0.88002     0.65178
  88     0.89003     0.66989
  89     0.90003     0.68871
  90     0.91004     0.70836
  91     0.92004     0.72894
  92     0.93004     0.75067
  93     0.94003     0.77375
  94     0.95001      0.7984
  95        0.96     0.82516
  96     0.97004     0.85482
  97     0.98003     0.88848
  98        0.99     0.92928
  99           1           1
-----------------------------------------

----------------- PPP$ and local currency --------------
         PPP used in computation: 12.8444
     Data mean in local currency: 4576.08
               Data mean in PPP$: 378.713
        Poverty line in PPP$/Day: 1.9
      Poverty line in PPP$/Month: 57.7917
  Poverty line in local currency: 698.312
-------------------------------------------------------

----------------- Estimation result --------------
     Number of observation: 42529
          Total population: 6.34E+07
              Total wealth: 2.25876E+10(PPP$)
                   Minimum: 25.8537(PPP$)
                   Maximum: 28943.2(PPP$)
             Headcount(HC): 0.00149848
          Poverty gap (PG): 0.000210881
       Poverty gap squared: 4.80763E-05
                      Gini: 0.402883
                    Median: 274.57
                       MLD: 0.267046
                      Watt: 0.000241221
--------------------------------------------------

-------------------------------- Income or Consumption share by deciles (%) -------------------------------------
     2.6869      3.734      4.595     5.5392     6.6402     7.9555      9.648     12.032     16.035     31.134
-----------------------------------------------------------------------------------------------------------------


