

**********************************************************************************************
**                                   Basic Information                                      **
**********************************************************************************************

----------------- Dataset Information -----------------
                         Country: Thailand
                    Country dode: THA
                       Data Year: 1992
                        Coverage: National
             Welfare measurement: Consumption
                     Data format: Unit record
                     Data source: THA_N1992X
                  Data time span: UnDefined
-------------------------------------------------------


----------- Distribution ------------
   i           P           L 
-------------------------------------
   0     0.01032   0.0014628
   1    0.020464    0.003307
   2    0.030201   0.0052867
   3     0.04112   0.0076722
   4    0.050103   0.0097187
   5    0.062378    0.012636
   6    0.070166    0.014555
   7    0.080084    0.017086
   8    0.090498    0.019846
   9     0.10189    0.022988
  10     0.11033    0.025375
  11     0.12035    0.028266
  12      0.1301    0.031149
  13     0.14078    0.034397
  14     0.15176    0.037835
  15     0.16077    0.040715
  16     0.17024    0.043802
  17     0.18055    0.047217
  18     0.19074    0.050662
  19     0.20111    0.054235
  20     0.21085    0.057652
  21     0.22145    0.061446
  22     0.23012    0.064605
  23     0.24047    0.068464
  24     0.25053    0.072291
  25     0.26001    0.075968
  26       0.271    0.080318
  27     0.28096    0.084352
  28     0.29013    0.088129
  29     0.30106    0.092727
  30     0.31019    0.096629
  31     0.32042     0.10108
  32     0.33078     0.10566
  33     0.34074     0.11015
  34     0.35047     0.11463
  35     0.36042     0.11927
  36     0.37072     0.12415
  37     0.38016     0.12869
  38     0.39018      0.1336
  39     0.40027     0.13865
  40     0.41025     0.14373
  41     0.42009     0.14884
  42     0.43003     0.15409
  43      0.4406     0.15979
  44     0.45021     0.16507
  45     0.46045     0.17082
  46     0.47009     0.17632
  47     0.48075     0.18253
  48     0.49033      0.1882
  49     0.50055     0.19436
  50     0.51025     0.20033
  51     0.52009     0.20649
  52     0.53012     0.21288
  53     0.54023     0.21946
  54     0.55028     0.22614
  55     0.56027     0.23293
  56     0.57016      0.2398
  57     0.58021     0.24692
  58     0.59006     0.25406
  59      0.6004     0.26171
  60     0.61022     0.26915
  61     0.62002     0.27674
  62     0.63026     0.28487
  63     0.64036     0.29304
  64     0.65013     0.30114
  65     0.66006     0.30954
  66     0.67001     0.31816
  67     0.68007      0.3271
  68     0.69007     0.33622
  69     0.70014     0.34562
  70     0.71005     0.35515
  71     0.72026     0.36525
  72     0.73014     0.37533
  73      0.7401     0.38582
  74      0.7501     0.39671
  75     0.76004     0.40782
  76     0.77001     0.41925
  77     0.78008     0.43118
  78     0.79002     0.44337
  79     0.80025     0.45636
  80     0.81008     0.46915
  81     0.82025     0.48283
  82     0.83001     0.49646
  83     0.84005     0.51102
  84     0.85009     0.52619
  85     0.86022     0.54213
  86     0.87017     0.55858
  87     0.88001     0.57576
  88     0.89018     0.59441
  89     0.90002     0.61354
  90     0.91007     0.63454
  91     0.92008     0.65693
  92     0.93008     0.68093
  93     0.94002     0.70669
  94     0.95006     0.73504
  95     0.96003     0.76642
  96     0.97034     0.80342
  97     0.98014     0.84535
  98     0.99003     0.89852
  99           1           1
-----------------------------------------

----------------- PPP$ and local currency --------------
         PPP used in computation: 12.8444
     Data mean in local currency: 1583.48
               Data mean in PPP$: 233.687
        Poverty line in PPP$/Day: 1.9
      Poverty line in PPP$/Month: 57.7917
  Poverty line in local currency: 391.6
-------------------------------------------------------

----------------- Estimation result --------------
     Number of observation: 4763
          Total population: 4.58794E+07
              Total wealth: 5.65609E+09(PPP$)
                   Minimum: 10.6657(PPP$)
                   Maximum: 7231.12(PPP$)
             Headcount(HC): 0.0664966
          Poverty gap (PG): 0.0113399
       Poverty gap squared: 0.00322559
                      Gini: 0.47858
                    Median: 142.555
                       MLD: 0.380637
                      Watt: 0.0135689
--------------------------------------------------

-------------------------------- Income or Consumption share by deciles (%) -------------------------------------
     2.2467     3.1386     3.8429     4.6231     5.5521     6.7381     8.4081     11.054     15.747     38.649
-----------------------------------------------------------------------------------------------------------------


