

**********************************************************************************************
**                                   Basic Information                                      **
**********************************************************************************************

----------------- Dataset Information -----------------
                         Country: Thailand
                    Country dode: THA
                       Data Year: 2004
                        Coverage: National
             Welfare measurement: Consumption
                     Data format: Unit record
                     Data source: THA_N2004X
                  Data time span: UnDefined
-------------------------------------------------------


----------- Distribution ------------
   i           P           L 
-------------------------------------
   0    0.010014   0.0015943
   1    0.020044   0.0036527
   2    0.030084   0.0059221
   3    0.040097    0.008351
   4    0.050025     0.01089
   5    0.060205    0.013603
   6    0.070017    0.016342
   7    0.080038    0.019238
   8     0.09013    0.022252
   9     0.10004    0.025321
  10     0.11003    0.028524
  11     0.12001    0.031804
  12     0.13003    0.035177
  13     0.14006    0.038653
  14      0.1501    0.042212
  15        0.16    0.045802
  16     0.17011    0.049541
  17     0.18014    0.053335
  18        0.19    0.057141
  19     0.20005    0.061094
  20     0.21003    0.065101
  21     0.22007    0.069222
  22     0.23004    0.073405
  23      0.2401    0.077714
  24     0.25012    0.082106
  25     0.26012    0.086574
  26     0.27007    0.091107
  27     0.28005    0.095734
  28        0.29     0.10044
  29         0.3     0.10526
  30     0.31004      0.1102
  31     0.32003     0.11521
  32        0.33     0.12029
  33     0.34001     0.12548
  34     0.35003     0.13077
  35     0.36002     0.13614
  36     0.37004     0.14161
  37     0.38002     0.14717
  38     0.39006     0.15285
  39         0.4     0.15856
  40        0.41     0.16441
  41     0.42011     0.17043
  42     0.43004     0.17647
  43     0.44004     0.18265
  44     0.45002     0.18892
  45     0.46002     0.19532
  46     0.47014     0.20192
  47     0.48004     0.20852
  48        0.49     0.21528
  49      0.5002     0.22231
  50     0.51004     0.22923
  51     0.52004     0.23639
  52     0.53001     0.24364
  53     0.54003     0.25107
  54     0.55017     0.25874
  55     0.56002      0.2663
  56     0.57011     0.27419
  57     0.58004     0.28211
  58     0.59005     0.29025
  59     0.60001     0.29854
  60     0.61009     0.30709
  61     0.62003      0.3157
  62     0.63003     0.32454
  63     0.64005      0.3336
  64     0.65001     0.34277
  65     0.66005     0.35221
  66     0.67014      0.3619
  67        0.68     0.37156
  68     0.69001     0.38154
  69     0.70004     0.39177
  70     0.71009      0.4022
  71     0.72001     0.41272
  72     0.73003     0.42359
  73        0.74     0.43464
  74     0.75002     0.44599
  75     0.76002     0.45762
  76     0.77003     0.46958
  77     0.78004     0.48187
  78     0.79005     0.49446
  79         0.8     0.50734
  80     0.81005     0.52073
  81     0.82001     0.53443
  82        0.83     0.54856
  83     0.84004     0.56316
  84     0.85003     0.57818
  85        0.86     0.59364
  86        0.87     0.60974
  87     0.88004     0.62654
  88     0.89001     0.64385
  89     0.90003     0.66215
  90     0.91001     0.68138
  91     0.92004      0.7017
  92     0.93003     0.72328
  93        0.94     0.74645
  94        0.95     0.77156
  95     0.96006     0.79958
  96     0.97001     0.83125
  97     0.98001     0.86874
  98     0.99001     0.91609
  99           1           1
-----------------------------------------

----------------- PPP$ and local currency --------------
         PPP used in computation: 12.8444
     Data mean in local currency: 3286.9
               Data mean in PPP$: 320.866
        Poverty line in PPP$/Day: 1.9
      Poverty line in PPP$/Month: 57.7917
  Poverty line in local currency: 592.008
-------------------------------------------------------

----------------- Estimation result --------------
     Number of observation: 23676
          Total population: 6.09472E+07
              Total wealth: 1.55965E+10(PPP$)
                   Minimum: 20.7484(PPP$)
                   Maximum: 11114.1(PPP$)
             Headcount(HC): 0.00751741
          Poverty gap (PG): 0.00124516
       Poverty gap squared: 0.000363215
                      Gini: 0.425403
                    Median: 223.578
                       MLD: 0.299471
                      Watt: 0.00149318
--------------------------------------------------

-------------------------------- Income or Consumption share by deciles (%) -------------------------------------
     2.5308     3.5767     4.4187     5.3298     6.3619     7.6347       9.32     11.561     15.477      33.79
-----------------------------------------------------------------------------------------------------------------


