

**********************************************************************************************
**                                   Basic Information                                      **
**********************************************************************************************

----------------- Dataset Information -----------------
                         Country: Thailand
                    Country dode: THA
                       Data Year: 1994
                        Coverage: National
             Welfare measurement: Consumption
                     Data format: Unit record
                     Data source: THA_N1994X
                  Data time span: UnDefined
-------------------------------------------------------


----------- Distribution ------------
   i           P           L 
-------------------------------------
   0    0.010112   0.0016224
   1    0.020138   0.0036353
   2    0.030118   0.0058544
   3    0.040148    0.008267
   4    0.050324    0.010883
   5    0.060117    0.013513
   6    0.070338    0.016374
   7    0.080314    0.019295
   8      0.0902    0.022279
   9     0.10099     0.02565
  10     0.11034    0.028668
  11     0.12077    0.032123
  12     0.13042    0.035397
  13     0.14036    0.038861
  14     0.15017    0.042359
  15     0.16026    0.046038
  16     0.17075     0.04996
  17     0.18078    0.053792
  18     0.19001    0.057381
  19     0.20045    0.061516
  20     0.21037    0.065526
  21     0.22097    0.069893
  22     0.23021    0.073775
  23     0.24011    0.077998
  24     0.25048    0.082501
  25      0.2602    0.086786
  26     0.27029    0.091316
  27     0.28017    0.095832
  28     0.29277     0.10171
  29     0.30026     0.10526
  30     0.31065     0.11027
  31     0.32015     0.11491
  32     0.33025     0.11994
  33     0.34001     0.12489
  34     0.35063     0.13037
  35     0.36035     0.13546
  36     0.37006     0.14063
  37     0.38061     0.14635
  38     0.39006     0.15155
  39     0.40053     0.15741
  40     0.41019      0.1629
  41     0.42037     0.16878
  42     0.43037     0.17467
  43     0.44015     0.18054
  44      0.4501     0.18662
  45     0.46017     0.19287
  46     0.47049     0.19937
  47     0.48068     0.20592
  48     0.49047     0.21231
  49     0.50007     0.21868
  50     0.51039     0.22566
  51     0.52021     0.23244
  52     0.53007     0.23936
  53     0.54032     0.24669
  54     0.55013     0.25382
  55     0.56058     0.26157
  56     0.57006     0.26872
  57      0.5805      0.2768
  58     0.59019     0.28444
  59      0.6001      0.2924
  60      0.6101      0.3006
  61     0.62019     0.30905
  62     0.63002     0.31747
  63     0.64003     0.32625
  64     0.65029     0.33544
  65     0.66017     0.34446
  66     0.67005     0.35363
  67     0.68019     0.36328
  68     0.69012     0.37294
  69     0.70023     0.38301
  70     0.71031     0.39326
  71     0.72012     0.40345
  72     0.73017     0.41413
  73     0.74016     0.42499
  74     0.75018     0.43619
  75     0.76002     0.44745
  76     0.77011     0.45929
  77     0.78006     0.47126
  78     0.79018     0.48381
  79      0.8001     0.49645
  80     0.81004      0.5095
  81     0.82014     0.52317
  82     0.83008      0.5371
  83     0.84017     0.55176
  84     0.85001     0.56653
  85     0.86001     0.58205
  86     0.87012     0.59842
  87     0.88016      0.6154
  88     0.89012     0.63295
  89     0.90009     0.65127
  90     0.91002     0.67049
  91     0.92001     0.69104
  92     0.93001     0.71283
  93     0.94003     0.73625
  94     0.95007      0.7619
  95     0.96002     0.79001
  96     0.97003     0.82191
  97     0.98003      0.8595
  98        0.99       0.907
  99           1           1
-----------------------------------------

----------------- PPP$ and local currency --------------
         PPP used in computation: 12.8444
     Data mean in local currency: 1806.8
               Data mean in PPP$: 245.694
        Poverty line in PPP$/Day: 1.9
      Poverty line in PPP$/Month: 57.7917
  Poverty line in local currency: 424.992
-------------------------------------------------------

----------------- Estimation result --------------
     Number of observation: 5955
          Total population: 5.11368E+07
              Total wealth: 7.19334E+09(PPP$)
                   Minimum: 9.57579(PPP$)
                   Maximum: 13094.5(PPP$)
             Headcount(HC): 0.0321564
          Poverty gap (PG): 0.0052478
       Poverty gap squared: 0.00136594
                      Gini: 0.434702
                    Median: 164.397
                       MLD: 0.312415
                      Watt: 0.00615325
--------------------------------------------------

-------------------------------- Income or Consumption share by deciles (%) -------------------------------------
     2.5341     3.5998     4.3801     5.1971     6.1523     7.3686     9.0458     11.354      15.48     34.889
-----------------------------------------------------------------------------------------------------------------


