

**********************************************************************************************
**                                   Basic Information                                      **
**********************************************************************************************

----------------- Dataset Information -----------------
                         Country: Thailand
                    Country dode: THA
                       Data Year: 2000
                        Coverage: National
             Welfare measurement: Consumption
                     Data format: Unit record
                     Data source: THA_N2000X
                  Data time span: UnDefined
-------------------------------------------------------


----------- Distribution ------------
   i           P           L 
-------------------------------------
   0    0.010075   0.0016553
   1    0.020206   0.0037332
   2    0.030095   0.0059991
   3    0.040005   0.0084254
   4    0.050077    0.011022
   5    0.060034    0.013706
   6     0.07004    0.016522
   7    0.080018    0.019435
   8    0.090013    0.022459
   9     0.10007    0.025601
  10     0.11002    0.028808
  11     0.12018    0.032176
  12     0.13005    0.035543
  13     0.14023    0.039095
  14     0.15022    0.042655
  15     0.16036    0.046349
  16     0.17007    0.049963
  17        0.18     0.05373
  18     0.19001    0.057597
  19     0.20005    0.061556
  20     0.21003    0.065572
  21     0.22021    0.069757
  22     0.23012    0.073902
  23     0.24024     0.07821
  24        0.25    0.082435
  25     0.26004    0.086852
  26     0.27001    0.091314
  27     0.28001    0.095869
  28     0.29008     0.10056
  29     0.30002     0.10526
  30     0.31002     0.11007
  31     0.32004     0.11499
  32     0.33011     0.12002
  33     0.34011     0.12511
  34     0.35012     0.13029
  35     0.36015     0.13559
  36        0.37     0.14087
  37     0.38024     0.14647
  38     0.39009     0.15194
  39     0.40001     0.15754
  40     0.41003      0.1633
  41     0.42005     0.16916
  42     0.43001      0.1751
  43     0.44001     0.18116
  44     0.45006     0.18738
  45     0.46002     0.19364
  46     0.47003     0.20004
  47     0.48012     0.20658
  48     0.49008     0.21316
  49     0.50003     0.21984
  50     0.51001     0.22667
  51      0.5201     0.23368
  52        0.53     0.24067
  53      0.5401     0.24794
  54     0.55003     0.25522
  55     0.56008     0.26273
  56     0.57001     0.27028
  57     0.58017     0.27815
  58     0.59003     0.28595
  59     0.60012     0.29409
  60     0.61007     0.30227
  61     0.62001     0.31063
  62     0.63005     0.31921
  63     0.64006     0.32797
  64     0.65011     0.33696
  65     0.66002     0.34603
  66        0.67     0.35543
  67     0.68001      0.3651
  68     0.69004     0.37504
  69     0.70003     0.38517
  70     0.71004      0.3956
  71     0.72001     0.40625
  72     0.73011     0.41734
  73     0.74004     0.42849
  74     0.75001        0.44
  75      0.7601     0.45193
  76     0.77003     0.46402
  77      0.7801     0.47667
  78     0.79005     0.48948
  79     0.80007     0.50276
  80        0.81     0.51632
  81     0.82003     0.53045
  82     0.83001     0.54496
  83     0.84004     0.56004
  84     0.85002     0.57558
  85     0.86005     0.59173
  86     0.87008     0.60852
  87     0.88001      0.6258
  88     0.89004     0.64407
  89     0.90001     0.66314
  90        0.91     0.68313
  91        0.92     0.70427
  92     0.93004     0.72689
  93        0.94     0.75113
  94     0.95007     0.77757
  95        0.96     0.80608
  96      0.9702     0.83849
  97     0.98004     0.87387
  98     0.99004     0.91866
  99           1           1
-----------------------------------------

----------------- PPP$ and local currency --------------
         PPP used in computation: 12.8444
     Data mean in local currency: 2406.4
               Data mean in PPP$: 251.489
        Poverty line in PPP$/Day: 1.9
      Poverty line in PPP$/Month: 57.7917
  Poverty line in local currency: 552.986
-------------------------------------------------------

----------------- Estimation result --------------
     Number of observation: 17788
          Total population: 5.98569E+07
              Total wealth: 1.12142E+10(PPP$)
                   Minimum: 16.8634(PPP$)
                   Maximum: 7184.31(PPP$)
             Headcount(HC): 0.0254812
          Poverty gap (PG): 0.00406798
       Poverty gap squared: 0.00104938
                      Gini: 0.428337
                    Median: 170.418
                       MLD: 0.301708
                      Watt: 0.00476071
--------------------------------------------------

-------------------------------- Income or Consumption share by deciles (%) -------------------------------------
     2.5578     3.5959     4.3714     5.2282     6.2292     7.4162     9.1157     11.752     16.045     33.688
-----------------------------------------------------------------------------------------------------------------


