

**********************************************************************************************
**                                   Basic Information                                      **
**********************************************************************************************

----------------- Dataset Information -----------------
                         Country: Thailand
                    Country dode: THA
                       Data Year: 1996
                        Coverage: National
             Welfare measurement: Consumption
                     Data format: Unit record
                     Data source: THA_N1996X
                  Data time span: UnDefined
-------------------------------------------------------


----------- Distribution ------------
   i           P           L 
-------------------------------------
   0    0.010066    0.001617
   1    0.020301   0.0036702
   2    0.030529   0.0059697
   3        0.04   0.0082833
   4    0.050278    0.010958
   5    0.060585    0.013784
   6    0.070134    0.016512
   7    0.080482    0.019577
   8    0.090098    0.022525
   9     0.10045      0.0258
  10     0.11053    0.029075
  11      0.1202    0.032298
  12     0.13019    0.035717
  13     0.14041    0.039296
  14     0.15042    0.042888
  15     0.16013    0.046452
  16     0.17024    0.050253
  17     0.18041    0.054164
  18     0.19018    0.057993
  19     0.20004    0.061935
  20     0.21005    0.066015
  21     0.22033    0.070285
  22     0.23041    0.074556
  23     0.24022    0.078791
  24     0.25021     0.08319
  25     0.26013    0.087641
  26     0.27073    0.092493
  27     0.28023    0.096931
  28     0.29042     0.10178
  29     0.30043     0.10661
  30     0.31031     0.11146
  31     0.32031     0.11646
  32      0.3303     0.12155
  33     0.34018     0.12668
  34     0.35035     0.13203
  35     0.36056     0.13749
  36     0.37008     0.14265
  37     0.38029      0.1483
  38     0.39001     0.15378
  39     0.40041     0.15973
  40     0.41036     0.16551
  41     0.42052     0.17152
  42     0.43025     0.17735
  43     0.44005     0.18332
  44     0.45037      0.1897
  45     0.46013     0.19584
  46     0.47026     0.20232
  47     0.48012     0.20874
  48     0.49015     0.21538
  49     0.50003     0.22201
  50     0.51004     0.22886
  51     0.52036     0.23604
  52     0.53015     0.24297
  53      0.5404     0.25035
  54     0.55055     0.25779
  55     0.56009     0.26491
  56     0.57037     0.27273
  57      0.5803     0.28041
  58     0.59009     0.28812
  59     0.60022     0.29625
  60      0.6104     0.30459
  61     0.62017     0.31276
  62     0.63015     0.32128
  63      0.6404     0.33021
  64     0.65012     0.33887
  65     0.66001     0.34785
  66      0.6701     0.35722
  67     0.68006     0.36671
  68     0.69021     0.37663
  69     0.70002     0.38644
  70     0.71001     0.39664
  71     0.72012     0.40719
  72     0.73007      0.4178
  73     0.74002     0.42866
  74     0.75008     0.43994
  75     0.76027     0.45166
  76     0.77001     0.46313
  77     0.78003     0.47526
  78     0.79002     0.48771
  79     0.80016     0.50073
  80     0.81013     0.51395
  81     0.82003     0.52751
  82     0.83002     0.54165
  83     0.84001     0.55632
  84     0.85012     0.57173
  85     0.86009     0.58744
  86     0.87004     0.60369
  87     0.88003      0.6207
  88     0.89003     0.63858
  89     0.90005     0.65732
  90     0.91001     0.67684
  91     0.92001     0.69744
  92     0.93006     0.71942
  93        0.94     0.74256
  94     0.95018     0.76831
  95     0.96013      0.7962
  96     0.97001     0.82738
  97        0.98     0.86482
  98     0.99001     0.91308
  99           1           1
-----------------------------------------

----------------- PPP$ and local currency --------------
         PPP used in computation: 12.8444
     Data mean in local currency: 2196.57
               Data mean in PPP$: 266.785
        Poverty line in PPP$/Day: 1.9
      Poverty line in PPP$/Month: 57.7917
  Poverty line in local currency: 475.825
-------------------------------------------------------

----------------- Estimation result --------------
     Number of observation: 6701
          Total population: 5.5261E+07
              Total wealth: 9.45039E+09(PPP$)
                   Minimum: 16.5825(PPP$)
                   Maximum: 18433.5(PPP$)
             Headcount(HC): 0.0224752
          Poverty gap (PG): 0.0033853
       Poverty gap squared: 0.000837284
                      Gini: 0.429049
                    Median: 180.719
                       MLD: 0.30378
                      Watt: 0.00393148
--------------------------------------------------

-------------------------------- Income or Consumption share by deciles (%) -------------------------------------
     2.5656     3.6264     4.4486     5.3087     6.2505     7.4075     9.0343     11.411      15.67     34.277
-----------------------------------------------------------------------------------------------------------------


