

**********************************************************************************************
**                                   Basic Information                                      **
**********************************************************************************************

----------------- Dataset Information -----------------
                         Country: Thailand
                    Country dode: THA
                       Data Year: 2011
                        Coverage: National
             Welfare measurement: Consumption
                     Data format: Unit record
                     Data source: THA_N2011X
                  Data time span: UnDefined
-------------------------------------------------------


----------- Distribution ------------
   i           P           L 
-------------------------------------
   0     0.01003    0.001937
   1    0.020033   0.0043592
   2    0.030137   0.0071012
   3    0.040001   0.0099744
   4    0.050049    0.013063
   5     0.06007    0.016279
   6    0.070005    0.019591
   7    0.080012    0.023035
   8    0.090002    0.026585
   9     0.10002    0.030256
  10     0.11001    0.034017
  11        0.12    0.037896
  12     0.13001    0.041871
  13     0.14009    0.045964
  14        0.15    0.050081
  15     0.16002    0.054341
  16        0.17     0.05868
  17     0.18004    0.063129
  18     0.19001     0.06763
  19     0.20001    0.072239
  20        0.21    0.076928
  21     0.22008    0.081742
  22     0.23003    0.086577
  23     0.24005    0.091533
  24     0.25002    0.096552
  25     0.26006      0.1017
  26     0.27001     0.10687
  27     0.28001     0.11217
  28     0.29006     0.11758
  29     0.30004     0.12303
  30     0.31003     0.12858
  31     0.32001     0.13421
  32     0.33004     0.13997
  33        0.34     0.14578
  34        0.35     0.15169
  35     0.36001     0.15771
  36     0.37001     0.16382
  37        0.38     0.17003
  38        0.39     0.17634
  39         0.4     0.18274
  40        0.41     0.18923
  41     0.42006     0.19587
  42        0.43     0.20253
  43     0.44007     0.20938
  44     0.45001     0.21624
  45     0.46001     0.22325
  46     0.47005      0.2304
  47     0.48001     0.23761
  48     0.49003     0.24497
  49     0.50004     0.25245
  50        0.51     0.26001
  51     0.52006     0.26776
  52     0.53001     0.27556
  53     0.54001     0.28351
  54     0.55011     0.29168
  55      0.5601     0.29989
  56     0.57007     0.30823
  57        0.58     0.31667
  58     0.59003     0.32533
  59     0.60002      0.3341
  60     0.61001     0.34303
  61     0.62002     0.35212
  62     0.63001     0.36136
  63        0.64     0.37077
  64      0.6501     0.38043
  65     0.66003     0.39013
  66     0.67002     0.40004
  67     0.68002     0.41014
  68     0.69003     0.42045
  69     0.70002     0.43092
  70     0.71001     0.44158
  71      0.7201     0.45257
  72     0.73001     0.46356
  73     0.74005     0.47497
  74     0.75005     0.48656
  75     0.76003     0.49839
  76     0.77005     0.51052
  77      0.7801     0.52298
  78     0.79001     0.53556
  79     0.80004     0.54859
  80     0.81005     0.56193
  81     0.82002     0.57555
  82     0.83001     0.58956
  83        0.84     0.60394
  84     0.85001     0.61872
  85     0.86005     0.63404
  86        0.87     0.64975
  87     0.88004     0.66616
  88     0.89001     0.68319
  89     0.90002     0.70103
  90     0.91007     0.71972
  91     0.92001      0.7391
  92     0.93001     0.75972
  93     0.94004     0.78157
  94     0.95001       0.805
  95        0.96     0.83066
  96     0.97006     0.85915
  97        0.98     0.89124
  98     0.99001     0.93071
  99           1           1
-----------------------------------------

----------------- PPP$ and local currency --------------
         PPP used in computation: 12.8444
     Data mean in local currency: 5268.29
               Data mean in PPP$: 410.163
        Poverty line in PPP$/Day: 1.9
      Poverty line in PPP$/Month: 57.7917
  Poverty line in local currency: 742.298
-------------------------------------------------------

----------------- Estimation result --------------
     Number of observation: 39925
          Total population: 6.66412E+07
              Total wealth: 2.73338E+10(PPP$)
                   Minimum: 32.9742(PPP$)
                   Maximum: 13985.7(PPP$)
             Headcount(HC): 0.000440672
          Poverty gap (PG): 6.77563E-05
       Poverty gap squared: 1.64258E-05
                      Gini: 0.37459
                    Median: 309.02
                       MLD: 0.229684
                      Watt: 7.82866E-05
--------------------------------------------------

-------------------------------- Income or Consumption share by deciles (%) -------------------------------------
     3.0247     4.1987     5.0774     5.9727     6.9686     8.1658     9.6817     11.764     15.245     29.901
-----------------------------------------------------------------------------------------------------------------


