

**********************************************************************************************
**                                   Basic Information                                      **
**********************************************************************************************

----------------- Dataset Information -----------------
                         Country: Thailand
                    Country dode: THA
                       Data Year: 2013
                        Coverage: National
             Welfare measurement: Consumption
                     Data format: Unit record
                     Data source: THA_N2013X
                  Data time span: UnDefined
-------------------------------------------------------


----------- Distribution ------------
   i           P           L 
-------------------------------------
   0    0.010023   0.0018597
   1    0.020069   0.0041749
   2    0.030017    0.006747
   3    0.040004   0.0094935
   4    0.050004    0.012408
   5    0.060015    0.015468
   6    0.070003    0.018642
   7    0.080038    0.021934
   8    0.090046    0.025329
   9     0.10002    0.028833
  10     0.11004    0.032459
  11     0.12001    0.036165
  12     0.13002    0.039978
  13     0.14005    0.043884
  14     0.15001    0.047863
  15     0.16003    0.051965
  16     0.17006    0.056178
  17        0.18    0.060444
  18     0.19001    0.064827
  19         0.2    0.069302
  20     0.21002    0.073872
  21     0.22006    0.078547
  22     0.23001    0.083267
  23     0.24001    0.088094
  24        0.25     0.09301
  25     0.26002    0.098011
  26     0.27003      0.1031
  27     0.28003     0.10826
  28     0.29001     0.11351
  29     0.30001     0.11883
  30     0.31003     0.12426
  31     0.32004     0.12977
  32      0.3301      0.1354
  33        0.34     0.14102
  34        0.35     0.14679
  35        0.36     0.15267
  36     0.37002     0.15865
  37        0.38     0.16472
  38        0.39      0.1709
  39     0.40001      0.1772
  40     0.41003     0.18362
  41     0.42001     0.19013
  42     0.43001     0.19676
  43     0.44003     0.20351
  44     0.45003     0.21036
  45     0.46005     0.21734
  46        0.47     0.22438
  47     0.48001     0.23157
  48     0.49004     0.23891
  49     0.50005     0.24634
  50     0.51005      0.2539
  51     0.52006     0.26159
  52     0.53002     0.26937
  53     0.54005     0.27735
  54        0.55     0.28542
  55        0.56     0.29367
  56     0.57001     0.30208
  57     0.58001     0.31061
  58     0.59005     0.31932
  59     0.60001     0.32812
  60     0.61007     0.33719
  61     0.62001     0.34632
  62     0.63002     0.35569
  63     0.64004     0.36526
  64     0.65001     0.37499
  65        0.66     0.38493
  66     0.67002     0.39511
  67        0.68     0.40547
  68     0.69005     0.41612
  69     0.70001      0.4269
  70     0.71004     0.43797
  71        0.72      0.4492
  72        0.73     0.46071
  73     0.74002     0.47249
  74     0.75001     0.48447
  75     0.76005     0.49679
  76     0.77002     0.50932
  77     0.78001     0.52216
  78     0.79003     0.53537
  79     0.80001     0.54886
  80     0.81003     0.56273
  81     0.82002     0.57696
  82        0.83     0.59154
  83     0.84001     0.60657
  84        0.85     0.62207
  85     0.86005     0.63818
  86     0.87011     0.65485
  87     0.88003      0.6718
  88     0.89001     0.68944
  89     0.90004     0.70781
  90     0.91002     0.72681
  91     0.92001     0.74677
  92        0.93     0.76774
  93     0.94004     0.79004
  94     0.95003     0.81382
  95     0.96003      0.8395
  96     0.97006     0.86765
  97     0.98006     0.89925
  98        0.99     0.93685
  99           1           1
-----------------------------------------

----------------- PPP$ and local currency --------------
         PPP used in computation: 12.8444
     Data mean in local currency: 6073.46
               Data mean in PPP$: 449.196
        Poverty line in PPP$/Day: 1.9
      Poverty line in PPP$/Month: 57.7917
  Poverty line in local currency: 781.385
-------------------------------------------------------

----------------- Estimation result --------------
     Number of observation: 40606
          Total population: 6.67549E+07
              Total wealth: 3.1565E+10(PPP$)
                   Minimum: 42.7891(PPP$)
                   Maximum: 13692.5(PPP$)
             Headcount(HC): 0.0003922
          Poverty gap (PG): 3.78978E-05
       Poverty gap squared: 6.56098E-06
                      Gini: 0.378471
                    Median: 336.441
                       MLD: 0.234492
                      Watt: 4.17729E-05
--------------------------------------------------

-------------------------------- Income or Consumption share by deciles (%) -------------------------------------
     2.8827     4.0473     4.9527     5.8365     6.9117     8.1807     9.8772     12.195     15.889     29.227
-----------------------------------------------------------------------------------------------------------------


