

**********************************************************************************************
**                                   Basic Information                                      **
**********************************************************************************************

----------------- Dataset Information -----------------
                         Country: Thailand
                    Country dode: THA
                       Data Year: 2002
                        Coverage: National
             Welfare measurement: Consumption
                     Data format: Unit record
                     Data source: THA_N2002X
                  Data time span: UnDefined
-------------------------------------------------------


----------- Distribution ------------
   i           P           L 
-------------------------------------
   0    0.010042   0.0015971
   1    0.020108   0.0037478
   2    0.030013   0.0060913
   3    0.040033   0.0086152
   4    0.050003    0.011257
   5    0.060032    0.014031
   6    0.070031    0.016921
   7    0.080048    0.019929
   8    0.090013    0.023023
   9     0.10004    0.026237
  10     0.11001    0.029526
  11     0.12008    0.032924
  12     0.13001    0.036353
  13     0.14003    0.039901
  14     0.15002    0.043515
  15     0.16003    0.047215
  16        0.17    0.050976
  17     0.18001    0.054828
  18     0.19004    0.058781
  19     0.20007    0.062807
  20     0.21003    0.066889
  21     0.22021    0.071155
  22     0.23002    0.075341
  23     0.24008    0.079726
  24     0.25014    0.084197
  25        0.26    0.088669
  26     0.27008    0.093317
  27     0.28003       0.098
  28     0.29013     0.10285
  29     0.30005     0.10769
  30      0.3101     0.11269
  31     0.32005     0.11773
  32     0.33006     0.12289
  33     0.34003     0.12812
  34     0.35006     0.13347
  35     0.36001     0.13885
  36     0.37005     0.14438
  37     0.38005     0.14997
  38     0.39004     0.15567
  39     0.40004     0.16149
  40     0.41001     0.16741
  41     0.42001     0.17345
  42     0.43004      0.1796
  43     0.44002     0.18583
  44     0.45008     0.19219
  45     0.46011     0.19864
  46     0.47014     0.20519
  47     0.48003     0.21177
  48     0.49001     0.21853
  49     0.50001     0.22545
  50     0.51001     0.23248
  51     0.52003     0.23965
  52     0.53002     0.24694
  53     0.54001     0.25435
  54     0.55006     0.26195
  55     0.56001     0.26961
  56        0.57     0.27743
  57     0.58014     0.28552
  58     0.59002     0.29357
  59     0.60001     0.30187
  60      0.6101     0.31045
  61     0.62001     0.31906
  62        0.63     0.32789
  63     0.64003     0.33692
  64     0.65007     0.34614
  65     0.66001     0.35546
  66     0.67004     0.36506
  67     0.68016     0.37496
  68     0.69003      0.3848
  69     0.70002     0.39497
  70     0.71001     0.40536
  71     0.72005     0.41604
  72     0.73005     0.42696
  73     0.74002     0.43811
  74     0.75009     0.44963
  75     0.76001     0.46126
  76     0.77002     0.47327
  77     0.78007     0.48567
  78        0.79      0.4982
  79     0.80003     0.51127
  80     0.81001     0.52466
  81     0.82004     0.53855
  82     0.83001     0.55281
  83        0.84     0.56754
  84     0.85001     0.58276
  85     0.86004     0.59859
  86     0.87002     0.61496
  87        0.88       0.632
  88     0.89004      0.6498
  89     0.90004      0.6683
  90     0.91009     0.68779
  91        0.92     0.70807
  92     0.93002     0.72989
  93     0.94005     0.75307
  94        0.95     0.77798
  95     0.96002     0.80562
  96     0.97002     0.83652
  97     0.98003     0.87274
  98     0.99003     0.91768
  99           1           1
-----------------------------------------

----------------- PPP$ and local currency --------------
         PPP used in computation: 12.8444
     Data mean in local currency: 2783.98
               Data mean in PPP$: 284.308
        Poverty line in PPP$/Day: 1.9
      Poverty line in PPP$/Month: 57.7917
  Poverty line in local currency: 565.902
-------------------------------------------------------

----------------- Estimation result --------------
     Number of observation: 22770
          Total population: 6.02296E+07
              Total wealth: 1.30546E+10(PPP$)
                   Minimum: 11.7405(PPP$)
                   Maximum: 7078.95(PPP$)
             Headcount(HC): 0.0114398
          Poverty gap (PG): 0.00221182
       Poverty gap squared: 0.000752153
                      Gini: 0.419445
                    Median: 198.289
                       MLD: 0.290174
                      Watt: 0.00278701
--------------------------------------------------

-------------------------------- Income or Consumption share by deciles (%) -------------------------------------
     2.6226     3.6552     4.4891       5.38     6.3974     7.6421     9.3083     11.627     15.701     33.177
-----------------------------------------------------------------------------------------------------------------


