

**********************************************************************************************
**                                   Basic Information                                      **
**********************************************************************************************

----------------- Dataset Information -----------------
                         Country: Tajikistan
                    Country dode: TJK
                       Data Year: 2009
                        Coverage: National
             Welfare measurement: Consumption
                     Data format: Unit record
                     Data source: TJK_N2009X
                  Data time span: UnDefined
-------------------------------------------------------


----------- Distribution ------------
   i           P           L 
-------------------------------------
   0    0.010501   0.0022642
   1    0.020495   0.0048926
   2    0.031465   0.0081648
   3    0.040475    0.011109
   4    0.050089    0.014449
   5    0.060357    0.018138
   6    0.070135    0.021848
   7    0.081022    0.026208
   8    0.090974    0.030328
   9     0.10042    0.034396
  10     0.11001    0.038646
  11     0.12027    0.043294
  12     0.13037    0.047987
  13     0.14019    0.052727
  14      0.1505    0.057794
  15     0.16084     0.06299
  16     0.17076    0.068061
  17     0.18005    0.072899
  18     0.19065    0.078518
  19     0.20126    0.084223
  20     0.21051    0.089256
  21     0.22016    0.094585
  22     0.23104     0.10071
  23     0.24119     0.10655
  24     0.25075      0.1121
  25     0.26064     0.11794
  26     0.27025     0.12369
  27     0.28055     0.12999
  28     0.29091     0.13647
  29     0.30054     0.14256
  30     0.31056     0.14899
  31     0.32072     0.15563
  32     0.33017     0.16188
  33     0.34085     0.16905
  34      0.3503     0.17549
  35      0.3608     0.18277
  36     0.37009      0.1893
  37        0.38     0.19636
  38     0.39029     0.20379
  39     0.40057     0.21129
  40     0.41002     0.21834
  41     0.42057     0.22638
  42     0.43016     0.23382
  43     0.44166     0.24288
  44     0.45006     0.24957
  45     0.46131     0.25868
  46     0.47196     0.26743
  47     0.48019     0.27425
  48     0.49032     0.28269
  49      0.5001     0.29093
  50     0.51033     0.29969
  51     0.52063     0.30864
  52     0.53021     0.31711
  53     0.54129     0.32701
  54     0.55011     0.33497
  55     0.56036     0.34433
  56     0.57044     0.35364
  57     0.58081     0.36337
  58     0.59063     0.37269
  59     0.60005     0.38174
  60     0.61057     0.39197
  61     0.62037     0.40168
  62     0.63025     0.41159
  63     0.64065     0.42214
  64      0.6509     0.43266
  65     0.66022     0.44237
  66     0.67036     0.45314
  67     0.68051     0.46408
  68      0.6901     0.47456
  69     0.70045     0.48611
  70     0.71088     0.49791
  71     0.72097     0.50944
  72     0.73003     0.51999
  73     0.74001     0.53183
  74      0.7505      0.5445
  75     0.76049     0.55671
  76     0.77093     0.56962
  77     0.78065     0.58197
  78     0.79002     0.59411
  79      0.8002     0.60755
  80     0.81032     0.62115
  81      0.8202     0.63473
  82     0.83006     0.64861
  83     0.84013     0.66318
  84     0.85038     0.67839
  85     0.86183     0.69596
  86     0.87009     0.70892
  87     0.88074     0.72618
  88     0.89008     0.74175
  89     0.90052     0.75961
  90     0.91041     0.77691
  91     0.92017     0.79452
  92     0.93025     0.81327
  93      0.9411     0.83438
  94     0.95024     0.85265
  95     0.96041     0.87417
  96     0.97054     0.89716
  97     0.98029     0.92177
  98     0.99034     0.95249
  99           1           1
-----------------------------------------

----------------- PPP$ and local currency --------------
         PPP used in computation: 1.88267
     Data mean in local currency: 258.895
               Data mean in PPP$: 164.535
        Poverty line in PPP$/Day: 1.9
      Poverty line in PPP$/Month: 57.7917
  Poverty line in local currency: 90.9347
-------------------------------------------------------

----------------- Estimation result --------------
     Number of observation: 1503
          Total population: 7.3738E+06
              Total wealth: 1.014E+09(PPP$)
                   Minimum: 23.3301(PPP$)
                   Maximum: 1209.84(PPP$)
             Headcount(HC): 0.0474137
          Poverty gap (PG): 0.00897705
       Poverty gap squared: 0.00257063
                      Gini: 0.30775
                    Median: 139.224
                       MLD: 0.156512
                      Watt: 0.0106899
--------------------------------------------------

-------------------------------- Income or Consumption share by deciles (%) -------------------------------------
     3.4214     4.9331      5.868     6.8649     7.9976     9.0842     10.392     12.168     15.143     24.129
-----------------------------------------------------------------------------------------------------------------


