

**********************************************************************************************
**                                   Basic Information                                      **
**********************************************************************************************

----------------- Dataset Information -----------------
                         Country: Tajikistan
                    Country dode: TJK
                       Data Year: 2007
                        Coverage: National
             Welfare measurement: Consumption
                     Data format: Unit record
                     Data source: TJK_N2007X
                  Data time span: UnDefined
-------------------------------------------------------


----------- Distribution ------------
   i           P           L 
-------------------------------------
   0    0.010059  0.00051455
   1    0.020033   0.0016378
   2    0.030029   0.0032963
   3    0.040279   0.0055133
   4    0.050371   0.0082579
   5    0.060285     0.01122
   6    0.070328    0.014552
   7    0.080012    0.017958
   8    0.090037    0.021728
   9     0.10008    0.025738
  10     0.11059     0.03013
  11     0.12007    0.034248
  12     0.13019    0.038817
  13      0.1402    0.043488
  14     0.15003    0.048231
  15      0.1603    0.053331
  16      0.1702    0.058362
  17     0.18001    0.063487
  18     0.19036    0.069026
  19     0.20004      0.0743
  20     0.21001    0.079837
  21     0.22005    0.085543
  22     0.23012    0.091366
  23     0.24042    0.097429
  24     0.25004     0.10318
  25     0.26016     0.10934
  26     0.27001     0.11544
  27     0.28021     0.12187
  28     0.29001     0.12816
  29      0.3001     0.13474
  30     0.31012     0.14134
  31     0.32004     0.14793
  32     0.33045     0.15495
  33     0.34022     0.16165
  34     0.35024     0.16862
  35     0.36044     0.17579
  36     0.37028      0.1828
  37     0.38002     0.18984
  38     0.39001     0.19715
  39     0.40016     0.20469
  40     0.41012     0.21219
  41        0.42     0.21971
  42      0.4303     0.22765
  43     0.44002     0.23524
  44      0.4503     0.24338
  45     0.46002     0.25119
  46     0.47005     0.25934
  47        0.48     0.26753
  48      0.4902     0.27604
  49     0.50001     0.28434
  50     0.51004     0.29296
  51     0.52006     0.30169
  52     0.53009     0.31056
  53     0.54011     0.31953
  54      0.5501     0.32859
  55     0.56019     0.33787
  56     0.57002     0.34706
  57     0.58026     0.35676
  58     0.59009      0.3662
  59     0.60009     0.37596
  60        0.61     0.38576
  61     0.62001     0.39579
  62     0.63003     0.40601
  63     0.64004     0.41635
  64     0.65014     0.42689
  65     0.66016      0.4375
  66     0.67002     0.44807
  67     0.68016      0.4591
  68     0.69012     0.47006
  69     0.70019     0.48134
  70     0.71002      0.4925
  71     0.72014     0.50416
  72     0.73014     0.51583
  73     0.74002     0.52754
  74     0.75004     0.53962
  75        0.76     0.55184
  76     0.77013     0.56445
  77     0.78005     0.57699
  78     0.79005     0.58986
  79     0.80039     0.60336
  80     0.81011     0.61622
  81     0.82005      0.6296
  82     0.83043      0.6438
  83     0.84013     0.65737
  84        0.85     0.67148
  85     0.86003     0.68614
  86     0.87005     0.70117
  87     0.88031     0.71702
  88     0.89018     0.73269
  89     0.90014       0.749
  90     0.91018     0.76598
  91     0.92019     0.78348
  92     0.93011     0.80153
  93     0.94018     0.82056
  94     0.95026     0.84048
  95     0.96015     0.86116
  96     0.97028     0.88377
  97     0.98003     0.90746
  98     0.99005     0.93682
  99           1           1
-----------------------------------------

----------------- PPP$ and local currency --------------
         PPP used in computation: 1.88267
     Data mean in local currency: 171.346
               Data mean in PPP$: 139.646
        Poverty line in PPP$/Day: 1.9
      Poverty line in PPP$/Month: 57.7917
  Poverty line in local currency: 70.9105
-------------------------------------------------------

----------------- Estimation result --------------
     Number of observation: 4859
          Total population: 7.0638E+06
              Total wealth: 6.42893E+08(PPP$)
                   Minimum: 1.6024(PPP$)
                   Maximum: 4862.84(PPP$)
             Headcount(HC): 0.103521
          Poverty gap (PG): 0.0379033
       Poverty gap squared: 0.0216771
                      Gini: 0.321916
                    Median: 118.94
                       MLD: 0.197703
                      Watt: 0.0631789
--------------------------------------------------

-------------------------------- Income or Consumption share by deciles (%) -------------------------------------
     2.5706     4.8574     6.0399     6.9886     7.9765     9.1542     10.525     12.172     14.593     25.122
-----------------------------------------------------------------------------------------------------------------


