

**********************************************************************************************
**                                   Basic Information                                      **
**********************************************************************************************

----------------- Dataset Information -----------------
                         Country: Tajikistan
                    Country dode: TJK
                       Data Year: 1999
                        Coverage: National
             Welfare measurement: Consumption
                     Data format: Unit record
                     Data source: TJK_N1999X
                  Data time span: UnDefined
-------------------------------------------------------


----------- Distribution ------------
   i           P           L 
-------------------------------------
   0    0.010182   0.0013971
   1    0.020649     0.00378
   2     0.03012   0.0064384
   3    0.040088   0.0095449
   4    0.050057    0.012937
   5    0.060524    0.016707
   6    0.070564    0.020524
   7    0.080177    0.024353
   8    0.090216    0.028501
   9     0.10075    0.033042
  10     0.11051    0.037399
  11     0.12012    0.041884
  12     0.13059    0.046895
  13     0.14042    0.051675
  14     0.15046    0.056671
  15     0.16014    0.061621
  16     0.17046    0.067064
  17     0.18022    0.072345
  18     0.19076    0.078194
  19     0.20016    0.083503
  20     0.21084    0.089699
  21     0.22059    0.095476
  22     0.23049     0.10143
  23      0.2401     0.10728
  24      0.2505      0.1137
  25      0.2604     0.11991
  26     0.27065     0.12643
  27     0.28012     0.13252
  28     0.29052     0.13933
  29     0.30048     0.14595
  30     0.31003     0.15236
  31     0.32007     0.15925
  32     0.33011     0.16626
  33     0.34071     0.17376
  34     0.35054     0.18082
  35      0.3603     0.18793
  36     0.37041     0.19541
  37     0.38087     0.20328
  38      0.3902     0.21036
  39     0.40003     0.21789
  40     0.41014     0.22574
  41     0.42032     0.23376
  42     0.43036     0.24175
  43     0.44054     0.24992
  44      0.4503     0.25785
  45     0.46041     0.26613
  46     0.47031     0.27435
  47     0.48013     0.28259
  48      0.4906     0.29145
  49     0.50014      0.2996
  50     0.51025     0.30839
  51     0.52036      0.3173
  52     0.53033     0.32623
  53     0.54002     0.33504
  54     0.55006     0.34428
  55     0.56017     0.35371
  56     0.57035     0.36335
  57     0.58039     0.37294
  58     0.59007     0.38231
  59     0.60033     0.39236
  60     0.61058     0.40253
  61     0.62012     0.41211
  62     0.63045     0.42263
  63     0.64013     0.43264
  64     0.65024     0.44321
  65     0.66042     0.45398
  66     0.67096     0.46532
  67     0.68015     0.47533
  68     0.69026     0.48649
  69      0.7003     0.49772
  70     0.71034     0.50905
  71     0.72009      0.5202
  72     0.73042     0.53217
  73     0.74032     0.54381
  74     0.75028     0.55571
  75     0.76004     0.56753
  76     0.77022     0.58015
  77     0.78062     0.59331
  78     0.79016     0.60561
  79     0.80091      0.6198
  80     0.81052      0.6327
  81     0.82007     0.64573
  82     0.83003     0.65962
  83     0.84029     0.67412
  84      0.8509     0.68954
  85     0.86023     0.70336
  86     0.87069     0.71927
  87     0.88016     0.73412
  88     0.89013     0.75007
  89     0.90053     0.76743
  90     0.91028     0.78419
  91     0.92004     0.80152
  92     0.93008     0.82004
  93     0.94005     0.83916
  94     0.95044      0.8601
  95     0.96005     0.88059
  96     0.97073      0.9055
  97     0.98013     0.92911
  98     0.99017     0.95767
  99           1           1
-----------------------------------------

----------------- PPP$ and local currency --------------
         PPP used in computation: 1.88267
     Data mean in local currency: 12.8549
               Data mean in PPP$: 62.9738
        Poverty line in PPP$/Day: 1.9
      Poverty line in PPP$/Month: 57.7917
  Poverty line in local currency: 11.7971
-------------------------------------------------------

----------------- Estimation result --------------
     Number of observation: 2000
          Total population: 14044
              Total wealth: 95892.6(PPP$)
                   Minimum: 0.486231(PPP$)
                   Maximum: 89.7456(PPP$)
             Headcount(HC): 0.54372
          Poverty gap (PG): 0.174942
       Poverty gap squared: 0.0789825
                      Gini: 0.295431
                    Median: 54.1876
                       MLD: 0.149861
                      Watt: 0.243952
--------------------------------------------------

-------------------------------- Income or Consumption share by deciles (%) -------------------------------------
     3.2717     5.0698     6.2218      7.224     8.1606     9.2561     10.535     12.121     14.795     23.345
-----------------------------------------------------------------------------------------------------------------


