

**********************************************************************************************
**                                   Basic Information                                      **
**********************************************************************************************

----------------- Dataset Information -----------------
                         Country: Tajikistan
                    Country dode: TJK
                       Data Year: 2014
                        Coverage: National
             Welfare measurement: Consumption
                     Data format: Unit record
                     Data source: TJK_N2014X
                  Data time span: UnDefined
-------------------------------------------------------


----------- Distribution ------------
   i           P           L 
-------------------------------------
   0    0.010084   0.0024851
   1    0.020076   0.0055283
   2    0.030018   0.0088539
   3    0.040075    0.012435
   4    0.050068    0.016191
   5    0.060035    0.020106
   6    0.070015    0.024158
   7    0.080047    0.028369
   8    0.090091    0.032729
   9     0.10003    0.037164
  10     0.11013    0.041808
  11     0.12001    0.046478
  12     0.13005    0.051345
  13        0.14    0.056265
  14     0.15005    0.061333
  15     0.16007    0.066484
  16     0.17007    0.071724
  17     0.18007    0.077062
  18     0.19002     0.08246
  19     0.20016    0.088054
  20     0.21007    0.093619
  21     0.22006    0.099318
  22     0.23006     0.10511
  23     0.24005     0.11099
  24     0.25011     0.11701
  25     0.26004     0.12303
  26     0.27011     0.12923
  27     0.28003     0.13544
  28     0.29003     0.14178
  29     0.30006     0.14823
  30     0.31005     0.15473
  31     0.32004     0.16134
  32     0.33006     0.16805
  33     0.34003     0.17482
  34     0.35001     0.18168
  35     0.36005     0.18866
  36     0.37003     0.19568
  37     0.38014     0.20291
  38     0.39008     0.21011
  39      0.4001     0.21746
  40     0.41011     0.22488
  41     0.42006     0.23235
  42     0.43006     0.23994
  43     0.44008     0.24764
  44     0.45002     0.25535
  45     0.46005     0.26323
  46     0.47004     0.27117
  47     0.48002     0.27921
  48        0.49     0.28735
  49     0.50005     0.29565
  50     0.51005     0.30401
  51     0.52002     0.31245
  52     0.53008     0.32106
  53        0.54     0.32967
  54     0.55001     0.33844
  55     0.56009     0.34738
  56     0.57006     0.35633
  57     0.58003     0.36539
  58     0.59007     0.37463
  59     0.60006     0.38392
  60     0.61004     0.39332
  61     0.62009     0.40289
  62      0.6301     0.41257
  63     0.64004     0.42232
  64     0.65003     0.43227
  65     0.66006     0.44238
  66     0.67012     0.45266
  67     0.68005     0.46295
  68     0.69001     0.47345
  69     0.70002     0.48417
  70     0.71015     0.49518
  71     0.72012     0.50618
  72     0.73002     0.51728
  73     0.74003     0.52867
  74     0.75007     0.54033
  75     0.76007     0.55215
  76     0.77003     0.56414
  77        0.78     0.57633
  78     0.79003     0.58885
  79     0.80004     0.60159
  80      0.8101     0.61465
  81     0.82002     0.62781
  82     0.83004     0.64136
  83     0.84008     0.65523
  84     0.85006     0.66934
  85     0.86006     0.68381
  86     0.87001     0.69856
  87     0.88009     0.71394
  88     0.89001     0.72956
  89     0.90001     0.74576
  90     0.91006     0.76267
  91     0.92002     0.78003
  92     0.93005     0.79826
  93        0.94     0.81724
  94     0.95004     0.83753
  95     0.96002     0.85911
  96     0.97003     0.88271
  97     0.98001     0.90875
  98     0.99006     0.93996
  99           1           1
-----------------------------------------

----------------- PPP$ and local currency --------------
         PPP used in computation: 1.88267
     Data mean in local currency: 232.538
               Data mean in PPP$: 104.748
        Poverty line in PPP$/Day: 1.9
      Poverty line in PPP$/Month: 57.7917
  Poverty line in local currency: 128.297
-------------------------------------------------------

----------------- Estimation result --------------
     Number of observation: 11975
          Total population: 19288.8
              Total wealth: 2.38245E+06(PPP$)
                   Minimum: 1.22971(PPP$)
                   Maximum: 3576.96(PPP$)
             Headcount(HC): 0.195101
          Poverty gap (PG): 0.0405827
       Poverty gap squared: 0.0128363
                      Gini: 0.307582
                    Median: 87.089
                       MLD: 0.157595
                      Watt: 0.0504089
--------------------------------------------------

-------------------------------- Income or Consumption share by deciles (%) -------------------------------------
     3.7149     5.0818      6.022     6.9193      7.823     8.8248     10.028      11.74     14.421     25.425
-----------------------------------------------------------------------------------------------------------------


