

**********************************************************************************************
**                                   Basic Information                                      **
**********************************************************************************************

----------------- Dataset Information -----------------
                         Country: Tajikistan
                    Country dode: TJK
                       Data Year: 2003
                        Coverage: National
             Welfare measurement: Consumption
                     Data format: Unit record
                     Data source: TJK_N2003X
                  Data time span: UnDefined
-------------------------------------------------------


----------- Distribution ------------
   i           P           L 
-------------------------------------
   0    0.010139   0.0018029
   1    0.020466    0.004382
   2    0.030165   0.0072009
   3    0.040044    0.010372
   4    0.050204    0.013797
   5     0.06005     0.01727
   6     0.07006     0.02092
   7    0.080146    0.024732
   8    0.090354    0.028728
   9     0.10021    0.032716
  10     0.11027    0.036917
  11     0.12026    0.041173
  12     0.13031    0.045567
  13     0.14001    0.049931
  14     0.15013    0.054615
  15     0.16007    0.059317
  16     0.17034    0.064266
  17     0.18028    0.069145
  18     0.19015    0.074096
  19     0.20007    0.079157
  20     0.21013    0.084379
  21     0.22048    0.089867
  22     0.23039    0.095209
  23     0.24024     0.10059
  24     0.25006     0.10609
  25      0.2602     0.11189
  26     0.27007     0.11767
  27     0.28001     0.12358
  28     0.29046     0.12988
  29      0.3002     0.13583
  30     0.31037     0.14213
  31     0.32036     0.14843
  32     0.33019     0.15473
  33     0.34021     0.16123
  34     0.35024     0.16788
  35        0.36     0.17443
  36      0.3701     0.18131
  37     0.38034     0.18838
  38     0.39018     0.19526
  39     0.40031     0.20245
  40     0.41039     0.20971
  41     0.42025     0.21694
  42     0.43003     0.22422
  43     0.44022     0.23191
  44     0.45006     0.23943
  45      0.4605     0.24751
  46     0.47017      0.2551
  47     0.48007     0.26295
  48     0.49006     0.27098
  49     0.50055     0.27954
  50     0.51004     0.28739
  51     0.52012     0.29584
  52     0.53046      0.3046
  53     0.54002     0.31282
  54     0.55006     0.32161
  55     0.56009     0.33051
  56     0.57028     0.33965
  57     0.58009     0.34858
  58     0.59003     0.35775
  59     0.60025     0.36731
  60     0.61002     0.37658
  61     0.62007     0.38627
  62     0.63013     0.39613
  63      0.6401     0.40609
  64     0.65014     0.41625
  65     0.66039     0.42676
  66     0.67011      0.4369
  67     0.68029     0.44766
  68     0.69002     0.45812
  69     0.70007     0.46909
  70     0.71014     0.48028
  71     0.72012      0.4916
  72     0.73031     0.50337
  73     0.74011     0.51495
  74     0.75003     0.52695
  75     0.76004     0.53928
  76     0.77001     0.55182
  77     0.78006     0.56472
  78     0.79007     0.57781
  79     0.80054     0.59177
  80     0.81008     0.60471
  81     0.82006     0.61855
  82     0.83007     0.63268
  83     0.84002     0.64715
  84     0.85006     0.66218
  85     0.86018     0.67779
  86     0.87021     0.69366
  87     0.88003     0.70969
  88     0.89001     0.72651
  89      0.9001     0.74399
  90     0.91019     0.76205
  91     0.92005     0.78034
  92      0.9303     0.80042
  93     0.94014     0.82049
  94     0.95002     0.84179
  95     0.96001     0.86474
  96     0.97005     0.88991
  97     0.98018      0.9177
  98      0.9902     0.95091
  99           1           1
-----------------------------------------

----------------- PPP$ and local currency --------------
         PPP used in computation: 1.88267
     Data mean in local currency: 45.5964
               Data mean in PPP$: 92.881
        Poverty line in PPP$/Day: 1.9
      Poverty line in PPP$/Month: 57.7917
  Poverty line in local currency: 28.3707
-------------------------------------------------------

----------------- Estimation result --------------
     Number of observation: 4114
          Total population: 6.6695E+06
              Total wealth: 1.61529E+08(PPP$)
                   Minimum: 0.678353(PPP$)
                   Maximum: 220.817(PPP$)
             Headcount(HC): 0.308305
          Poverty gap (PG): 0.0819367
       Poverty gap squared: 0.0315296
                      Gini: 0.327227
                    Median: 76.1894
                       MLD: 0.176796
                      Watt: 0.106759
--------------------------------------------------

-------------------------------- Income or Consumption share by deciles (%) -------------------------------------
     3.2631     4.6488      5.659     6.6524     7.6854     8.7987     10.194     12.203     15.277     25.619
-----------------------------------------------------------------------------------------------------------------


