

**********************************************************************************************
**                                   Basic Information                                      **
**********************************************************************************************

----------------- Dataset Information -----------------
                         Country: Tajikistan
                    Country dode: TJK
                       Data Year: 2012
                        Coverage: National
             Welfare measurement: Consumption
                     Data format: Unit record
                     Data source: TJK_N2012X
                  Data time span: UnDefined
-------------------------------------------------------


----------- Distribution ------------
   i           P           L 
-------------------------------------
   0    0.010085   0.0026672
   1    0.020135   0.0058531
   2    0.030186    0.009325
   3    0.040011    0.012947
   4    0.050079    0.016848
   5     0.06006    0.020901
   6    0.070058    0.025106
   7    0.080005    0.029411
   8    0.090124    0.033917
   9     0.10005    0.038453
  10     0.11005    0.043141
  11      0.1201    0.047964
  12     0.13007    0.052851
  13      0.1401    0.057873
  14     0.15006    0.062957
  15     0.16008    0.068175
  16     0.17011    0.073493
  17     0.18004    0.078842
  18     0.19006    0.084346
  19         0.2    0.089912
  20     0.21005    0.095622
  21     0.22002     0.10137
  22     0.23009     0.10726
  23     0.24005     0.11318
  24     0.25005      0.1192
  25     0.26006     0.12531
  26     0.27003     0.13149
  27     0.28008      0.1378
  28     0.29002     0.14413
  29     0.30002      0.1506
  30        0.31     0.15715
  31     0.32002      0.1638
  32     0.33002     0.17053
  33     0.34014     0.17743
  34     0.35007     0.18428
  35     0.36005     0.19127
  36     0.37006     0.19839
  37     0.38004     0.20555
  38     0.39001     0.21278
  39     0.40001     0.22011
  40     0.41006     0.22758
  41     0.42007     0.23511
  42     0.43009     0.24271
  43     0.44002     0.25032
  44      0.4501     0.25813
  45      0.4601     0.26597
  46     0.47005     0.27387
  47     0.48001     0.28188
  48     0.49001        0.29
  49      0.5001     0.29831
  50     0.51008     0.30663
  51     0.52006     0.31505
  52        0.53     0.32353
  53     0.54012     0.33227
  54     0.55007     0.34096
  55     0.56005     0.34979
  56     0.57005     0.35876
  57     0.58005     0.36783
  58     0.59003     0.37703
  59     0.60005     0.38638
  60     0.61004     0.39585
  61     0.62009     0.40549
  62     0.63004     0.41516
  63     0.64011     0.42507
  64     0.65005     0.43498
  65     0.66007     0.44509
  66     0.67003     0.45527
  67     0.68002      0.4656
  68     0.69001     0.47608
  69     0.70006     0.48675
  70     0.71005     0.49749
  71     0.72013     0.50846
  72     0.73002     0.51938
  73     0.74004     0.53059
  74     0.75002     0.54194
  75     0.76007     0.55356
  76     0.77009     0.56537
  77     0.78003     0.57731
  78     0.79007     0.58958
  79     0.80005     0.60199
  80     0.81013     0.61474
  81     0.82008     0.62757
  82     0.83003     0.64066
  83     0.84002      0.6541
  84     0.85002     0.66784
  85        0.86     0.68193
  86        0.87     0.69642
  87        0.88     0.71128
  88     0.89003     0.72675
  89     0.90005     0.74276
  90     0.91001     0.75925
  91     0.92012     0.77677
  92     0.93011     0.79486
  93     0.94001     0.81355
  94     0.95004      0.8336
  95     0.96011     0.85537
  96     0.97004     0.87876
  97     0.98004     0.90528
  98     0.99002     0.93744
  99           1           1
-----------------------------------------

----------------- PPP$ and local currency --------------
         PPP used in computation: 1.88267
     Data mean in local currency: 191.21
               Data mean in PPP$: 95.9674
        Poverty line in PPP$/Day: 1.9
      Poverty line in PPP$/Month: 57.7917
  Poverty line in local currency: 115.147
-------------------------------------------------------

----------------- Estimation result --------------
     Number of observation: 8950
          Total population: 14452.3
              Total wealth: 1.46782E+06(PPP$)
                   Minimum: 19.0519(PPP$)
                   Maximum: 3144.01(PPP$)
             Headcount(HC): 0.244702
          Poverty gap (PG): 0.0521317
       Poverty gap squared: 0.0164551
                      Gini: 0.305238
                    Median: 79.5367
                       MLD: 0.154656
                      Watt: 0.0635653
--------------------------------------------------

-------------------------------- Income or Consumption share by deciles (%) -------------------------------------
     3.8429     5.1481     6.0676     6.9521     7.8124     8.8105     10.034     11.525     14.075     25.732
-----------------------------------------------------------------------------------------------------------------


