

**********************************************************************************************
**                                   Basic Information                                      **
**********************************************************************************************

----------------- Dataset Information -----------------
                         Country: Timor-Leste
                    Country dode: TMP
                       Data Year: 2007
                        Coverage: National
             Welfare measurement: Consumption
                     Data format: Unit record
                     Data source: TMP_N2007X
                  Data time span: UnDefined
-------------------------------------------------------


----------- Distribution ------------
   i           P           L 
-------------------------------------
   0    0.010649   0.0029625
   1    0.020499   0.0062336
   2    0.030044   0.0096648
   3    0.040069    0.013433
   4    0.050065    0.017371
   5    0.060285    0.021529
   6    0.070052    0.025607
   7    0.080097    0.029918
   8    0.090062    0.034316
   9     0.10109    0.039338
  10     0.11038    0.043655
  11     0.12033    0.048354
  12     0.13005    0.053045
  13     0.14033    0.058147
  14       0.151    0.063581
  15     0.16052    0.068539
  16     0.17005    0.073572
  17     0.18028    0.079074
  18     0.19021    0.084509
  19      0.2004    0.090168
  20     0.21014    0.095634
  21     0.22006     0.10127
  22     0.23009     0.10704
  23     0.24003     0.11283
  24     0.25011     0.11878
  25     0.26033      0.1249
  26     0.27013     0.13083
  27     0.28007     0.13691
  28     0.29029     0.14323
  29     0.30016     0.14943
  30     0.31012     0.15576
  31     0.32009     0.16217
  32     0.33037     0.16886
  33     0.34008     0.17526
  34     0.35005      0.1819
  35     0.36013      0.1887
  36     0.37007     0.19549
  37     0.38009     0.20241
  38     0.39035     0.20957
  39      0.4002     0.21652
  40     0.41006     0.22356
  41     0.42243     0.23252
  42     0.43015     0.23816
  43     0.44022     0.24559
  44     0.45026      0.2531
  45     0.46001     0.26047
  46     0.47008     0.26819
  47     0.48091      0.2766
  48      0.4903       0.284
  49     0.50008     0.29179
  50     0.51026     0.30001
  51     0.52013     0.30805
  52     0.53016     0.31632
  53     0.54012     0.32465
  54        0.55     0.33302
  55     0.56016     0.34174
  56     0.57015     0.35047
  57     0.58018     0.35933
  58     0.59027     0.36841
  59     0.60001     0.37729
  60      0.6101     0.38661
  61     0.62013       0.396
  62     0.63003     0.40538
  63     0.64005     0.41501
  64     0.65035     0.42506
  65     0.66009     0.43472
  66      0.6703       0.445
  67     0.68049     0.45541
  68     0.69001     0.46527
  69     0.70009     0.47586
  70     0.71002     0.48642
  71      0.7204     0.49764
  72     0.73021      0.5084
  73     0.74038     0.51976
  74      0.7502     0.53091
  75      0.7601     0.54239
  76     0.77034     0.55447
  77     0.78069     0.56689
  78     0.79021     0.57851
  79     0.80011      0.5908
  80     0.81053     0.60398
  81     0.82018     0.61647
  82     0.83018     0.62973
  83     0.84047     0.64373
  84     0.85012     0.65723
  85     0.86048      0.6721
  86     0.87006     0.68622
  87     0.88003     0.70141
  88     0.89013     0.71735
  89     0.90017     0.73372
  90        0.91     0.75038
  91     0.92073     0.76942
  92     0.93033     0.78724
  93     0.94002     0.80653
  94     0.95021     0.82814
  95     0.96062     0.85182
  96     0.97013      0.8755
  97     0.98001     0.90425
  98     0.99031     0.94128
  99           1           1
-----------------------------------------

----------------- PPP$ and local currency --------------
         PPP used in computation: 0.561337
     Data mean in local currency: 31.7496
               Data mean in PPP$: 75.253
        Poverty line in PPP$/Day: 1.9
      Poverty line in PPP$/Month: 57.7917
  Poverty line in local currency: 24.3826
-------------------------------------------------------

----------------- Estimation result --------------
     Number of observation: 4471
          Total population: 1.04763E+06
              Total wealth: 5.92548E+07
                   Minimum: 9.13603
                   Maximum: 1082.34
             Headcount(HC): 0.467647
          Poverty gap (PG): 0.120857
       Poverty gap squared: 0.043316
                      Gini: 0.315616
                    Median: 60.2821
                       MLD: 0.16228
                      Watt: 0.152286
--------------------------------------------------

-------------------------------- Income or Consumption share by deciles (%) -------------------------------------
     3.8843     5.1106     5.9382      6.705     7.5351     8.5551     9.8479      11.49     14.277     26.656
-----------------------------------------------------------------------------------------------------------------


