

**********************************************************************************************
**                                   Basic Information                                      **
**********************************************************************************************

----------------- Dataset Information -----------------
                         Country: Timor-Leste
                    Country dode: TMP
                       Data Year: 2001
                        Coverage: National
             Welfare measurement: Consumption
                     Data format: Unit record
                     Data source: TMP_N2001X
                  Data time span: UnDefined
-------------------------------------------------------


----------- Distribution ------------
   i           P           L 
-------------------------------------
   0    0.010426   0.0022764
   1    0.020515   0.0048276
   2    0.030552   0.0075301
   3    0.040462     0.01031
   4    0.050308    0.013201
   5     0.06031    0.016286
   6    0.070647    0.019605
   7    0.080138    0.022748
   8    0.090441    0.026302
   9     0.10044    0.029872
  10     0.11025    0.033466
  11      0.1217    0.037784
  12     0.13004    0.041013
  13     0.14023    0.045043
  14     0.15039    0.049174
  15     0.16033    0.053317
  16     0.17001    0.057462
  17     0.18016    0.061897
  18     0.19037    0.066468
  19     0.20011    0.070934
  20     0.21052    0.075803
  21      0.2204    0.080531
  22     0.23011    0.085252
  23     0.24028    0.090288
  24     0.25054    0.095493
  25     0.26066     0.10074
  26     0.27019      0.1058
  27     0.28044     0.11131
  28     0.29025     0.11666
  29     0.30217     0.12324
  30     0.31045     0.12786
  31     0.32082     0.13373
  32     0.33098      0.1396
  33     0.34005     0.14491
  34     0.35025     0.15098
  35     0.36013     0.15698
  36     0.37057     0.16341
  37     0.38009     0.16936
  38      0.3905     0.17594
  39     0.40052     0.18237
  40     0.41039     0.18877
  41     0.42102     0.19575
  42     0.43021     0.20187
  43     0.44008     0.20853
  44      0.4502     0.21548
  45     0.46036     0.22263
  46     0.47061     0.22996
  47     0.48015     0.23691
  48     0.49018     0.24431
  49     0.50053     0.25209
  50     0.51008     0.25938
  51     0.52054     0.26751
  52     0.53018     0.27516
  53      0.5404     0.28346
  54     0.55005      0.2914
  55     0.56013     0.29978
  56     0.57115     0.30908
  57     0.58063      0.3172
  58     0.59031     0.32564
  59     0.60079     0.33498
  60     0.61003      0.3433
  61      0.6205     0.35282
  62     0.63041       0.362
  63     0.64021     0.37128
  64     0.65034     0.38099
  65     0.66055     0.39092
  66     0.67057     0.40087
  67     0.68039     0.41079
  68     0.69026     0.42092
  69     0.70011     0.43123
  70     0.71012     0.44192
  71     0.72046     0.45315
  72     0.73102     0.46485
  73     0.74068     0.47583
  74     0.75047     0.48718
  75     0.76016      0.4986
  76     0.77023     0.51073
  77     0.78022     0.52303
  78     0.79104      0.5367
  79     0.80022     0.54858
  80      0.8102      0.5618
  81     0.82006     0.57523
  82     0.83026     0.58941
  83     0.84036     0.60382
  84     0.85031      0.6185
  85     0.86021     0.63353
  86     0.87073     0.65025
  87       0.881      0.6674
  88      0.8903     0.68342
  89     0.90004     0.70059
  90     0.91186      0.7221
  91     0.92003     0.73754
  92     0.93004     0.75768
  93     0.94019     0.77981
  94      0.9501     0.80348
  95      0.9605     0.83089
  96     0.97003     0.85867
  97     0.98029     0.89321
  98     0.99049     0.93516
  99           1           1
-----------------------------------------

----------------- PPP$ and local currency --------------
         PPP used in computation: 0.561337
     Data mean in local currency: 25.4123
               Data mean in PPP$: 84.5827
        Poverty line in PPP$/Day: 1.9
      Poverty line in PPP$/Month: 57.7917
  Poverty line in local currency: 17.3631
-------------------------------------------------------

----------------- Estimation result --------------
     Number of observation: 1800
          Total population: 828205
              Total wealth: 3.74937E+07
                   Minimum: 8.57558
                   Maximum: 679.647
             Headcount(HC): 0.442182
          Poverty gap (PG): 0.134884
       Poverty gap squared: 0.0564797
                      Gini: 0.375582
                    Median: 64.1481
                       MLD: 0.230654
                      Watt: 0.178784
--------------------------------------------------

-------------------------------- Income or Consumption share by deciles (%) -------------------------------------
     2.9716     4.1167     5.1163      5.999     6.9654     8.2585     9.6845     11.717     15.223     29.948
-----------------------------------------------------------------------------------------------------------------


