

**********************************************************************************************
**                                   Basic Information                                      **
**********************************************************************************************

----------------- Dataset Information -----------------
                         Country: Tonga
                    Country dode: TON
                       Data Year: 2001
                        Coverage: National
             Welfare measurement: Consumption
                     Data format: Unit record
                     Data source: TON_N2001X
                  Data time span: UnDefined
-------------------------------------------------------


----------- Distribution ------------
   i           P           L 
-------------------------------------
   0    0.010564   0.0010703
   1    0.021505   0.0026987
   2    0.030806   0.0043851
   3    0.040496   0.0064784
   4    0.050675   0.0089339
   5     0.06031    0.011427
   6    0.070023    0.014138
   7    0.080399    0.017274
   8    0.090608     0.02049
   9     0.10031    0.023677
  10     0.11134    0.027392
  11     0.12038    0.030534
  12     0.13059    0.034263
  13       0.141    0.038169
  14     0.15019    0.041687
  15     0.16016    0.045584
  16     0.17029    0.049644
  17     0.18006    0.053637
  18     0.19098    0.058223
  19     0.20074    0.062415
  20     0.21036     0.06667
  21     0.22013    0.071095
  22     0.23057    0.075946
  23     0.24032     0.08058
  24     0.25042    0.085508
  25     0.26016    0.090376
  26     0.27026    0.095562
  27     0.28026      0.1008
  28     0.29016     0.10607
  29     0.30189     0.11244
  30     0.31021     0.11711
  31     0.32046     0.12302
  32     0.33115     0.12927
  33     0.34002     0.13455
  34     0.35052     0.14091
  35     0.36064     0.14717
  36     0.37036     0.15331
  37     0.38034      0.1597
  38     0.39013     0.16604
  39     0.40049     0.17285
  40     0.41103     0.17994
  41     0.42032     0.18631
  42     0.43045     0.19335
  43     0.44052     0.20047
  44     0.45053     0.20765
  45     0.46026     0.21474
  46     0.47085     0.22256
  47     0.48045     0.22977
  48     0.49025     0.23723
  49     0.50019     0.24495
  50     0.51013     0.25282
  51     0.52029     0.26099
  52     0.53058     0.26941
  53     0.54049     0.27768
  54     0.55048     0.28617
  55     0.56036      0.2947
  56     0.57055     0.30367
  57     0.58042     0.31247
  58     0.59022     0.32137
  59     0.60037     0.33078
  60     0.61034     0.34017
  61     0.62006     0.34956
  62     0.63074     0.36012
  63     0.64007     0.36953
  64     0.65018     0.37987
  65     0.66019      0.3902
  66     0.67017     0.40067
  67     0.68034     0.41147
  68     0.69101       0.423
  69     0.70002     0.43289
  70     0.71013     0.44416
  71      0.7204      0.4559
  72      0.7303      0.4676
  73     0.74083     0.48027
  74     0.75008     0.49157
  75     0.76018     0.50411
  76     0.77066     0.51734
  77     0.78039      0.5299
  78     0.79003     0.54273
  79     0.80052     0.55711
  80     0.81019     0.57071
  81     0.82039     0.58536
  82     0.83005     0.59958
  83     0.84042     0.61532
  84     0.85062     0.63134
  85     0.86088     0.64783
  86     0.87014     0.66304
  87     0.88036     0.68041
  88     0.89005     0.69763
  89     0.90004     0.71595
  90     0.91017      0.7352
  91      0.9204     0.75551
  92     0.93013     0.77577
  93     0.94051     0.79914
  94     0.95015     0.82197
  95     0.96004     0.84695
  96     0.97012     0.87442
  97     0.98031     0.90665
  98     0.99001     0.94277
  99           1           1
-----------------------------------------

----------------- PPP$ and local currency --------------
         PPP used in computation: 1.63872
     Data mean in local currency: 247.382
               Data mean in PPP$: 310.587
        Poverty line in PPP$/Day: 1.9
      Poverty line in PPP$/Month: 57.7917
  Poverty line in local currency: 46.0311
-------------------------------------------------------

----------------- Estimation result --------------
     Number of observation: 1619
          Total population: 91292.9
              Total wealth: 1.37817E+07(PPP$)
                   Minimum: 6.15319(PPP$)
                   Maximum: 2373.18(PPP$)
             Headcount(HC): 0.0282507
          Poverty gap (PG): 0.00736816
       Poverty gap squared: 0.00280514
                      Gini: 0.37837
                    Median: 242.779
                       MLD: 0.24706
                      Watt: 0.00943531
--------------------------------------------------

-------------------------------- Income or Consumption share by deciles (%) -------------------------------------
     2.3576     3.8523     4.9316     6.1116     7.2278     8.5634     10.243     12.352     15.948     28.412
-----------------------------------------------------------------------------------------------------------------


