

**********************************************************************************************
**                                   Basic Information                                      **
**********************************************************************************************

----------------- Dataset Information -----------------
                         Country: Tonga
                    Country dode: TON
                       Data Year: 2009
                        Coverage: National
             Welfare measurement: Consumption
                     Data format: Unit record
                     Data source: TON_N2009X
                  Data time span: UnDefined
-------------------------------------------------------


----------- Distribution ------------
   i           P           L 
-------------------------------------
   0    0.010464   0.0015936
   1    0.020135   0.0036006
   2    0.030181   0.0058754
   3    0.040009   0.0082809
   4     0.05001     0.01094
   5    0.060174    0.013751
   6    0.071105    0.016908
   7    0.080483    0.019773
   8    0.090479    0.022999
   9     0.10041    0.026335
  10     0.11068     0.02992
  11     0.12035    0.033411
  12     0.13028    0.037069
  13     0.14017    0.040815
  14     0.15013    0.044728
  15     0.16059    0.048943
  16     0.17044    0.053028
  17     0.18013    0.057152
  18     0.19042    0.061621
  19     0.20034    0.065979
  20     0.21005    0.070395
  21     0.22007    0.075071
  22     0.23079    0.080172
  23     0.24037    0.084801
  24     0.25028     0.08967
  25      0.2608     0.09496
  26     0.27054    0.099933
  27     0.28042     0.10505
  28     0.29055      0.1104
  29     0.30044     0.11575
  30     0.31088     0.12151
  31     0.32032     0.12676
  32     0.33026     0.13238
  33     0.34042     0.13827
  34     0.35084     0.14446
  35     0.36011     0.15008
  36     0.37007     0.15619
  37      0.3808     0.16289
  38     0.39006     0.16874
  39     0.40003     0.17514
  40     0.41005     0.18168
  41     0.42043     0.18856
  42     0.43024     0.19516
  43     0.44009      0.2019
  44      0.4501     0.20888
  45     0.46042     0.21621
  46     0.47042     0.22345
  47     0.48057     0.23093
  48     0.49023     0.23816
  49     0.50023     0.24575
  50     0.51066     0.25378
  51     0.52068      0.2616
  52     0.53041     0.26935
  53     0.54011     0.27721
  54     0.55051     0.28577
  55     0.56023     0.29387
  56     0.57001     0.30217
  57     0.58089     0.31164
  58     0.59015     0.31988
  59     0.60018       0.329
  60     0.61016     0.33823
  61     0.62034     0.34782
  62      0.6304     0.35744
  63     0.64033     0.36706
  64     0.65136     0.37793
  65     0.66008     0.38666
  66     0.67026     0.39701
  67     0.68013     0.40723
  68      0.6901     0.41772
  69     0.70052     0.42887
  70      0.7102     0.43941
  71     0.72037     0.45069
  72     0.73031     0.46198
  73     0.74034     0.47357
  74     0.75004     0.48497
  75     0.76021     0.49727
  76      0.7701     0.50956
  77     0.78063     0.52297
  78     0.79008     0.53528
  79      0.8001     0.54858
  80     0.81002     0.56201
  81     0.82045     0.57655
  82     0.83018     0.59059
  83     0.84054     0.60599
  84     0.85036     0.62112
  85     0.86022      0.6369
  86     0.87031     0.65345
  87     0.88018      0.6703
  88     0.89047     0.68856
  89     0.90009     0.70623
  90     0.91004     0.72515
  91     0.92032     0.74571
  92      0.9301     0.76623
  93     0.94062      0.7897
  94     0.95061      0.8134
  95     0.96008     0.83827
  96     0.97001     0.86705
  97     0.98053     0.90111
  98     0.99037     0.93961
  99           1           1
-----------------------------------------

----------------- PPP$ and local currency --------------
         PPP used in computation: 1.63872
     Data mean in local currency: 441.171
               Data mean in PPP$: 296.239
        Poverty line in PPP$/Day: 1.9
      Poverty line in PPP$/Month: 57.7917
  Poverty line in local currency: 86.0655
-------------------------------------------------------

----------------- Estimation result --------------
     Number of observation: 1981
          Total population: 93232.7
              Total wealth: 2.50998E+07(PPP$)
                   Minimum: 30.2562(PPP$)
                   Maximum: 6396.67(PPP$)
             Headcount(HC): 0.0108948
          Poverty gap (PG): 0.0022985
       Poverty gap squared: 0.000699087
                      Gini: 0.381023
                    Median: 226.397
                       MLD: 0.24199
                      Watt: 0.00276222
--------------------------------------------------

-------------------------------- Income or Consumption share by deciles (%) -------------------------------------
     2.6197     3.9635      4.968     5.9607     7.0449     8.3266     9.9479     12.014     15.761     29.393
-----------------------------------------------------------------------------------------------------------------


