

**********************************************************************************************
**                                   Basic Information                                      **
**********************************************************************************************

----------------- Dataset Information -----------------
                         Country: Tunisia
                    Country dode: TUN
                       Data Year: 2010
                        Coverage: National
             Welfare measurement: Consumption
                     Data format: Unit record
                     Data source: TUN_N2010X
                  Data time span: UnDefined
-------------------------------------------------------


----------- Distribution ------------
   i           P           L 
-------------------------------------
   0    0.010044   0.0013792
   1    0.020026   0.0032099
   2    0.030007   0.0053505
   3    0.040082   0.0077673
   4    0.050096    0.010382
   5    0.060013    0.013159
   6    0.070152    0.016204
   7    0.080065    0.019318
   8    0.090005    0.022585
   9     0.10003    0.026018
  10     0.11002    0.029556
  11     0.12003    0.033228
  12     0.13016    0.037068
  13     0.14003    0.040942
  14     0.15002    0.044998
  15     0.16007    0.049219
  16     0.17004    0.053547
  17     0.18006    0.058026
  18     0.19001    0.062601
  19      0.2001    0.067356
  20     0.21007    0.072174
  21     0.22011    0.077147
  22     0.23005    0.082161
  23     0.24015     0.08735
  24     0.25025    0.092654
  25     0.26001    0.097867
  26     0.27017     0.10341
  27     0.28002     0.10887
  28     0.29004      0.1145
  29     0.30001      0.1202
  30     0.31012     0.12609
  31     0.32009     0.13199
  32     0.33001     0.13799
  33     0.34008     0.14418
  34     0.35009     0.15043
  35     0.36006     0.15676
  36     0.37001      0.1632
  37     0.38002     0.16978
  38        0.39     0.17646
  39     0.40005     0.18329
  40     0.41004     0.19019
  41     0.42002      0.1972
  42     0.43002     0.20432
  43     0.44011     0.21162
  44     0.45005     0.21893
  45     0.46009     0.22646
  46     0.47003     0.23403
  47     0.48005     0.24178
  48     0.49007     0.24966
  49     0.50004     0.25761
  50     0.51003     0.26572
  51     0.52004     0.27398
  52     0.53013     0.28243
  53     0.54008     0.29089
  54     0.55004     0.29949
  55     0.56009      0.3083
  56     0.57005     0.31716
  57     0.58004      0.3262
  58        0.59     0.33533
  59     0.60006     0.34471
  60     0.61013     0.35426
  61     0.62002      0.3638
  62     0.63004     0.37363
  63     0.64004     0.38359
  64     0.65006     0.39374
  65     0.66018     0.40417
  66     0.67005     0.41454
  67     0.68002     0.42521
  68      0.6901     0.43617
  69     0.70018     0.44732
  70     0.71004     0.45841
  71     0.72005     0.46988
  72     0.73008      0.4816
  73     0.74013     0.49361
  74     0.75002     0.50569
  75     0.76013     0.51828
  76     0.77002     0.53087
  77     0.78001     0.54389
  78     0.79005     0.55727
  79     0.80003     0.57091
  80     0.81016     0.58511
  81     0.82007     0.59935
  82     0.83006     0.61406
  83     0.84012      0.6293
  84     0.85011     0.64482
  85     0.86005     0.66068
  86        0.87     0.67703
  87     0.88019     0.69434
  88      0.8901     0.71175
  89     0.90007     0.72985
  90     0.91003     0.74874
  91      0.9201     0.76866
  92     0.93012     0.78944
  93        0.94     0.81106
  94     0.95005     0.83422
  95     0.96003     0.85861
  96     0.97001       0.885
  97     0.98003     0.91477
  98        0.99     0.94991
  99           1           1
-----------------------------------------

----------------- PPP$ and local currency --------------
         PPP used in computation: 0.696534
     Data mean in local currency: 196.672
               Data mean in PPP$: 288.177
        Poverty line in PPP$/Day: 1.9
      Poverty line in PPP$/Month: 57.7917
  Poverty line in local currency: 39.441
-------------------------------------------------------

----------------- Estimation result --------------
     Number of observation: 11280
          Total population: 1.06068E+07
              Total wealth: 2.99491E+09(PPP$)
                   Minimum: 17.6553(PPP$)
                   Maximum: 3261.23(PPP$)
             Headcount(HC): 0.0198531
          Poverty gap (PG): 0.00401952
       Poverty gap squared: 0.00123681
                      Gini: 0.358083
                    Median: 231.49
                       MLD: 0.217
                      Watt: 0.00488617
--------------------------------------------------

-------------------------------- Income or Consumption share by deciles (%) -------------------------------------
     2.6008     4.1303     5.2885     6.3057     7.4327     8.7076     10.246     12.375     15.886     27.027
-----------------------------------------------------------------------------------------------------------------


