

**********************************************************************************************
**                                   Basic Information                                      **
**********************************************************************************************

----------------- Dataset Information -----------------
                         Country: Tunisia
                    Country dode: TUN
                       Data Year: 2005
                        Coverage: National
             Welfare measurement: Consumption
                     Data format: Unit record
                     Data source: TUN_N2005X
                  Data time span: UnDefined
-------------------------------------------------------


----------- Distribution ------------
   i           P           L 
-------------------------------------
   0    0.010128   0.0013795
   1    0.020042    0.003237
   2    0.030005   0.0053653
   3    0.040003   0.0077264
   4    0.050073    0.010289
   5    0.060053    0.012986
   6    0.070107     0.01585
   7    0.080102    0.018844
   8    0.090029    0.021977
   9     0.10006    0.025262
  10        0.11    0.028637
  11     0.12003     0.03217
  12     0.13002    0.035801
  13     0.14009    0.039577
  14     0.15004    0.043427
  15     0.16005    0.047414
  16     0.17013    0.051533
  17     0.18005    0.055699
  18     0.19002    0.059999
  19     0.20001     0.06442
  20     0.21007    0.068983
  21     0.22001    0.073615
  22     0.23001    0.078393
  23     0.24006     0.08333
  24     0.25004    0.088347
  25     0.26009    0.093498
  26     0.27003    0.098684
  27     0.28003     0.10401
  28     0.29012     0.10949
  29     0.30007     0.11501
  30     0.31003     0.12064
  31     0.32001     0.12639
  32     0.33018     0.13235
  33     0.34001      0.1382
  34      0.3501     0.14431
  35      0.3601     0.15047
  36     0.37007     0.15672
  37     0.38004     0.16308
  38     0.39013     0.16962
  39     0.40008     0.17617
  40     0.41006     0.18285
  41     0.42005     0.18965
  42      0.4302     0.19665
  43     0.44003     0.20353
  44     0.45005     0.21066
  45     0.46001     0.21784
  46     0.47003      0.2252
  47     0.48005     0.23269
  48     0.49004     0.24028
  49     0.50001     0.24797
  50     0.51007     0.25585
  51     0.52006     0.26379
  52     0.53007      0.2719
  53     0.54001     0.28007
  54     0.55003     0.28848
  55     0.56015     0.29711
  56     0.57003     0.30569
  57     0.58012     0.31459
  58     0.59002     0.32347
  59     0.60007     0.33263
  60     0.61014     0.34196
  61     0.62004     0.35129
  62     0.63004     0.36088
  63     0.64002     0.37061
  64     0.65005     0.38055
  65     0.66004     0.39062
  66     0.67006     0.40088
  67     0.68009     0.41133
  68     0.69008     0.42192
  69     0.70006     0.43268
  70     0.71006     0.44367
  71        0.72     0.45478
  72     0.73012     0.46631
  73     0.74001     0.47783
  74     0.75009     0.48986
  75     0.76003     0.50194
  76     0.77009     0.51446
  77     0.78001     0.52706
  78        0.79     0.54006
  79     0.80011     0.55349
  80     0.81003     0.56704
  81     0.82007      0.5811
  82     0.83002      0.5954
  83     0.84008     0.61025
  84     0.85011     0.62549
  85     0.86003     0.64101
  86      0.8701     0.65727
  87     0.88004     0.67386
  88     0.89017      0.6914
  89     0.90001     0.70926
  90     0.91012     0.72847
  91     0.92003     0.74825
  92     0.93003     0.76926
  93     0.94001     0.79161
  94     0.95007     0.81586
  95     0.96006     0.84194
  96     0.97019     0.87095
  97      0.9802     0.90289
  98        0.99     0.94036
  99           1           1
-----------------------------------------

----------------- PPP$ and local currency --------------
         PPP used in computation: 0.696534
     Data mean in local currency: 141.375
               Data mean in PPP$: 253.697
        Poverty line in PPP$/Day: 1.9
      Poverty line in PPP$/Month: 57.7917
  Poverty line in local currency: 32.2049
-------------------------------------------------------

----------------- Estimation result --------------
     Number of observation: 12314
          Total population: 1.00333E+07
              Total wealth: 2.03646E+09(PPP$)
                   Minimum: 10.209(PPP$)
                   Maximum: 4922.78(PPP$)
             Headcount(HC): 0.0308934
          Poverty gap (PG): 0.00645787
       Poverty gap squared: 0.00215918
                      Gini: 0.377334
                    Median: 197.267
                       MLD: 0.240139
                      Watt: 0.00805924
--------------------------------------------------

-------------------------------- Income or Consumption share by deciles (%) -------------------------------------
     2.5243     3.9172     5.0555     6.1147     7.1846     8.4602     10.005     12.073      15.59     29.075
-----------------------------------------------------------------------------------------------------------------


