

**********************************************************************************************
**                                   Basic Information                                      **
**********************************************************************************************

----------------- Dataset Information -----------------
                         Country: Turkey
                    Country dode: TUR
                       Data Year: 2003
                        Coverage: National
             Welfare measurement: Consumption
                     Data format: Unit record
                     Data source: TUR_N2003X
                  Data time span: UnDefined
-------------------------------------------------------


----------- Distribution ------------
   i           P           L 
-------------------------------------
   0    0.010121   0.0012588
   1    0.020214   0.0027774
   2    0.030061   0.0044745
   3    0.040055    0.006401
   4    0.050071   0.0084884
   5    0.060057     0.01071
   6    0.070048    0.013097
   7    0.080047    0.015622
   8    0.090021    0.018261
   9     0.10001    0.021027
  10     0.11014    0.023946
  11     0.12006    0.026923
  12     0.13001    0.030038
  13     0.14001    0.033281
  14     0.15001    0.036627
  15     0.16003      0.0401
  16     0.17004    0.043676
  17     0.18002    0.047363
  18     0.19002     0.05118
  19     0.20002    0.055101
  20     0.21004    0.059132
  21     0.22003     0.06326
  22     0.23007    0.067505
  23     0.24002    0.071803
  24     0.25007     0.07624
  25     0.26003    0.080741
  26     0.27006    0.085371
  27     0.28002     0.09008
  28        0.29    0.094909
  29     0.30002    0.099857
  30     0.31002     0.10491
  31     0.32008     0.11009
  32     0.33005     0.11533
  33        0.34     0.12066
  34     0.35001     0.12613
  35     0.36007     0.13173
  36        0.37     0.13737
  37     0.38006      0.1432
  38     0.39003     0.14908
  39         0.4     0.15508
  40      0.4101     0.16128
  41     0.42002     0.16748
  42     0.43007     0.17389
  43     0.44003     0.18034
  44     0.45001     0.18691
  45     0.46001     0.19361
  46     0.47004     0.20044
  47     0.48003     0.20736
  48     0.49007     0.21444
  49         0.5     0.22157
  50     0.51002     0.22889
  51     0.52001     0.23632
  52     0.53004      0.2439
  53     0.54003     0.25159
  54      0.5501     0.25948
  55     0.56003     0.26741
  56        0.57     0.27553
  57     0.58013     0.28394
  58     0.59001     0.29228
  59     0.60003      0.3009
  60     0.61003     0.30967
  61     0.62003     0.31861
  62     0.63002     0.32772
  63     0.64005     0.33703
  64     0.65001     0.34644
  65     0.66002     0.35609
  66     0.67001     0.36592
  67     0.68002     0.37599
  68     0.69001     0.38628
  69     0.70006     0.39685
  70        0.71     0.40754
  71     0.72001     0.41854
  72     0.73003     0.42979
  73     0.74001     0.44124
  74     0.75012     0.45314
  75     0.76002     0.46506
  76     0.77002     0.47739
  77     0.78001     0.49004
  78     0.79002     0.50304
  79     0.80004     0.51642
  80     0.81001     0.53006
  81     0.82002     0.54413
  82     0.83004     0.55867
  83     0.84004     0.57368
  84     0.85002     0.58917
  85     0.86001     0.60525
  86     0.87001     0.62192
  87        0.88      0.6392
  88        0.89     0.65719
  89     0.90002     0.67598
  90     0.91001     0.69571
  91     0.92002     0.71655
  92     0.93002     0.73866
  93     0.94001     0.76234
  94     0.95001     0.78795
  95     0.96001     0.81613
  96     0.97002     0.84801
  97     0.98002     0.88529
  98     0.99005     0.93064
  99           1           1
-----------------------------------------

----------------- PPP$ and local currency --------------
         PPP used in computation: 1.16434
     Data mean in local currency: 174.026
               Data mean in PPP$: 294.324
        Poverty line in PPP$/Day: 1.9
      Poverty line in PPP$/Month: 57.7917
  Poverty line in local currency: 34.1707
-------------------------------------------------------

----------------- Estimation result --------------
     Number of observation: 24861
          Total population: 6.91956E+07
              Total wealth: 1.03422E+10(PPP$)
                   Minimum: 15.853(PPP$)
                   Maximum: 9212.87(PPP$)
             Headcount(HC): 0.0374085
          Poverty gap (PG): 0.00748754
       Poverty gap squared: 0.0021059
                      Gini: 0.421843
                    Median: 213.226
                       MLD: 0.302732
                      Watt: 0.00884893
--------------------------------------------------

-------------------------------- Income or Consumption share by deciles (%) -------------------------------------
     2.1024     3.4068     4.4757     5.5233      6.649     7.9304     9.5916     11.957     15.958     32.406
-----------------------------------------------------------------------------------------------------------------


