

**********************************************************************************************
**                                   Basic Information                                      **
**********************************************************************************************

----------------- Dataset Information -----------------
                         Country: Turkey
                    Country dode: TUR
                       Data Year: 2007
                        Coverage: National
             Welfare measurement: Consumption
                     Data format: Unit record
                     Data source: TUR_N2007X
                  Data time span: UnDefined
-------------------------------------------------------


----------- Distribution ------------
   i           P           L 
-------------------------------------
   0    0.010072   0.0012538
   1    0.020015   0.0027387
   2    0.030443   0.0046009
   3    0.040091   0.0064958
   4    0.050178    0.008638
   5    0.060054     0.01088
   6    0.070015    0.013309
   7    0.080011      0.0159
   8    0.090014     0.01863
   9     0.10007    0.021503
  10     0.11006    0.024491
  11      0.1202    0.027676
  12     0.13008    0.030896
  13     0.14005    0.034304
  14     0.15003     0.03787
  15     0.16029    0.041669
  16     0.17006    0.045407
  17      0.1801    0.049361
  18     0.19012     0.05343
  19     0.20007    0.057617
  20     0.21008    0.061966
  21     0.22026     0.06652
  22     0.23034    0.071143
  23        0.24    0.075677
  24     0.25007    0.080522
  25     0.26002    0.085437
  26     0.27008    0.090529
  27     0.28007    0.095714
  28        0.29       0.101
  29     0.30004     0.10647
  30     0.31001     0.11199
  31      0.3201     0.11768
  32     0.33006     0.12343
  33     0.34011     0.12936
  34     0.35002      0.1353
  35     0.36006     0.14143
  36     0.37023     0.14779
  37     0.38009     0.15408
  38      0.3901     0.16057
  39     0.40002     0.16714
  40     0.41048     0.17417
  41     0.42004     0.18069
  42     0.43029     0.18782
  43     0.44009     0.19476
  44     0.45001      0.2019
  45     0.46005     0.20925
  46     0.47013     0.21675
  47     0.48007     0.22426
  48     0.49014     0.23199
  49     0.50028     0.23992
  50     0.51008     0.24773
  51        0.52     0.25576
  52      0.5301     0.26405
  53     0.54004     0.27239
  54     0.55005     0.28094
  55     0.56002     0.28959
  56     0.57034     0.29869
  57     0.58003     0.30734
  58     0.59018     0.31656
  59     0.60023     0.32583
  60     0.61017     0.33517
  61     0.62003      0.3446
  62        0.63     0.35431
  63     0.64004     0.36424
  64     0.65009     0.37436
  65     0.66003     0.38452
  66     0.67007       0.395
  67     0.68009     0.40565
  68     0.69013     0.41653
  69     0.70001     0.42746
  70     0.71013     0.43889
  71     0.72004     0.45029
  72     0.73014     0.46215
  73     0.74013     0.47413
  74     0.75005     0.48635
  75     0.76003     0.49898
  76     0.77002     0.51196
  77     0.78016     0.52547
  78      0.7901     0.53906
  79     0.80002       0.553
  80     0.81001     0.56743
  81        0.82     0.58234
  82     0.83005     0.59779
  83     0.84008     0.61361
  84        0.85     0.62963
  85     0.86004     0.64623
  86     0.87013     0.66344
  87     0.88016     0.68103
  88     0.89003     0.69895
  89      0.9001     0.71786
  90     0.91001     0.73727
  91     0.92003     0.75786
  92        0.93     0.77921
  93     0.94004     0.80213
  94     0.95033     0.82732
  95     0.96001     0.85266
  96     0.97001     0.88122
  97     0.98009     0.91327
  98     0.99002     0.95014
  99           1           1
-----------------------------------------

----------------- PPP$ and local currency --------------
         PPP used in computation: 1.16434
     Data mean in local currency: 337.334
               Data mean in PPP$: 392.993
        Poverty line in PPP$/Day: 1.9
      Poverty line in PPP$/Month: 57.7917
  Poverty line in local currency: 49.6066
-------------------------------------------------------

----------------- Estimation result --------------
     Number of observation: 8459
          Total population: 6.89008E+07
              Total wealth: 1.9962E+10(PPP$)
                   Minimum: 31.5972(PPP$)
                   Maximum: 2973.63(PPP$)
             Headcount(HC): 0.0142707
          Poverty gap (PG): 0.0017361
       Poverty gap squared: 0.000280064
                      Gini: 0.384428
                    Median: 310.102
                       MLD: 0.255799
                      Watt: 0.00189683
--------------------------------------------------

-------------------------------- Income or Consumption share by deciles (%) -------------------------------------
     2.1484     3.6102     4.8855     6.0684     7.2582     8.5911     10.183     12.552     16.471     28.232
-----------------------------------------------------------------------------------------------------------------


