

**********************************************************************************************
**                                   Basic Information                                      **
**********************************************************************************************

----------------- Dataset Information -----------------
                         Country: Turkey
                    Country dode: TUR
                       Data Year: 2005
                        Coverage: National
             Welfare measurement: Consumption
                     Data format: Unit record
                     Data source: TUR_N2005X
                  Data time span: UnDefined
-------------------------------------------------------


----------- Distribution ------------
   i           P           L 
-------------------------------------
   0    0.010214   0.0010335
   1     0.02022   0.0024236
   2    0.030064   0.0039556
   3    0.040077   0.0056701
   4    0.050057   0.0075381
   5    0.060417   0.0096377
   6    0.070109    0.011732
   7    0.080118    0.014014
   8     0.09002    0.016418
   9         0.1    0.018976
  10     0.11015    0.021709
  11     0.12018    0.024538
  12     0.13022    0.027494
  13     0.14006    0.030522
  14     0.15023    0.033786
  15      0.1602    0.037098
  16     0.17006    0.040518
  17     0.18001    0.044091
  18     0.19005    0.047809
  19     0.20013    0.051659
  20     0.21004    0.055543
  21     0.22012    0.059613
  22     0.23052    0.063939
  23     0.24019    0.068078
  24     0.25008     0.07242
  25      0.2601    0.076925
  26     0.27003    0.081518
  27     0.28017    0.086321
  28     0.29002     0.09109
  29     0.30002     0.09605
  30        0.31      0.1011
  31     0.32003     0.10627
  32     0.33008     0.11157
  33     0.34003     0.11691
  34     0.35018     0.12246
  35     0.36008     0.12797
  36     0.37001     0.13361
  37      0.3801     0.13946
  38     0.39017     0.14543
  39     0.40011     0.15146
  40     0.41012     0.15765
  41     0.42003     0.16391
  42     0.43029     0.17053
  43     0.44011     0.17698
  44     0.45004     0.18361
  45     0.46004      0.1904
  46     0.47001      0.1973
  47     0.48004     0.20439
  48     0.49006      0.2116
  49     0.50022     0.21905
  50     0.51008     0.22643
  51     0.52004       0.234
  52     0.53009     0.24179
  53     0.54005     0.24964
  54     0.55029     0.25784
  55     0.56005     0.26581
  56     0.57006     0.27415
  57     0.58013     0.28264
  58     0.59009     0.29119
  59     0.60035     0.30015
  60     0.61003     0.30877
  61     0.62003     0.31786
  62        0.63     0.32711
  63     0.64008     0.33666
  64     0.65008     0.34632
  65     0.66019      0.3563
  66     0.67013     0.36628
  67     0.68011     0.37646
  68     0.69002     0.38674
  69     0.70006     0.39737
  70      0.7101     0.40822
  71     0.72001     0.41918
  72     0.73015     0.43061
  73     0.74009     0.44207
  74     0.75005     0.45381
  75     0.76005     0.46588
  76     0.77026     0.47846
  77     0.78001     0.49071
  78     0.79026      0.5039
  79         0.8     0.51673
  80     0.81009     0.53031
  81     0.82009     0.54411
  82     0.83004     0.55818
  83     0.84004     0.57279
  84      0.8501     0.58799
  85     0.86006     0.60355
  86     0.87006      0.6198
  87     0.88001     0.63653
  88     0.89004     0.65406
  89     0.90004     0.67244
  90     0.91003     0.69177
  91     0.92013     0.71258
  92     0.93011     0.73444
  93     0.94021     0.75814
  94     0.95005     0.78342
  95     0.96009      0.8121
  96     0.97003     0.84406
  97     0.98005     0.88151
  98     0.99002     0.92645
  99           1           1
-----------------------------------------

----------------- PPP$ and local currency --------------
         PPP used in computation: 1.16434
     Data mean in local currency: 267.092
               Data mean in PPP$: 370.886
        Poverty line in PPP$/Day: 1.9
      Poverty line in PPP$/Month: 57.7917
  Poverty line in local currency: 41.6185
-------------------------------------------------------

----------------- Estimation result --------------
     Number of observation: 8506
          Total population: 7.16047E+07
              Total wealth: 1.64256E+10(PPP$)
                   Minimum: 10.5711(PPP$)
                   Maximum: 7431.39(PPP$)
             Headcount(HC): 0.0259926
          Poverty gap (PG): 0.00481058
       Poverty gap squared: 0.00154468
                      Gini: 0.426147
                    Median: 275.01
                       MLD: 0.315942
                      Watt: 0.00591728
--------------------------------------------------

-------------------------------- Income or Consumption share by deciles (%) -------------------------------------
     1.8976     3.2633      4.443     5.5352       6.75     8.0952     9.7456     11.943     15.563     32.764
-----------------------------------------------------------------------------------------------------------------


