

**********************************************************************************************
**                                   Basic Information                                      **
**********************************************************************************************

----------------- Dataset Information -----------------
                         Country: Turkey
                    Country dode: TUR
                       Data Year: 2012
                        Coverage: National
             Welfare measurement: Consumption
                     Data format: Unit record
                     Data source: TUR_N2012X
                  Data time span: UnDefined
-------------------------------------------------------


----------- Distribution ------------
   i           P           L 
-------------------------------------
   0    0.010007   0.0012479
   1    0.020028   0.0028054
   2    0.030011   0.0045628
   3    0.040015   0.0065419
   4    0.050074   0.0086934
   5     0.06013    0.011032
   6    0.070017    0.013479
   7    0.080004    0.016104
   8    0.090034    0.018918
   9     0.10025     0.02193
  10     0.11039    0.025039
  11     0.12009    0.028112
  12        0.13    0.031385
  13     0.14012    0.034859
  14     0.15008    0.038428
  15     0.16016    0.042128
  16     0.17016    0.045908
  17     0.18008    0.049792
  18     0.19001    0.053788
  19     0.20011    0.057957
  20     0.21002    0.062156
  21     0.22015    0.066576
  22     0.23021    0.071086
  23        0.24     0.07559
  24     0.25001    0.080304
  25     0.26036     0.08528
  26     0.27004    0.090041
  27     0.28011    0.095083
  28     0.29012     0.10019
  29     0.30015     0.10542
  30     0.31017     0.11076
  31     0.32014     0.11618
  32     0.33015     0.12171
  33      0.3401     0.12732
  34     0.35001     0.13302
  35     0.36013     0.13895
  36     0.37029       0.145
  37     0.38002     0.15089
  38     0.39008     0.15709
  39     0.40006     0.16334
  40      0.4105     0.16999
  41     0.42016     0.17625
  42      0.4306     0.18314
  43     0.44016     0.18955
  44     0.45036     0.19652
  45     0.46037     0.20347
  46     0.47043     0.21057
  47      0.4801     0.21751
  48     0.49015     0.22485
  49     0.50012     0.23224
  50     0.51001     0.23967
  51     0.52011     0.24741
  52     0.53017     0.25526
  53     0.54016     0.26321
  54     0.55013     0.27128
  55     0.56031      0.2797
  56     0.57112     0.28883
  57     0.58029      0.2967
  58     0.59011      0.3053
  59     0.60034     0.31441
  60     0.61033     0.32344
  61     0.62013     0.33245
  62     0.63023      0.3419
  63     0.64011     0.35129
  64     0.65005     0.36093
  65     0.66017     0.37092
  66     0.67006     0.38087
  67     0.68004     0.39113
  68     0.69017     0.40177
  69     0.70011     0.41241
  70     0.71012     0.42337
  71     0.72011     0.43459
  72     0.73013     0.44606
  73     0.74025     0.45792
  74     0.75019     0.46985
  75      0.7602     0.48218
  76     0.77005     0.49457
  77     0.78002      0.5074
  78     0.79006     0.52063
  79     0.80007     0.53418
  80     0.81003     0.54803
  81        0.82     0.56227
  82     0.83003     0.57698
  83     0.84002     0.59209
  84     0.85002     0.60768
  85     0.86007     0.62388
  86     0.87007     0.64055
  87     0.88011     0.65797
  88     0.89002     0.67599
  89     0.90002     0.69499
  90     0.91001     0.71499
  91     0.92004     0.73617
  92     0.93006     0.75857
  93     0.94002     0.78202
  94     0.95012     0.80764
  95     0.96008     0.83501
  96     0.97001     0.86577
  97     0.98011     0.90085
  98     0.99002     0.94034
  99           1           1
-----------------------------------------

----------------- PPP$ and local currency --------------
         PPP used in computation: 1.16434
     Data mean in local currency: 630.209
               Data mean in PPP$: 497.061
        Poverty line in PPP$/Day: 1.9
      Poverty line in PPP$/Month: 57.7917
  Poverty line in local currency: 73.2724
-------------------------------------------------------

----------------- Estimation result --------------
     Number of observation: 6514
          Total population: 7.36035E+07
              Total wealth: 3.98385E+10(PPP$)
                   Minimum: 56.5412(PPP$)
                   Maximum: 9473.16(PPP$)
             Headcount(HC): 0.00257269
          Poverty gap (PG): 8.01137E-05
       Poverty gap squared: 5.28096E-06
                      Gini: 0.401689
                    Median: 370.543
                       MLD: 0.27476
                      Watt: 8.2907E-05
--------------------------------------------------

-------------------------------- Income or Consumption share by deciles (%) -------------------------------------
     2.1856     3.6056     4.7426     5.7968     6.8839     8.1956     9.8191     12.179     16.088     30.504
-----------------------------------------------------------------------------------------------------------------


