

**********************************************************************************************
**                                   Basic Information                                      **
**********************************************************************************************

----------------- Dataset Information -----------------
                         Country: Turkey
                    Country dode: TUR
                       Data Year: 2002
                        Coverage: National
             Welfare measurement: Consumption
                     Data format: Unit record
                     Data source: TUR_N2002X
                  Data time span: UnDefined
-------------------------------------------------------


----------- Distribution ------------
   i           P           L 
-------------------------------------
   0    0.010048   0.0014878
   1    0.020112    0.003251
   2     0.03038   0.0052358
   3    0.040046   0.0072396
   4    0.050066   0.0095131
   5    0.060036    0.011904
   6    0.070258    0.014505
   7    0.080225     0.01717
   8    0.090102    0.019938
   9     0.10026    0.022903
  10     0.11018    0.025896
  11     0.12002    0.028978
  12     0.13003    0.032199
  13     0.14006    0.035547
  14      0.1503    0.039069
  15     0.16024    0.042586
  16     0.17017    0.046197
  17     0.18008    0.049894
  18     0.19001    0.053713
  19      0.2002    0.057722
  20     0.21033    0.061809
  21     0.22002     0.06584
  22     0.23027    0.070205
  23     0.24001    0.074468
  24     0.25002    0.078946
  25     0.26011    0.083556
  26      0.2701    0.088204
  27     0.28018    0.092986
  28     0.29001     0.09777
  29     0.30023     0.10287
  30     0.31003     0.10786
  31     0.32036     0.11325
  32     0.33094     0.11889
  33     0.34001     0.12383
  34     0.35004     0.12939
  35     0.36012     0.13509
  36      0.3705     0.14106
  37     0.38002     0.14662
  38      0.3901     0.15263
  39     0.40008     0.15868
  40     0.41004     0.16484
  41        0.42     0.17115
  42     0.43035     0.17785
  43     0.44012      0.1843
  44     0.45008     0.19101
  45      0.4603     0.19803
  46      0.4704     0.20507
  47     0.48023     0.21203
  48     0.49003     0.21907
  49     0.50032     0.22659
  50     0.51034     0.23404
  51     0.52006      0.2414
  52     0.53025     0.24922
  53     0.54017     0.25695
  54     0.55034     0.26504
  55     0.56006      0.2729
  56     0.57089      0.2818
  57     0.58011     0.28948
  58     0.59014     0.29799
  59     0.60007     0.30655
  60     0.61004     0.31531
  61      0.6204     0.32462
  62     0.63009     0.33348
  63     0.64016     0.34289
  64     0.65011     0.35237
  65     0.66017     0.36214
  66     0.67018     0.37204
  67     0.68024     0.38221
  68     0.69019     0.39251
  69     0.70024     0.40317
  70     0.71002     0.41381
  71     0.72004     0.42492
  72     0.73009     0.43631
  73     0.74019     0.44789
  74     0.75012     0.45952
  75     0.76002     0.47143
  76     0.77007     0.48384
  77     0.78031     0.49685
  78     0.79008     0.50956
  79     0.80017     0.52297
  80      0.8104     0.53695
  81     0.82011     0.55063
  82     0.83017     0.56524
  83     0.84015     0.58015
  84     0.85004     0.59532
  85     0.86003     0.61118
  86     0.87001     0.62772
  87     0.88001     0.64493
  88     0.89016     0.66302
  89     0.90008     0.68156
  90     0.91018     0.70129
  91     0.92007     0.72162
  92     0.93005     0.74348
  93     0.94003      0.7665
  94     0.95009     0.79139
  95     0.96002     0.81831
  96     0.97005     0.84911
  97     0.98004     0.88553
  98     0.99003     0.92854
  99           1           1
-----------------------------------------

----------------- PPP$ and local currency --------------
         PPP used in computation: 1.16434
     Data mean in local currency: 150.542
               Data mean in PPP$: 319.012
        Poverty line in PPP$/Day: 1.9
      Poverty line in PPP$/Month: 57.7917
  Poverty line in local currency: 27.2719
-------------------------------------------------------

----------------- Estimation result --------------
     Number of observation: 9456
          Total population: 6.8393E+07
              Total wealth: 8.84279E+09(PPP$)
                   Minimum: 16.2047(PPP$)
                   Maximum: 4095.63(PPP$)
             Headcount(HC): 0.0171228
          Poverty gap (PG): 0.00219327
       Poverty gap squared: 0.000388172
                      Gini: 0.413964
                    Median: 235.179
                       MLD: 0.288698
                      Watt: 0.00241896
--------------------------------------------------

-------------------------------- Income or Consumption share by deciles (%) -------------------------------------
     2.2826     3.4818     4.5111      5.588     6.7716     8.0129     9.6433     11.983     15.866     31.859
-----------------------------------------------------------------------------------------------------------------


