

**********************************************************************************************
**                                   Basic Information                                      **
**********************************************************************************************

----------------- Dataset Information -----------------
                         Country: Turkey
                    Country dode: TUR
                       Data Year: 2013
                        Coverage: National
             Welfare measurement: Consumption
                     Data format: Unit record
                     Data source: TUR_N2013X
                  Data time span: UnDefined
-------------------------------------------------------


----------- Distribution ------------
   i           P           L 
-------------------------------------
   0    0.010017   0.0011754
   1    0.020007    0.002714
   2     0.03004   0.0045152
   3    0.040025   0.0065425
   4    0.050002   0.0087586
   5     0.06009     0.01117
   6    0.070037    0.013707
   7    0.080028    0.016376
   8    0.090321    0.019274
   9     0.10012    0.022185
  10     0.11003    0.025272
  11     0.12006    0.028519
  12     0.13021     0.03191
  13     0.14003    0.035287
  14     0.15015    0.038879
  15     0.16003    0.042505
  16     0.17004    0.046301
  17     0.18014    0.050276
  18     0.19007    0.054314
  19     0.20024    0.058556
  20     0.21011    0.062783
  21     0.22001    0.067137
  22     0.23016    0.071704
  23     0.24008    0.076264
  24     0.25001    0.080922
  25     0.26007    0.085734
  26     0.27017    0.090642
  27     0.28011    0.095576
  28     0.29023     0.10072
  29     0.30003     0.10579
  30     0.31013     0.11114
  31     0.32005      0.1165
  32      0.3301     0.12202
  33     0.34018     0.12765
  34     0.35004     0.13328
  35     0.36006      0.1391
  36     0.37006     0.14501
  37        0.38     0.15097
  38     0.39008     0.15715
  39     0.40011     0.16342
  40     0.41005     0.16975
  41     0.42001     0.17621
  42     0.43003     0.18282
  43     0.44017     0.18964
  44     0.45004     0.19639
  45     0.46005     0.20338
  46     0.47004     0.21048
  47     0.48001     0.21769
  48     0.49008      0.2251
  49     0.50004     0.23256
  50     0.51027     0.24033
  51     0.52003     0.24787
  52     0.53009     0.25577
  53     0.54025      0.2639
  54     0.55006     0.27188
  55     0.56002     0.28015
  56     0.57002     0.28859
  57     0.58006      0.2972
  58     0.59009     0.30597
  59     0.60003     0.31482
  60     0.61008     0.32391
  61     0.62013     0.33315
  62     0.63003     0.34242
  63     0.64006     0.35201
  64     0.65001      0.3617
  65     0.66021     0.37182
  66     0.67009      0.3818
  67     0.68021     0.39224
  68     0.69007     0.40262
  69     0.70002     0.41327
  70     0.71007     0.42426
  71     0.72004     0.43539
  72     0.73006     0.44678
  73     0.74011     0.45848
  74     0.75001      0.4703
  75     0.76004     0.48254
  76        0.77     0.49499
  77     0.78004     0.50782
  78     0.79005     0.52091
  79         0.8     0.53424
  80     0.81005     0.54805
  81     0.82001     0.56213
  82     0.83004     0.57676
  83     0.84002      0.5918
  84     0.85012     0.60748
  85        0.86     0.62339
  86     0.87005     0.64011
  87     0.88004     0.65747
  88     0.89016     0.67574
  89     0.90001     0.69422
  90     0.91004     0.71382
  91     0.92015     0.73452
  92     0.93011     0.75602
  93     0.94011      0.7791
  94        0.95     0.80361
  95     0.96004     0.83054
  96     0.97003     0.86001
  97     0.98005     0.89389
  98     0.99009     0.93488
  99           1           1
-----------------------------------------

----------------- PPP$ and local currency --------------
         PPP used in computation: 1.16434
     Data mean in local currency: 704.971
               Data mean in PPP$: 517.268
        Poverty line in PPP$/Day: 1.9
      Poverty line in PPP$/Month: 57.7917
  Poverty line in local currency: 78.7627
-------------------------------------------------------

----------------- Estimation result --------------
     Number of observation: 10009
          Total population: 7.44512E+07
              Total wealth: 4.50777E+10(PPP$)
                   Minimum: 33.9825(PPP$)
                   Maximum: 16327.1(PPP$)
             Headcount(HC): 0.00331947
          Poverty gap (PG): 0.000576108
       Poverty gap squared: 0.000174668
                      Gini: 0.401785
                    Median: 390.37
                       MLD: 0.275519
                      Watt: 0.00069877
--------------------------------------------------

-------------------------------- Income or Consumption share by deciles (%) -------------------------------------
     2.2149     3.6307     4.7321      5.758     6.9167     8.2267     9.8466     12.098     15.997     30.579
-----------------------------------------------------------------------------------------------------------------


