

**********************************************************************************************
**                                   Basic Information                                      **
**********************************************************************************************

----------------- Dataset Information -----------------
                         Country: Turkey
                    Country dode: TUR
                       Data Year: 2006
                        Coverage: National
             Welfare measurement: Consumption
                     Data format: Unit record
                     Data source: TUR_N2006X
                  Data time span: UnDefined
-------------------------------------------------------


----------- Distribution ------------
   i           P           L 
-------------------------------------
   0    0.010009   0.0011726
   1    0.020312   0.0026632
   2     0.03003   0.0043007
   3    0.040038   0.0061861
   4    0.050116   0.0082852
   5    0.060123    0.010547
   6    0.070039    0.012913
   7    0.080054    0.015418
   8    0.090021    0.018054
   9     0.10015    0.020868
  10     0.11002    0.023735
  11     0.12013    0.026829
  12     0.13002    0.030017
  13     0.14007    0.033378
  14     0.15002    0.036828
  15     0.16007    0.040456
  16     0.17004     0.04418
  17     0.18014    0.048082
  18     0.19007    0.052045
  19         0.2    0.056115
  20      0.2103    0.060463
  21     0.22013    0.064722
  22     0.23104     0.06956
  23     0.24004    0.073645
  24     0.25004    0.078306
  25     0.26001    0.083067
  26     0.27001     0.08793
  27     0.28004      0.0929
  28     0.29005    0.097983
  29     0.30001     0.10316
  30     0.31001     0.10847
  31      0.3201     0.11393
  32     0.33013     0.11951
  33     0.34004     0.12511
  34     0.35013     0.13094
  35     0.36009     0.13681
  36     0.37003      0.1428
  37     0.38011     0.14904
  38     0.39022     0.15543
  39     0.40009     0.16178
  40     0.41007     0.16832
  41     0.42005     0.17496
  42     0.43002     0.18174
  43     0.44015     0.18877
  44     0.45003     0.19576
  45     0.46007     0.20296
  46     0.47011     0.21027
  47     0.48011      0.2177
  48        0.49      0.2252
  49     0.50004     0.23294
  50     0.51018      0.2409
  51     0.52011     0.24885
  52     0.53012     0.25705
  53     0.54015      0.2654
  54     0.55001     0.27375
  55     0.56002     0.28236
  56     0.57022     0.29128
  57        0.58         0.3
  58     0.59001     0.30907
  59     0.60018     0.31845
  60     0.61003     0.32771
  61     0.62009     0.33731
  62      0.6302     0.34712
  63     0.64002     0.35678
  64     0.65006      0.3668
  65      0.6603     0.37724
  66      0.6701     0.38744
  67     0.68006       0.398
  68     0.69022     0.40897
  69     0.70009     0.41983
  70     0.71015     0.43112
  71        0.72      0.4424
  72     0.73004     0.45412
  73     0.74001     0.46598
  74     0.75003     0.47818
  75     0.76021     0.49087
  76     0.77019      0.5036
  77     0.78016     0.51666
  78     0.79024     0.53021
  79     0.80007     0.54374
  80     0.81019     0.55802
  81     0.82001     0.57217
  82     0.83004     0.58698
  83     0.84005     0.60219
  84     0.85003     0.61782
  85     0.86004       0.634
  86     0.87001      0.6507
  87     0.88003     0.66796
  88     0.89006     0.68593
  89     0.90003      0.7044
  90     0.91006     0.72382
  91     0.92001     0.74406
  92     0.93002     0.76568
  93     0.94006     0.78883
  94     0.95015     0.81404
  95     0.96003     0.84063
  96     0.97013     0.87066
  97     0.98009     0.90399
  98     0.99003     0.94251
  99           1           1
-----------------------------------------

----------------- PPP$ and local currency --------------
         PPP used in computation: 1.16434
     Data mean in local currency: 294.169
               Data mean in PPP$: 372.715
        Poverty line in PPP$/Day: 1.9
      Poverty line in PPP$/Month: 57.7917
  Poverty line in local currency: 45.6127
-------------------------------------------------------

----------------- Estimation result --------------
     Number of observation: 8480
          Total population: 7.26058E+07
              Total wealth: 1.83437E+10(PPP$)
                   Minimum: 25.0442(PPP$)
                   Maximum: 3821.81(PPP$)
             Headcount(HC): 0.0187651
          Poverty gap (PG): 0.00315155
       Poverty gap squared: 0.000706454
                      Gini: 0.396474
                    Median: 289.622
                       MLD: 0.272432
                      Watt: 0.00358228
--------------------------------------------------

-------------------------------- Income or Consumption share by deciles (%) -------------------------------------
     2.0827     3.5287     4.7035     5.8577     7.1187     8.5373     10.145     12.391     16.071     29.565
-----------------------------------------------------------------------------------------------------------------


