

**********************************************************************************************
**                                   Basic Information                                      **
**********************************************************************************************

----------------- Dataset Information -----------------
                         Country: Turkey
                    Country dode: TUR
                       Data Year: 2008
                        Coverage: National
             Welfare measurement: Consumption
                     Data format: Unit record
                     Data source: TUR_N2008X
                  Data time span: UnDefined
-------------------------------------------------------


----------- Distribution ------------
   i           P           L 
-------------------------------------
   0    0.010281   0.0011543
   1    0.020028   0.0026574
   2    0.030419   0.0044216
   3    0.040157   0.0062637
   4     0.05013   0.0083291
   5     0.06008    0.010502
   6    0.070062    0.012824
   7     0.08007    0.015306
   8    0.090009    0.017939
   9     0.10003    0.020793
  10     0.11003    0.023799
  11     0.12011    0.026987
  12     0.13041    0.030377
  13     0.14018    0.033707
  14      0.1503    0.037293
  15     0.16017    0.040955
  16        0.17     0.04471
  17     0.18001    0.048647
  18     0.19004    0.052735
  19     0.20004    0.056944
  20     0.21011    0.061314
  21     0.22017     0.06581
  22     0.23001    0.070322
  23        0.24     0.07502
  24     0.25002    0.079861
  25     0.26005    0.084813
  26      0.2701    0.089899
  27     0.28021     0.09514
  28     0.29014     0.10041
  29     0.30011     0.10583
  30     0.31002     0.11131
  31      0.3202     0.11706
  32     0.33014     0.12278
  33     0.34046     0.12883
  34     0.35003     0.13454
  35     0.36017     0.14072
  36     0.37007     0.14687
  37     0.38016     0.15325
  38     0.39004     0.15961
  39     0.40004     0.16619
  40     0.41001     0.17288
  41     0.42001     0.17971
  42     0.43002     0.18665
  43      0.4404     0.19396
  44      0.4501     0.20091
  45     0.46018     0.20826
  46     0.47017     0.21568
  47     0.48023     0.22329
  48     0.49002     0.23083
  49     0.50006     0.23871
  50     0.51008      0.2467
  51     0.52019     0.25491
  52     0.53005     0.26307
  53     0.54008     0.27152
  54     0.55001     0.28001
  55     0.56002      0.2887
  56     0.57013     0.29763
  57     0.58008     0.30652
  58     0.59005     0.31556
  59     0.60003     0.32477
  60     0.61001     0.33414
  61      0.6201     0.34382
  62      0.6302     0.35364
  63     0.64003     0.36335
  64     0.65008     0.37343
  65     0.66007     0.38362
  66     0.67002     0.39394
  67      0.6801     0.40459
  68     0.69014     0.41544
  69     0.70005     0.42634
  70     0.71018     0.43769
  71     0.72004     0.44894
  72     0.73043     0.46101
  73     0.74044      0.4729
  74     0.75002     0.48449
  75     0.76005      0.4968
  76     0.77016      0.5095
  77     0.78002     0.52215
  78     0.79016     0.53546
  79     0.80028     0.54907
  80     0.81002     0.56244
  81     0.82007     0.57656
  82     0.83001      0.5909
  83     0.84012     0.60589
  84     0.85016     0.62119
  85     0.86004     0.63669
  86     0.87005     0.65295
  87     0.88006     0.66984
  88     0.89005     0.68739
  89     0.90016     0.70588
  90     0.91013     0.72485
  91     0.92001     0.74446
  92     0.93012     0.76577
  93     0.94007     0.78809
  94     0.95006     0.81179
  95     0.96006      0.8378
  96     0.97021     0.86749
  97     0.98004     0.90022
  98     0.99007     0.94026
  99           1           1
-----------------------------------------

----------------- PPP$ and local currency --------------
         PPP used in computation: 1.16434
     Data mean in local currency: 412.169
               Data mean in PPP$: 434.769
        Poverty line in PPP$/Day: 1.9
      Poverty line in PPP$/Month: 57.7917
  Poverty line in local currency: 54.7876
-------------------------------------------------------

----------------- Estimation result --------------
     Number of observation: 8503
          Total population: 6.97207E+07
              Total wealth: 2.46807E+10(PPP$)
                   Minimum: 13.8605(PPP$)
                   Maximum: 4685.05(PPP$)
             Headcount(HC): 0.00622379
          Poverty gap (PG): 0.00176163
       Poverty gap squared: 0.000769897
                      Gini: 0.390205
                    Median: 344.121
                       MLD: 0.265955
                      Watt: 0.00238688
--------------------------------------------------

-------------------------------- Income or Consumption share by deciles (%) -------------------------------------
     2.0783     3.6146     4.8838       6.04     7.2493     8.6088     10.154     12.241      15.69     29.441
-----------------------------------------------------------------------------------------------------------------


