

**********************************************************************************************
**                                   Basic Information                                      **
**********************************************************************************************

----------------- Dataset Information -----------------
                         Country: Tanzania
                    Country dode: TZA
                       Data Year: 2000
                        Coverage: National
             Welfare measurement: Consumption
                     Data format: Unit record
                     Data source: TZA_N2000X
                  Data time span: UnDefined
-------------------------------------------------------


----------- Distribution ------------
   i           P           L 
-------------------------------------
   0    0.010348   0.0015788
   1    0.020077   0.0035592
   2    0.030374   0.0060188
   3    0.040548   0.0086758
   4    0.050024     0.01125
   5     0.06004    0.014095
   6     0.07016      0.0171
   7    0.080468    0.020306
   8    0.090065    0.023445
   9     0.10001    0.026812
  10     0.11018     0.03039
  11     0.12021    0.034053
  12     0.13001    0.037758
  13     0.14007    0.041702
  14     0.15023    0.045807
  15        0.16    0.049889
  16     0.17019    0.054294
  17     0.18031    0.058765
  18     0.19012      0.0632
  19     0.20006    0.067804
  20     0.21001    0.072525
  21     0.22003    0.077364
  22     0.23007     0.08231
  23     0.24019    0.087416
  24     0.25002    0.092449
  25     0.26004    0.097676
  26     0.27049     0.10323
  27     0.28004      0.1084
  28     0.29022     0.11399
  29     0.30035     0.11965
  30     0.31021     0.12525
  31     0.32026     0.13107
  32     0.33014     0.13687
  33     0.34005     0.14278
  34     0.35009     0.14887
  35     0.36001     0.15501
  36     0.37037     0.16152
  37     0.38028     0.16784
  38        0.39     0.17415
  39     0.40001     0.18074
  40     0.41025     0.18755
  41     0.42003     0.19414
  42     0.43002     0.20094
  43     0.44051     0.20818
  44     0.45015     0.21494
  45     0.46025     0.22214
  46      0.4704     0.22948
  47     0.48002     0.23652
  48     0.49039      0.2442
  49     0.50002     0.25143
  50     0.51024     0.25926
  51     0.52002     0.26689
  52     0.53044     0.27518
  53     0.54032     0.28316
  54      0.5502      0.2913
  55     0.56001      0.2995
  56        0.57     0.30798
  57     0.58003     0.31665
  58        0.59     0.32542
  59     0.60005     0.33442
  60     0.61093     0.34438
  61     0.62008      0.3529
  62     0.63119     0.36339
  63     0.64004     0.37184
  64     0.65001     0.38154
  65     0.66128      0.3927
  66     0.67001     0.40146
  67     0.68003     0.41168
  68     0.69028     0.42232
  69     0.70002     0.43269
  70     0.71027     0.44381
  71     0.72007     0.45471
  72     0.73001     0.46599
  73     0.74002     0.47764
  74     0.75004     0.48956
  75     0.76033     0.50209
  76     0.77004     0.51421
  77     0.78017     0.52715
  78     0.79001     0.53997
  79     0.80002     0.55333
  80     0.81001     0.56705
  81     0.82005     0.58123
  82     0.83007     0.59573
  83        0.84     0.61047
  84     0.85002     0.62585
  85     0.86001     0.64172
  86     0.87003      0.6581
  87        0.88     0.67489
  88        0.89     0.69239
  89         0.9     0.71059
  90        0.91     0.72972
  91     0.92018     0.75024
  92     0.93003     0.77132
  93        0.94     0.79397
  94     0.95013     0.81847
  95     0.96003     0.84397
  96     0.97001     0.87189
  97     0.98002     0.90338
  98        0.99     0.94057
  99           1           1
-----------------------------------------

----------------- PPP$ and local currency --------------
         PPP used in computation: 585.52
     Data mean in local currency: 9816.44
               Data mean in PPP$: 37.3648
        Poverty line in PPP$/Day: 1.9
      Poverty line in PPP$/Month: 57.7917
  Poverty line in local currency: 15183
-------------------------------------------------------

----------------- Estimation result --------------
     Number of observation: 21587
          Total population: 3.35779E+07
              Total wealth: 5.62945E+08(PPP$)
                   Minimum: 0.741709(PPP$)
                   Maximum: 803.003(PPP$)
             Headcount(HC): 0.847368
          Poverty gap (PG): 0.445396
       Poverty gap squared: 0.273263
                      Gini: 0.373011
                    Median: 28.282
                       MLD: 0.231628
                      Watt: 0.728321
--------------------------------------------------

-------------------------------- Income or Consumption share by deciles (%) -------------------------------------
     2.6808     4.0969     5.1675     6.1276     7.0693     8.2959     9.8288     12.063     15.729     28.942
-----------------------------------------------------------------------------------------------------------------


