

**********************************************************************************************
**                                   Basic Information                                      **
**********************************************************************************************

----------------- Dataset Information -----------------
                         Country: Tanzania
                    Country dode: TZA
                       Data Year: 2007
                        Coverage: National
             Welfare measurement: Consumption
                     Data format: Unit record
                     Data source: TZA_N2007X
                  Data time span: UnDefined
-------------------------------------------------------


----------- Distribution ------------
   i           P           L 
-------------------------------------
   0    0.010201   0.0013934
   1    0.020665   0.0032849
   2    0.030016   0.0052368
   3    0.040179   0.0075608
   4    0.050369    0.010087
   5    0.060063    0.012621
   6    0.070219     0.01549
   7    0.080025      0.0184
   8    0.090427    0.021646
   9         0.1    0.024763
  10     0.11008    0.028148
  11     0.12008    0.031616
  12     0.13006    0.035184
  13        0.14     0.03884
  14     0.15023    0.042703
  15     0.16004    0.046504
  16     0.17019    0.050532
  17      0.1802    0.054606
  18     0.19016     0.05873
  19     0.20026    0.063025
  20     0.21015    0.067348
  21     0.22002    0.071781
  22     0.23015    0.076427
  23     0.24005    0.081071
  24     0.25013    0.085889
  25     0.26006    0.090734
  26     0.27012    0.095715
  27     0.28002     0.10071
  28     0.29029     0.10599
  29     0.30019     0.11118
  30     0.31011     0.11648
  31     0.32004     0.12189
  32     0.33046     0.12767
  33      0.3401     0.13311
  34      0.3501     0.13889
  35     0.36019     0.14481
  36     0.37004     0.15069
  37      0.3801     0.15678
  38     0.39001     0.16286
  39     0.40001     0.16909
  40     0.41001     0.17543
  41     0.42026     0.18204
  42     0.43008     0.18847
  43     0.44017     0.19518
  44        0.45     0.20181
  45      0.4601     0.20874
  46     0.47005     0.21566
  47     0.48015      0.2228
  48     0.49002     0.22985
  49     0.50009     0.23715
  50     0.51008     0.24451
  51      0.5204     0.25222
  52     0.53001     0.25952
  53        0.54     0.26724
  54     0.55007     0.27514
  55     0.56004     0.28308
  56     0.57018     0.29133
  57        0.58     0.29945
  58     0.59027     0.30811
  59     0.60001     0.31644
  60        0.61     0.32512
  61     0.62004     0.33399
  62     0.63001     0.34294
  63     0.64006     0.35216
  64     0.65007      0.3615
  65     0.66034     0.37128
  66     0.67004      0.3807
  67     0.68002     0.39058
  68     0.69002     0.40067
  69     0.70003     0.41098
  70     0.71022     0.42172
  71     0.72002     0.43227
  72     0.73012      0.4434
  73     0.74005     0.45456
  74     0.75001     0.46599
  75     0.76002     0.47775
  76     0.77004     0.48977
  77     0.78003     0.50208
  78     0.79012      0.5148
  79         0.8     0.52758
  80     0.81003     0.54092
  81     0.82001     0.55458
  82     0.83007     0.56873
  83     0.84011     0.58329
  84     0.85031     0.59849
  85      0.8601     0.61352
  86     0.87008     0.62937
  87      0.8801     0.64582
  88     0.89003     0.66287
  89     0.90029     0.68128
  90     0.91028         0.7
  91     0.92007     0.71957
  92     0.93007     0.74087
  93     0.94001     0.76334
  94     0.95009     0.78777
  95     0.96002     0.81396
  96     0.97003     0.84358
  97     0.98007     0.87847
  98     0.99001     0.92161
  99           1           1
-----------------------------------------

----------------- PPP$ and local currency --------------
         PPP used in computation: 585.52
     Data mean in local currency: 28841.6
               Data mean in PPP$: 75.8198
        Poverty line in PPP$/Day: 1.9
      Poverty line in PPP$/Month: 57.7917
  Poverty line in local currency: 21983.7
-------------------------------------------------------

----------------- Estimation result --------------
     Number of observation: 10458
          Total population: 3.82896E+07
              Total wealth: 1.88607E+09(PPP$)
                   Minimum: 1.41538(PPP$)
                   Maximum: 7581.14(PPP$)
             Headcount(HC): 0.527323
          Poverty gap (PG): 0.189536
       Poverty gap squared: 0.0921074
                      Gini: 0.402791
                    Median: 55.2817
                       MLD: 0.272617
                      Watt: 0.270868
--------------------------------------------------

-------------------------------- Income or Consumption share by deciles (%) -------------------------------------
     2.4761     3.8152     4.8171     5.8001     6.8005     7.9337     9.4523     11.662      15.32     31.923
-----------------------------------------------------------------------------------------------------------------


