

**********************************************************************************************
**                                   Basic Information                                      **
**********************************************************************************************

----------------- Dataset Information -----------------
                         Country: Tanzania
                    Country dode: TZA
                       Data Year: 1991
                        Coverage: National
             Welfare measurement: Consumption
                     Data format: Unit record
                     Data source: TZA_N1991X
                  Data time span: UnDefined
-------------------------------------------------------


----------- Distribution ------------
   i           P           L 
-------------------------------------
   0    0.010797   0.0014714
   1    0.020352   0.0034077
   2    0.032027   0.0061851
   3    0.041061   0.0084745
   4    0.050051    0.010888
   5    0.060062    0.013742
   6    0.070456    0.016906
   7    0.080047    0.020022
   8     0.09068     0.02369
   9     0.10012    0.027036
  10     0.11078    0.030972
  11     0.12016    0.034612
  12      0.1307     0.03886
  13     0.14066    0.043006
  14     0.15045    0.047191
  15     0.16052    0.051609
  16     0.17003    0.055881
  17      0.1807    0.060795
  18     0.19005    0.065281
  19     0.20321    0.071817
  20     0.21043    0.075463
  21     0.22057     0.08067
  22     0.23099    0.086144
  23     0.24011    0.091011
  24     0.25064    0.096713
  25     0.26054     0.10219
  26     0.27024     0.10768
  27     0.28003     0.11333
  28     0.29016     0.11928
  29     0.30008     0.12521
  30     0.31042     0.13149
  31     0.32064     0.13784
  32     0.33009     0.14381
  33     0.34069     0.15058
  34     0.35039     0.15686
  35     0.36007     0.16322
  36     0.37005     0.16986
  37     0.38014     0.17663
  38     0.39045     0.18363
  39      0.4001     0.19028
  40     0.41015      0.1973
  41     0.42005      0.2043
  42     0.43014     0.21154
  43     0.44027     0.21888
  44     0.45083     0.22662
  45     0.46011     0.23352
  46     0.47154     0.24216
  47     0.48005     0.24868
  48     0.49049     0.25683
  49     0.50018     0.26451
  50     0.51001     0.27242
  51     0.52069     0.28112
  52     0.53039     0.28915
  53     0.54057     0.29769
  54     0.55037     0.30598
  55      0.5604     0.31456
  56     0.57032     0.32316
  57     0.58002     0.33169
  58     0.59006     0.34068
  59     0.60001      0.3497
  60     0.61061     0.35945
  61     0.62006      0.3683
  62     0.63015     0.37785
  63     0.64023     0.38756
  64     0.65036     0.39747
  65     0.66091       0.408
  66     0.67016     0.41735
  67     0.68004     0.42747
  68        0.69     0.43793
  69     0.70024     0.44891
  70     0.71089     0.46057
  71      0.7202       0.471
  72     0.73007     0.48231
  73     0.74029     0.49433
  74     0.75011     0.50615
  75     0.76164     0.52037
  76     0.77011     0.53098
  77     0.78005     0.54373
  78     0.79065     0.55773
  79     0.80021     0.57063
  80     0.81008     0.58428
  81     0.82008     0.59848
  82     0.83007     0.61304
  83        0.84     0.62798
  84     0.85004     0.64368
  85     0.86039     0.66029
  86     0.87004     0.67615
  87     0.88015     0.69326
  88     0.89008     0.71078
  89     0.90016     0.72908
  90     0.91022     0.74788
  91     0.92008     0.76699
  92      0.9303     0.78774
  93     0.94021     0.80873
  94     0.95002     0.83074
  95     0.96001     0.85495
  96     0.97004     0.88182
  97     0.98001      0.9117
  98     0.99019      0.9476
  99           1           1
-----------------------------------------

----------------- PPP$ and local currency --------------
         PPP used in computation: 585.52
     Data mean in local currency: 3474.53
               Data mean in PPP$: 52.88
        Poverty line in PPP$/Day: 1.9
      Poverty line in PPP$/Month: 57.7917
  Poverty line in local currency: 3797.25
-------------------------------------------------------

----------------- Estimation result --------------
     Number of observation: 4816
          Total population: 2.45611E+07
              Total wealth: 1.45748E+08(PPP$)
                   Minimum: 0.0700616(PPP$)
                   Maximum: 156.671(PPP$)
             Headcount(HC): 0.70417
          Poverty gap (PG): 0.289512
       Poverty gap squared: 0.151372
                      Gini: 0.352922
                    Median: 42.1877
                       MLD: 0.210665
                      Watt: 0.431938
--------------------------------------------------

-------------------------------- Income or Consumption share by deciles (%) -------------------------------------
     2.6993     4.3231     5.4933     6.5057     7.4159     8.5322     9.8955      12.17     15.844     27.121
-----------------------------------------------------------------------------------------------------------------


