

**********************************************************************************************
**                                   Basic Information                                      **
**********************************************************************************************

----------------- Dataset Information -----------------
                         Country: Uganda
                    Country dode: UGA
                       Data Year: 1996
                        Coverage: National
             Welfare measurement: Consumption
                     Data format: Unit record
                     Data source: UGA_N1996X
                  Data time span: UnDefined
-------------------------------------------------------


----------- Distribution ------------
   i           P           L 
-------------------------------------
   0    0.010579   0.0016788
   1    0.020003   0.0036364
   2    0.030319   0.0060967
   3    0.040161   0.0087026
   4    0.050153    0.011532
   5     0.06046    0.014629
   6    0.070039    0.017635
   7    0.080037     0.02092
   8     0.09008    0.024338
   9     0.10003     0.02782
  10        0.11    0.031391
  11      0.1206    0.035337
  12     0.13049    0.039132
  13      0.1401    0.042882
  14     0.15005    0.046881
  15     0.16006       0.051
  16     0.17036    0.055293
  17     0.18001    0.059405
  18      0.1901    0.063788
  19     0.20028    0.068305
  20     0.21092    0.073124
  21     0.22012    0.077368
  22     0.23025    0.082145
  23     0.24041    0.087005
  24     0.25019    0.091764
  25     0.26056    0.096911
  26     0.27018     0.10176
  27     0.28006     0.10682
  28     0.29001     0.11202
  29     0.30007     0.11737
  30     0.31014     0.12283
  31     0.32043     0.12849
  32     0.33041     0.13409
  33     0.34028     0.13971
  34     0.35017     0.14542
  35     0.36051     0.15148
  36     0.37035     0.15738
  37     0.38043     0.16352
  38     0.39042      0.1697
  39      0.4002     0.17587
  40     0.41032     0.18238
  41     0.42018     0.18881
  42     0.43001     0.19534
  43     0.44019     0.20219
  44     0.45008     0.20895
  45     0.46036      0.2161
  46     0.47001     0.22289
  47     0.48012     0.23009
  48     0.49013     0.23731
  49     0.50019     0.24468
  50     0.51045     0.25231
  51     0.52021     0.25968
  52      0.5301     0.26727
  53     0.54048     0.27536
  54     0.55005     0.28295
  55     0.56027     0.29118
  56     0.57009     0.29921
  57      0.5801     0.30753
  58     0.59001     0.31588
  59     0.60009     0.32459
  60     0.61064     0.33391
  61     0.62013     0.34244
  62     0.63042     0.35183
  63     0.64015     0.36083
  64     0.65002     0.37008
  65     0.66014     0.37973
  66     0.67005     0.38941
  67     0.68024     0.39956
  68     0.69016     0.40963
  69     0.70024     0.42005
  70     0.71005     0.43037
  71     0.72031     0.44134
  72     0.73023     0.45215
  73     0.74016     0.46315
  74     0.75005     0.47431
  75     0.76013     0.48599
  76     0.77003     0.49776
  77     0.78001     0.50996
  78     0.79032      0.5229
  79     0.80003     0.53543
  80     0.81014     0.54875
  81     0.82001     0.56202
  82     0.83031     0.57631
  83     0.84002     0.59011
  84        0.85     0.60479
  85     0.86004     0.62006
  86     0.87003     0.63579
  87     0.88001     0.65204
  88     0.89003     0.66893
  89     0.90008     0.68674
  90        0.91     0.70524
  91      0.9201     0.72506
  92     0.93001     0.74554
  93     0.94013     0.76793
  94     0.95003     0.79185
  95      0.9605     0.82054
  96     0.97096     0.85295
  97     0.98018     0.88466
  98     0.99001     0.92619
  99           1           1
-----------------------------------------

----------------- PPP$ and local currency --------------
         PPP used in computation: 946.89
     Data mean in local currency: 23696.6
               Data mean in PPP$: 66.6858
        Poverty line in PPP$/Day: 1.9
      Poverty line in PPP$/Month: 57.7917
  Poverty line in local currency: 20536.1
-------------------------------------------------------

----------------- Estimation result --------------
     Number of observation: 5831
          Total population: 1
              Total wealth: 25.0257(PPP$)
                   Minimum: 2.35838(PPP$)
                   Maximum: 1246.57(PPP$)
             Headcount(HC): 0.59602
          Poverty gap (PG): 0.225565
       Poverty gap squared: 0.109919
                      Gini: 0.390439
                    Median: 49.1405
                       MLD: 0.252175
                      Watt: 0.320819
--------------------------------------------------

-------------------------------- Income or Consumption share by deciles (%) -------------------------------------
     2.7808     4.0373     4.9154     5.8402     6.8807     7.9962     9.5293     11.559      15.12     31.341
-----------------------------------------------------------------------------------------------------------------


