

**********************************************************************************************
**                                   Basic Information                                      **
**********************************************************************************************

----------------- Dataset Information -----------------
                         Country: Uganda
                    Country dode: UGA
                       Data Year: 1992
                        Coverage: National
             Welfare measurement: Consumption
                     Data format: Unit record
                     Data source: UGA_N1992X
                  Data time span: UnDefined
-------------------------------------------------------


----------- Distribution ------------
   i           P           L 
-------------------------------------
   0    0.010106   0.0013845
   1    0.020077   0.0032313
   2    0.030099   0.0053162
   3    0.040126    0.007605
   4    0.050058    0.010033
   5    0.060051    0.012644
   6    0.070087    0.015413
   7    0.080076    0.018315
   8    0.090443    0.021462
   9     0.10024    0.024564
  10     0.11007    0.027795
  11     0.12027    0.031258
  12     0.13023    0.034746
  13     0.14035    0.038392
  14     0.15011    0.041994
  15     0.16001    0.045736
  16     0.17049    0.049792
  17     0.18011    0.053623
  18     0.19006    0.057679
  19     0.20012    0.061877
  20     0.21036    0.066235
  21     0.22012    0.070491
  22     0.23018    0.074971
  23     0.24027    0.079546
  24     0.25031    0.084201
  25     0.26025    0.088917
  26     0.27004    0.093663
  27     0.28006    0.098616
  28     0.29001     0.10364
  29     0.30001     0.10879
  30     0.31001     0.11406
  31     0.32012     0.11949
  32     0.33001     0.12492
  33     0.34021     0.13061
  34     0.35001     0.13615
  35     0.36006     0.14191
  36     0.37003     0.14772
  37     0.38015     0.15373
  38     0.39007     0.15974
  39     0.40014     0.16593
  40     0.41012     0.17216
  41     0.42001     0.17845
  42     0.43022     0.18505
  43     0.44018      0.1916
  44     0.45003     0.19819
  45     0.46008     0.20504
  46     0.47009     0.21195
  47     0.48017     0.21902
  48      0.4905     0.22637
  49     0.50001     0.23322
  50     0.51039     0.24083
  51     0.52003     0.24801
  52        0.53     0.25555
  53     0.54002     0.26324
  54     0.55051     0.27142
  55     0.56014     0.27906
  56     0.57027     0.28727
  57     0.58006     0.29537
  58     0.59024     0.30391
  59     0.60024     0.31241
  60     0.61015     0.32098
  61     0.62006     0.32968
  62     0.63008     0.33861
  63     0.64009     0.34768
  64     0.65006     0.35687
  65     0.66012      0.3663
  66     0.67002     0.37574
  67     0.68002     0.38542
  68     0.69002     0.39529
  69     0.70003     0.40534
  70     0.71005     0.41563
  71     0.72009     0.42616
  72     0.73009     0.43686
  73     0.74076      0.4485
  74     0.75003     0.45882
  75     0.76016     0.47034
  76     0.77049     0.48239
  77     0.78004     0.49377
  78     0.79003     0.50591
  79     0.80001     0.51832
  80     0.81007     0.53113
  81     0.82004     0.54414
  82     0.83008      0.5576
  83     0.84004      0.5714
  84     0.85011      0.5858
  85     0.86005     0.60049
  86     0.87008     0.61577
  87      0.8801     0.63157
  88     0.89008     0.64791
  89     0.90012     0.66501
  90     0.91008     0.68267
  91     0.92011     0.70136
  92      0.9302     0.72127
  93        0.94     0.74217
  94     0.95002     0.76519
  95      0.9605     0.79215
  96     0.97002     0.81979
  97     0.98012     0.85401
  98     0.99005     0.89979
  99           1           1
-----------------------------------------

----------------- PPP$ and local currency --------------
         PPP used in computation: 946.89
     Data mean in local currency: 15278.1
               Data mean in PPP$: 59.0655
        Poverty line in PPP$/Day: 1.9
      Poverty line in PPP$/Month: 57.7917
  Poverty line in local currency: 14948.6
-------------------------------------------------------

----------------- Estimation result --------------
     Number of observation: 8318
          Total population: 1.00001
              Total wealth: 16.1351(PPP$)
                   Minimum: 0(PPP$)
                   Maximum: 555.933(PPP$)
             Headcount(HC): 0.681077
          Poverty gap (PG): 0.286102
       Poverty gap squared: 0.15354
                      Gini: 0.414293
                    Median: 42.9091
                       MLD: 0.292134
                      Watt: 0.429744
--------------------------------------------------

-------------------------------- Income or Consumption share by deciles (%) -------------------------------------
     2.4488     3.7338     4.6961     5.7054     6.7377     7.8989     9.3107     11.299     14.649      33.52
-----------------------------------------------------------------------------------------------------------------


