

**********************************************************************************************
**                                   Basic Information                                      **
**********************************************************************************************

----------------- Dataset Information -----------------
                         Country: Uganda
                    Country dode: UGA
                       Data Year: 2005
                        Coverage: National
             Welfare measurement: Consumption
                     Data format: Unit record
                     Data source: UGA_N2005X
                  Data time span: UnDefined
-------------------------------------------------------


----------- Distribution ------------
   i           P           L 
-------------------------------------
   0    0.010262   0.0015201
   1    0.020083   0.0033645
   2     0.03011   0.0054872
   3    0.040106   0.0078058
   4    0.050035    0.010249
   5    0.060079    0.012847
   6    0.070038    0.015543
   7    0.080134    0.018396
   8    0.090051     0.02131
   9     0.10009    0.024387
  10     0.11012    0.027578
  11     0.12009    0.030859
  12     0.13033    0.034333
  13     0.14012    0.037759
  14     0.15015    0.041377
  15     0.16015    0.045074
  16     0.17035    0.048931
  17     0.18012    0.052691
  18     0.19005    0.056588
  19     0.20003    0.060568
  20     0.21015    0.064687
  21     0.22014    0.068842
  22     0.23008    0.073068
  23     0.24004    0.077397
  24     0.25008    0.081848
  25     0.26031    0.086474
  26      0.2702    0.091035
  27     0.28011    0.095681
  28     0.29011     0.10046
  29     0.30021     0.10538
  30     0.31007     0.11028
  31     0.32008     0.11535
  32      0.3301     0.12055
  33      0.3401     0.12581
  34     0.35007     0.13116
  35     0.36017     0.13666
  36     0.37005     0.14212
  37     0.38005     0.14772
  38     0.39003     0.15339
  39     0.40005     0.15918
  40     0.41029      0.1652
  41     0.42002     0.17103
  42     0.43015     0.17722
  43     0.44015     0.18341
  44     0.45002     0.18961
  45     0.46011     0.19603
  46     0.47011      0.2025
  47        0.48     0.20903
  48     0.49011      0.2158
  49         0.5     0.22254
  50     0.51001     0.22949
  51     0.52028     0.23674
  52     0.53004     0.24374
  53     0.54004     0.25103
  54     0.55008     0.25847
  55     0.56016     0.26604
  56     0.57015     0.27369
  57     0.58008     0.28146
  58        0.59     0.28937
  59     0.60009     0.29756
  60     0.61004     0.30581
  61     0.62027     0.31446
  62     0.63002     0.32288
  63     0.64021     0.33183
  64     0.65023      0.3408
  65        0.66     0.34971
  66     0.67037     0.35933
  67     0.68007     0.36852
  68     0.69001     0.37812
  69     0.70001     0.38797
  70     0.71003     0.39808
  71     0.72009     0.40844
  72     0.73005     0.41893
  73     0.74007      0.4298
  74     0.75003     0.44095
  75     0.76005     0.45256
  76     0.77023     0.46464
  77     0.78013     0.47667
  78     0.79002     0.48901
  79     0.80007     0.50181
  80     0.81012     0.51499
  81     0.82002      0.5284
  82     0.83005     0.54238
  83     0.84003     0.55673
  84     0.85016     0.57175
  85     0.86007      0.5869
  86     0.87012     0.60284
  87     0.88015     0.61944
  88     0.89015      0.6367
  89     0.90001     0.65474
  90     0.91004     0.67418
  91     0.92014     0.69522
  92     0.93003     0.71733
  93     0.94025      0.7416
  94     0.95015     0.76703
  95     0.96007     0.79507
  96     0.97004     0.82693
  97     0.98016      0.8647
  98     0.99003     0.91027
  99           1           1
-----------------------------------------

----------------- PPP$ and local currency --------------
         PPP used in computation: 946.89
     Data mean in local currency: 41938.1
               Data mean in PPP$: 79.6785
        Poverty line in PPP$/Day: 1.9
      Poverty line in PPP$/Month: 57.7917
  Poverty line in local currency: 30418.1
-------------------------------------------------------

----------------- Estimation result --------------
     Number of observation: 7419
          Total population: 2.71581E+07
              Total wealth: 1.20284E+09(PPP$)
                   Minimum: 2.41841(PPP$)
                   Maximum: 1297.35(PPP$)
             Headcount(HC): 0.531767
          Poverty gap (PG): 0.193994
       Poverty gap squared: 0.0931222
                      Gini: 0.429447
                    Median: 54.7915
                       MLD: 0.306755
                      Watt: 0.273986
--------------------------------------------------

-------------------------------- Income or Consumption share by deciles (%) -------------------------------------
     2.4361     3.6195     4.4726     5.3869     6.3393     7.4937     9.0475     11.377       15.3     34.527
-----------------------------------------------------------------------------------------------------------------


