

**********************************************************************************************
**                                   Basic Information                                      **
**********************************************************************************************

----------------- Dataset Information -----------------
                         Country: Uganda
                    Country dode: UGA
                       Data Year: 2002
                        Coverage: National
             Welfare measurement: Consumption
                     Data format: Unit record
                     Data source: UGA_N2002X
                  Data time span: UnDefined
-------------------------------------------------------


----------- Distribution ------------
   i           P           L 
-------------------------------------
   0    0.010125   0.0013481
   1    0.020219   0.0031292
   2    0.030292   0.0051568
   3    0.040174   0.0073553
   4    0.050086    0.009739
   5    0.060105    0.012286
   6    0.070084    0.014951
   7    0.080312    0.017798
   8    0.090151    0.020646
   9     0.10015     0.02366
  10     0.11031    0.026827
  11     0.12027    0.030002
  12     0.13002    0.033197
  13     0.14016    0.036623
  14     0.15017    0.040093
  15     0.16016    0.043637
  16      0.1701    0.047262
  17     0.18011    0.051005
  18        0.19    0.054796
  19     0.20017    0.058776
  20     0.21019    0.062771
  21     0.22006    0.066777
  22     0.23002    0.070901
  23     0.24001    0.075134
  24     0.25012      0.0795
  25     0.26015    0.083932
  26     0.27011    0.088408
  27     0.28001    0.092925
  28     0.29002     0.09756
  29     0.30001     0.10228
  30     0.31002     0.10711
  31     0.32009     0.11205
  32     0.33001     0.11698
  33        0.34     0.12204
  34     0.35004     0.12721
  35     0.36015     0.13253
  36     0.37009     0.13785
  37     0.38035     0.14342
  38     0.39007     0.14879
  39     0.40017     0.15445
  40     0.41012     0.16011
  41     0.42008     0.16588
  42     0.43009     0.17176
  43     0.44023      0.1778
  44     0.45011     0.18379
  45     0.46023     0.19003
  46      0.4701     0.19621
  47     0.48014     0.20259
  48     0.49007     0.20902
  49     0.50008      0.2156
  50     0.51021     0.22236
  51     0.52028     0.22917
  52     0.53064     0.23628
  53     0.54063     0.24326
  54      0.5501     0.24999
  55     0.56002     0.25713
  56     0.57013     0.26452
  57     0.58007     0.27194
  58     0.59004      0.2795
  59     0.60001      0.2872
  60     0.61017     0.29517
  61     0.62003     0.30303
  62     0.63017     0.31127
  63     0.64008     0.31947
  64      0.6501     0.32791
  65     0.66007     0.33647
  66     0.67004     0.34521
  67     0.68022     0.35433
  68     0.69005     0.36329
  69     0.70006     0.37258
  70     0.71009     0.38207
  71     0.72003     0.39164
  72     0.73003     0.40147
  73     0.74002     0.41153
  74     0.75001     0.42191
  75     0.76006     0.43266
  76     0.77016      0.4438
  77     0.78006     0.45505
  78        0.79     0.46666
  79     0.80013     0.47883
  80     0.81008     0.49115
  81     0.82002     0.50386
  82     0.83006     0.51711
  83     0.84002     0.53069
  84     0.85003     0.54483
  85     0.86003     0.55949
  86     0.87001     0.57477
  87     0.88014     0.59096
  88     0.89018     0.60783
  89         0.9     0.62534
  90     0.91015     0.64448
  91     0.92002     0.66405
  92     0.93003     0.68516
  93     0.94007     0.70838
  94     0.95001     0.73376
  95     0.96002     0.76253
  96     0.97002     0.79562
  97     0.98004     0.83388
  98     0.99001     0.88265
  99           1           1
-----------------------------------------

----------------- PPP$ and local currency --------------
         PPP used in computation: 946.89
     Data mean in local currency: 31034.6
               Data mean in PPP$: 71.5834
        Poverty line in PPP$/Day: 1.9
      Poverty line in PPP$/Month: 57.7917
  Poverty line in local currency: 25055.3
-------------------------------------------------------

----------------- Estimation result --------------
     Number of observation: 9709
          Total population: 2.52726E+07
              Total wealth: 8.28319E+08(PPP$)
                   Minimum: 1.94122(PPP$)
                   Maximum: 8597.52(PPP$)
             Headcount(HC): 0.622053
          Poverty gap (PG): 0.244685
       Poverty gap squared: 0.123939
                      Gini: 0.451723
                    Median: 47.4352
                       MLD: 0.343621
                      Watt: 0.35552
--------------------------------------------------

-------------------------------- Income or Consumption share by deciles (%) -------------------------------------
     2.3615     3.5096     4.3567     5.2076     6.1198     7.1642     8.5332     10.615     14.667     37.466
-----------------------------------------------------------------------------------------------------------------


