

**********************************************************************************************
**                                   Basic Information                                      **
**********************************************************************************************

----------------- Dataset Information -----------------
                         Country: Uganda
                    Country dode: UGA
                       Data Year: 2009
                        Coverage: National
             Welfare measurement: Consumption
                     Data format: Unit record
                     Data source: UGA_N2009X
                  Data time span: UnDefined
-------------------------------------------------------


----------- Distribution ------------
   i           P           L 
-------------------------------------
   0    0.010005   0.0011249
   1    0.020018   0.0028271
   2    0.030639   0.0049351
   3    0.040683   0.0070812
   4    0.050131   0.0092723
   5    0.060153     0.01178
   6    0.070334    0.014497
   7      0.0801    0.017243
   8    0.090041    0.020144
   9     0.10001    0.023167
  10     0.11015    0.026368
  11     0.12007    0.029596
  12     0.13001     0.03292
  13     0.14005     0.03639
  14     0.15001    0.039933
  15     0.16021     0.04365
  16     0.17006    0.047356
  17     0.18003    0.051218
  18     0.19052     0.05537
  19     0.20009    0.059242
  20     0.21008    0.063362
  21     0.22015    0.067602
  22        0.23    0.071834
  23     0.24009    0.076258
  24     0.25018    0.080766
  25     0.26017    0.085308
  26     0.27003    0.089846
  27     0.28009    0.094536
  28     0.29012    0.099294
  29     0.30011     0.10412
  30     0.31014     0.10903
  31     0.32013     0.11403
  32     0.33009     0.11911
  33     0.34015     0.12432
  34     0.35007     0.12951
  35     0.36009     0.13487
  36     0.37006     0.14029
  37      0.3801     0.14581
  38     0.39012     0.15141
  39     0.40003     0.15703
  40     0.41015     0.16286
  41     0.42019     0.16873
  42     0.43006      0.1746
  43     0.44025     0.18076
  44     0.45034     0.18697
  45     0.46012     0.19308
  46     0.47013     0.19943
  47     0.48018     0.20591
  48     0.49007     0.21239
  49     0.50014     0.21912
  50      0.5101     0.22589
  51     0.52027     0.23292
  52     0.53003     0.23977
  53     0.54037     0.24714
  54     0.55011     0.25418
  55     0.56011     0.26153
  56     0.57003     0.26895
  57     0.58034     0.27677
  58      0.5901      0.2843
  59      0.6002     0.29225
  60     0.61005     0.30011
  61     0.62027     0.30846
  62     0.63024     0.31676
  63     0.64031     0.32529
  64     0.65003     0.33365
  65     0.66036     0.34269
  66     0.67015     0.35144
  67     0.68006     0.36053
  68     0.69001     0.36988
  69     0.70013     0.37956
  70     0.71003     0.38919
  71     0.72018     0.39929
  72     0.73013     0.40947
  73     0.74194     0.42186
  74     0.75021     0.43067
  75     0.76003     0.44135
  76     0.77014     0.45259
  77      0.7802     0.46406
  78     0.79003     0.47564
  79     0.80002     0.48775
  80     0.81022     0.50047
  81     0.82063     0.51381
  82     0.83003     0.52617
  83     0.84013     0.53991
  84      0.8501       0.554
  85     0.86007     0.56871
  86     0.87003     0.58413
  87     0.88013     0.60045
  88      0.8901     0.61752
  89     0.90006     0.63567
  90     0.91014     0.65525
  91     0.92028     0.67611
  92      0.9301     0.69791
  93     0.94003     0.72171
  94     0.95163     0.75242
  95     0.96003     0.77735
  96     0.97033     0.81278
  97     0.98002     0.85273
  98     0.99017     0.90708
  99           1           1
-----------------------------------------

----------------- PPP$ and local currency --------------
         PPP used in computation: 946.89
     Data mean in local currency: 74455.8
               Data mean in PPP$: 98.8678
        Poverty line in PPP$/Day: 1.9
      Poverty line in PPP$/Month: 57.7917
  Poverty line in local currency: 43522
-------------------------------------------------------

----------------- Estimation result --------------
     Number of observation: 6774
          Total population: 3.0713E+07
              Total wealth: 2.41502E+09(PPP$)
                   Minimum: 1.91071(PPP$)
                   Maximum: 2939.06(PPP$)
             Headcount(HC): 0.414616
          Poverty gap (PG): 0.131553
       Poverty gap squared: 0.0589886
                      Gini: 0.441956
                    Median: 66.5459
                       MLD: 0.328001
                      Watt: 0.182375
--------------------------------------------------

-------------------------------- Income or Consumption share by deciles (%) -------------------------------------
     2.3163     3.6042     4.4856     5.2953     6.2013     7.3062     8.7339     10.829     14.785     36.443
-----------------------------------------------------------------------------------------------------------------


