

**********************************************************************************************
**                                   Basic Information                                      **
**********************************************************************************************

----------------- Dataset Information -----------------
                         Country: Ukraine
                    Country dode: UKR
                       Data Year: 1992
                        Coverage: National
             Welfare measurement: Income
                     Data format: Unit record
                     Data source: UKR_N1992Y
                  Data time span: UnDefined
-------------------------------------------------------


----------- Distribution ------------
   i           P           L 
-------------------------------------
   0    0.010018   0.0015537
   1    0.020074   0.0037766
   2    0.030018   0.0063339
   3    0.040036   0.0092142
   4    0.050017    0.012352
   5    0.060072    0.015734
   6    0.070053    0.019288
   7    0.080072    0.023047
   8    0.090015    0.026941
   9     0.10003    0.031032
  10     0.11001    0.035274
  11     0.12007    0.039706
  12     0.13005    0.044256
  13     0.14014    0.049015
  14     0.15009    0.053845
  15     0.16007    0.058823
  16     0.17001    0.063904
  17     0.18014     0.06921
  18     0.19001    0.074479
  19     0.20003    0.079949
  20     0.21009     0.08556
  21     0.22018    0.091326
  22     0.23005      0.0971
  23     0.24007     0.10308
  24     0.25008     0.10918
  25     0.26006     0.11538
  26     0.27001     0.12168
  27     0.28003     0.12813
  28     0.29012     0.13473
  29     0.30003     0.14129
  30     0.31001     0.14802
  31     0.32003     0.15488
  32     0.33001     0.16182
  33      0.3401     0.16895
  34     0.35008     0.17611
  35     0.36006     0.18338
  36     0.37004     0.19075
  37     0.38013     0.19833
  38        0.39     0.20583
  39     0.40013     0.21364
  40        0.41     0.22135
  41      0.4201     0.22935
  42        0.43     0.23731
  43     0.44006     0.24549
  44        0.45     0.25366
  45     0.46006     0.26204
  46     0.47008     0.27049
  47     0.48009     0.27905
  48     0.49007     0.28769
  49     0.50002     0.29642
  50     0.51004     0.30533
  51     0.52009     0.31436
  52     0.53004      0.3234
  53     0.54002     0.33259
  54     0.55007     0.34196
  55     0.56009     0.35143
  56     0.57011     0.36105
  57     0.58009     0.37075
  58     0.59011     0.38064
  59     0.60001     0.39055
  60     0.61014     0.40081
  61     0.62005     0.41096
  62     0.63007     0.42138
  63     0.64013     0.43196
  64     0.65014     0.44266
  65     0.66005     0.45335
  66     0.67007     0.46429
  67     0.68001      0.4753
  68      0.6901     0.48667
  69     0.70005     0.49802
  70     0.71003     0.50957
  71     0.72008     0.52138
  72     0.73007     0.53328
  73     0.74005     0.54536
  74      0.7501     0.55772
  75     0.76005     0.57014
  76     0.77003     0.58281
  77     0.78016     0.59586
  78     0.79014     0.60895
  79     0.80016     0.62231
  80     0.81006     0.63576
  81     0.82012     0.64965
  82     0.83006     0.66366
  83     0.84004     0.67802
  84     0.85002     0.69266
  85     0.86001     0.70761
  86     0.87002     0.72299
  87     0.88012     0.73889
  88     0.89002     0.75488
  89     0.90008     0.77158
  90     0.91002     0.78853
  91     0.92011     0.80633
  92      0.9301     0.82461
  93     0.94004     0.84352
  94      0.9501     0.86346
  95     0.96015     0.88456
  96     0.97002     0.90655
  97     0.98004     0.93109
  98     0.99009     0.95893
  99           1           1
-----------------------------------------

----------------- PPP$ and local currency --------------
         PPP used in computation: 3.31123
     Data mean in local currency: 2728.05
               Data mean in PPP$: 212.116
        Poverty line in PPP$/Day: 1.9
      Poverty line in PPP$/Month: 57.7917
  Poverty line in local currency: 743.266
-------------------------------------------------------

----------------- Estimation result --------------
     Number of observation: 9336
          Total population: 26851
              Total wealth: 2.21219E+07(PPP$)
                   Minimum: 21.8922(PPP$)
                   Maximum: 11167.7(PPP$)
             Headcount(HC): 0.0297568
          Poverty gap (PG): 0.00677024
       Poverty gap squared: 0.00242398
                      Gini: 0.297089
                    Median: 187.292
                       MLD: 0.152417
                      Watt: 0.00865222
--------------------------------------------------

-------------------------------- Income or Consumption share by deciles (%) -------------------------------------
     3.1018     4.8914     6.1342     7.2262     8.2868     9.4133     10.743     12.413     14.935     22.855
-----------------------------------------------------------------------------------------------------------------


