

**********************************************************************************************
**                                   Basic Information                                      **
**********************************************************************************************

----------------- Dataset Information -----------------
                         Country: Ukraine
                    Country dode: UKR
                       Data Year: 2006
                        Coverage: National
             Welfare measurement: Consumption
                     Data format: Unit record
                     Data source: UKR_N2006X
                  Data time span: UnDefined
-------------------------------------------------------


----------- Distribution ------------
   i           P           L 
-------------------------------------
   0    0.010127   0.0023099
   1    0.020059   0.0052349
   2    0.030307   0.0085904
   3    0.040084    0.012004
   4     0.05005    0.015691
   5    0.060096    0.019576
   6    0.070043    0.023599
   7    0.080046    0.027808
   8    0.090285    0.032251
   9     0.10016    0.036652
  10        0.11    0.041173
  11     0.12009    0.045951
  12     0.13012    0.050838
  13     0.14008    0.055794
  14     0.15017    0.060936
  15     0.16021    0.066157
  16      0.1701    0.071392
  17     0.18002    0.076749
  18     0.19001    0.082229
  19     0.20003     0.08784
  20     0.21007    0.093551
  21     0.22019    0.099386
  22     0.23009     0.10517
  23     0.24006     0.11111
  24     0.25024     0.11727
  25     0.26009     0.12333
  26     0.27001     0.12952
  27     0.28035     0.13607
  28     0.29004      0.1423
  29     0.30002     0.14881
  30     0.31013     0.15549
  31     0.32007     0.16216
  32     0.33018     0.16903
  33     0.34013     0.17588
  34     0.35015     0.18288
  35     0.36014     0.18996
  36     0.37007     0.19707
  37     0.38009     0.20434
  38     0.39012     0.21171
  39     0.40003     0.21908
  40     0.41005     0.22664
  41     0.42002     0.23426
  42     0.43008     0.24203
  43     0.44012      0.2499
  44     0.45004     0.25776
  45     0.46005     0.26582
  46     0.47002     0.27395
  47      0.4801     0.28226
  48     0.49007      0.2906
  49     0.50002     0.29902
  50     0.51019     0.30771
  51        0.52      0.3162
  52     0.53006     0.32501
  53     0.54006     0.33388
  54     0.55033      0.3431
  55     0.56013     0.35203
  56     0.57011     0.36122
  57      0.5801     0.37052
  58     0.59005      0.3799
  59     0.60039     0.38977
  60     0.61003     0.39909
  61     0.62015     0.40901
  62        0.63      0.4188
  63     0.64017     0.42905
  64     0.65001     0.43911
  65     0.66011     0.44956
  66     0.67009     0.46002
  67     0.68003      0.4706
  68     0.69006     0.48141
  69     0.70025     0.49258
  70     0.71007      0.5035
  71     0.72007     0.51481
  72     0.73007     0.52634
  73     0.74005     0.53803
  74     0.75001     0.54986
  75     0.76011     0.56207
  76     0.77004     0.57427
  77     0.78005     0.58677
  78     0.79007      0.5995
  79     0.80001     0.61236
  80     0.81004     0.62558
  81      0.8201     0.63911
  82     0.83006     0.65281
  83     0.84012     0.66695
  84     0.85001     0.68115
  85     0.86006     0.69596
  86     0.87008     0.71113
  87     0.88007     0.72663
  88     0.89008     0.74261
  89     0.90002     0.75897
  90     0.91002     0.77598
  91     0.92013     0.79379
  92     0.93006     0.81196
  93     0.94005     0.83098
  94     0.95013     0.85109
  95        0.96     0.87209
  96     0.97002     0.89503
  97     0.98004     0.92026
  98     0.99003     0.95023
  99           1           1
-----------------------------------------

----------------- PPP$ and local currency --------------
         PPP used in computation: 3.31123
     Data mean in local currency: 554.873
               Data mean in PPP$: 324.072
        Poverty line in PPP$/Day: 1.9
      Poverty line in PPP$/Month: 57.7917
  Poverty line in local currency: 98.9503
-------------------------------------------------------

----------------- Estimation result --------------
     Number of observation: 10496
          Total population: 4.53599E+07
              Total wealth: 7.6011E+09(PPP$)
                   Minimum: 20.3064(PPP$)
                   Maximum: 6635.13(PPP$)
             Headcount(HC): 0.00130377
          Poverty gap (PG): 0.000138384
       Poverty gap squared: 2.22469E-05
                      Gini: 0.297944
                    Median: 275.774
                       MLD: 0.146296
                      Watt: 0.000151407
--------------------------------------------------

-------------------------------- Income or Consumption share by deciles (%) -------------------------------------
     3.6581      5.124     6.0976     7.0262     7.9937     9.0404     10.291     12.005     14.658     24.107
-----------------------------------------------------------------------------------------------------------------


