

**********************************************************************************************
**                                   Basic Information                                      **
**********************************************************************************************

----------------- Dataset Information -----------------
                         Country: Ukraine
                    Country dode: UKR
                       Data Year: 2005
                        Coverage: National
             Welfare measurement: Consumption
                     Data format: Unit record
                     Data source: UKR_N2005X
                  Data time span: UnDefined
-------------------------------------------------------


----------- Distribution ------------
   i           P           L 
-------------------------------------
   0    0.010067   0.0021662
   1    0.020011   0.0050239
   2    0.030096   0.0082642
   3     0.04001    0.011736
   4    0.050043    0.015467
   5    0.060056    0.019377
   6    0.070099    0.023484
   7    0.080067    0.027708
   8    0.090008    0.032053
   9     0.10017    0.036621
  10      0.1101    0.041224
  11     0.12003    0.045961
  12        0.13    0.050812
  13     0.14001     0.05581
  14     0.15003    0.060931
  15     0.16009    0.066177
  16     0.17012    0.071511
  17     0.18001    0.076877
  18     0.19005     0.08243
  19     0.20006    0.088089
  20     0.21001    0.093815
  21      0.2201    0.099727
  22     0.23003     0.10566
  23     0.24016      0.1118
  24     0.25009     0.11789
  25     0.26009     0.12411
  26     0.27011     0.13044
  27     0.28003     0.13681
  28     0.29007     0.14333
  29     0.30024     0.15005
  30     0.31001      0.1566
  31        0.32     0.16338
  32     0.33022      0.1704
  33     0.34008     0.17729
  34     0.35009     0.18439
  35        0.36     0.19151
  36     0.37003     0.19881
  37     0.38012     0.20625
  38     0.39009     0.21369
  39     0.40006     0.22122
  40     0.41016     0.22894
  41     0.42015     0.23668
  42     0.43005     0.24445
  43     0.44007     0.25241
  44     0.45003     0.26041
  45        0.46     0.26851
  46     0.47006      0.2768
  47     0.48006     0.28513
  48     0.49001     0.29352
  49     0.50004     0.30207
  50     0.51005      0.3107
  51     0.52017     0.31952
  52     0.53008     0.32827
  53     0.54007     0.33721
  54     0.55012     0.34633
  55     0.56004     0.35545
  56        0.57     0.36474
  57     0.58003     0.37421
  58      0.5901     0.38388
  59     0.60021     0.39373
  60     0.61012     0.40353
  61     0.62007     0.41349
  62     0.63011     0.42369
  63     0.64023     0.43407
  64     0.65007      0.4443
  65     0.66006     0.45482
  66     0.67003     0.46546
  67     0.68002     0.47628
  68     0.69023      0.4875
  69         0.7     0.49838
  70     0.71001     0.50966
  71     0.72004     0.52115
  72     0.73009     0.53286
  73     0.74015     0.54478
  74     0.75003     0.55668
  75     0.76003     0.56893
  76        0.77     0.58134
  77     0.78006     0.59407
  78     0.79003      0.6069
  79     0.80012     0.62016
  80     0.81008      0.6335
  81     0.82019     0.64727
  82     0.83006     0.66103
  83     0.84013     0.67535
  84     0.85003     0.68978
  85      0.8601     0.70478
  86     0.87001      0.7199
  87     0.88018     0.73582
  88        0.89     0.75167
  89     0.90002     0.76835
  90     0.91016     0.78584
  91     0.92001     0.80349
  92     0.93013      0.8224
  93     0.94011     0.84181
  94     0.95003     0.86197
  95     0.96002     0.88334
  96     0.97004     0.90611
  97     0.98006     0.93076
  98     0.99005     0.95878
  99           1           1
-----------------------------------------

----------------- PPP$ and local currency --------------
         PPP used in computation: 3.31123
     Data mean in local currency: 470.021
               Data mean in PPP$: 299.376
        Poverty line in PPP$/Day: 1.9
      Poverty line in PPP$/Month: 57.7917
  Poverty line in local currency: 90.7333
-------------------------------------------------------

----------------- Estimation result --------------
     Number of observation: 10349
          Total population: 4.58303E+07
              Total wealth: 6.5055E+09(PPP$)
                   Minimum: 15.2521(PPP$)
                   Maximum: 1277.75(PPP$)
             Headcount(HC): 0.00255667
          Poverty gap (PG): 0.000431356
       Poverty gap squared: 0.000107171
                      Gini: 0.290207
                    Median: 256.746
                       MLD: 0.138364
                      Watt: 0.00049905
--------------------------------------------------

-------------------------------- Income or Consumption share by deciles (%) -------------------------------------
     3.6545     5.1507      6.184     7.1285     8.0864     9.1489     10.484     12.164     14.831     23.168
-----------------------------------------------------------------------------------------------------------------


