

**********************************************************************************************
**                                   Basic Information                                      **
**********************************************************************************************

----------------- Dataset Information -----------------
                         Country: Ukraine
                    Country dode: UKR
                       Data Year: 1996
                        Coverage: National
             Welfare measurement: Consumption
                     Data format: Unit record
                     Data source: UKR_N1996X
                  Data time span: UnDefined
-------------------------------------------------------


----------- Distribution ------------
   i           P           L 
-------------------------------------
   0    0.010195   0.0012671
   1    0.020211   0.0032815
   2    0.030227   0.0055964
   3    0.040064   0.0081205
   4    0.050259    0.011047
   5    0.060454    0.014213
   6    0.070292    0.017419
   7    0.080487    0.020937
   8    0.090681    0.024612
   9     0.10016    0.028134
  10     0.11036    0.032045
  11     0.12001    0.035855
  12     0.13039    0.040065
  13     0.14023    0.044159
  14     0.15024    0.048458
  15     0.16008    0.052781
  16     0.17027    0.057326
  17     0.18029    0.061916
  18     0.19066    0.066805
  19     0.20014    0.071383
  20      0.2107    0.076649
  21     0.22053    0.081644
  22     0.23001    0.086559
  23     0.24003    0.091842
  24     0.25058    0.097508
  25     0.26006     0.10272
  26     0.27026     0.10845
  27     0.28063      0.1144
  28     0.29029     0.12005
  29      0.3003     0.12602
  30     0.31014     0.13196
  31     0.32016      0.1381
  32     0.33053     0.14457
  33     0.34001     0.15059
  34     0.35003     0.15706
  35     0.36022     0.16376
  36     0.37042     0.17054
  37     0.38043     0.17731
  38     0.39009     0.18398
  39     0.40011       0.191
  40     0.41012     0.19813
  41     0.42014     0.20534
  42     0.43016     0.21265
  43     0.44017     0.22005
  44     0.45001     0.22738
  45     0.46003     0.23494
  46     0.47058     0.24302
  47     0.48006     0.25041
  48     0.49025     0.25846
  49     0.50027     0.26649
  50     0.51028     0.27463
  51      0.5203     0.28288
  52     0.53067     0.29154
  53     0.54033      0.2997
  54     0.55017     0.30814
  55     0.56001     0.31673
  56     0.57038     0.32591
  57     0.58022     0.33475
  58     0.59059     0.34422
  59     0.60007     0.35298
  60     0.61009     0.36235
  61     0.62028     0.37204
  62     0.63012     0.38152
  63     0.64014     0.39132
  64     0.65015     0.40124
  65     0.66035      0.4115
  66     0.67018     0.42158
  67     0.68002     0.43189
  68      0.6904     0.44298
  69     0.70005     0.45349
  70     0.71061     0.46515
  71     0.72026     0.47597
  72      0.7301     0.48714
  73     0.74012     0.49877
  74     0.75013     0.51064
  75     0.76033     0.52293
  76     0.77035      0.5353
  77        0.78     0.54749
  78      0.7902     0.56058
  79     0.80004     0.57349
  80     0.81005     0.58691
  81     0.82007     0.60061
  82     0.83062     0.61544
  83      0.8401      0.6291
  84     0.85012     0.64389
  85     0.86049     0.65957
  86     0.87051     0.67508
  87     0.88016     0.69055
  88     0.89036     0.70763
  89      0.9002     0.72462
  90     0.91003     0.74228
  91     0.92023     0.76129
  92     0.93025     0.78093
  93     0.94008     0.80112
  94     0.95028     0.82348
  95     0.96011      0.8465
  96     0.97013      0.8719
  97     0.98033     0.90115
  98     0.99016     0.93656
  99           1           1
-----------------------------------------

----------------- PPP$ and local currency --------------
         PPP used in computation: 3.31123
     Data mean in local currency: 9883.3
               Data mean in PPP$: 186.524
        Poverty line in PPP$/Day: 1.9
      Poverty line in PPP$/Month: 57.7917
  Poverty line in local currency: 3062.2
-------------------------------------------------------

----------------- Estimation result --------------
     Number of observation: 2321
          Total population: 5591
              Total wealth: 1.66879E+07(PPP$)
                   Minimum: 0(PPP$)
                   Maximum: 56440.5(PPP$)
             Headcount(HC): 0.0536577
          Poverty gap (PG): 0.0146674
       Poverty gap squared: 0.00613391
                      Gini: 0.351559
                    Median: 150.614
                       MLD: 0.212584
                      Watt: 0.0193301
--------------------------------------------------

-------------------------------- Income or Consumption share by deciles (%) -------------------------------------
     2.8075     4.3239      5.452     6.5093     7.5346     8.6638     10.052     12.001     15.084     27.572
-----------------------------------------------------------------------------------------------------------------


