

**********************************************************************************************
**                                   Basic Information                                      **
**********************************************************************************************

----------------- Dataset Information -----------------
                         Country: Ukraine
                    Country dode: UKR
                       Data Year: 2002
                        Coverage: National
             Welfare measurement: Consumption
                     Data format: Unit record
                     Data source: UKR_N2002X
                  Data time span: UnDefined
-------------------------------------------------------


----------- Distribution ------------
   i           P           L 
-------------------------------------
   0    0.010051   0.0021004
   1     0.02064   0.0050461
   2    0.030005   0.0079628
   3    0.040038     0.01137
   4    0.050009    0.014984
   5    0.060117     0.01889
   6     0.07001    0.022955
   7    0.080054    0.027258
   8     0.09003     0.03168
   9     0.10004    0.036252
  10     0.11011    0.040958
  11     0.12006    0.045732
  12     0.13011    0.050653
  13     0.14035    0.055787
  14        0.15    0.060712
  15     0.16015    0.065998
  16        0.17    0.071234
  17     0.18006    0.076665
  18     0.19011      0.0822
  19     0.20001    0.087758
  20     0.21009    0.093514
  21     0.22011    0.099335
  22     0.23008     0.10522
  23     0.24006     0.11121
  24     0.25019     0.11739
  25     0.26018     0.12358
  26     0.27009     0.12982
  27     0.28002     0.13617
  28     0.29003     0.14266
  29     0.30007     0.14928
  30     0.31015     0.15604
  31     0.32002     0.16278
  32     0.33022     0.16985
  33     0.34001     0.17674
  34     0.35017     0.18397
  35     0.36048      0.1914
  36     0.37004     0.19838
  37     0.38011     0.20584
  38     0.39005     0.21328
  39      0.4001     0.22091
  40     0.41021     0.22869
  41     0.42019     0.23649
  42     0.43001     0.24423
  43     0.44012     0.25231
  44     0.45001     0.26027
  45     0.46003     0.26843
  46     0.47004     0.27667
  47     0.48001     0.28498
  48     0.49023     0.29364
  49     0.50004     0.30203
  50     0.51006     0.31074
  51     0.52018     0.31964
  52     0.53017     0.32855
  53     0.54015     0.33755
  54     0.55008     0.34662
  55        0.56     0.35578
  56     0.57005     0.36517
  57     0.58011     0.37468
  58     0.59001     0.38415
  59     0.60015     0.39401
  60     0.61005     0.40376
  61     0.62014     0.41384
  62     0.63018     0.42403
  63     0.64013     0.43428
  64     0.65006     0.44464
  65     0.66001     0.45516
  66     0.67001     0.46586
  67     0.68002     0.47671
  68     0.69015     0.48782
  69     0.70001     0.49879
  70     0.71002     0.51009
  71     0.72004     0.52158
  72     0.73011      0.5333
  73        0.74       0.545
  74     0.75006     0.55707
  75     0.76018     0.56943
  76     0.77012     0.58176
  77     0.78005     0.59428
  78     0.79002     0.60709
  79     0.80006     0.62029
  80     0.81003     0.63364
  81     0.82019      0.6475
  82     0.83003     0.66115
  83     0.84016     0.67549
  84     0.85004     0.68979
  85     0.86005     0.70467
  86     0.87006     0.71999
  87     0.88001     0.73562
  88     0.89006     0.75179
  89     0.90001     0.76833
  90     0.91003     0.78551
  91     0.92003     0.80322
  92     0.93006     0.82171
  93     0.94002     0.84084
  94     0.95001     0.86096
  95     0.96006     0.88238
  96     0.97016     0.90538
  97        0.98     0.92997
  98     0.99005     0.95889
  99           1           1
-----------------------------------------

----------------- PPP$ and local currency --------------
         PPP used in computation: 3.31123
     Data mean in local currency: 242.933
               Data mean in PPP$: 201.556
        Poverty line in PPP$/Day: 1.9
      Poverty line in PPP$/Month: 57.7917
  Poverty line in local currency: 69.6554
-------------------------------------------------------

----------------- Estimation result --------------
     Number of observation: 9419
          Total population: 4.77981E+07
              Total wealth: 3.50676E+09(PPP$)
                   Minimum: 6.76526(PPP$)
                   Maximum: 826.579(PPP$)
             Headcount(HC): 0.0167025
          Poverty gap (PG): 0.00310879
       Poverty gap squared: 0.00093408
                      Gini: 0.290457
                    Median: 173.722
                       MLD: 0.139296
                      Watt: 0.0037636
--------------------------------------------------

-------------------------------- Income or Consumption share by deciles (%) -------------------------------------
     3.6234     5.1519     6.1481     7.1606     8.1164      9.186     10.492     12.143     14.811     23.168
-----------------------------------------------------------------------------------------------------------------


