

**********************************************************************************************
**                                   Basic Information                                      **
**********************************************************************************************

----------------- Dataset Information -----------------
                         Country: Ukraine
                    Country dode: UKR
                       Data Year: 2004
                        Coverage: National
             Welfare measurement: Consumption
                     Data format: Unit record
                     Data source: UKR_N2004X
                  Data time span: UnDefined
-------------------------------------------------------


----------- Distribution ------------
   i           P           L 
-------------------------------------
   0    0.010448   0.0022847
   1    0.020183   0.0050361
   2    0.030067   0.0081653
   3    0.040156    0.011607
   4    0.050043    0.015197
   5    0.060005    0.019002
   6    0.070077    0.023021
   7     0.08009     0.02718
   8    0.090181     0.03153
   9     0.10014    0.035991
  10     0.11015    0.040642
  11     0.12019    0.045443
  12     0.13008      0.0503
  13     0.14001      0.0553
  14     0.15016    0.060534
  15     0.16016    0.065808
  16     0.17004    0.071145
  17     0.18009    0.076672
  18        0.19     0.08221
  19     0.20002     0.08792
  20     0.21001    0.093723
  21     0.22006    0.099645
  22        0.23      0.1056
  23     0.24023     0.11181
  24     0.25009     0.11789
  25      0.2603     0.12429
  26     0.27017     0.13056
  27     0.28028     0.13709
  28     0.29001     0.14347
  29     0.30008     0.15014
  30     0.31001     0.15684
  31        0.32     0.16367
  32     0.33009     0.17066
  33     0.34001     0.17763
  34     0.35003     0.18478
  35     0.36005     0.19203
  36        0.37     0.19931
  37     0.38003     0.20673
  38     0.39007     0.21426
  39     0.40002      0.2218
  40     0.41004      0.2295
  41     0.42003     0.23728
  42     0.43005     0.24518
  43     0.44015     0.25325
  44     0.45003     0.26123
  45     0.46026      0.2696
  46      0.4701     0.27774
  47     0.48017     0.28617
  48     0.49004     0.29455
  49     0.50003     0.30311
  50     0.51005     0.31181
  51     0.52011     0.32063
  52     0.53001     0.32941
  53     0.54004     0.33839
  54     0.55016     0.34759
  55     0.56005     0.35668
  56     0.57005     0.36602
  57     0.58004     0.37547
  58     0.59007     0.38509
  59     0.60003     0.39478
  60        0.61     0.40462
  61      0.6201     0.41471
  62     0.63002     0.42476
  63     0.64009     0.43508
  64     0.65005     0.44547
  65     0.66009     0.45606
  66      0.6701     0.46679
  67     0.68006     0.47763
  68     0.69013     0.48876
  69     0.70006     0.49991
  70     0.71002     0.51126
  71     0.72017       0.523
  72     0.73002     0.53455
  73     0.74001     0.54641
  74     0.75001     0.55843
  75      0.7602     0.57086
  76     0.77001     0.58297
  77     0.78002     0.59554
  78     0.79005     0.60838
  79      0.8001     0.62152
  80     0.81008     0.63483
  81     0.82003     0.64837
  82     0.83005     0.66233
  83     0.84003     0.67651
  84     0.85021      0.6913
  85     0.86005     0.70584
  86     0.87011     0.72104
  87     0.88007     0.73647
  88     0.89003     0.75234
  89     0.90003     0.76873
  90     0.91002     0.78567
  91      0.9202      0.8035
  92     0.93003     0.82133
  93     0.94003     0.84019
  94     0.95024      0.8605
  95        0.96     0.88105
  96     0.97002     0.90363
  97     0.98014     0.92872
  98        0.99     0.95678
  99           1           1
-----------------------------------------

----------------- PPP$ and local currency --------------
         PPP used in computation: 3.31123
     Data mean in local currency: 349.342
               Data mean in PPP$: 252.703
        Poverty line in PPP$/Day: 1.9
      Poverty line in PPP$/Month: 57.7917
  Poverty line in local currency: 79.8922
-------------------------------------------------------

----------------- Estimation result --------------
     Number of observation: 10059
          Total population: 4.616E+07
              Total wealth: 4.86997E+09(PPP$)
                   Minimum: 12.5874(PPP$)
                   Maximum: 1391.39(PPP$)
             Headcount(HC): 0.00561614
          Poverty gap (PG): 0.000832167
       Poverty gap squared: 0.00019158
                      Gini: 0.28934
                    Median: 218.021
                       MLD: 0.138655
                      Watt: 0.000951482
--------------------------------------------------

-------------------------------- Income or Consumption share by deciles (%) -------------------------------------
      3.593     5.1979     6.2184     7.1695     8.1295     9.1666     10.509     12.156     14.728     23.132
-----------------------------------------------------------------------------------------------------------------


