

**********************************************************************************************
**                                   Basic Information                                      **
**********************************************************************************************

----------------- Dataset Information -----------------
                         Country: Ukraine
                    Country dode: UKR
                       Data Year: 2012
                        Coverage: National
             Welfare measurement: Consumption
                     Data format: Unit record
                     Data source: UKR_N2012X
                  Data time span: UnDefined
-------------------------------------------------------


----------- Distribution ------------
   i           P           L 
-------------------------------------
   0    0.010123   0.0028907
   1    0.020181   0.0065787
   2    0.030108     0.01056
   3    0.040128     0.01486
   4    0.050281    0.019443
   5        0.06    0.023985
   6    0.070375    0.028994
   7    0.080189    0.033852
   8    0.090272    0.038985
   9     0.10003    0.044072
  10     0.11007    0.049406
  11     0.12012    0.054881
  12      0.1303    0.060541
  13     0.14008    0.066087
  14     0.15019    0.071925
  15     0.16006    0.077727
  16     0.17001    0.083674
  17     0.18003    0.089743
  18     0.19005    0.095908
  19     0.20001     0.10212
  20     0.21008      0.1085
  21     0.22055     0.11523
  22     0.23006     0.12143
  23      0.2404     0.12827
  24     0.25025     0.13486
  25     0.26012     0.14154
  26     0.27005     0.14836
  27     0.28002     0.15529
  28     0.29012     0.16238
  29     0.30004     0.16944
  30     0.31014     0.17672
  31     0.32001      0.1839
  32     0.33047      0.1916
  33     0.34006     0.19875
  34     0.35018      0.2064
  35     0.36019     0.21406
  36     0.37034     0.22189
  37     0.38005     0.22946
  38     0.39017     0.23743
  39     0.40002     0.24528
  40     0.41006     0.25335
  41        0.42     0.26145
  42     0.43006     0.26972
  43     0.44012      0.2781
  44     0.45005     0.28645
  45     0.46001     0.29493
  46     0.47008      0.3036
  47     0.48001     0.31226
  48     0.49012     0.32119
  49     0.50012     0.33011
  50     0.51003     0.33901
  51     0.52003     0.34811
  52     0.53009     0.35735
  53      0.5405     0.36701
  54     0.55006     0.37596
  55     0.56011     0.38547
  56        0.57     0.39492
  57     0.58001      0.4046
  58     0.59009     0.41444
  59     0.60011     0.42433
  60     0.61001     0.43422
  61     0.62041     0.44473
  62      0.6301     0.45465
  63     0.64002     0.46492
  64     0.65021     0.47561
  65     0.66015     0.48614
  66     0.67002     0.49673
  67     0.68007     0.50765
  68     0.69007     0.51862
  69     0.70036     0.53007
  70     0.71016     0.54111
  71     0.72005     0.55237
  72     0.73019     0.56407
  73     0.74002     0.57561
  74     0.75001     0.58747
  75     0.76006     0.59956
  76     0.77008     0.61183
  77      0.7801     0.62433
  78     0.79003     0.63691
  79     0.80011     0.64988
  80     0.81004     0.66285
  81     0.82001     0.67609
  82     0.83011     0.68977
  83     0.84002     0.70343
  84     0.85004      0.7175
  85        0.86     0.73177
  86     0.87001     0.74638
  87     0.88014      0.7615
  88        0.89     0.77659
  89     0.90006     0.79236
  90     0.91001     0.80832
  91        0.92     0.82485
  92     0.93017     0.84227
  93     0.94001     0.85973
  94     0.95002     0.87837
  95     0.96001     0.89798
  96     0.97005     0.91893
  97     0.98001     0.94134
  98     0.99003     0.96654
  99           1           1
-----------------------------------------

----------------- PPP$ and local currency --------------
         PPP used in computation: 3.31123
     Data mean in local currency: 1255.85
               Data mean in PPP$: 377.175
        Poverty line in PPP$/Day: 1.9
      Poverty line in PPP$/Month: 57.7917
  Poverty line in local currency: 192.425
-------------------------------------------------------

----------------- Estimation result --------------
     Number of observation: 10495
          Total population: 4.38588E+07
              Total wealth: 1.66343E+10(PPP$)
                   Minimum: 61.2724(PPP$)
                   Maximum: 2720.18(PPP$)
             Headcount(HC): 0
          Poverty gap (PG): 0
       Poverty gap squared: 0
                      Gini: 0.247407
                    Median: 337.747
                       MLD: 0.0989965
                      Watt: 0
--------------------------------------------------

-------------------------------- Income or Consumption share by deciles (%) -------------------------------------
     4.4059     5.8056       6.73     7.5849     8.4731     9.4225     10.544     12.008     14.253     20.773
-----------------------------------------------------------------------------------------------------------------


