

**********************************************************************************************
**                                   Basic Information                                      **
**********************************************************************************************

----------------- Dataset Information -----------------
                         Country: Ukraine
                    Country dode: UKR
                       Data Year: 2003
                        Coverage: National
             Welfare measurement: Consumption
                     Data format: Unit record
                     Data source: UKR_N2003X
                  Data time span: UnDefined
-------------------------------------------------------


----------- Distribution ------------
   i           P           L 
-------------------------------------
   0    0.010052   0.0022836
   1    0.020129    0.005278
   2    0.030104   0.0086235
   3    0.040003    0.012243
   4    0.050106    0.016163
   5    0.060001    0.020196
   6    0.070058    0.024447
   7     0.08001    0.028807
   8    0.090037    0.033354
   9         0.1    0.037995
  10     0.11007    0.042813
  11     0.12004    0.047706
  12     0.13004    0.052722
  13     0.14011    0.057866
  14     0.15003    0.063044
  15     0.16014     0.06843
  16     0.17002    0.073821
  17     0.18003    0.079406
  18     0.19002     0.08509
  19     0.20001    0.090863
  20     0.21004    0.096744
  21     0.22001     0.10269
  22     0.23003     0.10874
  23     0.24005     0.11487
  24     0.25004     0.12106
  25     0.26001     0.12732
  26     0.27009     0.13374
  27     0.28011     0.14021
  28     0.29018      0.1468
  29     0.30007     0.15334
  30     0.31001     0.16003
  31     0.32004     0.16687
  32     0.33024     0.17394
  33     0.34001      0.1808
  34     0.35015     0.18802
  35     0.36034     0.19537
  36     0.37001     0.20244
  37     0.38007     0.20989
  38     0.39015     0.21744
  39     0.40048     0.22528
  40        0.41     0.23258
  41     0.42002     0.24035
  42     0.43003     0.24823
  43     0.44006     0.25622
  44     0.45013     0.26433
  45     0.46005     0.27241
  46     0.47007     0.28066
  47     0.48017      0.2891
  48     0.49016     0.29754
  49     0.50012     0.30602
  50     0.51018     0.31469
  51     0.52003     0.32327
  52     0.53001     0.33205
  53     0.54006       0.341
  54     0.55001     0.34999
  55     0.56001     0.35913
  56        0.57     0.36834
  57     0.58008     0.37776
  58     0.59006     0.38722
  59     0.60006      0.3968
  60     0.61015     0.40661
  61     0.62002     0.41633
  62     0.63008     0.42636
  63     0.64012     0.43653
  64     0.65001     0.44669
  65     0.66008     0.45717
  66     0.67011     0.46776
  67     0.68006     0.47839
  68     0.69005     0.48921
  69     0.70003     0.50019
  70      0.7101     0.51145
  71     0.72002      0.5227
  72     0.73007     0.53425
  73        0.74     0.54584
  74     0.75002     0.55773
  75     0.76005     0.56982
  76     0.77008     0.58213
  77     0.78007     0.59459
  78     0.79006     0.60729
  79     0.80002      0.6202
  80     0.81003      0.6334
  81     0.82007     0.64688
  82     0.83016     0.66074
  83     0.84005     0.67462
  84     0.85002      0.6889
  85     0.86006     0.70364
  86      0.8701     0.71871
  87     0.88005     0.73414
  88     0.89001     0.75006
  89     0.90002     0.76658
  90      0.9101     0.78383
  91     0.92001     0.80145
  92     0.93003      0.8199
  93     0.94026     0.83964
  94     0.95002     0.85943
  95     0.96006     0.88096
  96     0.97001      0.9037
  97     0.98001     0.92897
  98     0.99003     0.95779
  99           1           1
-----------------------------------------

----------------- PPP$ and local currency --------------
         PPP used in computation: 3.31123
     Data mean in local currency: 286.142
               Data mean in PPP$: 225.715
        Poverty line in PPP$/Day: 1.9
      Poverty line in PPP$/Month: 57.7917
  Poverty line in local currency: 73.2633
-------------------------------------------------------

----------------- Estimation result --------------
     Number of observation: 9714
          Total population: 4.62065E+07
              Total wealth: 3.99296E+09(PPP$)
                   Minimum: 5.88472(PPP$)
                   Maximum: 1367.45(PPP$)
             Headcount(HC): 0.0062817
          Poverty gap (PG): 0.00129179
       Poverty gap squared: 0.000448414
                      Gini: 0.286649
                    Median: 193.326
                       MLD: 0.134632
                      Watt: 0.00166013
--------------------------------------------------

-------------------------------- Income or Consumption share by deciles (%) -------------------------------------
     3.7993     5.2865      6.244     7.1616     8.1008     9.0827     10.341     12.001     14.638     23.345
-----------------------------------------------------------------------------------------------------------------


