

**********************************************************************************************
**                                   Basic Information                                      **
**********************************************************************************************

----------------- Dataset Information -----------------
                         Country: Ukraine
                    Country dode: UKR
                       Data Year: 1993
                        Coverage: National
             Welfare measurement: Income
                     Data format: Unit record
                     Data source: UKR_N1993Y
                  Data time span: UnDefined
-------------------------------------------------------


----------- Distribution ------------
   i           P           L 
-------------------------------------
   0    0.010093    0.002014
   1    0.020034   0.0047844
   2    0.030127   0.0079925
   3    0.040029     0.01141
   4    0.050122    0.015117
   5    0.060024    0.018995
   6     0.07008    0.023113
   7     0.08002     0.02738
   8    0.090113    0.031865
   9     0.10013    0.036431
  10     0.11007    0.041078
  11     0.12001     0.04585
  12      0.1301    0.050822
  13     0.14004     0.05583
  14      0.1501    0.060999
  15     0.16004    0.066208
  16     0.17009    0.071589
  17     0.18015    0.077063
  18     0.19005    0.082555
  19     0.20007    0.088211
  20     0.21001    0.093923
  21     0.22006    0.099819
  22        0.23     0.10574
  23      0.2401     0.11187
  24     0.25008     0.11801
  25     0.26002     0.12422
  26     0.27007      0.1306
  27     0.28001       0.137
  28     0.29011      0.1436
  29     0.30001     0.15017
  30     0.31006     0.15693
  31     0.32016     0.16381
  32     0.33006     0.17064
  33     0.34011     0.17768
  34     0.35005     0.18473
  35     0.36015     0.19197
  36     0.37001     0.19915
  37     0.38003     0.20654
  38     0.39004     0.21401
  39      0.4001     0.22161
  40     0.41008     0.22924
  41     0.42009     0.23699
  42     0.43007     0.24481
  43     0.44001      0.2527
  44     0.45015     0.26087
  45     0.46009     0.26899
  46     0.47006     0.27728
  47     0.48004     0.28565
  48      0.4901     0.29419
  49         0.5     0.30273
  50     0.51009     0.31154
  51     0.52003     0.32033
  52     0.53005     0.32928
  53     0.54007     0.33834
  54     0.55001     0.34744
  55     0.56002     0.35673
  56     0.57008     0.36616
  57      0.5801     0.37568
  58     0.59011      0.3853
  59     0.60002     0.39492
  60     0.61015     0.40489
  61     0.62001     0.41472
  62     0.63014     0.42495
  63     0.64001     0.43504
  64      0.6501     0.44552
  65     0.66008     0.45603
  66     0.67002      0.4667
  67     0.68007     0.47766
  68     0.69005     0.48869
  69     0.70011     0.49996
  70     0.71005     0.51127
  71     0.72003      0.5228
  72     0.73008     0.53458
  73     0.74002      0.5464
  74     0.75011     0.55865
  75     0.76002     0.57085
  76     0.77003     0.58336
  77     0.78009      0.5961
  78     0.79003     0.60889
  79     0.80008     0.62204
  80     0.81002     0.63524
  81        0.82     0.64874
  82     0.83013     0.66276
  83     0.84004     0.67672
  84     0.85002     0.69107
  85     0.86003     0.70581
  86     0.87001     0.72083
  87     0.88007     0.73632
  88     0.89016     0.75232
  89     0.90002     0.76844
  90     0.91008     0.78545
  91     0.92013     0.80307
  92     0.93004     0.82119
  93     0.94005     0.84029
  94     0.95007     0.86026
  95     0.96001     0.88127
  96     0.97003     0.90391
  97     0.98004     0.92851
  98      0.9901     0.95698
  99           1           1
-----------------------------------------

----------------- PPP$ and local currency --------------
         PPP used in computation: 3.31123
     Data mean in local currency: 1326.38
               Data mean in PPP$: 213.304
        Poverty line in PPP$/Day: 1.9
      Poverty line in PPP$/Month: 57.7917
  Poverty line in local currency: 359.363
-------------------------------------------------------

----------------- Estimation result --------------
     Number of observation: 9280
          Total population: 26156
              Total wealth: 1.04773E+07(PPP$)
                   Minimum: 21.8922(PPP$)
                   Maximum: 5997.39(PPP$)
             Headcount(HC): 0.0131519
          Poverty gap (PG): 0.0027546
       Poverty gap squared: 0.00104968
                      Gini: 0.28927
                    Median: 184.912
                       MLD: 0.139153
                      Watt: 0.00361364
--------------------------------------------------

-------------------------------- Income or Consumption share by deciles (%) -------------------------------------
     3.6372       5.18     6.1989     7.1376     8.1196     9.2171     10.493     12.209     14.648     23.159
-----------------------------------------------------------------------------------------------------------------


