

**********************************************************************************************
**                                   Basic Information                                      **
**********************************************************************************************

----------------- Dataset Information -----------------
                         Country: Ukraine
                    Country dode: UKR
                       Data Year: 2007
                        Coverage: National
             Welfare measurement: Consumption
                     Data format: Unit record
                     Data source: UKR_N2007X
                  Data time span: UnDefined
-------------------------------------------------------


----------- Distribution ------------
   i           P           L 
-------------------------------------
   0    0.010342     0.00268
   1    0.020001   0.0058382
   2    0.030007   0.0094537
   3    0.040163    0.013381
   4    0.050013    0.017379
   5    0.060054    0.021613
   6    0.070005    0.026003
   7    0.080302    0.030696
   8    0.090041    0.035265
   9     0.10012    0.040136
  10     0.11012    0.045086
  11     0.12003    0.050114
  12     0.13022    0.055405
  13     0.14008    0.060626
  14     0.15004    0.066018
  15     0.16008     0.07157
  16     0.17012    0.077236
  17     0.18012    0.082976
  18     0.19004    0.088743
  19     0.20014    0.094715
  20     0.21015     0.10072
  21     0.22006     0.10675
  22     0.23054     0.11323
  23     0.24013     0.11923
  24     0.25016      0.1256
  25     0.26011     0.13204
  26     0.27002     0.13856
  27     0.28002     0.14523
  28     0.29034     0.15222
  29     0.30012     0.15894
  30     0.31003     0.16583
  31     0.32011     0.17293
  32     0.33004     0.18001
  33     0.34018     0.18735
  34     0.35019     0.19467
  35     0.36007     0.20197
  36     0.37018     0.20955
  37     0.38011     0.21711
  38     0.39025     0.22492
  39     0.40009     0.23259
  40     0.41024      0.2406
  41     0.42005      0.2484
  42        0.43     0.25643
  43     0.44002      0.2646
  44     0.45019     0.27298
  45     0.46008     0.28123
  46     0.47002     0.28963
  47     0.48002     0.29818
  48     0.49017     0.30695
  49     0.50003     0.31556
  50      0.5101     0.32444
  51     0.52008     0.33333
  52        0.53     0.34229
  53     0.54004     0.35144
  54     0.55011     0.36074
  55        0.56     0.36998
  56     0.57008     0.37951
  57     0.58017     0.38917
  58     0.59001      0.3987
  59     0.60009     0.40858
  60     0.61028     0.41868
  61     0.62006     0.42848
  62     0.63009     0.43865
  63     0.64009     0.44892
  64     0.65003     0.45927
  65     0.66002     0.46977
  66     0.67004     0.48043
  67     0.68003     0.49121
  68        0.69     0.50212
  69     0.70008      0.5133
  70     0.71003     0.52449
  71     0.72031     0.53622
  72     0.73005     0.54748
  73     0.74004     0.55921
  74     0.75008     0.57117
  75     0.76016     0.58338
  76     0.77007     0.59562
  77     0.78008     0.60816
  78     0.79007     0.62091
  79     0.80011     0.63395
  80     0.81027      0.6474
  81     0.82004     0.66058
  82     0.83004     0.67433
  83     0.84002     0.68833
  84     0.85007     0.70273
  85     0.86012      0.7175
  86        0.87     0.73232
  87     0.88005     0.74773
  88     0.89004     0.76345
  89     0.90012     0.77974
  90     0.91003     0.79622
  91     0.92007     0.81347
  92        0.93     0.83107
  93     0.94012     0.84967
  94     0.95005     0.86873
  95     0.96001     0.88889
  96     0.97006     0.91071
  97     0.98001     0.93414
  98     0.99001     0.96097
  99           1           1
-----------------------------------------

----------------- PPP$ and local currency --------------
         PPP used in computation: 3.31123
     Data mean in local currency: 595.202
               Data mean in PPP$: 308.07
        Poverty line in PPP$/Day: 1.9
      Poverty line in PPP$/Month: 57.7917
  Poverty line in local currency: 111.656
-------------------------------------------------------

----------------- Estimation result --------------
     Number of observation: 10610
          Total population: 4.50805E+07
              Total wealth: 8.10334E+09(PPP$)
                   Minimum: 26.715(PPP$)
                   Maximum: 1406.92(PPP$)
             Headcount(HC): 0.000791739
          Poverty gap (PG): 9.75946E-05
       Poverty gap squared: 1.60424E-05
                      Gini: 0.270127
                    Median: 270.128
                       MLD: 0.118961
                      Watt: 0.000106789
--------------------------------------------------

-------------------------------- Income or Consumption share by deciles (%) -------------------------------------
     4.0077     5.4554     6.4223     7.3666     8.3011     9.2958     10.472      12.06     14.573     22.046
-----------------------------------------------------------------------------------------------------------------


