

**********************************************************************************************
**                                   Basic Information                                      **
**********************************************************************************************

----------------- Dataset Information -----------------
                         Country: Uruguay
                    Country dode: URY
                       Data Year: 2004
                        Coverage: Urban
             Welfare measurement: Income
                     Data format: Unit record
                     Data source: URY_U2004Y
                  Data time span: UnDefined
-------------------------------------------------------


----------- Distribution ------------
   i           P           L 
-------------------------------------
   0    0.010067  0.00082077
   1    0.020014   0.0019924
   2    0.030034   0.0033645
   3    0.040032   0.0048978
   4    0.050079   0.0065823
   5    0.060031    0.008367
   6    0.070096    0.010271
   7    0.080013     0.01226
   8    0.090078    0.014381
   9     0.10011    0.016592
  10      0.1101    0.018894
  11     0.12002    0.021295
  12     0.13002    0.023817
  13     0.14015    0.026463
  14     0.15006    0.029165
  15     0.16003    0.031984
  16     0.17014    0.034952
  17     0.18012    0.037961
  18     0.19004    0.041035
  19     0.20011    0.044255
  20     0.21018     0.04756
  21        0.22    0.050867
  22        0.23    0.054314
  23     0.24001    0.057859
  24     0.25012     0.06154
  25     0.26008    0.065261
  26     0.27004    0.069092
  27     0.28001    0.073027
  28     0.29036    0.077229
  29     0.30012    0.081296
  30     0.31006    0.085548
  31        0.32    0.089911
  32     0.33006    0.094431
  33     0.34009    0.099039
  34     0.35002     0.10372
  35     0.36006     0.10857
  36     0.37004      0.1135
  37     0.38008      0.1186
  38        0.39     0.12374
  39     0.40006     0.12908
  40     0.41004     0.13451
  41     0.42001     0.14006
  42     0.43024     0.14588
  43     0.44005     0.15161
  44     0.45027     0.15771
  45     0.46001     0.16366
  46     0.47003     0.16991
  47     0.48005      0.1763
  48     0.49005     0.18283
  49     0.50004      0.1895
  50        0.51     0.19629
  51     0.52003     0.20327
  52     0.53003     0.21037
  53     0.54003      0.2176
  54      0.5501     0.22505
  55     0.56035     0.23279
  56     0.57003     0.24025
  57     0.58004     0.24814
  58     0.59005     0.25623
  59     0.60008      0.2645
  60     0.61007      0.2729
  61     0.62003     0.28147
  62     0.63001     0.29026
  63     0.64006     0.29929
  64     0.65002     0.30844
  65     0.66003     0.31786
  66     0.67001     0.32748
  67     0.68025     0.33757
  68     0.69003     0.34743
  69     0.70021     0.35796
  70     0.71006     0.36838
  71     0.72002     0.37922
  72     0.73001     0.39041
  73        0.74     0.40191
  74        0.75     0.41371
  75     0.76008     0.42595
  76     0.77005     0.43837
  77     0.78003      0.4512
  78     0.79035     0.46488
  79     0.80002     0.47808
  80     0.81002     0.49212
  81        0.82     0.50658
  82     0.83001     0.52155
  83     0.84025      0.5374
  84     0.85004     0.55308
  85     0.86015     0.56992
  86        0.87       0.587
  87     0.88002     0.60511
  88     0.89001     0.62401
  89     0.90026     0.64435
  90        0.91     0.66474
  91     0.92011     0.68715
  92     0.93004     0.71045
  93        0.94     0.73552
  94     0.95001     0.76291
  95     0.96002     0.79287
  96     0.97001     0.82642
  97     0.98001     0.86529
  98     0.99004     0.91349
  99           1           1
-----------------------------------------

----------------- PPP$ and local currency --------------
         PPP used in computation: 16.4239
     Data mean in local currency: 4727
               Data mean in PPP$: 488.461
        Poverty line in PPP$/Day: 1.9
      Poverty line in PPP$/Month: 57.7917
  Poverty line in local currency: 559.269
-------------------------------------------------------

----------------- Estimation result --------------
     Number of observation: 13288
          Total population: 2.34106E+06
              Total wealth: 6.73787E+08(PPP$)
                   Minimum: 4.12073(PPP$)
                   Maximum: 56992.6(PPP$)
             Headcount(HC): 0.0149086
          Poverty gap (PG): 0.00337538
       Poverty gap squared: 0.00127666
                      Gini: 0.471347
                    Median: 329.975
                       MLD: 0.389445
                      Watt: 0.00439101
--------------------------------------------------

-------------------------------- Income or Consumption share by deciles (%) -------------------------------------
     1.6567     2.7651     3.7027     4.7806      6.042      7.496     9.3311     12.031     16.579     35.616
-----------------------------------------------------------------------------------------------------------------


