

**********************************************************************************************
**                                   Basic Information                                      **
**********************************************************************************************

----------------- Dataset Information -----------------
                         Country: Uruguay
                    Country dode: URY
                       Data Year: 2006
                        Coverage: National
             Welfare measurement: Income
                     Data format: Unit record
                     Data source: URY_N2006Y
                  Data time span: UnDefined
-------------------------------------------------------


----------- Distribution ------------
   i           P           L 
-------------------------------------
   0    0.010018  0.00086728
   1    0.020026   0.0021453
   2    0.030002   0.0036303
   3     0.04001   0.0052809
   4    0.050002   0.0070595
   5    0.060022    0.008956
   6    0.070028    0.010966
   7     0.08001    0.013072
   8    0.090091    0.015298
   9     0.10001    0.017581
  10     0.11001    0.019974
  11        0.12    0.022466
  12        0.13    0.025049
  13        0.14    0.027714
  14     0.15002    0.030482
  15     0.16001    0.033327
  16     0.17001    0.036261
  17     0.18001    0.039284
  18     0.19001    0.042397
  19     0.20001    0.045606
  20     0.21001    0.048913
  21        0.22    0.052306
  22     0.23001    0.055792
  23     0.24001    0.059369
  24        0.25    0.063044
  25     0.26001    0.066816
  26        0.27     0.07068
  27     0.28009    0.074677
  28     0.29001     0.07871
  29         0.3    0.082874
  30     0.31003    0.087151
  31      0.3201    0.091549
  32     0.33002    0.095984
  33        0.34     0.10055
  34     0.35004     0.10526
  35     0.36001     0.11004
  36     0.37001     0.11496
  37     0.38002     0.11999
  38     0.39001     0.12513
  39     0.40001      0.1304
  40     0.41001     0.13579
  41     0.42002      0.1413
  42     0.43002     0.14693
  43     0.44001     0.15268
  44     0.45002     0.15856
  45     0.46002     0.16457
  46        0.47     0.17069
  47     0.48012     0.17703
  48     0.49002     0.18337
  49     0.50001      0.1899
  50        0.51     0.19657
  51        0.52     0.20338
  52     0.53002     0.21033
  53     0.54001     0.21742
  54     0.55001     0.22467
  55     0.56002     0.23209
  56     0.57001     0.23966
  57        0.58      0.2474
  58      0.5901     0.25539
  59     0.60002     0.26342
  60     0.61003      0.2717
  61     0.62002     0.28015
  62     0.63006     0.28884
  63     0.64005      0.2977
  64     0.65001     0.30674
  65     0.66008      0.3161
  66     0.67001     0.32555
  67     0.68001      0.3353
  68        0.69     0.34526
  69     0.70022     0.35571
  70     0.71004     0.36602
  71     0.72005     0.37678
  72     0.73005     0.38784
  73     0.74001     0.39914
  74     0.75003      0.4108
  75     0.76001     0.42277
  76     0.77001      0.4351
  77     0.78001     0.44779
  78        0.79     0.46086
  79     0.80025      0.4747
  80     0.81003     0.48834
  81        0.82     0.50274
  82     0.83001     0.51769
  83     0.84004     0.53318
  84     0.85002      0.5492
  85     0.86001     0.56589
  86     0.87001     0.58333
  87     0.88005     0.60164
  88     0.89001     0.62067
  89     0.90004     0.64083
  90     0.91001     0.66192
  91     0.92001     0.68441
  92     0.93005     0.70856
  93        0.94     0.73422
  94     0.95002     0.76225
  95        0.96     0.79298
  96     0.97002     0.82743
  97     0.98002      0.8668
  98     0.99001     0.91489
  99           1           1
-----------------------------------------

----------------- PPP$ and local currency --------------
         PPP used in computation: 16.4239
     Data mean in local currency: 5714.88
               Data mean in PPP$: 523.227
        Poverty line in PPP$/Day: 1.9
      Poverty line in PPP$/Month: 57.7917
  Poverty line in local currency: 631.222
-------------------------------------------------------

----------------- Estimation result --------------
     Number of observation: 61433
          Total population: 3.03064E+06
              Total wealth: 1.05455E+09(PPP$)
                   Minimum: 0(PPP$)
                   Maximum: 24655.7(PPP$)
             Headcount(HC): 0.00892717
          Poverty gap (PG): 0.00218564
       Poverty gap squared: 0.000909527
                      Gini: 0.472023
                    Median: 345.472
                       MLD: 0.38651
                      Watt: 0.00277553
--------------------------------------------------

-------------------------------- Income or Consumption share by deciles (%) -------------------------------------
     1.7579     2.8025     3.7268     4.7523     5.9501     7.3508     9.2086     11.887     16.639     35.925
-----------------------------------------------------------------------------------------------------------------


