

**********************************************************************************************
**                                   Basic Information                                      **
**********************************************************************************************

----------------- Dataset Information -----------------
                         Country: Uruguay
                    Country dode: URY
                       Data Year: 2008
                        Coverage: National
             Welfare measurement: Income
                     Data format: Unit record
                     Data source: URY_N2008Y
                  Data time span: UnDefined
-------------------------------------------------------


----------- Distribution ------------
   i           P           L 
-------------------------------------
   0     0.01004  0.00097966
   1    0.020009   0.0022961
   2    0.030034   0.0038161
   3    0.040045   0.0054962
   4    0.050016   0.0073131
   5    0.060041    0.009267
   6    0.070024    0.011321
   7    0.080048    0.013491
   8    0.090029    0.015757
   9         0.1     0.01813
  10     0.11001    0.020614
  11     0.12002      0.0232
  12     0.13001    0.025884
  13     0.14002    0.028669
  14     0.15003    0.031539
  15        0.16    0.034477
  16     0.17002    0.037521
  17     0.18001    0.040646
  18     0.19003    0.043875
  19     0.20001    0.047192
  20     0.21002    0.050611
  21     0.22004    0.054129
  22        0.23    0.057719
  23     0.24004    0.061427
  24     0.25003    0.065209
  25     0.26004    0.069097
  26        0.27    0.073072
  27        0.28     0.07717
  28     0.29002    0.081377
  29     0.30001    0.085655
  30        0.31    0.090039
  31     0.32009     0.09457
  32     0.33002    0.099132
  33     0.34001     0.10382
  34     0.35001     0.10862
  35     0.36001     0.11354
  36     0.37004     0.11859
  37        0.38     0.12372
  38     0.39002     0.12899
  39     0.40001     0.13436
  40     0.41001     0.13985
  41     0.42002     0.14547
  42     0.43003     0.15123
  43     0.44001      0.1571
  44     0.45005     0.16312
  45     0.46003     0.16924
  46        0.47     0.17549
  47     0.48002     0.18189
  48     0.49001      0.1884
  49     0.50006     0.19509
  50        0.51     0.20186
  51     0.52002     0.20883
  52     0.53002     0.21594
  53     0.54001     0.22319
  54     0.55003     0.23061
  55     0.56003     0.23816
  56     0.57006     0.24589
  57     0.58001     0.25372
  58     0.59002     0.26177
  59     0.60003        0.27
  60     0.61002     0.27839
  61        0.62     0.28697
  62        0.63     0.29577
  63     0.64002     0.30479
  64     0.65001     0.31398
  65     0.66001      0.3234
  66     0.67009      0.3331
  67     0.68005     0.34291
  68     0.69003     0.35299
  69     0.70008     0.36341
  70     0.71003     0.37398
  71     0.72001     0.38482
  72     0.73002     0.39597
  73     0.74002     0.40742
  74     0.75022     0.41939
  75        0.76     0.43117
  76     0.77004     0.44357
  77        0.78     0.45624
  78     0.79009     0.46943
  79     0.80001     0.48281
  80     0.81002     0.49675
  81        0.82     0.51115
  82        0.83     0.52609
  83     0.84001     0.54159
  84        0.85     0.55765
  85     0.86008     0.57456
  86     0.87001     0.59194
  87     0.88001     0.61016
  88        0.89     0.62923
  89         0.9     0.64918
  90        0.91     0.67023
  91        0.92     0.69248
  92     0.93002     0.71611
  93     0.94001     0.74128
  94     0.95001     0.76853
  95     0.96001     0.79835
  96        0.97     0.83146
  97        0.98     0.86941
  98        0.99     0.91581
  99           1           1
-----------------------------------------

----------------- PPP$ and local currency --------------
         PPP used in computation: 16.4239
     Data mean in local currency: 7785.17
               Data mean in PPP$: 617.518
        Poverty line in PPP$/Day: 1.9
      Poverty line in PPP$/Month: 57.7917
  Poverty line in local currency: 728.591
-------------------------------------------------------

----------------- Estimation result --------------
     Number of observation: 38873
          Total population: 3.00355E+06
              Total wealth: 1.42373E+09(PPP$)
                   Minimum: 14.143(PPP$)
                   Maximum: 29053(PPP$)
             Headcount(HC): 0.0033294
          Poverty gap (PG): 0.000626424
       Poverty gap squared: 0.000192104
                      Gini: 0.46268
                    Median: 415.638
                       MLD: 0.369443
                      Watt: 0.000760711
--------------------------------------------------

-------------------------------- Income or Consumption share by deciles (%) -------------------------------------
      1.813     2.9057     3.8464     4.8703     6.0702     7.4916     9.3351     11.947     16.639     35.082
-----------------------------------------------------------------------------------------------------------------


