

**********************************************************************************************
**                                   Basic Information                                      **
**********************************************************************************************

----------------- Dataset Information -----------------
                         Country: Uruguay
                    Country dode: URY
                       Data Year: 1998
                        Coverage: Urban
             Welfare measurement: Income
                     Data format: Unit record
                     Data source: URY_U1998Y
                  Data time span: UnDefined
-------------------------------------------------------


----------- Distribution ------------
   i           P           L 
-------------------------------------
   0    0.010065  0.00061298
   1    0.020082   0.0016705
   2     0.03006   0.0029874
   3     0.04001   0.0044817
   4        0.05   0.0061546
   5    0.060051   0.0080114
   6    0.070101    0.010019
   7    0.080034    0.012145
   8    0.090348      0.0145
   9     0.10004    0.016835
  10        0.11    0.019335
  11     0.12008    0.021976
  12      0.1301    0.024701
  13        0.14     0.02751
  14     0.15008    0.030474
  15     0.16003    0.033515
  16     0.17004    0.036691
  17     0.18006    0.040003
  18     0.19003     0.04343
  19     0.20005    0.046983
  20     0.21009     0.05064
  21     0.22006     0.05439
  22     0.23005    0.058267
  23     0.24007    0.062283
  24     0.25008    0.066412
  25     0.26005    0.070645
  26     0.27003    0.074997
  27      0.2802    0.079559
  28     0.29011    0.084115
  29     0.30002    0.088773
  30     0.31007    0.093604
  31     0.32001    0.098495
  32     0.33004     0.10355
  33     0.34008     0.10873
  34     0.35008     0.11401
  35     0.36002     0.11938
  36     0.37004     0.12492
  37     0.38006     0.13058
  38        0.39     0.13633
  39     0.40002     0.14223
  40     0.41006     0.14827
  41     0.42006     0.15442
  42     0.43004     0.16067
  43     0.44006     0.16707
  44     0.45007     0.17359
  45     0.46003     0.18021
  46      0.4701     0.18704
  47     0.48006     0.19395
  48     0.49003       0.201
  49     0.50001     0.20821
  50     0.51003     0.21558
  51     0.52011     0.22315
  52     0.53002     0.23074
  53     0.54009     0.23856
  54     0.55003     0.24643
  55     0.56003     0.25449
  56     0.57009     0.26277
  57     0.58004      0.2711
  58     0.59003     0.27962
  59     0.60003     0.28829
  60     0.61005     0.29717
  61     0.62005     0.30622
  62     0.63009     0.31549
  63     0.64004     0.32486
  64     0.65028     0.33469
  65     0.66002     0.34425
  66     0.67001     0.35429
  67     0.68009     0.36466
  68     0.69004     0.37513
  69     0.70005      0.3859
  70     0.71001     0.39684
  71     0.72007     0.40814
  72     0.73006     0.41963
  73        0.74     0.43134
  74     0.75005     0.44348
  75     0.76002     0.45585
  76     0.77001     0.46858
  77     0.78007     0.48172
  78     0.79011     0.49523
  79     0.80003     0.50895
  80     0.81003     0.52318
  81     0.82001     0.53779
  82     0.83002     0.55292
  83     0.84006     0.56858
  84     0.85002      0.5846
  85     0.86007     0.60133
  86        0.87     0.61853
  87     0.88002     0.63658
  88     0.89005     0.65537
  89     0.90004     0.67498
  90     0.91003     0.69551
  91     0.92002       0.717
  92     0.93013     0.73995
  93     0.94001     0.76393
  94     0.95004      0.7901
  95      0.9601     0.81887
  96     0.97012     0.85076
  97     0.98001     0.88709
  98     0.99007     0.93147
  99           1           1
-----------------------------------------

----------------- PPP$ and local currency --------------
         PPP used in computation: 16.4239
     Data mean in local currency: 4027.3
               Data mean in PPP$: 711.223
        Poverty line in PPP$/Day: 1.9
      Poverty line in PPP$/Month: 57.7917
  Poverty line in local currency: 327.246
-------------------------------------------------------

----------------- Estimation result --------------
     Number of observation: 13851
          Total population: 2.49984E+06
              Total wealth: 6.12987E+08(PPP$)
                   Minimum: 0(PPP$)
                   Maximum: 6500.3(PPP$)
             Headcount(HC): 0.00895578
          Poverty gap (PG): 0.00256851
       Poverty gap squared: 0.00114842
                      Gini: 0.438077
                    Median: 518.929
                       MLD: 0.344578
                      Watt: 0.00283968
--------------------------------------------------

-------------------------------- Income or Consumption share by deciles (%) -------------------------------------
     1.6825     3.0139     4.1802     5.3449     6.5987      8.006     9.7591     12.306     16.599      32.51
-----------------------------------------------------------------------------------------------------------------


