

**********************************************************************************************
**                                   Basic Information                                      **
**********************************************************************************************

----------------- Dataset Information -----------------
                         Country: Uruguay
                    Country dode: URY
                       Data Year: 2001
                        Coverage: Urban
             Welfare measurement: Income
                     Data format: Unit record
                     Data source: URY_U2001Y
                  Data time span: UnDefined
-------------------------------------------------------


----------- Distribution ------------
   i           P           L 
-------------------------------------
   0    0.010033  0.00074107
   1    0.020004   0.0018534
   2    0.030005   0.0031639
   3    0.040145   0.0046675
   4    0.050053   0.0062995
   5    0.060003   0.0080693
   6    0.070007   0.0099795
   7    0.080036    0.012018
   8     0.09006    0.014169
   9     0.10002    0.016405
  10     0.11001    0.018742
  11     0.12001    0.021187
  12     0.13004    0.023753
  13     0.14009    0.026429
  14     0.15005    0.029173
  15     0.16005    0.032018
  16     0.17006    0.034966
  17     0.18004    0.038019
  18     0.19008    0.041205
  19     0.20013    0.044477
  20     0.21003    0.047797
  21     0.22014    0.051291
  22      0.2301    0.054851
  23     0.24005    0.058523
  24     0.25006    0.062327
  25      0.2601    0.066267
  26     0.27008    0.070284
  27     0.28005    0.074403
  28     0.29006    0.078634
  29     0.30007    0.082983
  30     0.31045    0.087593
  31     0.32004    0.091946
  32     0.33017    0.096652
  33     0.34003     0.10134
  34     0.35002     0.10619
  35     0.36004     0.11117
  36     0.37003     0.11624
  37     0.38004     0.12144
  38     0.39013     0.12679
  39     0.40005     0.13217
  40      0.4104     0.13791
  41     0.42029     0.14351
  42     0.43001     0.14912
  43     0.44005     0.15505
  44        0.45     0.16106
  45     0.46002     0.16723
  46     0.47004     0.17354
  47     0.48009        0.18
  48     0.49071     0.18701
  49     0.50004      0.1933
  50     0.51005      0.2002
  51        0.52     0.20721
  52     0.53004     0.21444
  53     0.54004     0.22181
  54     0.55001      0.2293
  55     0.56002       0.237
  56     0.57004     0.24488
  57     0.58003     0.25294
  58     0.59011     0.26127
  59     0.60004     0.26965
  60        0.61     0.27826
  61     0.62001     0.28712
  62        0.63     0.29613
  63     0.64009     0.30543
  64     0.65009     0.31487
  65     0.66008     0.32452
  66     0.67007     0.33441
  67     0.68004     0.34451
  68        0.69     0.35487
  69     0.70006     0.36557
  70     0.71001     0.37641
  71     0.72009     0.38764
  72     0.73004     0.39894
  73        0.74     0.41055
  74        0.75     0.42255
  75     0.76002     0.43489
  76     0.77027     0.44788
  77      0.7801     0.46069
  78     0.79036     0.47441
  79     0.80003      0.4877
  80     0.81005     0.50191
  81     0.82001     0.51651
  82     0.83012     0.53185
  83     0.84028     0.54778
  84     0.85011     0.56367
  85     0.86008     0.58044
  86     0.87023     0.59828
  87     0.88006     0.61632
  88     0.89006     0.63559
  89     0.90006     0.65572
  90     0.91008     0.67685
  91     0.92007     0.69911
  92     0.93004     0.72267
  93     0.94002       0.748
  94     0.95005     0.77562
  95     0.96004     0.80564
  96     0.97001      0.8388
  97     0.98004     0.87694
  98        0.99     0.92282
  99           1           1
-----------------------------------------

----------------- PPP$ and local currency --------------
         PPP used in computation: 16.4239
     Data mean in local currency: 4350.24
               Data mean in PPP$: 646.201
        Poverty line in PPP$/Day: 1.9
      Poverty line in PPP$/Month: 57.7917
  Poverty line in local currency: 389.055
-------------------------------------------------------

----------------- Estimation result --------------
     Number of observation: 13035
          Total population: 2.41284E+06
              Total wealth: 6.39096E+08(PPP$)
                   Minimum: 0(PPP$)
                   Maximum: 11613.6(PPP$)
             Headcount(HC): 0.00751936
          Poverty gap (PG): 0.00184971
       Poverty gap squared: 0.000876801
                      Gini: 0.461672
                    Median: 440.069
                       MLD: 0.377642
                      Watt: 0.00215407
--------------------------------------------------

-------------------------------- Income or Consumption share by deciles (%) -------------------------------------
       1.64     2.8033     3.8519     4.9188     6.1134     7.6342     9.5895     12.215     16.794      34.44
-----------------------------------------------------------------------------------------------------------------


