

**********************************************************************************************
**                                   Basic Information                                      **
**********************************************************************************************

----------------- Dataset Information -----------------
                         Country: Uruguay
                    Country dode: URY
                       Data Year: 2000
                        Coverage: Urban
             Welfare measurement: Income
                     Data format: Unit record
                     Data source: URY_U2000Y
                  Data time span: UnDefined
-------------------------------------------------------


----------- Distribution ------------
   i           P           L 
-------------------------------------
   0    0.010165   0.0007324
   1    0.020031    0.001827
   2    0.030083   0.0031939
   3    0.040003   0.0047514
   4    0.050049    0.006497
   5    0.060025   0.0083615
   6    0.070077    0.010378
   7    0.080205    0.012546
   8    0.090063     0.01477
   9     0.10027    0.017194
  10     0.11004    0.019618
  11      0.1202    0.022244
  12     0.13003    0.024893
  13     0.14002    0.027707
  14     0.15016    0.030663
  15     0.16014    0.033678
  16     0.17015    0.036804
  17     0.18012    0.040047
  18     0.19046    0.043521
  19     0.20005    0.046856
  20      0.2101    0.050472
  21     0.22007    0.054154
  22     0.23011    0.057958
  23      0.2401    0.061844
  24     0.25003     0.06582
  25     0.26012    0.069977
  26     0.27005     0.07419
  27     0.28001    0.078532
  28     0.29001    0.083001
  29     0.30002    0.087581
  30     0.31015    0.092335
  31     0.32001    0.097062
  32     0.33016     0.10207
  33     0.34003     0.10704
  34     0.35002      0.1122
  35     0.36008     0.11753
  36     0.37001      0.1229
  37     0.38005     0.12846
  38      0.3903     0.13426
  39     0.40001     0.13987
  40     0.41008      0.1458
  41     0.42011     0.15183
  42     0.43002     0.15792
  43     0.44017     0.16428
  44     0.45001     0.17059
  45     0.46004     0.17715
  46     0.47005     0.18383
  47     0.48007     0.19065
  48     0.49001     0.19756
  49     0.50002     0.20467
  50     0.51006     0.21196
  51     0.52002      0.2193
  52     0.53005     0.22685
  53     0.54004     0.23451
  54     0.55009     0.24236
  55        0.56     0.25028
  56     0.57005     0.25843
  57     0.58024     0.26687
  58        0.59     0.27511
  59         0.6     0.28371
  60     0.61004     0.29253
  61     0.62005      0.3015
  62     0.63005     0.31063
  63     0.64008     0.31999
  64     0.65007     0.32953
  65     0.66004     0.33925
  66     0.67002     0.34919
  67     0.68016     0.35951
  68     0.69012     0.36986
  69     0.70009     0.38046
  70     0.71002     0.39129
  71      0.7201     0.40254
  72     0.73005      0.4139
  73     0.74001     0.42553
  74     0.75006     0.43756
  75     0.76002     0.44982
  76     0.77007     0.46255
  77     0.78002      0.4755
  78     0.79009       0.489
  79     0.80003     0.50269
  80     0.81002     0.51686
  81     0.82007     0.53154
  82     0.83002     0.54653
  83     0.84003     0.56209
  84     0.85002     0.57816
  85     0.86002     0.59489
  86     0.87003     0.61237
  87     0.88001      0.6306
  88     0.89002     0.64964
  89     0.90001     0.66948
  90     0.91001     0.69034
  91     0.92001     0.71237
  92     0.93004      0.7357
  93        0.94     0.76046
  94     0.95001     0.78718
  95     0.96001      0.8162
  96     0.97009     0.84872
  97     0.98002     0.88561
  98     0.99001     0.93065
  99           1           1
-----------------------------------------

----------------- PPP$ and local currency --------------
         PPP used in computation: 16.4239
     Data mean in local currency: 4383.75
               Data mean in PPP$: 684.066
        Poverty line in PPP$/Day: 1.9
      Poverty line in PPP$/Month: 57.7917
  Poverty line in local currency: 370.351
-------------------------------------------------------

----------------- Estimation result --------------
     Number of observation: 14688
          Total population: 2.48418E+06
              Total wealth: 6.63062E+08(PPP$)
                   Minimum: 0(PPP$)
                   Maximum: 5443.78(PPP$)
             Headcount(HC): 0.00566746
          Poverty gap (PG): 0.00172324
       Poverty gap squared: 0.000852926
                      Gini: 0.443882
                    Median: 491.544
                       MLD: 0.349865
                      Watt: 0.00188341
--------------------------------------------------

-------------------------------- Income or Consumption share by deciles (%) -------------------------------------
     1.7129      2.971     4.0733     5.2288     6.4796     7.9055     9.6647     12.229     16.682     33.053
-----------------------------------------------------------------------------------------------------------------


