

**********************************************************************************************
**                                   Basic Information                                      **
**********************************************************************************************

----------------- Dataset Information -----------------
                         Country: Uruguay
                    Country dode: URY
                       Data Year: 2014
                        Coverage: National
             Welfare measurement: Income
                     Data format: Unit record
                     Data source: URY_N2014Y
                  Data time span: UnDefined
-------------------------------------------------------


----------- Distribution ------------
   i           P           L 
-------------------------------------
   0    0.010048   0.0008454
   1    0.020037   0.0021361
   2    0.030029   0.0036656
   3    0.040036   0.0053968
   4    0.050021   0.0073172
   5    0.060065   0.0094114
   6    0.070066    0.011641
   7    0.080041    0.013994
   8    0.090029    0.016482
   9     0.10002      0.0191
  10     0.11001     0.02184
  11        0.12    0.024702
  12     0.13002    0.027687
  13     0.14004    0.030791
  14     0.15002    0.034002
  15     0.16011    0.037376
  16     0.17004    0.040813
  17     0.18004    0.044391
  18     0.19001    0.048067
  19     0.20001    0.051884
  20        0.21    0.055817
  21     0.22001    0.059863
  22     0.23009     0.06406
  23     0.24002    0.068301
  24     0.25001    0.072675
  25     0.26001    0.077175
  26     0.27001    0.081783
  27     0.28001    0.086497
  28     0.29001    0.091325
  29         0.3    0.096263
  30     0.31004     0.10134
  31     0.32001      0.1065
  32     0.33004     0.11182
  33     0.34002     0.11724
  34        0.35     0.12278
  35     0.36002     0.12845
  36     0.37012     0.13429
  37     0.38007     0.14016
  38     0.39007     0.14618
  39     0.40004     0.15231
  40     0.41001     0.15856
  41     0.42001     0.16494
  42      0.4301      0.1715
  43     0.44002     0.17808
  44     0.45002     0.18485
  45     0.46006     0.19178
  46     0.47002     0.19879
  47     0.48013     0.20604
  48        0.49     0.21325
  49         0.5     0.22069
  50     0.51002     0.22829
  51     0.52001       0.236
  52        0.53     0.24387
  53     0.54001     0.25188
  54     0.55002     0.26003
  55     0.56004     0.26837
  56     0.57015     0.27694
  57        0.58     0.28546
  58        0.59     0.29427
  59     0.60007      0.3033
  60     0.61001     0.31238
  61     0.62006     0.32174
  62     0.63003      0.3312
  63     0.64003     0.34087
  64     0.65001     0.35073
  65     0.66001      0.3608
  66     0.67003     0.37113
  67     0.68005     0.38168
  68     0.69002     0.39242
  69         0.7     0.40338
  70     0.71005     0.41465
  71     0.72005     0.42613
  72     0.73002     0.43782
  73     0.74006     0.44987
  74     0.75006     0.46213
  75     0.76006     0.47468
  76     0.77001     0.48747
  77     0.78001     0.50065
  78        0.79     0.51415
  79     0.80001       0.528
  80     0.81012     0.54238
  81     0.82001     0.55681
  82     0.83004     0.57186
  83        0.84      0.5873
  84     0.85001     0.60327
  85        0.86     0.61973
  86     0.87002     0.63682
  87     0.88006     0.65461
  88     0.89001     0.67298
  89     0.90001     0.69221
  90     0.91003      0.7124
  91     0.92002     0.73352
  92     0.93003     0.75579
  93        0.94     0.77926
  94     0.95002     0.80443
  95     0.96001     0.83141
  96     0.97001     0.86112
  97     0.98002     0.89473
  98     0.99002      0.9349
  99           1           1
-----------------------------------------

----------------- PPP$ and local currency --------------
         PPP used in computation: 16.4239
     Data mean in local currency: 15212.7
               Data mean in PPP$: 764.057
        Poverty line in PPP$/Day: 1.9
      Poverty line in PPP$/Month: 57.7917
  Poverty line in local currency: 1150.66
-------------------------------------------------------

----------------- Estimation result --------------
     Number of observation: 30066
          Total population: 3.37403E+06
              Total wealth: 3.12523E+09(PPP$)
                   Minimum: 0(PPP$)
                   Maximum: 38404.3(PPP$)
             Headcount(HC): 0.00301597
          Poverty gap (PG): 0.000868912
       Poverty gap squared: 0.00048661
                      Gini: 0.416027
                    Median: 574.982
                       MLD: 0.306444
                      Watt: 0.000729019
--------------------------------------------------

-------------------------------- Income or Consumption share by deciles (%) -------------------------------------
     1.9096     3.2784      4.438     5.6029     6.8404     8.2539     10.014     12.462     16.419     30.781
-----------------------------------------------------------------------------------------------------------------


