

**********************************************************************************************
**                                   Basic Information                                      **
**********************************************************************************************

----------------- Dataset Information -----------------
                         Country: Uruguay
                    Country dode: URY
                       Data Year: 2010
                        Coverage: National
             Welfare measurement: Income
                     Data format: Unit record
                     Data source: URY_N2010Y
                  Data time span: UnDefined
-------------------------------------------------------


----------- Distribution ------------
   i           P           L 
-------------------------------------
   0     0.01003  0.00098571
   1    0.020038   0.0023889
   2    0.030007   0.0039899
   3    0.040009   0.0057674
   4     0.05001   0.0076948
   5    0.060008   0.0097474
   6    0.070037    0.011919
   7    0.080024    0.014197
   8    0.090018    0.016582
   9     0.10007    0.019088
  10     0.11008    0.021678
  11     0.12002    0.024347
  12     0.13002    0.027139
  13     0.14001    0.030023
  14     0.15003    0.033003
  15     0.16001     0.03606
  16     0.17002    0.039212
  17     0.18002    0.042466
  18     0.19006    0.045823
  19     0.20002    0.049238
  20     0.21001    0.052763
  21     0.22002    0.056386
  22     0.23002    0.060107
  23     0.24002    0.063924
  24     0.25004    0.067852
  25        0.26    0.071862
  26     0.27002    0.075981
  27     0.28005    0.080202
  28     0.29003    0.084509
  29     0.30002    0.088927
  30     0.31003    0.093462
  31     0.32004    0.098103
  32        0.33     0.10283
  33     0.34001     0.10768
  34     0.35002     0.11265
  35     0.36001     0.11772
  36     0.37002     0.12291
  37     0.38001     0.12819
  38     0.39001     0.13359
  39     0.40002      0.1391
  40     0.41002     0.14472
  41     0.42001     0.15044
  42     0.43006     0.15631
  43     0.44001     0.16224
  44     0.45002     0.16834
  45     0.46003     0.17456
  46        0.47     0.18089
  47     0.48002     0.18736
  48     0.49003     0.19397
  49     0.50001     0.20069
  50     0.51004     0.20758
  51     0.52007     0.21462
  52        0.53     0.22173
  53     0.54001     0.22907
  54     0.55001     0.23656
  55        0.56     0.24423
  56     0.57001     0.25206
  57     0.58021     0.26021
  58     0.59001     0.26819
  59     0.60003     0.27651
  60        0.61     0.28497
  61     0.62003     0.29369
  62     0.63002     0.30255
  63        0.64     0.31162
  64        0.65      0.3209
  65     0.66001     0.33041
  66     0.67013     0.34023
  67        0.68     0.35005
  68     0.69001     0.36023
  69         0.7     0.37061
  70        0.71     0.38126
  71     0.72011      0.3923
  72     0.73002     0.40339
  73        0.74     0.41486
  74     0.75003     0.42671
  75     0.76002     0.43886
  76     0.77001     0.45133
  77        0.78     0.46415
  78     0.79001     0.47734
  79     0.80005     0.49095
  80     0.81006     0.50496
  81     0.82001     0.51932
  82     0.83005     0.53429
  83     0.84004     0.54972
  84        0.85     0.56567
  85     0.86003     0.58231
  86     0.87008     0.59971
  87     0.88001     0.61767
  88     0.89001     0.63657
  89     0.90001     0.65636
  90     0.91001      0.6772
  91     0.92003     0.69924
  92     0.93001     0.72259
  93     0.94001     0.74754
  94        0.95      0.7744
  95        0.96     0.80371
  96     0.97003     0.83634
  97        0.98     0.87327
  98     0.99001     0.91835
  99           1           1
-----------------------------------------

----------------- PPP$ and local currency --------------
         PPP used in computation: 16.4239
     Data mean in local currency: 9623.66
               Data mean in PPP$: 660.128
        Poverty line in PPP$/Day: 1.9
      Poverty line in PPP$/Month: 57.7917
  Poverty line in local currency: 842.514
-------------------------------------------------------

----------------- Estimation result --------------
     Number of observation: 35159
          Total population: 3.36596E+06
              Total wealth: 1.9723E+09(PPP$)
                   Minimum: 0(PPP$)
                   Maximum: 35096.4(PPP$)
             Headcount(HC): 0.00231138
          Poverty gap (PG): 0.000769725
       Poverty gap squared: 0.00045182
                      Gini: 0.453182
                    Median: 449.228
                       MLD: 0.354861
                      Watt: 0.000714941
--------------------------------------------------

-------------------------------- Income or Consumption share by deciles (%) -------------------------------------
      1.907     3.0162     3.9687     5.0169     6.1594     7.5802     9.4121     12.028     16.545     34.366
-----------------------------------------------------------------------------------------------------------------


