

**********************************************************************************************
**                                   Basic Information                                      **
**********************************************************************************************

----------------- Dataset Information -----------------
                         Country: Uruguay
                    Country dode: URY
                       Data Year: 1989
                        Coverage: National
             Welfare measurement: Income
                     Data format: Unit record
                     Data source: URY_N1989Y
                  Data time span: UnDefined
-------------------------------------------------------


----------- Distribution ------------
   i           P           L 
-------------------------------------
   0    0.010187  0.00085277
   1      0.0202   0.0021589
   2    0.030155    0.003701
   3    0.040347   0.0054751
   4    0.050194    0.007381
   5    0.060187   0.0094823
   6    0.070158    0.011729
   7    0.080143    0.014117
   8    0.090078     0.01664
   9     0.10013    0.019333
  10     0.11007    0.022138
  11     0.12001    0.025056
  12     0.13015     0.02814
  13      0.1402    0.031319
  14     0.15004    0.034547
  15     0.16021    0.038014
  16     0.17013    0.041482
  17      0.1813     0.04553
  18     0.19007    0.048795
  19     0.20021    0.052683
  20     0.21018    0.056584
  21     0.22039    0.060672
  22     0.23007    0.064674
  23     0.24004    0.068916
  24     0.25015    0.073352
  25     0.26004    0.077817
  26     0.27011    0.082467
  27     0.28003     0.08716
  28     0.29051     0.09225
  29     0.30104    0.097481
  30     0.31045     0.10226
  31      0.3202     0.10733
  32     0.33001     0.11252
  33     0.34041     0.11813
  34     0.35004     0.12343
  35     0.36001     0.12901
  36     0.37037     0.13492
  37     0.38003     0.14056
  38     0.39002      0.1465
  39     0.40038     0.15279
  40     0.41002     0.15875
  41     0.42004     0.16507
  42     0.43017     0.17157
  43     0.44013     0.17809
  44     0.45019     0.18482
  45     0.46019     0.19164
  46     0.47009     0.19851
  47     0.48032     0.20574
  48     0.49015     0.21285
  49     0.50005     0.22013
  50     0.51007     0.22763
  51     0.52141      0.2363
  52     0.53019     0.24311
  53     0.54002     0.25085
  54     0.55007     0.25893
  55     0.56015     0.26719
  56     0.57007     0.27547
  57     0.58022     0.28406
  58        0.59     0.29247
  59     0.60012     0.30133
  60     0.61026      0.3104
  61     0.62011     0.31938
  62     0.63003     0.32861
  63     0.64005      0.3381
  64     0.65002     0.34771
  65     0.66011     0.35759
  66     0.67019     0.36767
  67     0.68003     0.37771
  68     0.69007     0.38822
  69     0.70005     0.39886
  70     0.71002     0.40972
  71      0.7201     0.42094
  72     0.73023     0.43245
  73     0.74004     0.44383
  74     0.75006     0.45571
  75      0.7602       0.468
  76        0.77     0.48016
  77     0.78023     0.49317
  78     0.79007     0.50598
  79     0.80007     0.51933
  80     0.81014     0.53313
  81     0.82024     0.54738
  82     0.83005     0.56163
  83     0.84021     0.57677
  84     0.85038     0.59238
  85     0.86009     0.60782
  86     0.87002     0.62422
  87     0.88012     0.64148
  88     0.89002     0.65913
  89     0.90007     0.67784
  90     0.91012     0.69742
  91     0.92003     0.71763
  92     0.93015     0.73933
  93     0.94004     0.76182
  94     0.95005     0.78633
  95     0.96005     0.81289
  96     0.97007      0.8422
  97     0.98008     0.87525
  98     0.99001     0.91462
  99           1           1
-----------------------------------------

----------------- PPP$ and local currency --------------
         PPP used in computation: 16.4239
     Data mean in local currency: 93.9109
               Data mean in PPP$: 640.929
        Poverty line in PPP$/Day: 1.9
      Poverty line in PPP$/Month: 57.7917
  Poverty line in local currency: 8.46782
-------------------------------------------------------

----------------- Estimation result --------------
     Number of observation: 5357
          Total population: 2.65037E+06
              Total wealth: 1.51547E+07(PPP$)
                   Minimum: 0(PPP$)
                   Maximum: 341.945(PPP$)
             Headcount(HC): 0.00455332
          Poverty gap (PG): 0.0015038
       Poverty gap squared: 0.000775729
                      Gini: 0.423694
                    Median: 476.469
                       MLD: 0.316178
                      Watt: 0.00199082
--------------------------------------------------

-------------------------------- Income or Consumption share by deciles (%) -------------------------------------
     1.9299     3.3304     4.4363     5.5589     6.7541     8.1135     9.7581     12.042     15.848     32.229
-----------------------------------------------------------------------------------------------------------------


