

**********************************************************************************************
**                                   Basic Information                                      **
**********************************************************************************************

----------------- Dataset Information -----------------
                         Country: Uruguay
                    Country dode: URY
                       Data Year: 2013
                        Coverage: National
             Welfare measurement: Income
                     Data format: Unit record
                     Data source: URY_N2013Y
                  Data time span: UnDefined
-------------------------------------------------------


----------- Distribution ------------
   i           P           L 
-------------------------------------
   0    0.010007  0.00083762
   1    0.020001   0.0021177
   2    0.030029   0.0036603
   3    0.040017   0.0053947
   4    0.050035   0.0073117
   5     0.06001   0.0093829
   6    0.070039     0.01161
   7    0.080024    0.013959
   8    0.090043    0.016442
   9     0.10001    0.019034
  10     0.11002    0.021757
  11     0.12019    0.024654
  12     0.13001    0.027559
  13     0.14004    0.030646
  14     0.15002    0.033827
  15     0.16004    0.037129
  16     0.17001    0.040525
  17     0.18001    0.044045
  18     0.19002    0.047688
  19     0.20008    0.051471
  20     0.21002    0.055322
  21     0.22002    0.059315
  22     0.23002    0.063426
  23     0.24011    0.067687
  24     0.25001    0.071976
  25     0.26008    0.076453
  26     0.27002    0.080993
  27     0.28002    0.085674
  28     0.29004    0.090479
  29     0.30003    0.095376
  30     0.31003      0.1004
  31     0.32001     0.10553
  32     0.33006     0.11082
  33     0.34003     0.11619
  34     0.35003     0.12171
  35     0.36003     0.12735
  36     0.37001      0.1331
  37     0.38001     0.13897
  38     0.39003     0.14497
  39         0.4     0.15105
  40     0.41009     0.15733
  41     0.42002     0.16364
  42     0.43004     0.17013
  43     0.44001     0.17671
  44     0.45002     0.18346
  45     0.46024     0.19049
  46     0.47001     0.19733
  47     0.48018     0.20459
  48     0.49001     0.21173
  49     0.50002     0.21913
  50     0.51005      0.2267
  51     0.52003     0.23438
  52        0.53     0.24218
  53     0.54002     0.25017
  54     0.55001     0.25827
  55     0.56018     0.26668
  56     0.57004     0.27497
  57     0.58005     0.28356
  58     0.59001     0.29227
  59      0.6003     0.30146
  60     0.61002     0.31031
  61     0.62009     0.31968
  62     0.63001     0.32909
  63        0.64     0.33875
  64     0.65001     0.34859
  65     0.66001     0.35863
  66     0.67005     0.36891
  67     0.68008      0.3794
  68     0.69003     0.39004
  69     0.70014     0.40107
  70     0.71012      0.4122
  71     0.72005     0.42353
  72     0.73002     0.43517
  73     0.74001      0.4471
  74     0.75012      0.4595
  75     0.76013     0.47204
  76     0.77011     0.48484
  77     0.78003     0.49791
  78        0.79     0.51137
  79     0.80001     0.52524
  80     0.81005     0.53954
  81      0.8203     0.55456
  82     0.83005     0.56928
  83     0.84001     0.58481
  84     0.85001      0.6009
  85        0.86     0.61754
  86     0.87004     0.63482
  87     0.88004     0.65269
  88     0.89008     0.67133
  89     0.90007     0.69063
  90     0.91006      0.7108
  91     0.92005     0.73197
  92        0.93     0.75422
  93     0.94001     0.77789
  94     0.95004      0.8032
  95        0.96     0.83026
  96     0.97001     0.86025
  97     0.98003     0.89399
  98     0.99001     0.93468
  99           1           1
-----------------------------------------

----------------- PPP$ and local currency --------------
         PPP used in computation: 16.4239
     Data mean in local currency: 13306.6
               Data mean in PPP$: 727.567
        Poverty line in PPP$/Day: 1.9
      Poverty line in PPP$/Month: 57.7917
  Poverty line in local currency: 1056.96
-------------------------------------------------------

----------------- Estimation result --------------
     Number of observation: 28880
          Total population: 3.37803E+06
              Total wealth: 2.73688E+09(PPP$)
                   Minimum: 0(PPP$)
                   Maximum: 59133.7(PPP$)
             Headcount(HC): 0.0033558
          Poverty gap (PG): 0.00111593
       Poverty gap squared: 0.000619171
                      Gini: 0.418716
                    Median: 543.616
                       MLD: 0.310014
                      Watt: 0.00112638
--------------------------------------------------

-------------------------------- Income or Consumption share by deciles (%) -------------------------------------
     1.9031     3.2411     4.3922     5.5684     6.8074     8.2069     9.9727     12.431     16.527      30.95
-----------------------------------------------------------------------------------------------------------------


