

**********************************************************************************************
**                                   Basic Information                                      **
**********************************************************************************************

----------------- Dataset Information -----------------
                         Country: Uruguay
                    Country dode: URY
                       Data Year: 2002
                        Coverage: Urban
             Welfare measurement: Income
                     Data format: Unit record
                     Data source: URY_U2002Y
                  Data time span: UnDefined
-------------------------------------------------------


----------- Distribution ------------
   i           P           L 
-------------------------------------
   0     0.01009  0.00080322
   1    0.020046   0.0019121
   2     0.03005   0.0032542
   3    0.040078   0.0047754
   4    0.050035   0.0064251
   5    0.060117   0.0082133
   6    0.070011    0.010095
   7    0.080033    0.012114
   8    0.090001    0.014241
   9     0.10001    0.016478
  10     0.11038    0.018897
  11     0.12006    0.021241
  12     0.13004    0.023744
  13     0.14012    0.026378
  14     0.15007    0.029073
  15     0.16001    0.031872
  16     0.17005    0.034785
  17     0.18039    0.037881
  18     0.19035    0.040958
  19     0.20003    0.044042
  20     0.21001    0.047327
  21     0.22002     0.05073
  22     0.23037    0.054349
  23     0.24006    0.057839
  24     0.25001    0.061518
  25     0.26002    0.065324
  26     0.27017    0.069281
  27     0.28005    0.073235
  28     0.29004    0.077326
  29      0.3001    0.081551
  30     0.31002    0.085828
  31     0.32003    0.090259
  32     0.33004    0.094812
  33     0.34005    0.099471
  34     0.35002     0.10423
  35     0.36002     0.10912
  36     0.37006     0.11414
  37     0.38056     0.11951
  38     0.39004     0.12449
  39     0.40035     0.13002
  40     0.41004     0.13534
  41     0.42004     0.14095
  42     0.43022     0.14679
  43     0.44003     0.15255
  44     0.45022     0.15868
  45        0.46     0.16467
  46     0.47006     0.17096
  47     0.48022     0.17747
  48     0.49032     0.18411
  49     0.50004     0.19063
  50     0.51002     0.19748
  51     0.52004      0.2045
  52     0.53003     0.21165
  53     0.54016     0.21905
  54     0.55003     0.22639
  55     0.56001     0.23397
  56     0.57009      0.2418
  57     0.58001     0.24969
  58     0.59001     0.25785
  59     0.60002     0.26619
  60     0.61026     0.27494
  61     0.62005      0.2835
  62     0.63005     0.29244
  63     0.64005     0.30158
  64     0.65004     0.31094
  65     0.66001     0.32049
  66     0.67001     0.33031
  67     0.68004     0.34038
  68     0.69006     0.35069
  69     0.70001      0.3612
  70     0.71001     0.37205
  71        0.72     0.38315
  72     0.73002     0.39453
  73     0.74026     0.40647
  74     0.75002     0.41816
  75        0.76     0.43042
  76     0.77007     0.44313
  77     0.78005     0.45612
  78     0.79003     0.46947
  79     0.80008     0.48333
  80     0.81012     0.49757
  81     0.82001     0.51208
  82     0.83009     0.52735
  83     0.84003      0.5429
  84     0.85002     0.55915
  85     0.86004     0.57607
  86     0.87008     0.59375
  87     0.88001     0.61205
  88        0.89     0.63124
  89     0.90002     0.65139
  90        0.91     0.67253
  91     0.92006     0.69509
  92     0.93032     0.71958
  93        0.94     0.74431
  94     0.95007       0.772
  95     0.96003     0.80175
  96     0.97003     0.83515
  97     0.98006     0.87365
  98      0.9901     0.92124
  99           1           1
-----------------------------------------

----------------- PPP$ and local currency --------------
         PPP used in computation: 16.4239
     Data mean in local currency: 4019.69
               Data mean in PPP$: 576.418
        Poverty line in PPP$/Day: 1.9
      Poverty line in PPP$/Month: 57.7917
  Poverty line in local currency: 403.014
-------------------------------------------------------

----------------- Estimation result --------------
     Number of observation: 12667
          Total population: 2.37339E+06
              Total wealth: 5.8088E+08(PPP$)
                   Minimum: 0(PPP$)
                   Maximum: 9148.27(PPP$)
             Headcount(HC): 0.0108372
          Poverty gap (PG): 0.002081
       Poverty gap squared: 0.000838586
                      Gini: 0.466552
                    Median: 390.932
                       MLD: 0.384176
                      Watt: 0.00229812
--------------------------------------------------

-------------------------------- Income or Consumption share by deciles (%) -------------------------------------
     1.6476     2.7556     3.7475     4.8325     6.0772      7.557     9.5011     12.203     16.814     34.864
-----------------------------------------------------------------------------------------------------------------


