

**********************************************************************************************
**                                   Basic Information                                      **
**********************************************************************************************

----------------- Dataset Information -----------------
                         Country: Uruguay
                    Country dode: URY
                       Data Year: 1995
                        Coverage: Urban
             Welfare measurement: Income
                     Data format: Unit record
                     Data source: URY_U1995Y
                  Data time span: UnDefined
-------------------------------------------------------


----------- Distribution ------------
   i           P           L 
-------------------------------------
   0    0.010048  0.00070239
   1    0.020019   0.0018545
   2    0.030114   0.0033097
   3    0.040007   0.0049289
   4     0.05004   0.0067692
   5     0.06001   0.0087609
   6    0.070028    0.010913
   7    0.080123    0.013233
   8    0.090078    0.015666
   9     0.10006    0.018246
  10        0.11     0.02096
  11     0.12002    0.023818
  12     0.13004    0.026792
  13     0.14009    0.029894
  14     0.15001     0.03307
  15     0.16004     0.03639
  16     0.17003    0.039818
  17     0.18005    0.043368
  18     0.19008    0.047054
  19     0.20008    0.050855
  20     0.21007    0.054758
  21     0.22005    0.058775
  22     0.23001    0.062883
  23     0.24004    0.067133
  24     0.25006    0.071481
  25     0.26001    0.075897
  26     0.27005    0.080458
  27     0.28014    0.085158
  28     0.29002    0.089872
  29     0.30002    0.094768
  30     0.31002    0.099774
  31     0.32001     0.10488
  32     0.33004     0.11013
  33     0.34001     0.11545
  34     0.35008     0.12094
  35     0.36005      0.1265
  36     0.37006     0.13222
  37     0.38002     0.13802
  38     0.39018     0.14406
  39     0.40002     0.15004
  40     0.41004     0.15625
  41     0.42003     0.16257
  42     0.43001     0.16902
  43     0.44006     0.17565
  44     0.45001     0.18235
  45     0.46005     0.18923
  46     0.47006     0.19623
  47     0.48002     0.20332
  48     0.49002     0.21057
  49     0.50001     0.21795
  50     0.51001     0.22549
  51     0.52001     0.23316
  52     0.53001     0.24097
  53     0.54008     0.24894
  54     0.55003     0.25698
  55     0.56005     0.26524
  56     0.57007     0.27366
  57     0.58005     0.28221
  58     0.59005     0.29094
  59     0.60002     0.29981
  60     0.61003     0.30888
  61     0.62003     0.31813
  62     0.63005     0.32758
  63     0.64002     0.33717
  64     0.65002     0.34697
  65        0.66     0.35698
  66     0.67005     0.36724
  67     0.68005     0.37768
  68     0.69006     0.38836
  69     0.70004     0.39927
  70      0.7102     0.41063
  71     0.72006     0.42192
  72        0.73     0.43354
  73     0.74005     0.44552
  74     0.75005     0.45773
  75     0.76001     0.47014
  76     0.77004     0.48293
  77     0.78002     0.49601
  78     0.79001     0.50941
  79     0.80004     0.52328
  80     0.81001      0.5374
  81     0.82005     0.55202
  82     0.83002     0.56697
  83        0.84     0.58243
  84     0.85002     0.59843
  85     0.86001     0.61497
  86     0.87001     0.63214
  87     0.88003     0.65002
  88     0.89003     0.66855
  89     0.90009     0.68797
  90     0.91002     0.70801
  91     0.92002     0.72935
  92        0.93     0.75184
  93     0.94007     0.77605
  94     0.95001     0.80168
  95     0.96004     0.82966
  96     0.97001     0.86002
  97     0.98003     0.89444
  98     0.99003     0.93554
  99           1           1
-----------------------------------------

----------------- PPP$ and local currency --------------
         PPP used in computation: 16.4239
     Data mean in local currency: 1990.21
               Data mean in PPP$: 681.553
        Poverty line in PPP$/Day: 1.9
      Poverty line in PPP$/Month: 57.7917
  Poverty line in local currency: 168.758
-------------------------------------------------------

----------------- Estimation result --------------
     Number of observation: 15908
          Total population: 64289
              Total wealth: 7.79041E+06(PPP$)
                   Minimum: 0(PPP$)
                   Maximum: 3491.27(PPP$)
             Headcount(HC): 0.00679743
          Poverty gap (PG): 0.00201181
       Poverty gap squared: 0.00109046
                      Gini: 0.421103
                    Median: 508.955
                       MLD: 0.316984
                      Watt: 0.00203023
--------------------------------------------------

-------------------------------- Income or Consumption share by deciles (%) -------------------------------------
     1.8229     3.2595     4.3933     5.5272     6.7917     8.1839     9.9442     12.399     16.457     31.221
-----------------------------------------------------------------------------------------------------------------


