

**********************************************************************************************
**                                   Basic Information                                      **
**********************************************************************************************

----------------- Dataset Information -----------------
                         Country: Uruguay
                    Country dode: URY
                       Data Year: 2007
                        Coverage: National
             Welfare measurement: Income
                     Data format: Unit record
                     Data source: URY_N2007Y
                  Data time span: UnDefined
-------------------------------------------------------


----------- Distribution ------------
   i           P           L 
-------------------------------------
   0    0.010134  0.00094351
   1    0.020024   0.0021972
   2    0.030012   0.0036589
   3        0.04   0.0052777
   4    0.050025   0.0070302
   5    0.060014    0.008888
   6    0.070016    0.010858
   7    0.080024    0.012931
   8    0.090091    0.015113
   9     0.10003    0.017359
  10     0.11002    0.019709
  11     0.12002    0.022152
  12        0.13    0.024684
  13     0.14002    0.027312
  14     0.15001    0.030019
  15     0.16001    0.032812
  16     0.17001    0.035695
  17        0.18    0.038657
  18     0.19003    0.041718
  19     0.20004    0.044874
  20     0.21002    0.048107
  21     0.22002    0.051445
  22     0.23001    0.054866
  23     0.24006    0.058412
  24     0.25016    0.062077
  25     0.26001    0.065743
  26     0.27002    0.069569
  27     0.28004    0.073494
  28     0.29003    0.077512
  29     0.30001    0.081629
  30     0.31001    0.085858
  31     0.32002    0.090192
  32     0.33002    0.094625
  33     0.34006    0.099177
  34     0.35001     0.10381
  35        0.36     0.10858
  36     0.37002     0.11347
  37        0.38     0.11845
  38     0.39001     0.12355
  39     0.40002     0.12875
  40        0.41     0.13407
  41     0.42002     0.13953
  42     0.43003      0.1451
  43     0.44003     0.15079
  44     0.45001     0.15659
  45     0.46001     0.16253
  46     0.47001     0.16859
  47     0.48008     0.17483
  48     0.49001     0.18112
  49     0.50001     0.18758
  50     0.51001     0.19419
  51     0.52002     0.20096
  52     0.53021     0.20802
  53        0.54     0.21496
  54     0.55004     0.22223
  55     0.56002     0.22959
  56     0.57002     0.23714
  57     0.58001     0.24485
  58     0.59001     0.25273
  59     0.60002     0.26081
  60        0.61     0.26905
  61     0.62002     0.27751
  62     0.63002     0.28617
  63     0.64012     0.29509
  64     0.65012     0.30413
  65     0.66002     0.31327
  66        0.67     0.32272
  67        0.68     0.33243
  68     0.69002     0.34239
  69         0.7     0.35256
  70     0.71004     0.36303
  71        0.72      0.3737
  72     0.73001     0.38469
  73     0.74005       0.396
  74     0.75008     0.40762
  75     0.76001     0.41947
  76     0.77004     0.43177
  77     0.78001     0.44435
  78     0.79001     0.45738
  79     0.80001     0.47081
  80     0.81001     0.48468
  81     0.82001     0.49907
  82        0.83     0.51395
  83     0.84001      0.5294
  84     0.85004     0.54548
  85     0.86002     0.56215
  86     0.87013     0.57977
  87     0.88001     0.59772
  88     0.89001     0.61676
  89     0.90003     0.63685
  90     0.91003     0.65792
  91        0.92     0.68021
  92     0.93001     0.70407
  93     0.94001     0.72973
  94        0.95     0.75762
  95     0.96002     0.78836
  96        0.97     0.82282
  97     0.98002     0.86254
  98     0.99001     0.91119
  99           1           1
-----------------------------------------

----------------- PPP$ and local currency --------------
         PPP used in computation: 16.4239
     Data mean in local currency: 6583.63
               Data mean in PPP$: 566.614
        Poverty line in PPP$/Day: 1.9
      Poverty line in PPP$/Month: 57.7917
  Poverty line in local currency: 671.496
-------------------------------------------------------

----------------- Estimation result --------------
     Number of observation: 37623
          Total population: 2.9948E+06
              Total wealth: 1.20049E+09(PPP$)
                   Minimum: 0(PPP$)
                   Maximum: 30499.3(PPP$)
             Headcount(HC): 0.00612127
          Poverty gap (PG): 0.00115243
       Poverty gap squared: 0.000368329
                      Gini: 0.476303
                    Median: 370.291
                       MLD: 0.393112
                      Watt: 0.00140873
--------------------------------------------------

-------------------------------- Income or Consumption share by deciles (%) -------------------------------------
     1.7353     2.7507     3.6767     4.7119     5.8834     7.3211     9.1764     11.823       16.6     36.321
-----------------------------------------------------------------------------------------------------------------


