

**********************************************************************************************
**                                   Basic Information                                      **
**********************************************************************************************

----------------- Dataset Information -----------------
                         Country: Uruguay
                    Country dode: URY
                       Data Year: 1997
                        Coverage: Urban
             Welfare measurement: Income
                     Data format: Unit record
                     Data source: URY_U1997Y
                  Data time span: UnDefined
-------------------------------------------------------


----------- Distribution ------------
   i           P           L 
-------------------------------------
   0    0.010116  0.00070392
   1      0.0202   0.0019065
   2    0.030047   0.0033238
   3    0.040068   0.0049588
   4    0.050105   0.0067913
   5    0.060063   0.0087681
   6    0.070068    0.010918
   7    0.080026    0.013197
   8    0.090047    0.015634
   9     0.10023    0.018247
  10     0.11003    0.020874
  11     0.12005    0.023673
  12     0.13005    0.026595
  13     0.14003    0.029634
  14     0.15011    0.032832
  15     0.16018    0.036139
  16     0.17014    0.039523
  17     0.18006    0.043004
  18     0.19005    0.046611
  19      0.2002    0.050384
  20     0.21001    0.054143
  21        0.22     0.05808
  22     0.23006    0.062151
  23      0.2402     0.06636
  24      0.2501     0.07058
  25     0.26037    0.075078
  26     0.27012    0.079446
  27     0.28004    0.083988
  28     0.29004     0.08868
  29     0.30001    0.093463
  30     0.31004    0.098381
  31      0.3201     0.10345
  32     0.33009      0.1086
  33     0.34005     0.11384
  34     0.35002      0.1192
  35     0.36008      0.1247
  36        0.37     0.13026
  37     0.38007     0.13603
  38     0.39006     0.14186
  39         0.4     0.14781
  40     0.41004     0.15393
  41     0.42009      0.1602
  42     0.43007     0.16657
  43     0.44004     0.17306
  44     0.45012     0.17979
  45     0.46002     0.18651
  46     0.47001     0.19341
  47     0.48016     0.20055
  48     0.49007     0.20765
  49     0.50002     0.21491
  50     0.51003     0.22234
  51     0.52007     0.22993
  52     0.53006     0.23763
  53     0.54004     0.24549
  54     0.55005     0.25353
  55     0.56017      0.2618
  56     0.57011     0.27008
  57     0.58011     0.27859
  58     0.59002     0.28716
  59     0.60004       0.296
  60     0.61002     0.30498
  61     0.62009     0.31423
  62     0.63008     0.32359
  63     0.64007     0.33311
  64     0.65005     0.34281
  65     0.66011     0.35278
  66     0.67006     0.36287
  67     0.68001     0.37316
  68     0.69003     0.38374
  69         0.7     0.39448
  70     0.71001      0.4055
  71     0.72008     0.41686
  72     0.73002     0.42832
  73     0.74001     0.44007
  74     0.75004     0.45214
  75     0.76014     0.46453
  76     0.77001     0.47694
  77     0.78001     0.48983
  78     0.79002     0.50313
  79     0.80002      0.5168
  80     0.81004     0.53088
  81     0.82002      0.5453
  82     0.83002     0.56022
  83     0.84004     0.57564
  84     0.85003     0.59153
  85     0.86001     0.60799
  86     0.87003     0.62512
  87     0.88003     0.64293
  88     0.89002     0.66143
  89     0.90006     0.68092
  90     0.91002     0.70119
  91     0.92001      0.7226
  92     0.93001     0.74541
  93        0.94     0.76979
  94     0.95005     0.79602
  95     0.96004     0.82417
  96        0.97     0.85537
  97     0.98005     0.89087
  98     0.99003     0.93314
  99           1           1
-----------------------------------------

----------------- PPP$ and local currency --------------
         PPP used in computation: 16.4239
     Data mean in local currency: 3267.37
               Data mean in PPP$: 664.455
        Poverty line in PPP$/Day: 1.9
      Poverty line in PPP$/Month: 57.7917
  Poverty line in local currency: 284.183
-------------------------------------------------------

----------------- Estimation result --------------
     Number of observation: 14896
          Total population: 3.35845E+06
              Total wealth: 6.68131E+08(PPP$)
                   Minimum: 0(PPP$)
                   Maximum: 4739.81(PPP$)
             Headcount(HC): 0.00684899
          Poverty gap (PG): 0.00229414
       Poverty gap squared: 0.00117994
                      Gini: 0.427287
                    Median: 489.025
                       MLD: 0.323021
                      Watt: 0.00329277
--------------------------------------------------

-------------------------------- Income or Consumption share by deciles (%) -------------------------------------
     1.8189     3.2121     4.3146     5.4354     6.7086     8.1068     9.8511      12.23     16.403     31.919
-----------------------------------------------------------------------------------------------------------------


