

**********************************************************************************************
**                                   Basic Information                                      **
**********************************************************************************************

----------------- Dataset Information -----------------
                         Country: Uzbekistan
                    Country dode: UZB
                       Data Year: 1998
                        Coverage: National
             Welfare measurement: Consumption
                     Data format: Unit record
                     Data source: UZB_N1998X
                  Data time span: UnDefined
-------------------------------------------------------


----------- Distribution ------------
   i           P           L 
-------------------------------------
   0    0.016517           0
   1    0.020228  3.0502E-05
   2    0.030045  0.00041268
   3    0.040146   0.0012438
   4     0.05033   0.0023387
   5     0.06015   0.0035879
   6    0.070011   0.0050358
   7    0.080036   0.0067237
   8    0.090034   0.0086338
   9     0.10013    0.010771
  10     0.11016    0.013074
  11     0.12026    0.015529
  12      0.1303    0.018086
  13     0.14013    0.020718
  14     0.15002    0.023499
  15     0.16012    0.026484
  16     0.17001    0.029568
  17     0.18008    0.032836
  18     0.19018    0.036236
  19     0.20007    0.039695
  20     0.21019     0.04336
  21     0.22006    0.047043
  22      0.2302    0.050983
  23     0.24012    0.054983
  24     0.25043    0.059252
  25     0.26028     0.06343
  26     0.27023     0.06777
  27     0.28002    0.072134
  28     0.29039    0.076883
  29     0.30003    0.081432
  30     0.31001    0.086269
  31     0.32021    0.091347
  32     0.33014    0.096441
  33     0.34025     0.10176
  34     0.35001       0.107
  35     0.36013     0.11255
  36     0.37009     0.11812
  37     0.38005     0.12386
  38     0.39011     0.12976
  39     0.40008     0.13573
  40     0.41002     0.14183
  41     0.42015     0.14817
  42     0.43062     0.15484
  43     0.44025     0.16107
  44     0.45028     0.16767
  45     0.46007     0.17424
  46     0.47002     0.18106
  47     0.48012     0.18811
  48     0.49015     0.19525
  49     0.50021     0.20256
  50     0.51008     0.20988
  51     0.52009     0.21748
  52     0.53025     0.22535
  53     0.54035     0.23332
  54     0.55005     0.24113
  55     0.56008     0.24937
  56     0.57013     0.25776
  57     0.58003     0.26616
  58     0.59012     0.27495
  59      0.6002       0.284
  60     0.61002     0.29302
  61     0.62015     0.30251
  62        0.63     0.31197
  63     0.64013     0.32189
  64     0.65002     0.33175
  65     0.66013     0.34208
  66     0.67036     0.35273
  67     0.68005     0.36302
  68     0.69005     0.37385
  69     0.70004     0.38485
  70     0.71006     0.39608
  71     0.72003     0.40751
  72     0.73016     0.41938
  73     0.74008     0.43125
  74     0.75011     0.44348
  75     0.76007     0.45591
  76     0.77022     0.46891
  77     0.78026     0.48207
  78     0.79013     0.49536
  79     0.80021     0.50925
  80     0.81006     0.52321
  81     0.82009     0.53783
  82     0.83006     0.55279
  83     0.84021     0.56855
  84     0.85002     0.58427
  85     0.86004     0.60079
  86     0.87011     0.61801
  87     0.88009     0.63576
  88     0.89017     0.65441
  89     0.90023     0.67374
  90     0.91014     0.69372
  91      0.9201     0.71474
  92     0.93023     0.73712
  93     0.94002     0.76023
  94     0.95007     0.78588
  95     0.96015     0.81412
  96     0.97005     0.84513
  97     0.98001     0.88211
  98     0.99003     0.92712
  99           1           1
-----------------------------------------

----------------- PPP$ and local currency --------------
         PPP used in computation: 635.71
     Data mean in local currency: 8576.09
               Data mean in PPP$: 86.0605
        Poverty line in PPP$/Day: 1.9
      Poverty line in PPP$/Month: 57.7917
  Poverty line in local currency: 5759.05
-------------------------------------------------------

----------------- Estimation result --------------
     Number of observation: 4691
          Total population: 56994.2
              Total wealth: 768885
                   Minimum: 0
                   Maximum: 451.47
             Headcount(HC): 0.454688
          Poverty gap (PG): 0.20063
       Poverty gap squared: 0.123179
                      Gini: 0.446732
                    Median: 63.1183
                       MLD: 0.492419
                      Watt: 0.312387
--------------------------------------------------

-------------------------------- Income or Consumption share by deciles (%) -------------------------------------
     1.0744     2.8927     4.1749     5.4263     6.6723     8.1419     10.098     12.416     16.433      32.67
-----------------------------------------------------------------------------------------------------------------


