

**********************************************************************************************
**                                   Basic Information                                      **
**********************************************************************************************

----------------- Dataset Information -----------------
                         Country: Uzbekistan
                    Country dode: UZB
                       Data Year: 2002
                        Coverage: National
             Welfare measurement: Consumption
                     Data format: Unit record
                     Data source: UZB_N2002X
                  Data time span: UnDefined
-------------------------------------------------------


----------- Distribution ------------
   i           P           L 
-------------------------------------
   0    0.010018   0.0018798
   1     0.02002   0.0043938
   2    0.030291    0.007321
   3    0.040192    0.010401
   4    0.050122     0.01373
   5    0.060046    0.017267
   6    0.070151    0.021047
   7    0.080019    0.024903
   8    0.090157    0.029025
   9     0.10001    0.033146
  10     0.11003    0.037492
  11     0.12002    0.041961
  12     0.13005    0.046592
  13     0.14003    0.051348
  14     0.15008    0.056267
  15     0.16021    0.061338
  16     0.17007    0.066376
  17     0.18007    0.071585
  18     0.19018    0.076956
  19     0.20003    0.082279
  20     0.21003    0.087766
  21     0.22001    0.093327
  22     0.23007    0.099021
  23     0.24004     0.10475
  24     0.25006     0.11059
  25     0.26013     0.11654
  26     0.27018     0.12256
  27     0.28012     0.12859
  28     0.29009     0.13472
  29     0.30008     0.14097
  30     0.31001     0.14728
  31     0.32014     0.15381
  32     0.33009     0.16032
  33     0.34012     0.16695
  34     0.35003     0.17358
  35     0.36018     0.18046
  36     0.37002     0.18722
  37     0.38016     0.19426
  38     0.39008     0.20124
  39         0.4      0.2083
  40     0.41006     0.21554
  41     0.42015     0.22289
  42     0.43009     0.23021
  43     0.44001     0.23759
  44     0.45006     0.24514
  45     0.46001      0.2527
  46     0.47001     0.26038
  47      0.4801      0.2682
  48     0.49018     0.27612
  49     0.50011     0.28401
  50     0.51018     0.29211
  51     0.52003     0.30012
  52     0.53003     0.30835
  53     0.54019     0.31683
  54     0.55011      0.3252
  55     0.56011     0.33375
  56     0.57008     0.34238
  57     0.58004      0.3511
  58     0.59003     0.35996
  59     0.60006     0.36897
  60     0.61002     0.37804
  61     0.62004     0.38728
  62     0.63001      0.3966
  63     0.64003     0.40609
  64     0.65003     0.41568
  65     0.66007     0.42546
  66     0.67002     0.43529
  67     0.68002     0.44532
  68     0.69009     0.45557
  69     0.70003     0.46584
  70     0.71012     0.47643
  71     0.72003     0.48701
  72     0.73008     0.49796
  73     0.74004       0.509
  74     0.75002     0.52028
  75      0.7601     0.53189
  76     0.77003      0.5435
  77     0.78001     0.55541
  78     0.79009     0.56772
  79     0.80003     0.58012
  80     0.81006     0.59295
  81     0.82011     0.60612
  82     0.83001     0.61945
  83     0.84008     0.63342
  84     0.85005     0.64762
  85      0.8601      0.6624
  86     0.87001     0.67745
  87     0.88002     0.69312
  88        0.89     0.70936
  89     0.90003     0.72636
  90     0.91008     0.74403
  91     0.92012     0.76258
  92     0.93005     0.78196
  93        0.94     0.80255
  94     0.95003      0.8248
  95     0.96003     0.84895
  96      0.9701     0.87564
  97     0.98006     0.90501
  98     0.99005      0.9401
  99           1           1
-----------------------------------------

----------------- PPP$ and local currency --------------
         PPP used in computation: 635.71
     Data mean in local currency: 15430.9
               Data mean in PPP$: 59.259
        Poverty line in PPP$/Day: 1.9
      Poverty line in PPP$/Month: 57.7917
  Poverty line in local currency: 15048.8
-------------------------------------------------------

----------------- Estimation result --------------
     Number of observation: 9621
          Total population: 2.39448E+07
              Total wealth: 5.81223E+08
                   Minimum: 0.249107
                   Maximum: 515.266
             Headcount(HC): 0.655684
          Poverty gap (PG): 0.223824
       Poverty gap squared: 0.101385
                      Gini: 0.330437
                    Median: 47.4226
                       MLD: 0.181711
                      Watt: 0.309193
--------------------------------------------------

-------------------------------- Income or Consumption share by deciles (%) -------------------------------------
     3.3143     4.9121     5.8659     6.7377     7.5626     8.4992      9.689     11.428     14.621      27.37
-----------------------------------------------------------------------------------------------------------------


