

**********************************************************************************************
**                                   Basic Information                                      **
**********************************************************************************************

----------------- Dataset Information -----------------
                         Country: Venezuela, Republica Bolivariana de
                    Country dode: VEN
                       Data Year: 2002
                        Coverage: National
             Welfare measurement: Income
                     Data format: Unit record
                     Data source: VEN_N2002Y
                  Data time span: UnDefined
-------------------------------------------------------


----------- Distribution ------------
   i           P           L 
-------------------------------------
   0    0.053285           0
   1    0.053285           0
   2    0.053285           0
   3    0.053285           0
   4    0.053285           0
   5    0.060007  0.00017899
   6    0.070062  0.00075433
   7    0.080042   0.0016161
   8    0.090008   0.0027132
   9     0.10045   0.0040898
  10     0.11032   0.0055683
  11     0.12052   0.0072816
  12     0.13003   0.0090262
  13      0.1406    0.011145
  14        0.15    0.013152
  15     0.16027    0.015499
  16     0.17022    0.017924
  17     0.18141    0.020808
  18     0.19086    0.023362
  19     0.20004    0.025945
  20     0.21039    0.028983
  21     0.22004     0.03195
  22     0.23021    0.035199
  23        0.24    0.038458
  24     0.25059    0.042111
  25     0.26031    0.045581
  26     0.27002    0.049172
  27     0.28022     0.05306
  28     0.29002    0.056901
  29     0.30022    0.061044
  30     0.31141    0.065709
  31     0.32002    0.069389
  32     0.33001     0.07377
  33     0.34019    0.078366
  34        0.35    0.082906
  35      0.3603    0.087805
  36     0.37002    0.092556
  37     0.38002    0.097577
  38     0.39126     0.10335
  39     0.40008     0.10797
  40     0.41001     0.11329
  41        0.42     0.11877
  42     0.43002      0.1244
  43     0.44001     0.13016
  44     0.45031     0.13624
  45        0.46     0.14212
  46     0.47005     0.14834
  47     0.48004     0.15466
  48     0.49002     0.16112
  49     0.50002     0.16773
  50     0.51012     0.17456
  51     0.52027     0.18157
  52     0.53014     0.18853
  53     0.54009     0.19571
  54     0.55101     0.20378
  55     0.56143     0.21169
  56        0.57     0.21833
  57        0.58     0.22625
  58     0.59052     0.23478
  59     0.60003     0.24267
  60        0.61     0.25112
  61     0.62006     0.25981
  62     0.63007     0.26868
  63     0.64109     0.27871
  64     0.65009     0.28708
  65     0.66004     0.29654
  66     0.67002     0.30628
  67     0.68001     0.31629
  68     0.69028     0.32684
  69     0.70002     0.33705
  70     0.71009     0.34785
  71     0.72001     0.35879
  72     0.73004     0.37014
  73     0.74014     0.38186
  74     0.75001     0.39365
  75     0.76018     0.40621
  76     0.77037     0.41917
  77     0.78001     0.43179
  78     0.79008      0.4454
  79         0.8     0.45922
  80     0.81041     0.47422
  81     0.82003     0.48856
  82     0.83008     0.50405
  83        0.84     0.51989
  84     0.85012     0.53671
  85     0.86001     0.55378
  86     0.87008     0.57191
  87     0.88001     0.59063
  88        0.89     0.61032
  89     0.90001     0.63099
  90        0.91     0.65264
  91     0.92011     0.67587
  92     0.93006     0.70028
  93     0.94003     0.72641
  94        0.95     0.75471
  95     0.96006     0.78605
  96     0.97019     0.82128
  97     0.98003     0.86056
  98     0.99005     0.91031
  99           1           1
-----------------------------------------

----------------- PPP$ and local currency --------------
         PPP used in computation: 2.91501
     Data mean in local currency: 107377
               Data mean in PPP$: 245.65
        Poverty line in PPP$/Day: 1.9
      Poverty line in PPP$/Month: 57.7917
  Poverty line in local currency: 25261.4
-------------------------------------------------------

----------------- Estimation result --------------
     Number of observation: 14043
          Total population: 1
              Total wealth: 36835.9(PPP$)
                   Minimum: 0(PPP$)
                   Maximum: 3.05002E+06(PPP$)
             Headcount(HC): 0.160266
          Poverty gap (PG): 0.0943865
       Poverty gap squared: 0.0761604
                      Gini: 0.505578
                    Median: 164.42
                       MLD: 0.96715
                      Watt: 0.0668562
--------------------------------------------------

-------------------------------- Income or Consumption share by deciles (%) -------------------------------------
    0.40301     2.1904     3.5022     4.6972     5.9788     7.4931     9.4376      12.22     17.174     36.904
-----------------------------------------------------------------------------------------------------------------


