

**********************************************************************************************
**                                   Basic Information                                      **
**********************************************************************************************

----------------- Dataset Information -----------------
                         Country: Venezuela, Republica Bolivariana de
                    Country dode: VEN
                       Data Year: 1992
                        Coverage: National
             Welfare measurement: Income
                     Data format: Unit record
                     Data source: VEN_N1992Y
                  Data time span: UnDefined
-------------------------------------------------------


----------- Distribution ------------
   i           P           L 
-------------------------------------
   0    0.019467           0
   1    0.020015  5.8361E-06
   2    0.030334  0.00067749
   3    0.040378   0.0018979
   4    0.050077   0.0034438
   5    0.060149   0.0053015
   6    0.070025   0.0073399
   7    0.080597   0.0097389
   8    0.090062    0.012058
   9     0.10033    0.014739
  10      0.1105    0.017567
  11     0.12328    0.021318
  12     0.13323     0.02439
  13     0.14011    0.026584
  14     0.15113    0.030232
  15     0.16006    0.033293
  16     0.17031    0.036939
  17     0.19051    0.044486
  18     0.19051    0.044486
  19     0.20006    0.048176
  20     0.21013    0.052219
  21     0.22018    0.056373
  22     0.23064    0.060813
  23     0.24003    0.064905
  24     0.25103     0.06983
  25        0.26    0.073941
  26        0.27    0.078624
  27     0.28004     0.08342
  28     0.29321    0.089923
  29      0.3036    0.095201
  30     0.31017    0.098594
  31     0.32056     0.10407
  32     0.33028     0.10929
  33        0.34     0.11465
  34     0.35568     0.12346
  35      0.3602     0.12602
  36     0.37052     0.13199
  37      0.3851     0.14067
  38     0.39019     0.14375
  39     0.40656      0.1539
  40     0.41006      0.1561
  41     0.42061     0.16284
  42     0.43135     0.16985
  43     0.44463     0.17873
  44     0.45274     0.18424
  45     0.46048     0.18958
  46     0.47034     0.19651
  47     0.48001     0.20342
  48     0.49002     0.21074
  49     0.50965     0.22545
  50     0.51008     0.22577
  51     0.52001     0.23334
  52        0.53     0.24115
  53     0.54093     0.24985
  54     0.55043     0.25756
  55     0.56021     0.26565
  56      0.5735     0.27689
  57     0.58049      0.2829
  58     0.59085     0.29197
  59     0.60062     0.30069
  60     0.61016     0.30939
  61     0.63118     0.32903
  62     0.63118     0.32903
  63     0.64026     0.33767
  64     0.65003     0.34716
  65      0.6605     0.35755
  66     0.67187     0.36909
  67     0.68349     0.38116
  68     0.69009     0.38815
  69     0.70039     0.39924
  70     0.71001     0.40982
  71     0.72199     0.42327
  72     0.73001     0.43242
  73     0.74003     0.44411
  74     0.75017     0.45624
  75     0.76422     0.47358
  76     0.77217     0.48363
  77     0.78005     0.49378
  78     0.79003     0.50695
  79     0.80074      0.5215
  80     0.81096     0.53578
  81     0.82005     0.54882
  82     0.83289     0.56793
  83     0.84085     0.58009
  84     0.85013     0.59469
  85     0.86008     0.61092
  86     0.87002     0.62773
  87     0.88038     0.64594
  88      0.8958     0.67454
  89     0.90005     0.68265
  90     0.91002      0.7024
  91     0.92002     0.72329
  92     0.93001     0.74538
  93     0.94006      0.7691
  94     0.95002      0.7945
  95     0.96001     0.82222
  96     0.97014     0.85362
  97     0.98021     0.88931
  98        0.99     0.93125
  99           1           1
-----------------------------------------

----------------- PPP$ and local currency --------------
         PPP used in computation: 2.91501
     Data mean in local currency: 5872.08
               Data mean in PPP$: 382.349
        Poverty line in PPP$/Day: 1.9
      Poverty line in PPP$/Month: 57.7917
  Poverty line in local currency: 887.559
-------------------------------------------------------

----------------- Estimation result --------------
     Number of observation: 4591
          Total population: 0.999999
              Total wealth: 2014.43(PPP$)
                   Minimum: 0(PPP$)
                   Maximum: 39433.9(PPP$)
             Headcount(HC): 0.0430889
          Poverty gap (PG): 0.0278824
       Poverty gap squared: 0.02398
                      Gini: 0.425062
                    Median: 286.497
                       MLD: 0.446513
                      Watt: 0.0134086
--------------------------------------------------

-------------------------------- Income or Consumption share by deciles (%) -------------------------------------
     1.4654     3.3498     4.5222     5.6459     6.8388     8.1923     9.8677     12.168     16.206     31.744
-----------------------------------------------------------------------------------------------------------------


