

**********************************************************************************************
**                                   Basic Information                                      **
**********************************************************************************************

----------------- Dataset Information -----------------
                         Country: Venezuela, Republica Bolivariana de
                    Country dode: VEN
                       Data Year: 2006
                        Coverage: National
             Welfare measurement: Income
                     Data format: Unit record
                     Data source: VEN_N2006Y
                  Data time span: UnDefined
-------------------------------------------------------


----------- Distribution ------------
   i           P           L 
-------------------------------------
   0    0.054307           0
   1    0.054307           0
   2    0.054307           0
   3    0.054307           0
   4    0.054307           0
   5    0.060044  0.00021125
   6    0.070013   0.0010134
   7    0.080168    0.002199
   8    0.090084   0.0036222
   9     0.10061   0.0054241
  10     0.11014   0.0072328
  11     0.12003   0.0093034
  12        0.13    0.011577
  13     0.14004     0.01403
  14     0.15063    0.016791
  15     0.16017    0.019435
  16     0.17038    0.022416
  17     0.18012    0.025386
  18     0.19064    0.028733
  19     0.20003     0.03185
  20     0.21005    0.035326
  21     0.22056    0.039095
  22     0.23189    0.043268
  23     0.24003     0.04635
  24     0.25004    0.050278
  25     0.26018     0.05441
  26     0.27004     0.05855
  27     0.28004    0.062863
  28      0.2901    0.067307
  29     0.30072     0.07212
  30     0.31002    0.076437
  31     0.32079    0.081566
  32     0.33002    0.086092
  33     0.34001    0.091124
  34     0.35002    0.096306
  35     0.36109     0.10219
  36     0.37006     0.10707
  37     0.38001     0.11259
  38     0.39001     0.11826
  39     0.40006     0.12409
  40     0.41007     0.13003
  41     0.42005     0.13609
  42     0.43019     0.14237
  43     0.44015     0.14867
  44     0.45039     0.15529
  45     0.46006     0.16166
  46     0.47003     0.16838
  47     0.48001     0.17527
  48     0.49001     0.18232
  49     0.50245     0.19126
  50     0.51003     0.19679
  51     0.52006     0.20422
  52     0.53001     0.21175
  53     0.54008     0.21955
  54     0.55005     0.22744
  55     0.56051     0.23591
  56     0.57047     0.24416
  57     0.58001     0.25219
  58     0.59016     0.26091
  59     0.60001     0.26956
  60     0.61002     0.27851
  61        0.62     0.28762
  62     0.63016     0.29705
  63     0.64003     0.30642
  64     0.65006     0.31615
  65     0.66003     0.32604
  66     0.67001     0.33618
  67     0.68084      0.3475
  68        0.69     0.35727
  69     0.70035     0.36852
  70        0.71     0.37923
  71     0.72014     0.39077
  72     0.73004     0.40232
  73     0.74001     0.41424
  74     0.75003      0.4265
  75     0.76016     0.43922
  76     0.77005     0.45195
  77     0.78001     0.46511
  78        0.79     0.47866
  79     0.80001     0.49262
  80     0.81002     0.50696
  81      0.8202     0.52191
  82     0.83006     0.53686
  83     0.84001     0.55249
  84     0.85001     0.56878
  85        0.86     0.58559
  86     0.87007     0.60316
  87     0.88003     0.62115
  88     0.89006      0.6399
  89      0.9001     0.65947
  90     0.91001     0.67976
  91     0.92013      0.7015
  92     0.93001     0.72405
  93     0.94006     0.74844
  94     0.95038     0.77544
  95     0.96006     0.80312
  96     0.97002     0.83492
  97     0.98004     0.87181
  98     0.99001     0.91764
  99           1           1
-----------------------------------------

----------------- PPP$ and local currency --------------
         PPP used in computation: 2.91501
     Data mean in local currency: 313237
               Data mean in PPP$: 353.699
        Poverty line in PPP$/Day: 1.9
      Poverty line in PPP$/Month: 57.7917
  Poverty line in local currency: 51180.5
-------------------------------------------------------

----------------- Estimation result --------------
     Number of observation: 11767
          Total population: 1
              Total wealth: 107457(PPP$)
                   Minimum: 0(PPP$)
                   Maximum: 3.19246E+06(PPP$)
             Headcount(HC): 0.0923701
          Poverty gap (PG): 0.0679511
       Poverty gap squared: 0.0614456
                      Gini: 0.469413
                    Median: 256.296
                       MLD: 0.964778
                      Watt: 0.0216147
--------------------------------------------------

-------------------------------- Income or Consumption share by deciles (%) -------------------------------------
    0.53191     2.6522     3.9953     5.2262     6.5444      8.005     9.8583     12.447     16.667     34.073
-----------------------------------------------------------------------------------------------------------------


