

**********************************************************************************************
**                                   Basic Information                                      **
**********************************************************************************************

----------------- Dataset Information -----------------
                         Country: Venezuela, Republica Bolivariana de
                    Country dode: VEN
                       Data Year: 1989
                        Coverage: National
             Welfare measurement: Income
                     Data format: Unit record
                     Data source: VEN_N1989Y
                  Data time span: UnDefined
-------------------------------------------------------


----------- Distribution ------------
   i           P           L 
-------------------------------------
   0    0.044735           0
   1    0.044735           0
   2    0.044735           0
   3    0.044735           0
   4    0.050019  0.00025069
   5    0.060305   0.0012367
   6    0.070204    0.002584
   7    0.080014   0.0041858
   8    0.093926   0.0068428
   9     0.10009   0.0081357
  10     0.11077    0.010539
  11     0.12583    0.014226
  12     0.13016    0.015337
  13     0.14104    0.018288
  14     0.15006    0.020862
  15     0.16005    0.023841
  16     0.17052    0.027111
  17     0.18407    0.031565
  18     0.19028     0.03367
  19     0.20065    0.037298
  20     0.21006    0.040714
  21     0.22001    0.044436
  22     0.24072    0.052586
  23     0.24072    0.052586
  24     0.25126    0.056901
  25     0.26112     0.06107
  26      0.2701    0.064965
  27     0.28363    0.071032
  28     0.29122     0.07452
  29     0.30079    0.079049
  30     0.32799    0.092486
  31     0.32799    0.092486
  32     0.33002    0.093504
  33     0.34004    0.098642
  34     0.35072     0.10429
  35     0.36108     0.10992
  36      0.3701     0.11494
  37     0.38027     0.12071
  38     0.39083     0.12684
  39     0.40527     0.13546
  40      0.4101     0.13837
  41     0.42107     0.14515
  42     0.43049      0.1511
  43      0.4402     0.15739
  44     0.45162     0.16495
  45     0.46119     0.17141
  46     0.47387     0.18018
  47     0.48074     0.18503
  48     0.49023     0.19185
  49     0.50959     0.20618
  50     0.51004     0.20652
  51      0.5205     0.21445
  52     0.53003     0.22189
  53     0.54151     0.23102
  54     0.55002     0.23791
  55     0.56002     0.24617
  56     0.57008     0.25465
  57     0.58217     0.26507
  58     0.59009     0.27205
  59     0.60379     0.28438
  60     0.61019     0.29022
  61     0.62236     0.30159
  62     0.63033     0.30921
  63     0.64008     0.31873
  64     0.65859     0.33715
  65     0.66008     0.33864
  66     0.67027     0.34905
  67     0.68006     0.35931
  68     0.69013      0.3701
  69     0.70014     0.38105
  70      0.7117     0.39404
  71     0.72009     0.40365
  72     0.73004     0.41527
  73     0.74013     0.42735
  74     0.75673     0.44783
  75     0.76044     0.45248
  76     0.77096     0.46594
  77     0.78011     0.47799
  78      0.7908     0.49241
  79     0.80143     0.50708
  80     0.81001     0.51925
  81     0.82749     0.54504
  82     0.83026     0.54921
  83     0.84015     0.56445
  84     0.85031     0.58067
  85     0.86033     0.59722
  86     0.87128     0.61599
  87     0.88001      0.6316
  88     0.89058     0.65124
  89     0.90481      0.6792
  90     0.91002     0.68981
  91     0.92114     0.71348
  92     0.93013     0.73373
  93     0.94325     0.76557
  94     0.95008     0.78329
  95     0.96228     0.81799
  96     0.97001     0.84248
  97     0.98003     0.87845
  98     0.99062     0.92475
  99           1           1
-----------------------------------------

----------------- PPP$ and local currency --------------
         PPP used in computation: 2.91501
     Data mean in local currency: 2210.99
               Data mean in PPP$: 339.37
        Poverty line in PPP$/Day: 1.9
      Poverty line in PPP$/Month: 57.7917
  Poverty line in local currency: 376.511
-------------------------------------------------------

----------------- Estimation result --------------
     Number of observation: 4260
          Total population: 1
              Total wealth: 758.485(PPP$)
                   Minimum: 0(PPP$)
                   Maximum: 62830.1(PPP$)
             Headcount(HC): 0.0782745
          Poverty gap (PG): 0.0554582
       Poverty gap squared: 0.0500248
                      Gini: 0.45295
                    Median: 253.263
                       MLD: 0.611433
                      Watt: 0.0158106
--------------------------------------------------

-------------------------------- Income or Consumption share by deciles (%) -------------------------------------
    0.81165     2.8953     4.1603     5.3639     6.6772      8.188     9.9935     12.421     16.464     33.025
-----------------------------------------------------------------------------------------------------------------


