

**********************************************************************************************
**                                   Basic Information                                      **
**********************************************************************************************

----------------- Dataset Information -----------------
                         Country: Venezuela, Republica Bolivariana de
                    Country dode: VEN
                       Data Year: 2005
                        Coverage: National
             Welfare measurement: Income
                     Data format: Unit record
                     Data source: VEN_N2005Y
                  Data time span: UnDefined
-------------------------------------------------------


----------- Distribution ------------
   i           P           L 
-------------------------------------
   0    0.083534           0
   1    0.083534           0
   2    0.083534           0
   3    0.083534           0
   4    0.083534           0
   5    0.083534           0
   6    0.083534           0
   7    0.083534           0
   8    0.090028  0.00011272
   9     0.10008  0.00050121
  10     0.11051   0.0011227
  11     0.12001   0.0018737
  12     0.13051   0.0028998
  13     0.14008   0.0040202
  14     0.15003   0.0053903
  15     0.16007   0.0070021
  16        0.17    0.008815
  17     0.18004    0.010858
  18     0.19004    0.013075
  19     0.20004    0.015507
  20     0.21132    0.018466
  21     0.22006     0.02087
  22     0.23019    0.023841
  23     0.24007      0.0269
  24      0.2501    0.030135
  25     0.26001    0.033488
  26     0.27005    0.037022
  27     0.28003    0.040648
  28     0.29006    0.044471
  29     0.30099    0.048786
  30      0.3106    0.052727
  31     0.32062    0.056952
  32     0.33014    0.061071
  33     0.34003    0.065469
  34     0.35004    0.070097
  35     0.36017    0.074934
  36     0.37015    0.079821
  37     0.38064    0.085156
  38     0.39129    0.090705
  39     0.40003    0.095319
  40     0.41045     0.10092
  41     0.42001     0.10614
  42     0.43008     0.11182
  43     0.44002      0.1176
  44     0.45008     0.12364
  45     0.46021      0.1299
  46     0.47024     0.13623
  47     0.48006     0.14258
  48     0.49101     0.14982
  49     0.50009     0.15598
  50     0.51008     0.16292
  51     0.52049      0.1703
  52     0.53008     0.17722
  53     0.54032      0.1848
  54     0.55239     0.19401
  55     0.56129     0.20096
  56     0.57109     0.20875
  57     0.58106     0.21688
  58     0.59001     0.22433
  59     0.60002     0.23284
  60     0.61009     0.24157
  61     0.62022     0.25059
  62     0.63026     0.25977
  63     0.64001     0.26891
  64     0.65035      0.2788
  65     0.66003     0.28826
  66     0.67002      0.2983
  67     0.68003     0.30863
  68     0.69001      0.3191
  69     0.70073     0.33055
  70     0.71007     0.34073
  71     0.72005     0.35195
  72     0.73029      0.3638
  73     0.74031     0.37574
  74     0.75049     0.38815
  75     0.76078     0.40103
  76      0.7701       0.413
  77     0.78113     0.42756
  78     0.79002     0.43962
  79     0.80005     0.45364
  80     0.81004       0.468
  81     0.82011     0.48293
  82     0.83002     0.49822
  83     0.84059     0.51498
  84     0.85013     0.53057
  85     0.86009     0.54741
  86        0.87     0.56487
  87        0.88     0.58323
  88     0.89001     0.60241
  89     0.90001     0.62248
  90     0.91009      0.6437
  91        0.92     0.66554
  92     0.93007     0.68917
  93     0.94003     0.71429
  94     0.95002     0.74134
  95     0.96021     0.77191
  96     0.97002     0.80494
  97     0.98002     0.84342
  98     0.99002     0.89236
  99           1           1
-----------------------------------------

----------------- PPP$ and local currency --------------
         PPP used in computation: 2.91501
     Data mean in local currency: 213823
               Data mean in PPP$: 298.6
        Poverty line in PPP$/Day: 1.9
      Poverty line in PPP$/Month: 57.7917
  Poverty line in local currency: 41383.8
-------------------------------------------------------

----------------- Estimation result --------------
     Number of observation: 10840
          Total population: 0.999998
              Total wealth: 73352.5(PPP$)
                   Minimum: 0(PPP$)
                   Maximum: 1.38855E+07(PPP$)
             Headcount(HC): 0.170137
          Poverty gap (PG): 0.124456
       Poverty gap squared: 0.108983
                      Gini: 0.52365
                    Median: 204.817
                       MLD: 1.36174
                      Watt: 0.071652
--------------------------------------------------

-------------------------------- Income or Consumption share by deciles (%) -------------------------------------
   0.049806        1.5     3.2896     4.6908     6.0615     7.6902     9.6953     12.379      16.89     37.753
-----------------------------------------------------------------------------------------------------------------


