

**********************************************************************************************
**                                   Basic Information                                      **
**********************************************************************************************

----------------- Dataset Information -----------------
                         Country: Venezuela, Republica Bolivariana de
                    Country dode: VEN
                       Data Year: 2003
                        Coverage: National
             Welfare measurement: Income
                     Data format: Unit record
                     Data source: VEN_N2003Y
                  Data time span: UnDefined
-------------------------------------------------------


----------- Distribution ------------
   i           P           L 
-------------------------------------
   0    0.071238           0
   1    0.071238           0
   2    0.071238           0
   3    0.071238           0
   4    0.071238           0
   5    0.071238           0
   6    0.071238           0
   7    0.080452  0.00031128
   8    0.090012  0.00094458
   9     0.10055   0.0019443
  10     0.11004   0.0030796
  11     0.12009   0.0045156
  12     0.13033   0.0061918
  13     0.14151   0.0082478
  14     0.15124    0.010215
  15      0.1601    0.012131
  16     0.17027    0.014516
  17        0.18    0.016929
  18     0.19041    0.019643
  19     0.20032     0.02238
  20     0.21025    0.025268
  21     0.22033    0.028333
  22     0.23063    0.031596
  23      0.2401    0.034731
  24     0.25047    0.038308
  25        0.26    0.041709
  26     0.27058    0.045625
  27     0.28012    0.049288
  28     0.29298    0.054396
  29     0.30005    0.057284
  30     0.31016    0.061514
  31     0.32006    0.065791
  32     0.33002    0.070226
  33     0.34001    0.074827
  34     0.35003    0.079585
  35     0.36009    0.084489
  36     0.37113    0.089998
  37     0.38006    0.094552
  38     0.39018    0.099831
  39     0.40023     0.10521
  40     0.41002     0.11058
  41     0.42073     0.11663
  42     0.43001     0.12201
  43     0.44002     0.12795
  44     0.45109     0.13468
  45     0.46002     0.14022
  46     0.47005     0.14658
  47     0.48016     0.15313
  48     0.49053     0.16001
  49         0.5     0.16645
  50     0.51004     0.17343
  51     0.52013     0.18061
  52     0.53091     0.18846
  53     0.54002     0.19523
  54     0.55003     0.20285
  55     0.56003     0.21064
  56     0.57148     0.21977
  57     0.58005     0.22676
  58     0.59004     0.23509
  59     0.60058     0.24407
  60     0.61003     0.25234
  61     0.62002     0.26132
  62     0.63002     0.27053
  63     0.64026      0.2802
  64     0.65001     0.28961
  65     0.66006     0.29953
  66     0.67018     0.30973
  67     0.68163      0.3215
  68     0.69012      0.3304
  69     0.70017     0.34117
  70     0.71061     0.35265
  71     0.72002     0.36328
  72     0.73015     0.37504
  73     0.74069     0.38762
  74     0.75014      0.3992
  75     0.76003     0.41164
  76     0.77059     0.42537
  77     0.78008     0.43807
  78      0.7905     0.45244
  79     0.80004     0.46602
  80     0.81003     0.48066
  81     0.82005     0.49584
  82     0.83013     0.51159
  83     0.84005     0.52764
  84     0.85002     0.54434
  85     0.86001     0.56179
  86     0.87013     0.58013
  87      0.8801     0.59896
  88     0.89011     0.61869
  89     0.90014     0.63939
  90        0.91     0.66072
  91      0.9202     0.68404
  92     0.93046     0.70907
  93        0.94     0.73396
  94     0.95005     0.76224
  95        0.96     0.79289
  96     0.97004     0.82718
  97        0.98      0.8663
  98     0.99001     0.91379
  99           1           1
-----------------------------------------

----------------- PPP$ and local currency --------------
         PPP used in computation: 2.91501
     Data mean in local currency: 113391
               Data mean in PPP$: 204.124
        Poverty line in PPP$/Day: 1.9
      Poverty line in PPP$/Month: 57.7917
  Poverty line in local currency: 32103.2
-------------------------------------------------------

----------------- Estimation result --------------
     Number of observation: 12171
          Total population: 1
              Total wealth: 38899.2(PPP$)
                   Minimum: 0(PPP$)
                   Maximum: 2.11382E+06(PPP$)
             Headcount(HC): 0.200338
          Poverty gap (PG): 0.12127
       Poverty gap squared: 0.099357
                      Gini: 0.503728
                    Median: 140.546
                       MLD: 1.13667
                      Watt: 0.0816771
--------------------------------------------------

-------------------------------- Income or Consumption share by deciles (%) -------------------------------------
     0.1892       2.04     3.4971     4.7816     6.1371     7.7126     9.7413     12.497     17.315      36.09
-----------------------------------------------------------------------------------------------------------------


