

**********************************************************************************************
**                                   Basic Information                                      **
**********************************************************************************************

----------------- Dataset Information -----------------
                         Country: Venezuela, Republica Bolivariana de
                    Country dode: VEN
                       Data Year: 2001
                        Coverage: National
             Welfare measurement: Income
                     Data format: Unit record
                     Data source: VEN_N2001Y
                  Data time span: UnDefined
-------------------------------------------------------


----------- Distribution ------------
   i           P           L 
-------------------------------------
   0    0.030979           0
   1    0.030979           0
   2    0.030979           0
   3     0.04007  0.00035074
   4    0.050016   0.0011375
   5    0.060029   0.0022321
   6    0.070001   0.0035677
   7    0.080064   0.0051057
   8    0.090164   0.0068426
   9     0.10003   0.0087113
  10     0.11007    0.010768
  11      0.1202    0.013001
  12     0.13007    0.015273
  13     0.14006    0.017734
  14     0.15028    0.020386
  15     0.16052    0.023177
  16     0.17023    0.025934
  17     0.18007    0.028836
  18     0.19002    0.031873
  19     0.20009    0.035067
  20     0.21008    0.038354
  21        0.22    0.041707
  22     0.23047    0.045361
  23     0.24009     0.04884
  24     0.25078    0.052819
  25     0.26004    0.056368
  26     0.27016    0.060367
  27     0.28033     0.06449
  28     0.29002    0.068512
  29     0.30177    0.073573
  30     0.31103    0.077651
  31     0.32023    0.081781
  32     0.33015    0.086329
  33      0.3403    0.091124
  34     0.35002    0.095837
  35        0.36      0.1008
  36     0.37039     0.10606
  37     0.38004     0.11107
  38      0.3904     0.11657
  39     0.40072     0.12218
  40     0.41002      0.1273
  41      0.4203     0.13309
  42     0.43008     0.13869
  43     0.44006     0.14456
  44     0.45001     0.15054
  45     0.46002      0.1567
  46     0.47041     0.16325
  47     0.48151     0.17044
  48     0.49105     0.17674
  49     0.50138      0.1837
  50     0.51021     0.18975
  51     0.52019     0.19674
  52        0.53     0.20375
  53     0.54018     0.21119
  54     0.55021     0.21868
  55     0.56073     0.22673
  56     0.57038      0.2343
  57     0.58001     0.24203
  58     0.59023     0.25039
  59     0.60003     0.25856
  60     0.61003     0.26709
  61     0.62079     0.27646
  62     0.63032     0.28493
  63        0.64     0.29371
  64     0.65007     0.30307
  65     0.66004     0.31258
  66     0.67085     0.32318
  67     0.68007     0.33241
  68     0.69004      0.3426
  69     0.70029     0.35335
  70     0.71045     0.36432
  71     0.72002     0.37488
  72     0.73001     0.38613
  73     0.74007     0.39769
  74     0.75001     0.40949
  75     0.76028     0.42206
  76     0.77004     0.43434
  77     0.78003     0.44734
  78     0.79003     0.46074
  79     0.80001     0.47452
  80        0.81     0.48882
  81        0.82     0.50358
  82     0.83008     0.51892
  83        0.84     0.53454
  84     0.85017     0.55117
  85     0.86003     0.56783
  86     0.87001     0.58539
  87     0.88005     0.60381
  88     0.89001     0.62298
  89     0.90005     0.64318
  90        0.91     0.66431
  91     0.92014     0.68706
  92     0.93002     0.71068
  93     0.94003     0.73636
  94        0.95     0.76394
  95     0.96012     0.79463
  96     0.97001       0.828
  97     0.98001     0.86685
  98     0.99001     0.91503
  99           1           1
-----------------------------------------

----------------- PPP$ and local currency --------------
         PPP used in computation: 2.91501
     Data mean in local currency: 100892
               Data mean in PPP$: 302.89
        Poverty line in PPP$/Day: 1.9
      Poverty line in PPP$/Month: 57.7917
  Poverty line in local currency: 19250.3
-------------------------------------------------------

----------------- Estimation result --------------
     Number of observation: 13166
          Total population: 1
              Total wealth: 34611.3(PPP$)
                   Minimum: 0(PPP$)
                   Maximum: 1.89911E+06(PPP$)
             Headcount(HC): 0.0959322
          Poverty gap (PG): 0.0544515
       Poverty gap squared: 0.0435078
                      Gini: 0.482242
                    Median: 205.609
                       MLD: 0.707689
                      Watt: 0.0370174
--------------------------------------------------

-------------------------------- Income or Consumption share by deciles (%) -------------------------------------
    0.87055     2.6335     3.7771     4.8973     6.0982     7.5769      9.451     12.146     16.857     35.693
-----------------------------------------------------------------------------------------------------------------


