

**********************************************************************************************
**                                   Basic Information                                      **
**********************************************************************************************

----------------- Dataset Information -----------------
                         Country: Venezuela, Republica Bolivariana de
                    Country dode: VEN
                       Data Year: 2004
                        Coverage: National
             Welfare measurement: Income
                     Data format: Unit record
                     Data source: VEN_N2004Y
                  Data time span: UnDefined
-------------------------------------------------------


----------- Distribution ------------
   i           P           L 
-------------------------------------
   0    0.074134           0
   1    0.074134           0
   2    0.074134           0
   3    0.074134           0
   4    0.074134           0
   5    0.074134           0
   6    0.074134           0
   7    0.080156  0.00016681
   8    0.090144  0.00081127
   9     0.10036   0.0018323
  10     0.11007   0.0030794
  11     0.12003   0.0045706
  12     0.13002   0.0062915
  13     0.14014   0.0082103
  14     0.15005    0.010259
  15     0.16043    0.012583
  16      0.1708    0.015056
  17     0.18037    0.017493
  18     0.19193    0.020628
  19      0.2019    0.023457
  20     0.21001    0.025863
  21     0.22004    0.028987
  22     0.23033    0.032363
  23     0.24153    0.036196
  24     0.25008    0.039192
  25     0.26134    0.043302
  26     0.27001    0.046552
  27     0.28001    0.050452
  28     0.29084    0.054836
  29     0.30015    0.058713
  30     0.31019    0.063025
  31     0.32005    0.067383
  32     0.33022    0.072004
  33     0.34008    0.076609
  34     0.35068    0.081724
  35     0.36002    0.086356
  36     0.37009    0.091481
  37     0.38001     0.09665
  38     0.39039     0.10221
  39     0.40001      0.1075
  40     0.41011     0.11314
  41     0.42019     0.11894
  42        0.43      0.1247
  43     0.44005     0.13073
  44     0.45004     0.13689
  45      0.4601     0.14327
  46     0.47049     0.15005
  47      0.4802     0.15654
  48     0.49001     0.16325
  49     0.50188     0.17149
  50        0.51     0.17723
  51     0.52004      0.1845
  52     0.53001     0.19183
  53     0.54051     0.19971
  54     0.55032     0.20726
  55        0.56     0.21488
  56     0.57005     0.22298
  57      0.5801     0.23126
  58     0.59007     0.23965
  59     0.60022     0.24838
  60     0.61032     0.25724
  61     0.62017     0.26609
  62     0.63007     0.27518
  63     0.64008     0.28457
  64     0.65042     0.29453
  65     0.66008     0.30405
  66     0.67073     0.31482
  67     0.68001     0.32441
  68      0.6901     0.33504
  69      0.7009     0.34675
  70     0.71054     0.35744
  71        0.72     0.36816
  72     0.73056     0.38047
  73     0.74033     0.39214
  74     0.75003       0.404
  75        0.76     0.41651
  76     0.77002     0.42949
  77     0.78092     0.44412
  78     0.79003     0.45666
  79      0.8001     0.47083
  80     0.81051     0.48598
  81        0.82     0.50021
  82     0.83001     0.51576
  83     0.84005     0.53193
  84     0.85001     0.54856
  85     0.86002     0.56591
  86     0.87005     0.58404
  87     0.88013     0.60298
  88     0.89003     0.62249
  89     0.90011     0.64329
  90     0.91001     0.66474
  91     0.92002     0.68757
  92     0.93002     0.71174
  93     0.94008     0.73787
  94      0.9501     0.76587
  95        0.96     0.79614
  96     0.97001     0.83042
  97        0.98     0.86971
  98        0.99     0.91798
  99           1           1
-----------------------------------------

----------------- PPP$ and local currency --------------
         PPP used in computation: 2.91501
     Data mean in local currency: 151498
               Data mean in PPP$: 228.822
        Poverty line in PPP$/Day: 1.9
      Poverty line in PPP$/Month: 57.7917
  Poverty line in local currency: 38262.6
-------------------------------------------------------

----------------- Estimation result --------------
     Number of observation: 11042
          Total population: 1
              Total wealth: 51971.8(PPP$)
                   Minimum: 0(PPP$)
                   Maximum: 2.71012E+06(PPP$)
             Headcount(HC): 0.174554
          Poverty gap (PG): 0.11124
       Poverty gap squared: 0.0943817
                      Gini: 0.498192
                    Median: 159.91
                       MLD: 1.1723
                      Watt: 0.0602011
--------------------------------------------------

-------------------------------- Income or Consumption share by deciles (%) -------------------------------------
     0.1796     2.1122     3.5732     4.8845     6.2688     7.8005     9.7592     12.491     17.237     35.694
-----------------------------------------------------------------------------------------------------------------


