

**********************************************************************************************
**                                   Basic Information                                      **
**********************************************************************************************

----------------- Dataset Information -----------------
                         Country: Vietnam
                    Country dode: VNM
                       Data Year: 2012
                        Coverage: National
             Welfare measurement: Consumption
                     Data format: Unit record
                     Data source: VNM_N2012X
                  Data time span: UnDefined
-------------------------------------------------------


----------- Distribution ------------
   i           P           L 
-------------------------------------
   0    0.010053   0.0015428
   1     0.02014   0.0035429
   2     0.03004    0.005716
   3    0.040027   0.0081138
   4    0.050037    0.010722
   5    0.060085     0.01351
   6    0.070019    0.016404
   7     0.08005    0.019464
   8    0.090062    0.022648
   9     0.10011    0.025976
  10      0.1101    0.029424
  11     0.12001    0.032965
  12     0.13017    0.036704
  13     0.14008     0.04047
  14      0.1501    0.044385
  15     0.16006    0.048361
  16     0.17002    0.052434
  17     0.18003    0.056626
  18     0.19008    0.060923
  19      0.2002    0.065332
  20     0.21001    0.069704
  21      0.2201     0.07428
  22     0.23003    0.078877
  23     0.24018     0.08369
  24     0.25002    0.088442
  25     0.26007    0.093387
  26     0.27002    0.098376
  27     0.28005     0.10352
  28     0.29005     0.10875
  29     0.30001     0.11404
  30     0.31014     0.11951
  31     0.32003     0.12495
  32     0.33011      0.1306
  33      0.3401     0.13632
  34     0.35008     0.14214
  35     0.36003     0.14805
  36     0.37014     0.15417
  37     0.38001     0.16026
  38     0.39007     0.16656
  39     0.40015     0.17297
  40     0.41008     0.17938
  41     0.42006     0.18594
  42     0.43001      0.1926
  43     0.44006     0.19945
  44     0.45011     0.20642
  45     0.46021     0.21355
  46     0.47002      0.2206
  47     0.48011     0.22797
  48     0.49006     0.23536
  49     0.50001     0.24286
  50     0.51001     0.25053
  51     0.52008     0.25839
  52     0.53003     0.26627
  53     0.54005     0.27435
  54     0.55007     0.28255
  55     0.56014     0.29096
  56     0.57011     0.29941
  57     0.58011     0.30802
  58     0.59009     0.31674
  59     0.60002     0.32555
  60     0.61002     0.33457
  61     0.62001     0.34375
  62     0.63002     0.35311
  63      0.6401     0.36275
  64     0.65004     0.37241
  65     0.66006      0.3823
  66     0.67003     0.39234
  67     0.68004      0.4026
  68     0.69007     0.41305
  69     0.70002     0.42363
  70     0.71007     0.43454
  71      0.7201     0.44561
  72     0.73001     0.45676
  73     0.74003      0.4683
  74     0.75001     0.48006
  75     0.76002     0.49211
  76     0.77004     0.50443
  77     0.78007     0.51702
  78     0.79004     0.52983
  79     0.80011     0.54315
  80     0.81007     0.55671
  81     0.82012     0.57076
  82     0.83001     0.58498
  83     0.84011     0.59995
  84     0.85013     0.61525
  85     0.86002     0.63081
  86     0.87002     0.64711
  87     0.88003     0.66393
  88     0.89005     0.68144
  89     0.90002     0.69953
  90     0.91011     0.71855
  91     0.92007     0.73831
  92     0.93005     0.75919
  93     0.94008     0.78159
  94     0.95006     0.80544
  95     0.96004     0.83137
  96     0.97005     0.86061
  97     0.98001     0.89373
  98     0.99057     0.93583
  99           1           1
-----------------------------------------

----------------- PPP$ and local currency --------------
         PPP used in computation: 7624.97
     Data mean in local currency: 1.99133E+06
               Data mean in PPP$: 245.59
        Poverty line in PPP$/Day: 1.9
      Poverty line in PPP$/Month: 57.7917
  Poverty line in local currency: 468596
-------------------------------------------------------

----------------- Estimation result --------------
     Number of observation: 9392
          Total population: 8.92519E+07
              Total wealth: 2.3309E+10(PPP$)
                   Minimum: 22.1563(PPP$)
                   Maximum: 5937.33(PPP$)
             Headcount(HC): 0.0322651
          Poverty gap (PG): 0.00578845
       Poverty gap squared: 0.00164324
                      Gini: 0.386987
                    Median: 186.849
                       MLD: 0.249759
                      Watt: 0.00691863
--------------------------------------------------

-------------------------------- Income or Consumption share by deciles (%) -------------------------------------
     2.5939     3.9308     4.8784     5.8842     6.9986     8.2669      9.809     11.938     15.649     30.051
-----------------------------------------------------------------------------------------------------------------


