

**********************************************************************************************
**                                   Basic Information                                      **
**********************************************************************************************

----------------- Dataset Information -----------------
                         Country: Vietnam
                    Country dode: VNM
                       Data Year: 2004
                        Coverage: National
             Welfare measurement: Consumption
                     Data format: Unit record
                     Data source: VNM_N2004X
                  Data time span: UnDefined
-------------------------------------------------------


----------- Distribution ------------
   i           P           L 
-------------------------------------
   0    0.010151   0.0017908
   1    0.020142   0.0040232
   2    0.030091   0.0065467
   3    0.040091   0.0093143
   4    0.050042    0.012245
   5    0.060077    0.015352
   6    0.070108     0.01859
   7    0.080063    0.021934
   8    0.090063     0.02543
   9     0.10003    0.029038
  10     0.11022    0.032855
  11     0.12003    0.036634
  12     0.13021    0.040658
  13      0.1401     0.04467
  14     0.15011    0.048824
  15     0.16002    0.053026
  16     0.17002    0.057365
  17     0.18011    0.061859
  18        0.19    0.066361
  19      0.2001    0.071046
  20     0.21002    0.075738
  21     0.22006    0.080567
  22      0.2301    0.085491
  23     0.24002    0.090445
  24     0.25012    0.095582
  25     0.26004      0.1007
  26     0.27015       0.106
  27     0.28003     0.11128
  28     0.29001     0.11671
  29     0.30008     0.12229
  30     0.31004      0.1279
  31     0.32002      0.1336
  32      0.3301     0.13945
  33     0.34001     0.14527
  34     0.35005     0.15124
  35     0.36015     0.15734
  36     0.37005     0.16341
  37     0.38003     0.16963
  38     0.39016     0.17605
  39     0.40003      0.1824
  40     0.41006     0.18894
  41     0.42008     0.19557
  42     0.43003     0.20226
  43     0.44009     0.20912
  44     0.45002     0.21599
  45     0.46014     0.22311
  46     0.47009     0.23022
  47     0.48016     0.23751
  48     0.49003     0.24475
  49     0.50009     0.25224
  50     0.51006     0.25979
  51     0.52005      0.2675
  52      0.5301     0.27536
  53     0.54011     0.28329
  54     0.55003     0.29129
  55     0.56007     0.29954
  56     0.57006     0.30789
  57     0.58007      0.3164
  58     0.59006     0.32505
  59     0.60004     0.33385
  60     0.61009     0.34285
  61     0.62016     0.35205
  62     0.63002     0.36122
  63     0.64009     0.37074
  64     0.65007     0.38038
  65     0.66009     0.39022
  66     0.67003     0.40018
  67     0.68007     0.41041
  68     0.69002     0.42075
  69     0.70011     0.43144
  70        0.71     0.44214
  71     0.72007     0.45326
  72     0.73002     0.46446
  73        0.74     0.47594
  74     0.75003     0.48775
  75     0.76006     0.49984
  76     0.77005     0.51213
  77     0.78006     0.52478
  78     0.79005     0.53778
  79     0.80006     0.55118
  80     0.81009     0.56497
  81     0.82003     0.57897
  82     0.83004     0.59345
  83     0.84012     0.60851
  84     0.85003     0.62379
  85     0.86008     0.63976
  86     0.87006     0.65618
  87        0.88     0.67316
  88     0.89002     0.69098
  89     0.90003     0.70955
  90     0.91011     0.72911
  91     0.92002     0.74929
  92     0.93006     0.77081
  93     0.94005     0.79354
  94     0.95013      0.8183
  95        0.96     0.84455
  96     0.97005     0.87399
  97     0.98004     0.90651
  98     0.99002     0.94445
  99           1           1
-----------------------------------------

----------------- PPP$ and local currency --------------
         PPP used in computation: 7624.97
     Data mean in local currency: 367119
               Data mean in PPP$: 109.023
        Poverty line in PPP$/Day: 1.9
      Poverty line in PPP$/Month: 57.7917
  Poverty line in local currency: 194605
-------------------------------------------------------

----------------- Estimation result --------------
     Number of observation: 9184
          Total population: 7.63286E+07
              Total wealth: 3.67499E+09(PPP$)
                   Minimum: 5.30164(PPP$)
                   Maximum: 524.07(PPP$)
             Headcount(HC): 0.271187
          Poverty gap (PG): 0.0701767
       Poverty gap squared: 0.0265554
                      Gini: 0.371698
                    Median: 81.7136
                       MLD: 0.225604
                      Watt: 0.0903198
--------------------------------------------------

-------------------------------- Income or Consumption share by deciles (%) -------------------------------------
     2.9025     4.1975     5.1244     6.0138     6.9789     8.1638     9.7518     11.977      15.84     29.051
-----------------------------------------------------------------------------------------------------------------


