

**********************************************************************************************
**                                   Basic Information                                      **
**********************************************************************************************

----------------- Dataset Information -----------------
                         Country: Vietnam
                    Country dode: VNM
                       Data Year: 2008
                        Coverage: National
             Welfare measurement: Consumption
                     Data format: Unit record
                     Data source: VNM_N2008X
                  Data time span: UnDefined
-------------------------------------------------------


----------- Distribution ------------
   i           P           L 
-------------------------------------
   0    0.010038   0.0016406
   1    0.020025   0.0037526
   2    0.030075   0.0061081
   3    0.040019   0.0086675
   4    0.050176    0.011528
   5    0.060148    0.014487
   6     0.07013     0.01758
   7    0.080048    0.020798
   8    0.090244    0.024222
   9     0.10001    0.027618
  10     0.11027    0.031303
  11     0.12018    0.035003
  12     0.13006    0.038836
  13     0.14005    0.042826
  14     0.15013    0.046945
  15     0.16017    0.051177
  16     0.17003    0.055431
  17     0.18005    0.059882
  18     0.19008    0.064462
  19     0.20006    0.069111
  20        0.21    0.073824
  21     0.22007    0.078661
  22     0.23006    0.083524
  23     0.24006    0.088434
  24     0.25012    0.093428
  25     0.26004    0.098419
  26     0.27007     0.10354
  27     0.28011     0.10876
  28     0.29005     0.11403
  29     0.30005      0.1194
  30     0.31005     0.12489
  31     0.32013     0.13051
  32     0.33004     0.13614
  33     0.34015     0.14199
  34     0.35005     0.14781
  35     0.36001     0.15375
  36     0.37011     0.15987
  37     0.38003     0.16597
  38     0.39013     0.17227
  39     0.40002     0.17853
  40        0.41     0.18495
  41     0.42003      0.1915
  42     0.43009     0.19817
  43        0.44     0.20485
  44     0.45005     0.21173
  45     0.46001     0.21866
  46      0.4701     0.22581
  47     0.48005     0.23298
  48        0.49     0.24027
  49     0.50007     0.24777
  50     0.51009     0.25537
  51     0.52015      0.2631
  52      0.5301     0.27088
  53     0.54005     0.27876
  54     0.55001     0.28678
  55     0.56008     0.29501
  56     0.57007     0.30329
  57     0.58005     0.31173
  58     0.59007     0.32033
  59     0.60018     0.32916
  60     0.61003      0.3379
  61     0.62007     0.34693
  62     0.63007     0.35607
  63     0.64005     0.36536
  64     0.65005     0.37485
  65     0.66002     0.38451
  66     0.67001     0.39436
  67     0.68004     0.40443
  68     0.69004      0.4147
  69     0.70007      0.4252
  70     0.71005     0.43584
  71     0.72001     0.44666
  72     0.73003     0.45776
  73     0.74005     0.46911
  74     0.75005     0.48073
  75     0.76011     0.49272
  76     0.77004     0.50487
  77     0.78009      0.5175
  78     0.79009     0.53037
  79     0.80004     0.54354
  80     0.81006     0.55716
  81     0.82001     0.57105
  82     0.83061     0.58623
  83     0.84005     0.60006
  84     0.85001     0.61509
  85     0.86006     0.63072
  86     0.87005     0.64682
  87     0.88005     0.66359
  88     0.89005     0.68103
  89     0.90007     0.69934
  90     0.91008     0.71842
  91     0.92004     0.73818
  92     0.93015     0.75937
  93     0.94005     0.78172
  94     0.95019     0.80631
  95     0.96002     0.83228
  96     0.97009      0.8616
  97     0.98009     0.89511
  98     0.99011     0.93641
  99           1           1
-----------------------------------------

----------------- PPP$ and local currency --------------
         PPP used in computation: 7624.97
     Data mean in local currency: 658476
               Data mean in PPP$: 135.061
        Poverty line in PPP$/Day: 1.9
      Poverty line in PPP$/Month: 57.7917
  Poverty line in local currency: 281758
-------------------------------------------------------

----------------- Estimation result --------------
     Number of observation: 9187
          Total population: 8.63123E+07
              Total wealth: 7.45374E+09(PPP$)
                   Minimum: 5.11913(PPP$)
                   Maximum: 1700.09(PPP$)
             Headcount(HC): 0.161662
          Poverty gap (PG): 0.0405679
       Poverty gap squared: 0.0149441
                      Gini: 0.381514
                    Median: 101.663
                       MLD: 0.240076
                      Watt: 0.0518124
--------------------------------------------------

-------------------------------- Income or Consumption share by deciles (%) -------------------------------------
     2.7616     4.1469     5.0291     5.9141     6.9202     8.1283     9.6125     11.836     15.573     30.079
-----------------------------------------------------------------------------------------------------------------


