

**********************************************************************************************
**                                   Basic Information                                      **
**********************************************************************************************

----------------- Dataset Information -----------------
                         Country: Vietnam
                    Country dode: VNM
                       Data Year: 1998
                        Coverage: National
             Welfare measurement: Consumption
                     Data format: Unit record
                     Data source: VNM_N1998X
                  Data time span: UnDefined
-------------------------------------------------------


----------- Distribution ------------
   i           P           L 
-------------------------------------
   0    0.010193   0.0021087
   1     0.02004   0.0047738
   2    0.030104   0.0077901
   3    0.040003    0.010935
   4    0.050213    0.014379
   5    0.060144    0.017887
   6    0.070157    0.021581
   7    0.080269    0.025455
   8    0.090249    0.029402
   9     0.10025    0.033469
  10     0.11001     0.03754
  11     0.12007    0.041844
  12     0.13007     0.04624
  13     0.14024    0.050838
  14     0.15019    0.055417
  15     0.16008    0.060051
  16        0.17    0.064792
  17     0.18007    0.069683
  18     0.19027    0.074726
  19     0.20017    0.079694
  20     0.21003    0.084719
  21     0.22009    0.089924
  22      0.2302    0.095248
  23     0.24014     0.10055
  24     0.25012     0.10597
  25     0.26005     0.11142
  26     0.27009     0.11702
  27     0.28017     0.12273
  28     0.29004     0.12841
  29     0.30024     0.13436
  30      0.3101     0.14019
  31     0.32012     0.14619
  32     0.33016     0.15228
  33     0.34002     0.15834
  34     0.35006     0.16458
  35     0.36015     0.17092
  36     0.37016      0.1773
  37     0.38026     0.18382
  38     0.39003      0.1902
  39     0.40016     0.19691
  40      0.4101     0.20357
  41     0.42002      0.2103
  42     0.43001     0.21715
  43     0.44048     0.22442
  44     0.45008     0.23117
  45     0.46003     0.23827
  46     0.47009     0.24551
  47     0.48002     0.25276
  48     0.49024     0.26031
  49     0.50024     0.26779
  50     0.51008     0.27526
  51     0.52001     0.28291
  52     0.53021     0.29088
  53     0.54006     0.29871
  54     0.55008     0.30677
  55     0.56028     0.31511
  56     0.57013     0.32327
  57     0.58005     0.33161
  58     0.59006     0.34013
  59     0.60005     0.34876
  60     0.61004     0.35754
  61     0.62011     0.36653
  62     0.63002     0.37551
  63     0.64013     0.38484
  64     0.65008     0.39419
  65     0.66032     0.40399
  66        0.67      0.4134
  67     0.68001     0.42327
  68     0.69003     0.43334
  69     0.70011     0.44366
  70     0.71016     0.45417
  71        0.72     0.46465
  72     0.73011     0.47561
  73     0.74002     0.48658
  74     0.75023     0.49813
  75     0.76003     0.50945
  76     0.77002     0.52125
  77      0.7801     0.53342
  78     0.79019     0.54586
  79     0.80013     0.55843
  80        0.81     0.57136
  81     0.82004     0.58482
  82     0.83003     0.59861
  83     0.84009     0.61292
  84     0.85013     0.62765
  85     0.86005     0.64271
  86      0.8702     0.65874
  87     0.88008     0.67489
  88     0.89021     0.69211
  89     0.90004     0.70955
  90     0.91007     0.72813
  91     0.92004     0.74748
  92     0.93015     0.76837
  93     0.94002     0.79015
  94     0.95011     0.81382
  95     0.96005      0.8389
  96     0.97008      0.8674
  97     0.98004     0.90023
  98     0.99004     0.94004
  99           1           1
-----------------------------------------

----------------- PPP$ and local currency --------------
         PPP used in computation: 7624.97
     Data mean in local currency: 286862
               Data mean in PPP$: 92.7509
        Poverty line in PPP$/Day: 1.9
      Poverty line in PPP$/Month: 57.7917
  Poverty line in local currency: 178739
-------------------------------------------------------

----------------- Estimation result --------------
     Number of observation: 5998
          Total population: 1
              Total wealth: 37.6214(PPP$)
                   Minimum: 4.39125(PPP$)
                   Maximum: 649.828(PPP$)
             Headcount(HC): 0.347913
          Poverty gap (PG): 0.08593
       Poverty gap squared: 0.031068
                      Gini: 0.354423
                    Median: 69.9155
                       MLD: 0.203736
                      Watt: 0.109055
--------------------------------------------------

-------------------------------- Income or Consumption share by deciles (%) -------------------------------------
     3.3366     4.6244     5.4608     6.2585     7.0806     8.1107     9.4833     11.472      15.12     29.053
-----------------------------------------------------------------------------------------------------------------


