

**********************************************************************************************
**                                   Basic Information                                      **
**********************************************************************************************

----------------- Dataset Information -----------------
                         Country: Vietnam
                    Country dode: VNM
                       Data Year: 2006
                        Coverage: National
             Welfare measurement: Consumption
                     Data format: Unit record
                     Data source: VNM_N2006X
                  Data time span: UnDefined
-------------------------------------------------------


----------- Distribution ------------
   i           P           L 
-------------------------------------
   0    0.010088   0.0016373
   1    0.020108   0.0038101
   2    0.030019   0.0061973
   3    0.040038   0.0088312
   4    0.050012     0.01164
   5     0.06002    0.014618
   6    0.070052    0.017746
   7    0.080014    0.020971
   8     0.09015    0.024382
   9     0.10005    0.027841
  10     0.11006     0.03145
  11     0.12003    0.035182
  12     0.13008    0.039042
  13     0.14012    0.042994
  14      0.1501    0.047029
  15     0.16006    0.051158
  16     0.17001      0.0554
  17     0.18003    0.059782
  18     0.19004    0.064253
  19     0.20016    0.068862
  20     0.21021    0.073515
  21     0.22006    0.078146
  22     0.23003    0.082921
  23      0.2401    0.087836
  24     0.25006    0.092795
  25     0.26006    0.097864
  26     0.27001       0.103
  27     0.28009      0.1083
  28     0.29008     0.11365
  29     0.30001     0.11906
  30     0.31016      0.1247
  31     0.32002     0.13026
  32     0.33005     0.13602
  33     0.34004     0.14187
  34     0.35003     0.14782
  35     0.36005     0.15388
  36     0.37006     0.16003
  37     0.38001     0.16625
  38     0.39001     0.17259
  39     0.40007     0.17906
  40        0.41     0.18555
  41     0.42002     0.19221
  42     0.43002     0.19898
  43     0.44001     0.20584
  44     0.45005     0.21284
  45     0.46011     0.21997
  46     0.47007     0.22715
  47     0.48005     0.23444
  48        0.49     0.24185
  49     0.50002     0.24939
  50     0.51012     0.25712
  51     0.52003     0.26484
  52     0.53004     0.27278
  53     0.54003     0.28083
  54     0.55007     0.28906
  55     0.56002     0.29735
  56     0.57002     0.30581
  57     0.58001     0.31442
  58     0.59004     0.32322
  59      0.6001      0.3322
  60     0.61003     0.34125
  61     0.62008     0.35058
  62     0.63004     0.35994
  63     0.64002      0.3695
  64      0.6501     0.37934
  65     0.66006     0.38927
  66     0.67012     0.39949
  67     0.68009     0.40982
  68     0.69008     0.42038
  69     0.70003     0.43115
  70        0.71     0.44212
  71     0.72011     0.45347
  72     0.73003     0.46481
  73     0.74008     0.47654
  74     0.75015     0.48859
  75     0.76011     0.50079
  76     0.77003     0.51321
  77     0.78036     0.52645
  78     0.79007     0.53919
  79         0.8     0.55257
  80     0.81002     0.56645
  81     0.82012     0.58086
  82     0.83008     0.59549
  83     0.84008     0.61059
  84     0.85003     0.62597
  85     0.86005     0.64188
  86     0.87009     0.65827
  87     0.88008     0.67513
  88     0.89011      0.6927
  89     0.90008     0.71078
  90     0.91003     0.72968
  91     0.92001     0.74971
  92     0.93004     0.77085
  93     0.94003     0.79325
  94     0.95012     0.81737
  95     0.96018     0.84334
  96     0.97001     0.87114
  97     0.98004     0.90329
  98     0.99008     0.94189
  99           1           1
-----------------------------------------

----------------- PPP$ and local currency --------------
         PPP used in computation: 7624.97
     Data mean in local currency: 489207
               Data mean in PPP$: 121.905
        Poverty line in PPP$/Day: 1.9
      Poverty line in PPP$/Month: 57.7917
  Poverty line in local currency: 231920
-------------------------------------------------------

----------------- Estimation result --------------
     Number of observation: 9186
          Total population: 8.24809E+07
              Total wealth: 5.29185E+09(PPP$)
                   Minimum: 5.83568(PPP$)
                   Maximum: 1697.43(PPP$)
             Headcount(HC): 0.22006
          Poverty gap (PG): 0.0552193
       Poverty gap squared: 0.0207489
                      Gini: 0.374377
                    Median: 92.4861
                       MLD: 0.231237
                      Watt: 0.0709852
--------------------------------------------------

-------------------------------- Income or Consumption share by deciles (%) -------------------------------------
     2.7825     4.0965     5.0268     5.9958     7.0366     8.2738     9.8992     12.145     15.806     28.937
-----------------------------------------------------------------------------------------------------------------


