

**********************************************************************************************
**                                   Basic Information                                      **
**********************************************************************************************

----------------- Dataset Information -----------------
                         Country: Vietnam
                    Country dode: VNM
                       Data Year: 2002
                        Coverage: National
             Welfare measurement: Consumption
                     Data format: Unit record
                     Data source: VNM_N2002X
                  Data time span: UnDefined
-------------------------------------------------------


----------- Distribution ------------
   i           P           L 
-------------------------------------
   0    0.010153   0.0021042
   1        0.02   0.0046292
   2    0.030005   0.0074603
   3    0.040024    0.010494
   4    0.050033    0.013697
   5    0.060039    0.017047
   6    0.070015    0.020519
   7    0.080069    0.024135
   8    0.090043    0.027821
   9     0.10003    0.031613
  10     0.11001    0.035507
  11     0.12001    0.039501
  12     0.13003    0.043586
  13     0.14002    0.047762
  14     0.15011    0.052072
  15     0.16007    0.056408
  16     0.17005    0.060831
  17     0.18001    0.065338
  18        0.19    0.069952
  19     0.20003    0.074665
  20     0.21001    0.079435
  21     0.22001    0.084297
  22     0.23001     0.08924
  23     0.24002    0.094276
  24     0.25001    0.099377
  25     0.26005     0.10459
  26     0.27009     0.10989
  27     0.28003     0.11521
  28     0.29002     0.12064
  29     0.30001     0.12615
  30     0.31005     0.13176
  31     0.32007     0.13745
  32     0.33004      0.1432
  33     0.34006     0.14905
  34     0.35001     0.15493
  35     0.36009     0.16096
  36     0.37001     0.16697
  37        0.38     0.17312
  38     0.39001     0.17936
  39     0.40002      0.1857
  40     0.41001      0.1921
  41        0.42     0.19861
  42        0.43     0.20522
  43     0.44001     0.21192
  44        0.45      0.2187
  45     0.46002      0.2256
  46     0.47008     0.23261
  47     0.48005     0.23967
  48        0.49      0.2468
  49     0.50003     0.25409
  50     0.51002     0.26148
  51     0.52002     0.26898
  52        0.53     0.27656
  53     0.54012     0.28437
  54        0.55      0.2921
  55     0.56002     0.30005
  56     0.57002     0.30814
  57     0.58001     0.31637
  58     0.59004     0.32477
  59         0.6     0.33327
  60     0.61001     0.34194
  61     0.62012     0.35086
  62     0.63008     0.35979
  63     0.64005      0.3689
  64     0.65001     0.37817
  65     0.66006      0.3877
  66     0.67003     0.39735
  67     0.68007     0.40725
  68     0.69009     0.41733
  69         0.7     0.42751
  70     0.71009     0.43809
  71     0.72005     0.44874
  72     0.73004     0.45967
  73     0.74002     0.47087
  74     0.75001      0.4823
  75     0.76001     0.49404
  76     0.77001     0.50607
  77     0.78011      0.5185
  78        0.79     0.53102
  79     0.80003     0.54401
  80     0.81001     0.55727
  81     0.82008     0.57104
  82     0.83002     0.58505
  83     0.84003     0.59965
  84     0.85003     0.61472
  85     0.86005     0.63044
  86     0.87003      0.6467
  87     0.88002     0.66356
  88     0.89005     0.68126
  89     0.90004     0.69978
  90     0.91001     0.71934
  91     0.92004     0.74008
  92     0.93003     0.76202
  93     0.94003     0.78542
  94     0.95001     0.81058
  95     0.96034     0.83879
  96     0.97002     0.86797
  97     0.98001     0.90187
  98     0.99002     0.94133
  99           1           1
-----------------------------------------

----------------- PPP$ and local currency --------------
         PPP used in computation: 7624.97
     Data mean in local currency: 289811
               Data mean in PPP$: 92.2584
        Poverty line in PPP$/Day: 1.9
      Poverty line in PPP$/Month: 57.7917
  Poverty line in local currency: 181541
-------------------------------------------------------

----------------- Estimation result --------------
     Number of observation: 29510
          Total population: 7.66022E+07
              Total wealth: 2.91151E+09(PPP$)
                   Minimum: 3.34904(PPP$)
                   Maximum: 605.073(PPP$)
             Headcount(HC): 0.387757
          Poverty gap (PG): 0.103679
       Poverty gap squared: 0.0389073
                      Gini: 0.373248
                    Median: 67.6531
                       MLD: 0.224658
                      Watt: 0.132708
--------------------------------------------------

-------------------------------- Income or Consumption share by deciles (%) -------------------------------------
     3.1602     4.3048     5.1494     5.9539     6.8392      7.919     9.4245     11.646     15.574     30.029
-----------------------------------------------------------------------------------------------------------------


