

**********************************************************************************************
**                                   Basic Information                                      **
**********************************************************************************************

----------------- Dataset Information -----------------
                         Country: Vietnam
                    Country dode: VNM
                       Data Year: 1992
                        Coverage: National
             Welfare measurement: Consumption
                     Data format: Unit record
                     Data source: VNM_N1992X
                  Data time span: UnDefined
-------------------------------------------------------


----------- Distribution ------------
   i           P           L 
-------------------------------------
   0    0.010319   0.0018963
   1    0.020051   0.0044767
   2    0.030119   0.0074128
   3    0.040145    0.010561
   4    0.050129    0.013884
   5    0.060113    0.017355
   6    0.070096    0.020994
   7    0.080038    0.024742
   8    0.090022     0.02862
   9     0.10001    0.032611
  10     0.11007    0.036749
  11     0.12014    0.040996
  12     0.13004    0.045275
  13     0.14002    0.049692
  14     0.15018    0.054259
  15     0.16024    0.058869
  16     0.17002    0.063427
  17        0.18    0.068171
  18     0.19015    0.073098
  19     0.20018    0.078026
  20      0.2102    0.083022
  21      0.2201    0.088015
  22        0.23    0.093083
  23     0.24011    0.098342
  24     0.25018     0.10367
  25     0.26029     0.10911
  26     0.27015      0.1145
  27     0.28013     0.12002
  28     0.29007     0.12562
  29     0.30014     0.13138
  30     0.31004     0.13714
  31     0.32007     0.14306
  32     0.33022     0.14916
  33     0.34012     0.15519
  34     0.35014     0.16137
  35     0.36013     0.16761
  36     0.37011     0.17393
  37     0.38005      0.1803
  38     0.39004     0.18678
  39      0.4001      0.1934
  40     0.41005     0.20003
  41     0.42007     0.20681
  42      0.4301     0.21367
  43     0.44004     0.22059
  44     0.45015     0.22771
  45     0.46009     0.23481
  46      0.4702     0.24213
  47     0.48022     0.24949
  48     0.49025     0.25696
  49     0.50011     0.26442
  50     0.51001       0.272
  51     0.52007     0.27981
  52     0.53014     0.28771
  53        0.54     0.29556
  54     0.55011     0.30373
  55     0.56026     0.31208
  56     0.57041     0.32054
  57      0.5801     0.32873
  58     0.59009     0.33729
  59     0.60007     0.34599
  60     0.61018     0.35493
  61     0.62004      0.3638
  62     0.63006     0.37299
  63        0.64     0.38225
  64     0.65003     0.39176
  65     0.66006     0.40146
  66     0.67029     0.41154
  67     0.68011     0.42134
  68     0.69009     0.43148
  69     0.70024     0.44202
  70     0.71039     0.45277
  71     0.72008     0.46323
  72     0.73002     0.47417
  73     0.74009     0.48547
  74     0.75003      0.4969
  75     0.76002     0.50872
  76        0.77     0.52084
  77     0.78007     0.53339
  78     0.79005     0.54613
  79     0.80016     0.55937
  80     0.81006     0.57273
  81        0.82      0.5865
  82     0.83007     0.60081
  83     0.84005      0.6154
  84     0.85012     0.63055
  85     0.86011     0.64605
  86     0.87017     0.66222
  87     0.88028     0.67899
  88     0.89006     0.69582
  89     0.90004     0.71368
  90     0.91002     0.73245
  91     0.92001     0.75202
  92     0.93007     0.77298
  93     0.94018     0.79501
  94     0.95008     0.81773
  95     0.96015     0.84275
  96     0.97001     0.87001
  97     0.98012     0.90252
  98     0.99014      0.9419
  99           1           1
-----------------------------------------

----------------- PPP$ and local currency --------------
         PPP used in computation: 7624.97
     Data mean in local currency: 144456
               Data mean in PPP$: 76.64
        Poverty line in PPP$/Day: 1.9
      Poverty line in PPP$/Month: 57.7917
  Poverty line in local currency: 108930
-------------------------------------------------------

----------------- Estimation result --------------
     Number of observation: 4799
          Total population: 0.999929
              Total wealth: 18.9438(PPP$)
                   Minimum: 1.35802(PPP$)
                   Maximum: 242.207(PPP$)
             Headcount(HC): 0.492053
          Poverty gap (PG): 0.149484
       Poverty gap squared: 0.0613626
                      Gini: 0.356544
                    Median: 58.3371
                       MLD: 0.206736
                      Watt: 0.198035
--------------------------------------------------

-------------------------------- Income or Consumption share by deciles (%) -------------------------------------
     3.2608      4.533     5.3366     6.2029     7.1007     8.1589     9.5837     11.739     15.445     28.639
-----------------------------------------------------------------------------------------------------------------


