

**********************************************************************************************
**                                   Basic Information                                      **
**********************************************************************************************

----------------- Dataset Information -----------------
                         Country: Vietnam
                    Country dode: VNM
                       Data Year: 2010
                        Coverage: National
             Welfare measurement: Consumption
                     Data format: Unit record
                     Data source: VNM_N2010X
                  Data time span: UnDefined
-------------------------------------------------------


----------- Distribution ------------
   i           P           L 
-------------------------------------
   0    0.010047   0.0012822
   1    0.020115   0.0030667
   2    0.030041   0.0050681
   3    0.040079   0.0072736
   4    0.050031   0.0096194
   5    0.060168    0.012152
   6    0.070157    0.014777
   7    0.080252    0.017551
   8    0.090011    0.020349
   9     0.10001    0.023329
  10     0.11004     0.02644
  11     0.12003    0.029646
  12     0.13014    0.032998
  13     0.14003    0.036388
  14     0.15006    0.039929
  15     0.16004     0.04357
  16     0.17003    0.047333
  17     0.18006    0.051203
  18     0.19011    0.055178
  19      0.2001    0.059224
  20     0.21011    0.063359
  21     0.22006    0.067554
  22      0.2302    0.071923
  23     0.24004    0.076249
  24     0.25007    0.080742
  25     0.26002    0.085293
  26     0.27006    0.089968
  27     0.28002    0.094693
  28     0.29011    0.099569
  29     0.30005     0.10447
  30     0.31004     0.10949
  31     0.32022      0.1147
  32     0.33009     0.11983
  33     0.34005     0.12511
  34     0.35004     0.13049
  35     0.36007     0.13601
  36     0.37003     0.14158
  37     0.38009     0.14729
  38     0.39011     0.15307
  39     0.40007     0.15892
  40     0.41003     0.16488
  41      0.4201     0.17102
  42     0.43002     0.17717
  43     0.44004     0.18346
  44     0.45001     0.18982
  45     0.46002     0.19628
  46     0.47005     0.20286
  47     0.48001     0.20951
  48     0.49016     0.21637
  49      0.5001     0.22319
  50     0.51004     0.23014
  51     0.52006     0.23727
  52     0.53013     0.24458
  53      0.5401     0.25193
  54     0.55007     0.25939
  55     0.56006       0.267
  56     0.57001     0.27474
  57     0.58001     0.28269
  58     0.59007     0.29081
  59     0.60017     0.29912
  60     0.61002     0.30738
  61     0.62004     0.31591
  62     0.63007     0.32465
  63     0.64013     0.33362
  64      0.6501     0.34268
  65     0.66002     0.35188
  66     0.67001     0.36136
  67     0.68002     0.37109
  68     0.69002       0.381
  69     0.70006     0.39117
  70     0.71001     0.40148
  71     0.72001     0.41205
  72     0.73004     0.42288
  73     0.74009     0.43395
  74        0.75     0.44512
  75     0.76002     0.45668
  76     0.77014     0.46869
  77     0.78002     0.48072
  78     0.79014     0.49338
  79      0.8001     0.50621
  80     0.81017     0.51957
  81     0.82008     0.53313
  82     0.83001     0.54703
  83     0.84002     0.56157
  84     0.85001     0.57661
  85     0.86029     0.59266
  86     0.87004     0.60839
  87     0.88004     0.62512
  88     0.89008     0.64266
  89     0.90018     0.66133
  90     0.91013     0.68074
  91     0.92007     0.70125
  92     0.93016     0.72337
  93     0.94003     0.74657
  94     0.95009     0.77191
  95     0.96012      0.7998
  96     0.97008      0.8308
  97     0.98004     0.86651
  98     0.99007     0.91262
  99           1           1
-----------------------------------------

----------------- PPP$ and local currency --------------
         PPP used in computation: 7624.97
     Data mean in local currency: 1.48717E+06
               Data mean in PPP$: 241.253
        Poverty line in PPP$/Day: 1.9
      Poverty line in PPP$/Month: 57.7917
  Poverty line in local currency: 356249
-------------------------------------------------------

----------------- Estimation result --------------
     Number of observation: 9398
          Total population: 8.62329E+07
              Total wealth: 1.68188E+10(PPP$)
                   Minimum: 12.9293(PPP$)
                   Maximum: 4408.94(PPP$)
             Headcount(HC): 0.0477639
          Poverty gap (PG): 0.00989488
       Poverty gap squared: 0.00330659
                      Gini: 0.426759
                    Median: 166.856
                       MLD: 0.305344
                      Watt: 0.0123038
--------------------------------------------------

-------------------------------- Income or Consumption share by deciles (%) -------------------------------------
     2.3326     3.5857     4.5262     5.4435     6.4247     7.5858     9.2129     11.497     15.492       33.9
-----------------------------------------------------------------------------------------------------------------


