

**********************************************************************************************
**                                   Basic Information                                      **
**********************************************************************************************

----------------- Dataset Information -----------------
                         Country: Vanuatu
                    Country dode: VUT
                       Data Year: 2010
                        Coverage: National
             Welfare measurement: Consumption
                     Data format: Unit record
                     Data source: VUT_N2010X
                  Data time span: UnDefined
-------------------------------------------------------


----------- Distribution ------------
   i           P           L 
-------------------------------------
   0    0.010142   0.0014966
   1    0.020008   0.0035459
   2    0.030041   0.0058657
   3    0.040062   0.0083721
   4    0.050236    0.011132
   5    0.060426    0.014076
   6    0.070301    0.017065
   7    0.080212    0.020208
   8    0.090266    0.023536
   9     0.10018    0.026921
  10     0.11012     0.03042
  11     0.12002    0.034002
  12     0.13015    0.037804
  13     0.14038    0.041773
  14     0.15008    0.045622
  15     0.16006    0.049671
  16     0.17019    0.053882
  17     0.18009      0.0581
  18     0.19004    0.062448
  19     0.20025    0.067034
  20     0.21027    0.071649
  21     0.22017    0.076302
  22     0.23024    0.081158
  23     0.24013     0.08604
  24      0.2501    0.091076
  25     0.26002    0.096196
  26     0.27023     0.10156
  27     0.28015     0.10688
  28     0.29019     0.11235
  29     0.30016     0.11792
  30      0.3101     0.12356
  31     0.32023     0.12944
  32     0.33005     0.13528
  33     0.34009     0.14138
  34     0.35007     0.14754
  35     0.36015     0.15387
  36     0.37002     0.16015
  37     0.38021     0.16673
  38     0.39009     0.17321
  39     0.40007     0.17984
  40     0.41035     0.18679
  41     0.42007     0.19346
  42     0.43012     0.20046
  43     0.44016     0.20759
  44     0.45014     0.21479
  45     0.46019     0.22213
  46     0.47048     0.22973
  47     0.48001     0.23688
  48     0.49019     0.24462
  49     0.50021     0.25233
  50     0.51002     0.25999
  51     0.52005     0.26794
  52     0.53012     0.27607
  53     0.54029     0.28448
  54     0.55013     0.29273
  55     0.56021     0.30133
  56      0.5702     0.31001
  57     0.58009     0.31875
  58     0.59008     0.32771
  59     0.60009     0.33684
  60     0.61039     0.34636
  61     0.62061     0.35598
  62     0.63004     0.36503
  63     0.64004      0.3748
  64     0.65002     0.38477
  65     0.66011     0.39505
  66     0.67005     0.40536
  67     0.68001     0.41581
  68     0.69009     0.42657
  69     0.70039     0.43773
  70     0.71013     0.44847
  71     0.72042     0.46002
  72     0.73012     0.47112
  73     0.74016     0.48287
  74     0.75005     0.49475
  75     0.76001     0.50695
  76      0.7705     0.52006
  77     0.78031     0.53257
  78     0.79014     0.54533
  79     0.80016     0.55857
  80     0.81014     0.57204
  81     0.82061     0.58649
  82     0.83001      0.5997
  83     0.84005     0.61416
  84     0.85011     0.62901
  85     0.86019     0.64438
  86     0.87006     0.65997
  87     0.88008      0.6763
  88     0.89005      0.6932
  89     0.90015     0.71108
  90     0.91024      0.7298
  91     0.92008      0.7489
  92     0.93004     0.76934
  93     0.94009     0.79116
  94     0.95011      0.8143
  95     0.96003     0.83885
  96     0.97012     0.86579
  97     0.98003     0.89559
  98     0.99004     0.93324
  99           1           1
-----------------------------------------

----------------- PPP$ and local currency --------------
         PPP used in computation: 115.827
     Data mean in local currency: 16413.6
               Data mean in PPP$: 142.93
        Poverty line in PPP$/Day: 1.9
      Poverty line in PPP$/Month: 57.7917
  Poverty line in local currency: 6636.59
-------------------------------------------------------

----------------- Estimation result --------------
     Number of observation: 4366
          Total population: 249855
              Total wealth: 3.54064E+07(PPP$)
                   Minimum: 11.7904(PPP$)
                   Maximum: 3153.58(PPP$)
             Headcount(HC): 0.153642
          Poverty gap (PG): 0.0372548
       Poverty gap squared: 0.0137206
                      Gini: 0.371851
                    Median: 110.776
                       MLD: 0.232606
                      Watt: 0.0477239
--------------------------------------------------

-------------------------------- Income or Consumption share by deciles (%) -------------------------------------
      2.686     4.0062     5.0906     6.1968     7.2374     8.4588     10.055     12.105     15.246     28.918
-----------------------------------------------------------------------------------------------------------------


