

**********************************************************************************************
**                                   Basic Information                                      **
**********************************************************************************************

----------------- Dataset Information -----------------
                         Country: West Bank and Gaza
                    Country dode: WBG
                       Data Year: 2006
                        Coverage: National
             Welfare measurement: Consumption
                     Data format: Unit record
                     Data source: WBG_N2006X
                  Data time span: UnDefined
-------------------------------------------------------


----------- Distribution ------------
   i           P           L 
-------------------------------------
   0    0.010838   0.0022285
   1    0.021103   0.0048367
   2    0.031818   0.0078938
   3    0.040739    0.010577
   4    0.051239    0.013911
   5    0.060204     0.01691
   6    0.070926    0.020763
   7    0.080368    0.024334
   8    0.090259    0.028168
   9     0.10002     0.03202
  10     0.11081    0.036443
  11     0.12122    0.040845
  12     0.13126    0.045233
  13     0.14055    0.049364
  14     0.15042    0.053885
  15     0.16099     0.05883
  16      0.1702    0.063247
  17     0.18062    0.068315
  18      0.1914     0.07368
  19     0.20058    0.078358
  20     0.21078    0.083607
  21     0.22065    0.088778
  22     0.23008    0.093806
  23     0.24026    0.099327
  24     0.25119     0.10534
  25      0.2606     0.11058
  26      0.2707      0.1163
  27     0.28061     0.12202
  28     0.29008     0.12757
  29     0.30011     0.13355
  30     0.31033     0.13977
  31     0.32174     0.14688
  32     0.33035     0.15233
  33       0.341     0.15915
  34     0.35058     0.16536
  35     0.36042      0.1718
  36     0.37022     0.17832
  37     0.38076     0.18546
  38     0.39048     0.19216
  39     0.40036     0.19904
  40     0.41052     0.20618
  41     0.42005     0.21299
  42     0.43047     0.22056
  43     0.44007     0.22761
  44     0.45058     0.23538
  45     0.46024      0.2426
  46     0.47035     0.25029
  47     0.48023     0.25797
  48     0.49006     0.26573
  49     0.50055     0.27414
  50     0.51035     0.28208
  51     0.52163     0.29133
  52     0.53011     0.29835
  53     0.54059     0.30713
  54     0.55013      0.3153
  55     0.56019     0.32411
  56     0.57074     0.33344
  57      0.5804     0.34208
  58     0.59034     0.35112
  59     0.60043     0.36043
  60     0.61008     0.36948
  61     0.62038     0.37926
  62     0.63019     0.38871
  63     0.64137     0.39968
  64     0.65033     0.40861
  65     0.66011     0.41844
  66     0.67056     0.42911
  67     0.68019     0.43907
  68     0.69006     0.44946
  69     0.70059     0.46075
  70     0.71014     0.47113
  71     0.72102     0.48318
  72     0.73001     0.49333
  73      0.7402     0.50494
  74     0.75025     0.51657
  75     0.76083     0.52907
  76     0.77132     0.54178
  77     0.78005     0.55251
  78     0.79028     0.56538
  79     0.80045     0.57855
  80     0.81044      0.5919
  81     0.82132     0.60674
  82     0.83075     0.61982
  83     0.84075     0.63404
  84     0.85009     0.64766
  85     0.86011     0.66272
  86     0.87008     0.67816
  87     0.88001     0.69411
  88      0.8904     0.71164
  89     0.90084        0.73
  90     0.91032     0.74735
  91     0.92038      0.7665
  92     0.93055     0.78668
  93     0.94002     0.80624
  94     0.95034     0.82846
  95     0.96012     0.85096
  96     0.97064     0.87808
  97     0.98019      0.9068
  98     0.99028     0.94472
  99           1           1
-----------------------------------------

----------------- PPP$ and local currency --------------
         PPP used in computation: 2.5228
     Data mean in local currency: 507.688
               Data mean in PPP$: 309.989
        Poverty line in PPP$/Day: 1.9
      Poverty line in PPP$/Month: 57.7917
  Poverty line in local currency: 118.802
-------------------------------------------------------

----------------- Estimation result --------------
     Number of observation: 1281
          Total population: 8192.25
              Total wealth: 2.0693E+06(PPP$)
                   Minimum: 32.4398(PPP$)
                   Maximum: 2155.11(PPP$)
             Headcount(HC): 0.00313655
          Poverty gap (PG): 0.000710122
       Poverty gap squared: 0.000174282
                      Gini: 0.339573
                    Median: 313.203
                       MLD: 0.189633
                      Watt: 0.000816735
--------------------------------------------------

-------------------------------- Income or Consumption share by deciles (%) -------------------------------------
     3.2013     4.6049     5.5427     6.5297     7.4914     8.6335     10.007     11.786     15.055     27.148
-----------------------------------------------------------------------------------------------------------------


