

**********************************************************************************************
**                                   Basic Information                                      **
**********************************************************************************************

----------------- Dataset Information -----------------
                         Country: West Bank and Gaza
                    Country dode: WBG
                       Data Year: 2004
                        Coverage: National
             Welfare measurement: Consumption
                     Data format: Unit record
                     Data source: WBG_N2004X
                  Data time span: UnDefined
-------------------------------------------------------


----------- Distribution ------------
   i           P           L 
-------------------------------------
   0    0.010404   0.0016213
   1    0.020277   0.0037216
   2    0.030093   0.0061777
   3    0.040666   0.0091245
   4    0.050601    0.012212
   5    0.060081    0.015349
   6    0.070027     0.01879
   7    0.080018      0.0224
   8    0.091537    0.026746
   9     0.10062    0.030299
  10     0.11062    0.034352
  11     0.12002    0.038271
  12     0.13009    0.042589
  13     0.14027    0.047052
  14     0.15037    0.051546
  15      0.1601    0.055973
  16     0.17075    0.060935
  17     0.18001     0.06537
  18     0.19004    0.070259
  19     0.20012    0.075287
  20     0.21016    0.080395
  21     0.22017     0.08556
  22     0.23006    0.090742
  23     0.24018    0.096151
  24     0.25046     0.10178
  25     0.26008     0.10714
  26     0.27015     0.11282
  27     0.28062     0.11881
  28     0.29025     0.12439
  29      0.3003     0.13032
  30     0.31044     0.13641
  31      0.3201     0.14235
  32     0.33004     0.14863
  33     0.34057     0.15545
  34     0.35042      0.1619
  35     0.36018      0.1684
  36     0.37022     0.17517
  37     0.38028     0.18205
  38     0.39025     0.18897
  39     0.40038     0.19611
  40      0.4101     0.20305
  41     0.42023     0.21037
  42     0.43044     0.21787
  43     0.44009     0.22506
  44     0.45042      0.2328
  45     0.46015      0.2402
  46     0.47018     0.24792
  47     0.48012     0.25563
  48     0.49053      0.2638
  49     0.50067      0.2719
  50     0.51033     0.27974
  51     0.52006     0.28775
  52     0.53017     0.29624
  53     0.54023     0.30484
  54     0.55003     0.31335
  55     0.56039     0.32245
  56     0.57016     0.33113
  57     0.58001     0.34002
  58     0.59042      0.3496
  59     0.60027     0.35884
  60     0.61015     0.36824
  61     0.62053     0.37832
  62      0.6303     0.38796
  63     0.64005     0.39771
  64     0.65007     0.40793
  65     0.66003     0.41825
  66     0.67017     0.42887
  67     0.68014     0.43949
  68     0.69018     0.45036
  69     0.70006     0.46122
  70     0.71002      0.4724
  71     0.72002     0.48385
  72     0.73039     0.49591
  73     0.74004     0.50727
  74     0.75039     0.51964
  75      0.7601     0.53149
  76     0.77028     0.54421
  77     0.78003      0.5567
  78     0.79006     0.56983
  79     0.80019     0.58333
  80     0.81027     0.59702
  81     0.82002     0.61053
  82     0.83016     0.62506
  83     0.84015     0.63964
  84     0.85014     0.65454
  85     0.86021        0.67
  86     0.87003     0.68551
  87     0.88002     0.70177
  88     0.89034     0.71897
  89     0.90045     0.73638
  90     0.91064     0.75463
  91     0.92041     0.77275
  92     0.93051     0.79214
  93     0.94025     0.81203
  94      0.9501     0.83342
  95     0.96003     0.85634
  96     0.97003     0.88176
  97     0.98016     0.91055
  98     0.99011     0.94497
  99           1           1
-----------------------------------------

----------------- PPP$ and local currency --------------
         PPP used in computation: 2.5228
     Data mean in local currency: 448.259
               Data mean in PPP$: 294.182
        Poverty line in PPP$/Day: 1.9
      Poverty line in PPP$/Month: 57.7917
  Poverty line in local currency: 110.531
-------------------------------------------------------

----------------- Estimation result --------------
     Number of observation: 3098
          Total population: 20575.6
              Total wealth: 4.58887E+06(PPP$)
                   Minimum: 16.9879(PPP$)
                   Maximum: 3004.85(PPP$)
             Headcount(HC): 0.0110318
          Poverty gap (PG): 0.00215753
       Poverty gap squared: 0.000834505
                      Gini: 0.339675
                    Median: 297.301
                       MLD: 0.193525
                      Watt: 0.00282941
--------------------------------------------------

-------------------------------- Income or Consumption share by deciles (%) -------------------------------------
     3.0057      4.517     5.4915     6.5701     7.5527     8.7212     10.258     12.192     15.254     26.439
-----------------------------------------------------------------------------------------------------------------


