

**********************************************************************************************
**                                   Basic Information                                      **
**********************************************************************************************

----------------- Dataset Information -----------------
                         Country: West Bank and Gaza
                    Country dode: WBG
                       Data Year: 2005
                        Coverage: National
             Welfare measurement: Consumption
                     Data format: Unit record
                     Data source: WBG_N2005X
                  Data time span: UnDefined
-------------------------------------------------------


----------- Distribution ------------
   i           P           L 
-------------------------------------
   0    0.010529   0.0017786
   1    0.020292   0.0039712
   2    0.030015   0.0064442
   3    0.040208   0.0092765
   4    0.050054    0.012183
   5     0.06017    0.015331
   6    0.070328    0.018666
   7    0.080054    0.022031
   8    0.090639    0.025842
   9     0.10014    0.029398
  10     0.11045    0.033388
  11     0.12022    0.037286
  12     0.13062    0.041552
  13     0.14035    0.045711
  14     0.15015    0.049984
  15     0.16008    0.054402
  16     0.17017    0.058996
  17     0.18064    0.063885
  18     0.19019    0.068444
  19     0.20012    0.073255
  20     0.21014    0.078217
  21     0.22069     0.08362
  22     0.23042    0.088711
  23     0.24035    0.093996
  24     0.25029    0.099356
  25     0.26023      0.1048
  26     0.27049     0.11051
  27     0.28008     0.11592
  28      0.2905     0.12193
  29     0.30024     0.12764
  30     0.31022     0.13357
  31     0.32006     0.13951
  32     0.33019     0.14571
  33     0.34008     0.15185
  34     0.35041     0.15833
  35     0.36035     0.16466
  36     0.37001     0.17093
  37     0.38034     0.17775
  38     0.39098     0.18489
  39     0.40014     0.19114
  40      0.4102     0.19807
  41     0.42044     0.20521
  42     0.43004     0.21205
  43     0.44019      0.2194
  44      0.4501     0.22669
  45     0.46029     0.23435
  46     0.47024     0.24194
  47     0.48015      0.2496
  48     0.49013     0.25743
  49     0.50025      0.2655
  50     0.51022     0.27356
  51     0.52068     0.28212
  52     0.53057     0.29033
  53     0.54008     0.29835
  54     0.55052     0.30732
  55     0.56011      0.3157
  56     0.57025     0.32469
  57     0.58028     0.33374
  58     0.59071     0.34332
  59     0.60016     0.35211
  60     0.61006     0.36146
  61     0.62033     0.37132
  62     0.63003     0.38077
  63     0.64033     0.39099
  64     0.65022     0.40096
  65     0.66031      0.4113
  66     0.67021      0.4216
  67     0.68034      0.4323
  68     0.69016     0.44292
  69     0.70015      0.4539
  70     0.71032     0.46533
  71     0.72029     0.47674
  72     0.73007     0.48819
  73     0.74005     0.50006
  74      0.7501     0.51229
  75     0.76024     0.52485
  76     0.77022      0.5375
  77     0.78032     0.55065
  78      0.7903     0.56395
  79     0.80017     0.57738
  80     0.81006     0.59112
  81     0.82018     0.60556
  82      0.8301     0.62005
  83     0.84044     0.63549
  84     0.85028      0.6506
  85     0.86052     0.66676
  86      0.8701     0.68222
  87     0.88028      0.6991
  88     0.89008     0.71573
  89     0.90031      0.7335
  90     0.91041     0.75179
  91        0.92     0.77007
  92     0.93044     0.79087
  93     0.94013     0.81109
  94     0.95001     0.83297
  95     0.96006     0.85705
  96     0.97015     0.88342
  97     0.98016     0.91292
  98     0.99019     0.94796
  99           1           1
-----------------------------------------

----------------- PPP$ and local currency --------------
         PPP used in computation: 2.5228
     Data mean in local currency: 487.732
               Data mean in PPP$: 309.349
        Poverty line in PPP$/Day: 1.9
      Poverty line in PPP$/Month: 57.7917
  Poverty line in local currency: 114.368
-------------------------------------------------------

----------------- Estimation result --------------
     Number of observation: 2152
          Total population: 14040.9
              Total wealth: 3.40722E+06(PPP$)
                   Minimum: 30.9944(PPP$)
                   Maximum: 3708.11(PPP$)
             Headcount(HC): 0.00922099
          Poverty gap (PG): 0.00104493
       Poverty gap squared: 0.000233444
                      Gini: 0.347216
                    Median: 311.412
                       MLD: 0.200021
                      Watt: 0.00119031
--------------------------------------------------

-------------------------------- Income or Consumption share by deciles (%) -------------------------------------
     2.9345     4.3851       5.43     6.3547     7.4254     8.6661     10.178     12.341     15.582     26.703
-----------------------------------------------------------------------------------------------------------------


