

**********************************************************************************************
**                                   Basic Information                                      **
**********************************************************************************************

----------------- Dataset Information -----------------
                         Country: Samoa
                    Country dode: WSM
                       Data Year: 2008
                        Coverage: National
             Welfare measurement: Consumption
                     Data format: Unit record
                     Data source: WSM_N2008X
                  Data time span: UnDefined
-------------------------------------------------------


----------- Distribution ------------
   i           P           L 
-------------------------------------
   0    0.010497   0.0018106
   1    0.020321   0.0038863
   2    0.030214   0.0061559
   3    0.040549   0.0087013
   4    0.050335    0.011288
   5    0.060597    0.014106
   6    0.070071    0.016831
   7    0.080383    0.019934
   8     0.09047    0.023092
   9     0.10035    0.026283
  10     0.11009    0.029526
  11     0.12052    0.033098
  12     0.13055    0.036628
  13      0.1408    0.040305
  14     0.15022    0.043774
  15     0.16008     0.04747
  16     0.17055    0.051465
  17     0.18059    0.055378
  18     0.19084    0.059458
  19     0.20021    0.063252
  20     0.21081    0.067615
  21     0.22071    0.071732
  22     0.23083       0.076
  23     0.24006     0.07995
  24     0.25016    0.084334
  25     0.26009    0.088735
  26     0.27051    0.093457
  27     0.28079     0.09821
  28     0.29033     0.10272
  29     0.30078     0.10776
  30        0.31     0.11229
  31     0.32008     0.11737
  32     0.33017     0.12255
  33     0.34004      0.1277
  34     0.35023     0.13311
  35      0.3604     0.13864
  36     0.37001     0.14394
  37     0.38023     0.14971
  38      0.3902     0.15542
  39     0.40019     0.16124
  40     0.41042     0.16728
  41     0.42003     0.17304
  42     0.43056     0.17945
  43     0.44065      0.1857
  44     0.45053     0.19194
  45     0.46059     0.19838
  46     0.47039     0.20475
  47     0.48013     0.21119
  48      0.4904     0.21811
  49     0.50035     0.22494
  50     0.51017     0.23178
  51     0.52027     0.23891
  52     0.53021     0.24603
  53     0.54002     0.25317
  54     0.55007     0.26062
  55     0.56006     0.26813
  56     0.57014     0.27585
  57     0.58072     0.28413
  58     0.59091     0.29223
  59     0.60063     0.30011
  60     0.61047     0.30821
  61     0.62038     0.31651
  62      0.6311      0.3257
  63     0.64012     0.33361
  64     0.65028     0.34262
  65     0.66009     0.35148
  66     0.67019      0.3608
  67     0.68051     0.37052
  68     0.69025     0.37991
  69     0.70001     0.38949
  70     0.71009     0.39959
  71     0.72017     0.40996
  72     0.73019     0.42055
  73        0.74     0.43122
  74     0.75016     0.44257
  75     0.76034      0.4542
  76     0.77061     0.46618
  77     0.78023     0.47767
  78     0.79027     0.48999
  79     0.80016     0.50243
  80      0.8101     0.51533
  81     0.82051     0.52919
  82     0.83032     0.54251
  83     0.84072     0.55719
  84     0.85011     0.57083
  85      0.8602     0.58602
  86     0.87023     0.60185
  87     0.88027     0.61835
  88     0.89014     0.63533
  89     0.90037     0.65371
  90      0.9103     0.67238
  91     0.92014      0.6921
  92     0.93005     0.71346
  93     0.94013     0.73705
  94     0.95057     0.76408
  95     0.96014      0.7918
  96     0.97016     0.82466
  97     0.98031     0.86652
  98     0.99002      0.9181
  99           1           1
-----------------------------------------

----------------- PPP$ and local currency --------------
         PPP used in computation: 1.90028
     Data mean in local currency: 509.878
               Data mean in PPP$: 302.45
        Poverty line in PPP$/Day: 1.9
      Poverty line in PPP$/Month: 57.7917
  Poverty line in local currency: 97.4266
-------------------------------------------------------

----------------- Estimation result --------------
     Number of observation: 2008
          Total population: 182488
              Total wealth: 4.89647E+07(PPP$)
                   Minimum: 35.0312(PPP$)
                   Maximum: 4473.51(PPP$)
             Headcount(HC): 0.00826277
          Poverty gap (PG): 0.00107688
       Poverty gap squared: 0.000223812
                      Gini: 0.426868
                    Median: 209.264
                       MLD: 0.299795
                      Watt: 0.0012129
--------------------------------------------------

-------------------------------- Income or Consumption share by deciles (%) -------------------------------------
      2.617     3.6995     4.4214     5.3749     6.3565     7.4909      8.988     11.275     15.081     34.695
-----------------------------------------------------------------------------------------------------------------


