

**********************************************************************************************
**                                   Basic Information                                      **
**********************************************************************************************

----------------- Dataset Information -----------------
                         Country: South Africa
                    Country dode: ZAF
                       Data Year: 2006
                        Coverage: National
             Welfare measurement: Consumption
                     Data format: Unit record
                     Data source: ZAF_N2006X
                  Data time span: UnDefined
-------------------------------------------------------


----------- Distribution ------------
   i           P           L 
-------------------------------------
   0    0.010064  0.00049344
   1    0.020097   0.0011964
   2    0.030002   0.0020205
   3    0.040017   0.0029491
   4    0.050065   0.0039577
   5    0.060049   0.0050365
   6     0.07013   0.0061928
   7    0.080205   0.0074047
   8     0.09007   0.0086458
   9     0.10016   0.0099676
  10     0.11006    0.011312
  11     0.12005    0.012722
  12     0.13044    0.014248
  13     0.14006    0.015705
  14     0.15001    0.017254
  15     0.16005    0.018871
  16     0.17005    0.020533
  17     0.18002    0.022235
  18     0.19007    0.023998
  19     0.20023    0.025841
  20      0.2101    0.027681
  21     0.22003    0.029575
  22        0.23    0.031532
  23     0.24015     0.03358
  24     0.25002    0.035623
  25     0.26001    0.037734
  26     0.27057    0.040012
  27     0.28007    0.042109
  28     0.29002    0.044358
  29         0.3     0.04667
  30      0.3101    0.049056
  31     0.32001    0.051442
  32     0.33004    0.053905
  33     0.34003    0.056417
  34     0.35001    0.058994
  35     0.36001    0.061645
  36     0.37017    0.064402
  37     0.38002    0.067138
  38     0.39001    0.069971
  39     0.40005    0.072882
  40        0.41    0.075839
  41     0.42022    0.078946
  42     0.43003    0.081988
  43        0.44    0.085157
  44     0.45001    0.088416
  45     0.46015    0.091802
  46     0.47016     0.09522
  47     0.48009    0.098695
  48     0.49008     0.10229
  49     0.50008     0.10596
  50     0.51004      0.1097
  51     0.52006     0.11356
  52     0.53013     0.11751
  53     0.54008     0.12151
  54     0.55002      0.1256
  55     0.56001     0.12981
  56     0.57001     0.13415
  57        0.58     0.13863
  58     0.59003     0.14324
  59     0.60001     0.14795
  60     0.61012     0.15286
  61     0.62014      0.1579
  62     0.63018     0.16311
  63     0.64001     0.16837
  64     0.65002     0.17388
  65     0.66002     0.17956
  66     0.67011      0.1855
  67     0.68001     0.19156
  68        0.69     0.19787
  69     0.70007     0.20445
  70     0.71004     0.21124
  71     0.72003     0.21832
  72     0.73013     0.22578
  73     0.74005     0.23342
  74     0.75001     0.24145
  75     0.76016     0.25006
  76     0.77001     0.25893
  77     0.78009     0.26858
  78     0.79002     0.27869
  79     0.80016     0.28968
  80     0.81004     0.30116
  81     0.82006      0.3137
  82        0.83     0.32707
  83     0.84008     0.34152
  84     0.85009     0.35692
  85     0.86001     0.37357
  86     0.87002     0.39188
  87     0.88004     0.41189
  88     0.89001     0.43355
  89     0.90008     0.45775
  90        0.91     0.48405
  91     0.92001     0.51359
  92     0.93011     0.54655
  93        0.94     0.58214
  94     0.95004     0.62238
  95     0.96002     0.66769
  96        0.97     0.72087
  97     0.98001     0.78357
  98     0.99001     0.86035
  99           1           1
-----------------------------------------

----------------- PPP$ and local currency --------------
         PPP used in computation: 5.06753
     Data mean in local currency: 989.733
               Data mean in PPP$: 273.609
        Poverty line in PPP$/Day: 1.9
      Poverty line in PPP$/Month: 57.7917
  Poverty line in local currency: 209.051
-------------------------------------------------------

----------------- Estimation result --------------
     Number of observation: 19281
          Total population: 4.73909E+07
              Total wealth: 9.25585E+09(PPP$)
                   Minimum: 1.48847(PPP$)
                   Maximum: 16087.7(PPP$)
             Headcount(HC): 0.254427
          Poverty gap (PG): 0.0813941
       Poverty gap squared: 0.0364082
                      Gini: 0.647886
                    Median: 101.625
                       MLD: 0.779232
                      Watt: 0.112284
--------------------------------------------------

-------------------------------- Income or Consumption share by deciles (%) -------------------------------------
    0.99461     1.5853     2.0869     2.6199     3.3064      4.202      5.645     8.5105     16.804     54.245
-----------------------------------------------------------------------------------------------------------------


