

**********************************************************************************************
**                                   Basic Information                                      **
**********************************************************************************************

----------------- Dataset Information -----------------
                         Country: South Africa
                    Country dode: ZAF
                       Data Year: 1996
                        Coverage: National
             Welfare measurement: Consumption
                     Data format: Unit record
                     Data source: ZAF_N1996X
                  Data time span: UnDefined
-------------------------------------------------------


----------- Distribution ------------
   i           P           L 
-------------------------------------
   0    0.010091  0.00052271
   1    0.020133   0.0012379
   2    0.030086   0.0020699
   3    0.040082   0.0030045
   4    0.050012   0.0040117
   5    0.060028    0.005105
   6    0.070054   0.0062707
   7    0.080038   0.0074946
   8    0.090059   0.0087828
   9     0.10005    0.010129
  10     0.11004    0.011531
  11     0.12003    0.012986
  12     0.13003      0.0145
  13     0.14001    0.016066
  14     0.15001    0.017693
  15     0.16009    0.019392
  16        0.17    0.021113
  17        0.18    0.022901
  18     0.19003    0.024749
  19     0.20005    0.026651
  20     0.21003    0.028613
  21     0.22002    0.030639
  22     0.23006    0.032734
  23        0.24    0.034872
  24        0.25    0.037082
  25     0.26008    0.039374
  26     0.27005    0.041698
  27     0.28002    0.044088
  28     0.29007    0.046567
  29     0.30001    0.049084
  30     0.31003    0.051686
  31     0.32002    0.054354
  32     0.33005    0.057107
  33     0.34001    0.059909
  34     0.35001    0.062793
  35     0.36005    0.065759
  36     0.37004    0.068783
  37     0.38006    0.071891
  38      0.3901    0.075096
  39     0.40015    0.078394
  40     0.41003    0.081724
  41     0.42003    0.085164
  42     0.43001    0.088678
  43     0.44001    0.092279
  44     0.45001    0.095979
  45     0.46004     0.09979
  46     0.47003     0.10368
  47     0.48002     0.10768
  48     0.49004     0.11179
  49     0.50002       0.116
  50     0.51001     0.12033
  51     0.52002     0.12478
  52     0.53003     0.12936
  53     0.54006      0.1341
  54     0.55002     0.13895
  55     0.56001     0.14396
  56     0.57001     0.14915
  57        0.58      0.1545
  58        0.59     0.16003
  59     0.60005     0.16576
  60     0.61001     0.17165
  61     0.62005     0.17779
  62     0.63003     0.18409
  63     0.64001     0.19062
  64     0.65013     0.19748
  65        0.66     0.20443
  66     0.67004     0.21176
  67     0.68002     0.21932
  68     0.69002     0.22722
  69     0.70001      0.2354
  70        0.71     0.24392
  71     0.72003     0.25285
  72     0.73002     0.26215
  73     0.74002     0.27189
  74     0.75002     0.28208
  75     0.76006     0.29282
  76     0.77002     0.30401
  77     0.78001      0.3158
  78     0.79001     0.32819
  79         0.8     0.34118
  80     0.81005     0.35499
  81      0.8201      0.3696
  82     0.83003     0.38487
  83     0.84001     0.40116
  84     0.85001     0.41853
  85     0.86001     0.43703
  86     0.87001     0.45678
  87     0.88001     0.47789
  88        0.89     0.50038
  89         0.9     0.52478
  90     0.91002     0.55104
  91     0.92003     0.57968
  92     0.93001     0.61069
  93        0.94     0.64447
  94     0.95002     0.68157
  95     0.96004     0.72227
  96     0.97003     0.76792
  97        0.98     0.82082
  98     0.99003      0.8868
  99           1           1
-----------------------------------------

----------------- PPP$ and local currency --------------
         PPP used in computation: 5.06753
     Data mean in local currency: 427.998
               Data mean in PPP$: 203.887
        Poverty line in PPP$/Day: 1.9
      Poverty line in PPP$/Month: 57.7917
  Poverty line in local currency: 121.316
-------------------------------------------------------

----------------- Estimation result --------------
     Number of observation: 25362
          Total population: 4.04968E+07
              Total wealth: 3.42031E+09(PPP$)
                   Minimum: 1.82669(PPP$)
                   Maximum: 13919.4(PPP$)
             Headcount(HC): 0.338065
          Poverty gap (PG): 0.12866
       Poverty gap squared: 0.0647228
                      Gini: 0.606869
                    Median: 87.095
                       MLD: 0.682583
                      Watt: 0.186899
--------------------------------------------------

-------------------------------- Income or Consumption share by deciles (%) -------------------------------------
     1.0122     1.6521     2.2438     2.9265     3.7644     4.9747     6.9658     10.578      18.36     47.523
-----------------------------------------------------------------------------------------------------------------


