

**********************************************************************************************
**                                   Basic Information                                      **
**********************************************************************************************

----------------- Dataset Information -----------------
                         Country: Congo, Democratic Republic of
                    Country dode: ZAR
                       Data Year: 2012
                        Coverage: National
             Welfare measurement: Consumption
                     Data format: Unit record
                     Data source: ZAR_N2012X
                  Data time span: UnDefined
-------------------------------------------------------


----------- Distribution ------------
   i           P           L 
-------------------------------------
   0    0.010009   0.0010811
   1    0.020041   0.0025532
   2    0.030077   0.0042795
   3    0.040059   0.0062076
   4    0.050043    0.008292
   5    0.060032     0.01053
   6    0.070058    0.012916
   7    0.080147    0.015466
   8    0.090131    0.018129
   9      0.1001    0.020926
  10      0.1101    0.023866
  11     0.12006    0.026911
  12     0.13002    0.030074
  13     0.14003    0.033387
  14     0.15012    0.036836
  15     0.16055    0.040509
  16     0.17003    0.043938
  17     0.18002    0.047652
  18     0.19002    0.051478
  19     0.20002    0.055398
  20     0.21005    0.059434
  21     0.22005    0.063549
  22     0.23009    0.067774
  23        0.24    0.072049
  24     0.25003    0.076489
  25     0.26006    0.081036
  26     0.27003    0.085647
  27     0.28003    0.090375
  28     0.29002    0.095196
  29     0.30001     0.10013
  30     0.31005     0.10519
  31      0.3201     0.11035
  32     0.33005     0.11556
  33     0.34003     0.12088
  34     0.35007     0.12636
  35     0.36004     0.13192
  36      0.3701     0.13766
  37     0.38011     0.14344
  38      0.3901     0.14931
  39     0.40005     0.15526
  40     0.41076     0.16179
  41     0.42001     0.16751
  42     0.43002      0.1738
  43     0.44006     0.18025
  44     0.45002     0.18677
  45     0.46001     0.19343
  46     0.47006     0.20024
  47     0.48009     0.20716
  48     0.49003     0.21414
  49     0.50002     0.22127
  50     0.51049     0.22888
  51     0.52013     0.23601
  52     0.53002     0.24345
  53     0.54001      0.2511
  54        0.55     0.25887
  55     0.56001     0.26681
  56     0.57001     0.27489
  57     0.58007     0.28318
  58     0.59009     0.29161
  59     0.60001     0.30011
  60     0.61002      0.3089
  61        0.62     0.31785
  62     0.63002     0.32701
  63        0.64     0.33628
  64     0.65003     0.34576
  65     0.66011      0.3555
  66     0.67014     0.36542
  67     0.68013      0.3755
  68     0.69007     0.38574
  69     0.70003     0.39625
  70     0.71008     0.40707
  71     0.72004     0.41801
  72     0.73002     0.42923
  73     0.74008      0.4408
  74     0.75007      0.4526
  75     0.76003     0.46465
  76     0.77002     0.47706
  77     0.78021     0.49007
  78     0.79003     0.50292
  79      0.8001     0.51648
  80        0.81     0.53026
  81     0.82017     0.54486
  82     0.83006     0.55953
  83        0.84     0.57483
  84     0.85002     0.59074
  85     0.86003     0.60728
  86     0.87004     0.62449
  87        0.88      0.6422
  88     0.89011      0.6609
  89     0.90004     0.68014
  90     0.91003     0.70047
  91     0.92002     0.72189
  92        0.93     0.74436
  93     0.94001     0.76806
  94     0.95001     0.79352
  95        0.96     0.82152
  96     0.97002     0.85235
  97      0.9801     0.88737
  98        0.99     0.92878
  99           1           1
-----------------------------------------

----------------- PPP$ and local currency --------------
         PPP used in computation: 537.732
     Data mean in local currency: 27217.2
               Data mean in PPP$: 45.8307
        Poverty line in PPP$/Day: 1.9
      Poverty line in PPP$/Month: 57.7917
  Poverty line in local currency: 34320.4
-------------------------------------------------------

----------------- Estimation result --------------
     Number of observation: 21230
          Total population: 7.0297E+07
              Total wealth: 3.55806E+09(PPP$)
                   Minimum: 2.35672(PPP$)
                   Maximum: 1874.68(PPP$)
             Headcount(HC): 0.770822
          Poverty gap (PG): 0.391696
       Poverty gap squared: 0.239468
                      Gini: 0.420997
                    Median: 33.0218
                       MLD: 0.302601
                      Watt: 0.646017
--------------------------------------------------

-------------------------------- Income or Consumption share by deciles (%) -------------------------------------
     2.0897     3.4495     4.4729     5.5112     6.6022      7.885     9.6105     12.014     16.371     31.994
-----------------------------------------------------------------------------------------------------------------


