

**********************************************************************************************
**                                   Basic Information                                      **
**********************************************************************************************

----------------- Dataset Information -----------------
                         Country: Congo, Democratic Republic of
                    Country dode: ZAR
                       Data Year: 2004
                        Coverage: National
             Welfare measurement: Consumption
                     Data format: Unit record
                     Data source: ZAR_N2004X
                  Data time span: UnDefined
-------------------------------------------------------


----------- Distribution ------------
   i           P           L 
-------------------------------------
   0    0.010021   0.0010845
   1    0.020206   0.0026674
   2    0.030013   0.0044595
   3    0.040018   0.0065324
   4    0.050193   0.0088129
   5    0.060033     0.01117
   6    0.070044    0.013702
   7    0.080082    0.016374
   8    0.090264    0.019214
   9     0.10024    0.022116
  10     0.11003    0.025081
  11     0.12003    0.028211
  12     0.13016    0.031489
  13     0.14002    0.034765
  14     0.15009     0.03822
  15     0.16019    0.041792
  16     0.17002    0.045368
  17     0.18019    0.049171
  18     0.19001    0.052957
  19         0.2    0.056906
  20     0.21023    0.061044
  21     0.22024    0.065185
  22     0.23014    0.069366
  23     0.24009     0.07366
  24     0.25014    0.078103
  25     0.26002    0.082549
  26     0.27007    0.087184
  27     0.28002    0.091868
  28     0.29003    0.096678
  29     0.30014     0.10164
  30     0.31001     0.10658
  31     0.32005     0.11169
  32     0.33007     0.11686
  33     0.34009     0.12213
  34     0.35008     0.12746
  35     0.36008     0.13292
  36     0.37005     0.13846
  37     0.38006     0.14414
  38     0.39013     0.14997
  39      0.4002      0.1559
  40     0.41033     0.16199
  41     0.42061     0.16828
  42     0.43009     0.17418
  43      0.4401     0.18053
  44     0.45004     0.18696
  45      0.4603     0.19371
  46     0.47007     0.20024
  47     0.48008     0.20705
  48     0.49004     0.21394
  49     0.50018      0.2211
  50     0.51007      0.2282
  51     0.52007     0.23552
  52     0.53001     0.24293
  53     0.54012     0.25061
  54     0.55013     0.25834
  55     0.56002     0.26612
  56     0.57004     0.27414
  57     0.58001     0.28228
  58     0.59002     0.29062
  59     0.60001     0.29914
  60     0.61016     0.30798
  61     0.62007     0.31679
  62     0.63016     0.32596
  63     0.64011     0.33523
  64     0.65002     0.34469
  65     0.66004     0.35444
  66     0.67004     0.36433
  67     0.68001     0.37436
  68     0.69004     0.38466
  69     0.70024     0.39537
  70     0.71006     0.40591
  71     0.72006     0.41687
  72     0.73006     0.42809
  73     0.74006     0.43958
  74      0.7501     0.45138
  75     0.76003     0.46337
  76     0.77008     0.47582
  77     0.78001     0.48846
  78     0.79006     0.50163
  79     0.80004     0.51505
  80     0.81012     0.52892
  81     0.82003     0.54295
  82      0.8301      0.5577
  83     0.84008     0.57276
  84        0.85     0.58825
  85     0.86001     0.60443
  86     0.87007      0.6213
  87     0.88012     0.63885
  88     0.89005     0.65697
  89     0.90003     0.67609
  90     0.91013     0.69651
  91     0.92009     0.71789
  92        0.93     0.74057
  93     0.94006     0.76492
  94        0.95     0.79078
  95     0.96007     0.81934
  96     0.97002     0.85088
  97     0.98002     0.88696
  98     0.99007     0.93013
  99           1           1
-----------------------------------------

----------------- PPP$ and local currency --------------
         PPP used in computation: 537.732
     Data mean in local currency: 6154.04
               Data mean in PPP$: 22.9779
        Poverty line in PPP$/Day: 1.9
      Poverty line in PPP$/Month: 57.7917
  Poverty line in local currency: 15478
-------------------------------------------------------

----------------- Estimation result --------------
     Number of observation: 11902
          Total population: 5.39635E+07
              Total wealth: 6.17581E+08(PPP$)
                   Minimum: 0.562345(PPP$)
                   Maximum: 455.017(PPP$)
             Headcount(HC): 0.940529
          Poverty gap (PG): 0.635935
       Poverty gap squared: 0.469043
                      Gini: 0.421636
                    Median: 16.3342
                       MLD: 0.300818
                      Watt: 1.24555
--------------------------------------------------

-------------------------------- Income or Consumption share by deciles (%) -------------------------------------
     2.2047     3.4857     4.4665     5.4215     6.5189     7.8162     9.5982     11.988     16.104     32.396
-----------------------------------------------------------------------------------------------------------------


