

**********************************************************************************************
**                                   Basic Information                                      **
**********************************************************************************************

----------------- Dataset Information -----------------
                         Country: Zambia
                    Country dode: ZMB
                       Data Year: 1998
                        Coverage: National
             Welfare measurement: Consumption
                     Data format: Unit record
                     Data source: ZMB_N1998X
                  Data time span: UnDefined
-------------------------------------------------------


----------- Distribution ------------
   i           P           L 
-------------------------------------
   0    0.010248  0.00066764
   1    0.020021   0.0016103
   2    0.030238   0.0028311
   3    0.040053   0.0042092
   4     0.05002   0.0058134
   5    0.060122   0.0076171
   6    0.070056   0.0095142
   7    0.080138    0.011563
   8    0.090087    0.013709
   9     0.10005    0.015954
  10     0.11012    0.018306
  11     0.12015    0.020745
  12     0.13004    0.023227
  13     0.14037    0.025898
  14     0.15015    0.028527
  15     0.16015    0.031292
  16     0.17007    0.034107
  17        0.18    0.037014
  18     0.19012    0.040072
  19     0.20004    0.043152
  20     0.21007    0.046331
  21     0.22008    0.049593
  22     0.23009    0.052947
  23     0.24006    0.056368
  24     0.25004    0.059899
  25     0.26009    0.063543
  26     0.27006    0.067247
  27     0.28002    0.071051
  28     0.29005    0.074979
  29     0.30005    0.078993
  30     0.31005    0.083119
  31     0.32007    0.087326
  32     0.33008    0.091622
  33     0.34001    0.095973
  34        0.35     0.10045
  35     0.36004     0.10505
  36     0.37056     0.10998
  37     0.38016     0.11459
  38     0.39013     0.11952
  39     0.40011     0.12455
  40      0.4101     0.12972
  41     0.42009     0.13499
  42     0.43004     0.14036
  43     0.44003     0.14589
  44     0.45011     0.15158
  45     0.46006     0.15734
  46     0.47007     0.16325
  47     0.48002     0.16925
  48     0.49001     0.17541
  49     0.50016      0.1818
  50     0.51019     0.18824
  51     0.52003     0.19471
  52        0.53     0.20142
  53     0.54002      0.2083
  54     0.55002     0.21536
  55     0.56003     0.22256
  56     0.57003     0.22994
  57     0.58001     0.23746
  58     0.59005     0.24516
  59     0.60009     0.25304
  60     0.61001     0.26098
  61        0.62     0.26915
  62     0.63002     0.27754
  63     0.64002     0.28611
  64     0.65002     0.29488
  65     0.66011     0.30395
  66     0.67005     0.31315
  67     0.68002     0.32264
  68        0.69     0.33239
  69     0.70018     0.34256
  70     0.71017     0.35276
  71     0.72005     0.36312
  72     0.73001     0.37383
  73     0.74006     0.38489
  74     0.75003     0.39615
  75        0.76     0.40777
  76     0.77002     0.41978
  77     0.78003     0.43218
  78        0.79      0.4449
  79         0.8     0.45806
  80     0.81018     0.47188
  81     0.82009     0.48573
  82     0.83001     0.50004
  83     0.84009     0.51503
  84     0.85004     0.53044
  85     0.86006     0.54656
  86     0.87003     0.56325
  87        0.88     0.58073
  88     0.89008     0.59921
  89     0.90003     0.61847
  90     0.91007      0.6389
  91     0.92001     0.66033
  92     0.93004      0.6835
  93     0.94001     0.70853
  94     0.95003     0.73596
  95        0.96     0.76646
  96     0.97005      0.8015
  97     0.98013     0.84299
  98     0.99001     0.89473
  99           1           1
-----------------------------------------

----------------- PPP$ and local currency --------------
         PPP used in computation: 2505.34
     Data mean in local currency: 37942.6
               Data mean in PPP$: 108.089
        Poverty line in PPP$/Day: 1.9
      Poverty line in PPP$/Month: 57.7917
  Poverty line in local currency: 20286.7
-------------------------------------------------------

----------------- Estimation result --------------
     Number of observation: 15093
          Total population: 9.26332E+06
              Total wealth: 1.4029E+08(PPP$)
                   Minimum: 0.436098(PPP$)
                   Maximum: 905.398(PPP$)
             Headcount(HC): 0.421437
          Poverty gap (PG): 0.167613
       Poverty gap squared: 0.0881862
                      Gini: 0.491338
                    Median: 68.6961
                       MLD: 0.424308
                      Watt: 0.252776
--------------------------------------------------

-------------------------------- Income or Consumption share by deciles (%) -------------------------------------
     1.5943     2.7196     3.5833     4.5526     5.7197     7.1278     8.9405     11.568     16.034      38.16
-----------------------------------------------------------------------------------------------------------------


