

**********************************************************************************************
**                                   Basic Information                                      **
**********************************************************************************************

----------------- Dataset Information -----------------
                         Country: Zambia
                    Country dode: ZMB
                       Data Year: 2006
                        Coverage: National
             Welfare measurement: Consumption
                     Data format: Unit record
                     Data source: ZMB_N2006X
                  Data time span: UnDefined
-------------------------------------------------------


----------- Distribution ------------
   i           P           L 
-------------------------------------
   0    0.010046  0.00064846
   1    0.020088   0.0015819
   2    0.030076   0.0026668
   3    0.040023   0.0038816
   4    0.050016   0.0052156
   5    0.060048     0.00666
   6    0.070131    0.008208
   7    0.080142   0.0098335
   8    0.090104    0.011539
   9     0.10005    0.013331
  10     0.11001    0.015201
  11     0.12002    0.017163
  12      0.1301    0.019221
  13     0.14001    0.021308
  14     0.15013    0.023522
  15     0.16004     0.02575
  16     0.17004    0.028072
  17     0.18004    0.030463
  18     0.19001    0.032919
  19     0.20001    0.035449
  20     0.21015    0.038091
  21     0.22005    0.040737
  22     0.23007    0.043498
  23     0.24022    0.046379
  24     0.25008    0.049256
  25     0.26006    0.052255
  26     0.27039    0.055438
  27     0.28004    0.058485
  28     0.29005    0.061733
  29     0.30012    0.065086
  30     0.31015    0.068512
  31        0.32    0.071974
  32     0.33003    0.075589
  33        0.34     0.07928
  34     0.35004    0.083074
  35     0.36006    0.086937
  36     0.37001    0.090862
  37     0.38004    0.094929
  38      0.3901    0.099104
  39     0.40004     0.10333
  40     0.41004     0.10768
  41      0.4201     0.11216
  42     0.43003     0.11669
  43     0.44001     0.12135
  44     0.45012      0.1262
  45     0.46005     0.13109
  46     0.47022     0.13621
  47     0.48003     0.14128
  48     0.49013     0.14661
  49     0.50003     0.15195
  50     0.51006     0.15751
  51     0.52005     0.16317
  52     0.53004     0.16899
  53     0.54004     0.17494
  54     0.55002     0.18101
  55     0.56004     0.18725
  56     0.57009     0.19367
  57        0.58     0.20019
  58     0.59002     0.20694
  59     0.60002     0.21388
  60     0.61013     0.22111
  61     0.62009     0.22843
  62     0.63008     0.23596
  63     0.64001     0.24365
  64      0.6502     0.25179
  65     0.66002     0.25983
  66     0.67001     0.26825
  67     0.68001     0.27693
  68     0.69001     0.28586
  69     0.70004     0.29509
  70     0.71028     0.30483
  71        0.72     0.31434
  72     0.73001     0.32442
  73     0.74003     0.33487
  74      0.7501     0.34572
  75     0.76004     0.35674
  76     0.77006     0.36826
  77     0.78004     0.38018
  78        0.79     0.39252
  79     0.80006     0.40539
  80     0.81007     0.41864
  81     0.82015     0.43261
  82     0.83005     0.44689
  83     0.84012     0.46201
  84     0.85001     0.47751
  85     0.86006     0.49396
  86     0.87001     0.51095
  87     0.88011     0.52913
  88     0.89004     0.54812
  89     0.90003     0.56843
  90        0.91     0.59018
  91     0.92001     0.61364
  92     0.93001     0.63907
  93        0.94     0.66703
  94     0.95001     0.69783
  95     0.96002     0.73246
  96     0.97001     0.77294
  97     0.98001     0.82087
  98     0.99001     0.88209
  99           1           1
-----------------------------------------

----------------- PPP$ and local currency --------------
         PPP used in computation: 2505.34
     Data mean in local currency: 130898
               Data mean in PPP$: 80.8232
        Poverty line in PPP$/Day: 1.9
      Poverty line in PPP$/Month: 57.7917
  Poverty line in local currency: 93597.2
-------------------------------------------------------

----------------- Estimation result --------------
     Number of observation: 17304
          Total population: 1.17066E+07
              Total wealth: 6.11642E+08(PPP$)
                   Minimum: 1.4968(PPP$)
                   Maximum: 12672.2(PPP$)
             Headcount(HC): 0.604621
          Poverty gap (PG): 0.300947
       Poverty gap squared: 0.183063
                      Gini: 0.546175
                    Median: 44.1992
                       MLD: 0.528909
                      Watt: 0.494914
--------------------------------------------------

-------------------------------- Income or Consumption share by deciles (%) -------------------------------------
     1.3321     2.2126     2.9598     3.8272     4.8621     6.1927     8.1183     11.027     16.307     43.162
-----------------------------------------------------------------------------------------------------------------


