

**********************************************************************************************
**                                   Basic Information                                      **
**********************************************************************************************

----------------- Dataset Information -----------------
                         Country: Zambia
                    Country dode: ZMB
                       Data Year: 1996
                        Coverage: National
             Welfare measurement: Consumption
                     Data format: Unit record
                     Data source: ZMB_N1996X
                  Data time span: UnDefined
-------------------------------------------------------


----------- Distribution ------------
   i           P           L 
-------------------------------------
   0    0.010023    0.000832
   1    0.020454   0.0021278
   2    0.030069   0.0035326
   3    0.040079   0.0051349
   4    0.050207    0.006896
   5    0.060117   0.0087389
   6    0.070022    0.010694
   7    0.080188    0.012803
   8    0.090116    0.014954
   9     0.10008    0.017211
  10     0.11005     0.01957
  11     0.12003    0.022016
  12     0.13002    0.024542
  13     0.14007    0.027188
  14     0.15008    0.029932
  15     0.16015    0.032772
  16     0.17005    0.035647
  17     0.18002    0.038633
  18     0.19007    0.041744
  19     0.20006     0.04492
  20     0.21001    0.048174
  21     0.22008    0.051562
  22     0.23004    0.054997
  23      0.2402    0.058596
  24     0.25024    0.062252
  25     0.26009    0.065925
  26     0.27013    0.069769
  27     0.28011    0.073697
  28     0.29004    0.077692
  29     0.30001    0.081792
  30     0.31001       0.086
  31     0.32012    0.090357
  32     0.33007    0.094732
  33        0.34    0.099176
  34     0.35002     0.10374
  35     0.36013     0.10845
  36     0.37001     0.11314
  37     0.38008     0.11803
  38        0.39     0.12293
  39     0.40003       0.128
  40     0.41015     0.13322
  41     0.42011     0.13847
  42     0.43012     0.14387
  43     0.44003     0.14934
  44     0.45011     0.15504
  45     0.46002     0.16076
  46     0.47009      0.1667
  47     0.48009     0.17274
  48     0.49002      0.1789
  49     0.50001     0.18526
  50     0.51001     0.19176
  51     0.52013     0.19847
  52      0.5301     0.20527
  53     0.54077     0.21271
  54     0.55001     0.21926
  55     0.56003     0.22651
  56     0.57008     0.23395
  57     0.58002     0.24146
  58     0.59009     0.24927
  59     0.60002     0.25711
  60     0.61042     0.26549
  61     0.62012     0.27349
  62     0.63001     0.28187
  63     0.64004     0.29058
  64     0.65005     0.29948
  65      0.6601     0.30861
  66     0.67008     0.31789
  67     0.68024     0.32753
  68     0.69001     0.33702
  69     0.70006     0.34706
  70     0.71009     0.35738
  71     0.72008     0.36792
  72     0.73007     0.37875
  73     0.74001     0.38982
  74        0.75     0.40125
  75     0.76002     0.41305
  76     0.77001     0.42517
  77     0.78001     0.43767
  78     0.79004     0.45058
  79     0.80002     0.46382
  80        0.81     0.47744
  81     0.82004     0.49161
  82     0.83003     0.50617
  83     0.84001     0.52124
  84     0.85003     0.53702
  85     0.86001     0.55344
  86     0.87004     0.57063
  87     0.88001     0.58844
  88     0.89006     0.60719
  89      0.9001      0.6269
  90     0.91004     0.64744
  91     0.92004     0.66937
  92     0.93002     0.69272
  93     0.94014     0.71819
  94     0.95001     0.74535
  95        0.96     0.77586
  96     0.97006     0.81043
  97     0.98009      0.8511
  98     0.99008     0.90221
  99           1           1
-----------------------------------------

----------------- PPP$ and local currency --------------
         PPP used in computation: 2505.34
     Data mean in local currency: 24744.9
               Data mean in PPP$: 109.157
        Poverty line in PPP$/Day: 1.9
      Poverty line in PPP$/Month: 57.7917
  Poverty line in local currency: 13100.9
-------------------------------------------------------

----------------- Estimation result --------------
     Number of observation: 11722
          Total population: 9.53396E+06
              Total wealth: 9.41656E+07(PPP$)
                   Minimum: 0.298815(PPP$)
                   Maximum: 717.762(PPP$)
             Headcount(HC): 0.417291
          Poverty gap (PG): 0.15858
       Poverty gap squared: 0.0805815
                      Gini: 0.483337
                    Median: 70.2911
                       MLD: 0.404779
                      Watt: 0.232381
--------------------------------------------------

-------------------------------- Income or Consumption share by deciles (%) -------------------------------------
     1.7194     2.7707     3.6885     4.6196     5.7271     7.1837     8.9908     11.679     16.291      37.33
-----------------------------------------------------------------------------------------------------------------


