

**********************************************************************************************
**                                   Basic Information                                      **
**********************************************************************************************

----------------- Dataset Information -----------------
                         Country: Zambia
                    Country dode: ZMB
                       Data Year: 1991
                        Coverage: National
             Welfare measurement: Consumption
                     Data format: Unit record
                     Data source: ZMB_N1991X
                  Data time span: UnDefined
-------------------------------------------------------


----------- Distribution ------------
   i           P           L 
-------------------------------------
   0     0.01014   1.526E-05
   1    0.020818  5.9706E-05
   2    0.030012  0.00011961
   3    0.040047  0.00021272
   4    0.050054  0.00034119
   5     0.06033  0.00051371
   6    0.070226  0.00072678
   7    0.080096   0.0010064
   8    0.090074   0.0013514
   9     0.10029   0.0017744
  10      0.1101    0.002238
  11     0.12011   0.0027684
  12     0.13011    0.003357
  13     0.14004   0.0039913
  14     0.15005   0.0046975
  15     0.16019   0.0054898
  16     0.17052   0.0063734
  17     0.18035   0.0072948
  18     0.19297   0.0085925
  19     0.20011   0.0093736
  20     0.21019    0.010532
  21     0.22012    0.011764
  22     0.23005    0.013096
  23     0.24002    0.014511
  24     0.25007    0.016036
  25      0.2605    0.017738
  26     0.27042    0.019464
  27     0.28016    0.021266
  28     0.29056    0.023293
  29     0.30043    0.025316
  30     0.31009    0.027409
  31     0.32037    0.029767
  32     0.33011    0.032123
  33     0.34023    0.034674
  34     0.35009    0.037289
  35     0.36013    0.040095
  36     0.37001    0.042998
  37     0.38031    0.046161
  38     0.39027    0.049383
  39      0.4002    0.052769
  40     0.41013    0.056317
  41     0.42019    0.060074
  42     0.43009    0.063913
  43     0.44018    0.067986
  44     0.45007    0.072144
  45      0.4601    0.076566
  46      0.4701    0.081201
  47     0.48005    0.085983
  48     0.49036    0.091167
  49     0.50007    0.096267
  50     0.51009      0.1017
  51     0.52011     0.10736
  52     0.53003     0.11317
  53      0.5401     0.11926
  54     0.55058     0.12586
  55     0.56012     0.13209
  56     0.57004     0.13874
  57     0.58002     0.14569
  58     0.59009     0.15297
  59     0.60009     0.16048
  60     0.61016     0.16832
  61     0.62025     0.17653
  62      0.6301     0.18482
  63      0.6401     0.19354
  64     0.65003     0.20249
  65     0.66015     0.21188
  66     0.67003     0.22132
  67     0.68006     0.23119
  68     0.69001     0.24136
  69     0.70008     0.25199
  70     0.71008     0.26297
  71     0.72004     0.27429
  72     0.73004      0.2861
  73        0.74     0.29832
  74     0.75002     0.31098
  75     0.76008      0.3241
  76     0.77011     0.33763
  77     0.78003     0.35155
  78     0.79005     0.36616
  79     0.80001      0.3812
  80      0.8101     0.39694
  81     0.82001     0.41295
  82     0.83008     0.42988
  83     0.84001      0.4472
  84        0.85     0.46538
  85     0.86004     0.48454
  86      0.8701     0.50471
  87     0.88007     0.52573
  88     0.89003     0.54766
  89     0.90003     0.57075
  90     0.91004     0.59522
  91     0.92013     0.62142
  92     0.93004      0.6493
  93     0.94001     0.67959
  94     0.95003     0.71295
  95        0.96     0.74921
  96     0.97006     0.79049
  97     0.98001     0.83751
  98     0.99001     0.89626
  99           1           1
-----------------------------------------

----------------- PPP$ and local currency --------------
         PPP used in computation: 2505.34
     Data mean in local currency: 942.427
               Data mean in PPP$: 93.4024
        Poverty line in PPP$/Day: 1.9
      Poverty line in PPP$/Month: 57.7917
  Poverty line in local currency: 583.116
-------------------------------------------------------

----------------- Estimation result --------------
     Number of observation: 8510
          Total population: 7.85703E+06
              Total wealth: 2.95556E+06(PPP$)
                   Minimum: 8.31524E-06(PPP$)
                   Maximum: 19.6544(PPP$)
             Headcount(HC): 0.54052
          Poverty gap (PG): 0.347355
       Poverty gap squared: 0.268127
                      Gini: 0.605062
                    Median: 49.6843
                       MLD: 0.937047
                      Watt: 0.868912
--------------------------------------------------

-------------------------------- Income or Consumption share by deciles (%) -------------------------------------
    0.17626     0.7599     1.5867     2.7471      4.353     6.4182     9.1494     12.928      18.95     42.931
-----------------------------------------------------------------------------------------------------------------


