

**********************************************************************************************
**                                   Basic Information                                      **
**********************************************************************************************

----------------- Dataset Information -----------------
                         Country: Zambia
                    Country dode: ZMB
                       Data Year: 2004
                        Coverage: National
             Welfare measurement: Consumption
                     Data format: Unit record
                     Data source: ZMB_N2004X
                  Data time span: UnDefined
-------------------------------------------------------


----------- Distribution ------------
   i           P           L 
-------------------------------------
   0    0.010287  0.00068804
   1    0.020019   0.0015685
   2    0.030003   0.0026453
   3      0.0401   0.0038817
   4    0.050077   0.0052203
   5    0.060068   0.0066688
   6    0.070057   0.0082083
   7    0.080015   0.0098309
   8    0.090037    0.011538
   9     0.10028    0.013358
  10     0.11003    0.015164
  11     0.12004    0.017107
  12     0.13011    0.019144
  13     0.14003    0.021231
  14     0.15021    0.023456
  15     0.16005    0.025679
  16     0.17001     0.02801
  17     0.18006    0.030437
  18     0.19001    0.032916
  19     0.20003    0.035496
  20     0.21003    0.038147
  21     0.22001    0.040875
  22     0.23002    0.043688
  23     0.24007    0.046592
  24     0.25016    0.049594
  25        0.26      0.0526
  26     0.27003    0.055761
  27     0.28028    0.059074
  28     0.29007    0.062312
  29     0.30003    0.065689
  30     0.31003    0.069155
  31     0.32019    0.072759
  32     0.33027    0.076426
  33     0.34002    0.080059
  34     0.35002    0.083855
  35     0.36014    0.087782
  36     0.37004    0.091715
  37     0.38001    0.095776
  38     0.39001    0.099951
  39         0.4     0.10422
  40     0.41002     0.10862
  41     0.42016     0.11318
  42        0.43     0.11771
  43     0.44007     0.12247
  44     0.45024     0.12739
  45     0.46003     0.13224
  46     0.47004     0.13731
  47        0.48      0.1425
  48     0.49006     0.14786
  49     0.50001     0.15329
  50     0.51045     0.15915
  51     0.52002     0.16468
  52     0.53002     0.17061
  53     0.54002     0.17669
  54     0.55008     0.18295
  55     0.56002     0.18928
  56     0.57002     0.19583
  57     0.58002     0.20255
  58     0.59009      0.2095
  59     0.60012     0.21661
  60        0.61      0.2238
  61     0.62005      0.2313
  62     0.63051     0.23931
  63     0.64005     0.24679
  64     0.65055     0.25526
  65     0.66004     0.26313
  66        0.67     0.27166
  67     0.68001     0.28045
  68     0.69001     0.28948
  69         0.7     0.29876
  70        0.71     0.30837
  71     0.72004     0.31835
  72     0.73003     0.32858
  73     0.74001     0.33912
  74     0.75004     0.35005
  75     0.76001     0.36123
  76     0.77001     0.37283
  77      0.7801     0.38496
  78      0.7901     0.39745
  79     0.80002     0.41029
  80     0.81003     0.42373
  81     0.82001     0.43762
  82     0.83002     0.45212
  83     0.84014     0.46729
  84     0.85001     0.48266
  85     0.86005     0.49905
  86      0.8702     0.51646
  87        0.88     0.53418
  88     0.89008     0.55342
  89     0.90002     0.57336
  90     0.91003     0.59459
  91     0.92004     0.61746
  92     0.93004      0.6422
  93     0.94003     0.66907
  94     0.95003     0.69851
  95     0.96001     0.73142
  96     0.97001      0.7697
  97     0.98005     0.81515
  98     0.99003     0.87373
  99           1           1
-----------------------------------------

----------------- PPP$ and local currency --------------
         PPP used in computation: 2505.34
     Data mean in local currency: 117482
               Data mean in PPP$: 87.7826
        Poverty line in PPP$/Day: 1.9
      Poverty line in PPP$/Month: 57.7917
  Poverty line in local currency: 77344.5
-------------------------------------------------------

----------------- Estimation result --------------
     Number of observation: 18199
          Total population: 1.08719E+07
              Total wealth: 5.09814E+08(PPP$)
                   Minimum: 0.93467(PPP$)
                   Maximum: 10254.4(PPP$)
             Headcount(HC): 0.566919
          Poverty gap (PG): 0.272578
       Poverty gap squared: 0.162147
                      Gini: 0.542948
                    Median: 48.5368
                       MLD: 0.524363
                      Watt: 0.440977
--------------------------------------------------

-------------------------------- Income or Consumption share by deciles (%) -------------------------------------
     1.3307      2.218     3.0192     3.8542     4.9064     6.3239      8.224      11.15     16.306     42.668
-----------------------------------------------------------------------------------------------------------------


