

**********************************************************************************************
**                                   Basic Information                                      **
**********************************************************************************************

----------------- Dataset Information -----------------
                         Country: Zambia
                    Country dode: ZMB
                       Data Year: 2010
                        Coverage: National
             Welfare measurement: Consumption
                     Data format: Unit record
                     Data source: ZMB_N2010X
                  Data time span: UnDefined
-------------------------------------------------------


----------- Distribution ------------
   i           P           L 
-------------------------------------
   0    0.010029   0.0007793
   1    0.020032   0.0018641
   2    0.030036   0.0031259
   3    0.040004    0.004536
   4    0.050082   0.0060771
   5    0.060014   0.0076797
   6    0.070105   0.0093959
   7    0.080008    0.011155
   8    0.090035    0.013009
   9     0.10021    0.014969
  10     0.11054    0.017033
  11      0.1201    0.019011
  12     0.13001    0.021128
  13     0.14001    0.023335
  14     0.15012     0.02564
  15     0.16005    0.027973
  16     0.17012    0.030407
  17     0.18005    0.032886
  18     0.19005     0.03546
  19      0.2001    0.038124
  20     0.21001    0.040814
  21     0.22002    0.043596
  22     0.23002    0.046443
  23     0.24001    0.049365
  24     0.25014    0.052395
  25     0.26001    0.055414
  26     0.27005    0.058534
  27     0.28004    0.061711
  28     0.29004    0.064965
  29     0.30016    0.068333
  30     0.31003    0.071697
  31     0.32005    0.075174
  32     0.33005    0.078719
  33     0.34003    0.082337
  34     0.35016    0.086084
  35     0.36005    0.089814
  36        0.37    0.093634
  37     0.38035    0.097714
  38     0.39003     0.10161
  39      0.4001     0.10576
  40     0.41009     0.10997
  41        0.42     0.11424
  42     0.43001     0.11866
  43     0.44004     0.12317
  44     0.45002     0.12776
  45     0.46004     0.13247
  46     0.47011     0.13732
  47     0.48006     0.14221
  48        0.49     0.14721
  49     0.50002     0.15235
  50        0.51     0.15759
  51     0.52005     0.16296
  52     0.53002     0.16842
  53     0.54003     0.17404
  54     0.55001     0.17979
  55        0.56     0.18567
  56     0.57008     0.19173
  57     0.58026       0.198
  58     0.59001     0.20414
  59     0.60005     0.21063
  60     0.61003     0.21725
  61     0.62009      0.2241
  62     0.63002     0.23105
  63     0.64017     0.23836
  64     0.65007     0.24565
  65     0.66017     0.25331
  66     0.67005     0.26101
  67     0.68008     0.26904
  68     0.69001     0.27724
  69     0.70018     0.28592
  70     0.71008     0.29463
  71     0.72001     0.30364
  72     0.73001     0.31304
  73     0.74002     0.32279
  74     0.75001     0.33288
  75     0.76022     0.34357
  76     0.77003      0.3542
  77     0.78011     0.36556
  78        0.79     0.37723
  79     0.80003     0.38953
  80     0.81022     0.40257
  81     0.82003     0.41557
  82        0.83     0.42931
  83        0.84      0.4437
  84        0.85     0.45879
  85     0.86007     0.47478
  86     0.87005     0.49151
  87     0.88001     0.50911
  88     0.89003     0.52783
  89     0.90003     0.54773
  90     0.91003     0.56903
  91        0.92     0.59199
  92     0.93008     0.61724
  93        0.94      0.6445
  94     0.95001     0.67496
  95     0.96001     0.70923
  96     0.97001     0.74908
  97     0.98007     0.79708
  98        0.99     0.85989
  99           1           1
-----------------------------------------

----------------- PPP$ and local currency --------------
         PPP used in computation: 2505.34
     Data mean in local currency: 185111
               Data mean in PPP$: 78.6368
        Poverty line in PPP$/Day: 1.9
      Poverty line in PPP$/Month: 57.7917
  Poverty line in local currency: 136041
-------------------------------------------------------

----------------- Estimation result --------------
     Number of observation: 19290
          Total population: 1.3057E+07
              Total wealth: 9.64738E+08(PPP$)
                   Minimum: 2.62792(PPP$)
                   Maximum: 6239.52(PPP$)
             Headcount(HC): 0.644155
          Poverty gap (PG): 0.315859
       Poverty gap squared: 0.187945
                      Gini: 0.556215
                    Median: 40.8113
                       MLD: 0.539135
                      Watt: 0.507276
--------------------------------------------------

-------------------------------- Income or Consumption share by deciles (%) -------------------------------------
     1.4929     2.3169     3.0184     3.7435     4.6619     5.8262      7.517     10.373     15.818     45.233
-----------------------------------------------------------------------------------------------------------------


